2149
1146
1750
2992
1712
1219
1824
2090
1407
2336
913
2329
2761
1894
2574
138
1587
2045
536
3388
32
1620
3752
3876
883
3652
3062
1532
209
1078
952
506
3673
2319
3256
3417
2623
1860
3485
871
1151
3595
1582
800
1818
3145
418
2585
2755
1887
3532
3535
2767
1143
3988
2658
2864
1192
3203
3568
1367
338
1081
634
1881
2341
3142
3110
2357
1090
1239
353
3243
3622
1942
3536
1214
2614
3342
3349
3047
2752
174
1792
3321
2326
2734
148
3813
2238
2596
3457
1757
508
2107
261
847
1787
1160
1155
2926
2539
1775
1794
1777
2065
2731
1957
4064
2738
1127
3287
2179
2057
2641
3624
748
2661
1840
2249
3584
2290
741
265
2397
669
3763
3784
1540
3526
2026
988
3513
2695
3399
1919
3174
1274
2015
812
1545
1710
3877
1228
1627
3367
2573
927
3090
3617
826
681
3918
1793
1318
1036
1884
304
992
3517
2507
3590
257
225
1473
3662
398
3728
1728
2156
224
242
1100
2392
2037
3700
2459
1327
3902
3710
1017
1030
3972
704
2696
2307
3097
3873
168
2814
1808
4080
3060
1065
1406
2169
994
125
1780
1050
