1984
2809
565
217
3026
1405
3221
2799
381
2342
1325
2228
4087
1211
1529
3970
370
539
747
3104
3627
1156
1580
3950
3432
1781
1397
1656
3140
1759
1663
1389
1183
98
2970
958
327
603
3936
3765
275
473
1659
2742
1468
1644
3793
3536
1477
3651
2582
2537
15
3259
1519
1889
3042
237
1035
1246
1973
916
2482
176
2526
2085
2324
449
3030
1329
1213
29
3339
100
0
1686
2131
185
2011
3350
2622
2780
2926
3153
1222
3837
569
1550
3725
3090
2715
3318
1345
1888
1681
379
3759
454
2547
2149
1782
3150
3377
1978
1184
993
2032
1032
1634
363
1590
2282
2001
3593
3269
3995
2091
190
2439
154
429
3877
3987
3557
2367
2403
2883
1496
3751
3295
1792
1615
2548
1414
3422
1171
1215
1148
3466
1045
319
1576
3458
2312
3228
979
969
2623
3762
4065
2693
1975
3197
2110
826
928
3948
2736
3120
68
3996
238
3010
3136
2682
3574
1508
2624
177
3404
1153
350
1069
756
2045
2900
3876
1047
1874
1827
835
2030
580
47
3163
1779
3926
295
3933
3590
2018
883
1287
2220
2116
3540
1487
1163
2529
3906
