198
2691
1483
435
3097
2630
2162
3437
2244
2640
3108
1616
175
2776
2842
2201
2533
755
2110
1433
3583
1549
745
2289
3247
192
735
3337
3398
3150
3057
3905
701
1241
3936
1399
2886
1417
4011
2007
2117
1858
1593
2512
3091
1548
43
3714
3411
2509
3853
2972
2780
594
902
2483
817
2380
1998
579
1702
2885
810
2471
2716
3720
2516
2826
3004
2292
41
748
1408
2321
1951
1554
3895
333
3452
1098
969
1797
2829
4043
3606
1643
2665
3102
2596
1259
2670
1053
1359
2418
980
4094
3441
3680
1537
1856
2572
3048
3995
2248
4077
4057
302
2500
3371
2257
644
897
1680
3949
3943
371
1331
3034
1739
2194
731
2430
1280
3274
3657
3088
35
372
3302
191
2736
661
3279
3457
2724
1396
797
3968
138
950
320
246
1716
1653
3815
3393
2316
2814
1345
3242
2377
4031
3541
1041
2223
3884
3112
849
3208
3977
4040
1310
2946
979
1132
1806
3240
393
1264
2916
539
802
2926
1938
750
3324
370
1419
563
168
140
2856
3980
1580
448
1774
3273
856
284
1032
470
1474
306
1936
182
1807
1894
3958
551
3896
