3859
1333
100
1082
521
1434
2707
254
3720
2506
2205
616
4023
3030
3379
3466
2281
3549
1427
2338
1489
2708
1849
512
1572
3633
3359
1055
178
1640
1346
1325
60
3608
2149
1035
2182
3317
1767
173
3199
456
470
555
1750
1883
939
1175
3567
1567
2503
3045
1369
2421
2608
1642
3138
930
76
1652
642
5
813
360
2072
1044
430
287
2679
3772
2223
2754
2894
1217
3088
2700
1009
2453
2374
897
2945
1517
2950
3128
1330
210
1078
4006
1157
3930
3955
2901
3812
2040
3925
1697
3260
3115
499
3529
2113
3538
3240
417
615
1772
1613
1670
3865
1508
3634
3984
3589
3516
67
3190
2002
2302
2167
2554
1583
3920
3868
2668
767
2076
3565
3800
2755
2042
2743
2128
1962
3173
147
3172
1210
157
63
3238
3621
3523
2762
3887
2829
2867
1430
2206
3760
3316
982
1196
887
183
2347
3009
2660
1936
4012
95
906
2885
1361
3305
334
1547
3617
843
815
3512
441
2828
3626
2842
3067
1072
671
1539
3998
914
3221
2517
2773
1991
476
1857
1886
119
1617
2259
3321
2126
1558
878
656
59
2518
364
3223
2309
