1448
630
3517
695
2426
3616
3425
2165
1775
1156
972
215
977
2154
3817
312
1903
2038
2356
1346
1438
2259
3579
3509
3200
3996
710
2544
2630
3812
2093
3866
96
262
3475
3828
764
3640
1664
3676
3008
2708
3961
3173
1937
2723
1046
1729
752
3031
1393
1455
3897
2124
4020
2263
2833
1469
965
1863
3602
219
2705
1558
363
1487
3786
1458
954
1109
661
3388
1772
2321
3561
1873
53
1546
1209
3952
2629
3907
2663
196
2654
2735
2315
1782
351
2614
1696
1940
3035
2485
28
1555
3448
1191
838
3829
3274
667
2375
2456
1942
994
2623
71
335
1570
2351
3524
75
4093
325
3118
3990
3647
943
1163
169
2856
1336
2349
2920
448
645
818
1856
1987
2467
2009
3939
306
2632
2039
209
2288
3413
3956
3565
3918
244
2644
3239
1227
1317
1058
104
855
1883
1858
2088
239
302
1481
3104
3290
3330
3272
206
4090
735
3909
2896
3872
2362
4045
1361
722
3610
2912
889
3803
30
3459
1188
1162
3434
2078
2294
624
3824
1419
3132
548
4025
1921
1693
968
3971
2253
3130
3219
601
2898
1339
591
2796
3599
