2094
1248
2542
1254
3097
3748
4090
947
1686
474
375
3202
1631
4007
1204
3773
716
2123
3561
3489
1524
1990
751
1010
3180
460
405
3784
2617
628
2409
365
3770
3462
3241
3618
515
775
3355
1292
777
3920
50
3772
3914
1189
3474
1528
839
1372
3888
1885
2563
3676
3949
2861
610
783
2134
1570
2895
1419
701
3288
2415
2547
2641
3767
891
4029
279
3962
3751
2820
2539
1382
2688
2394
492
10
4010
2738
3659
3515
2929
2885
1761
1550
185
523
3865
3621
2583
1496
2063
3764
3254
2905
1430
2779
3827
189
1209
935
2932
1259
213
90
1403
3243
3121
1178
3107
1653
2456
3406
1422
1156
2222
2725
3953
3224
3130
2505
2069
1046
2364
3620
3662
408
2474
1242
2704
2129
3265
1751
2169
1415
2468
3513
1302
3431
3793
2295
1838
2168
1444
3917
3385
3820
1148
2693
3530
1484
2165
3002
561
2384
1712
2284
2230
3004
1515
2538
3983
1876
3213
726
1892
3714
3425
776
151
4084
850
3231
1126
2900
1026
349
1033
3008
2104
3103
1296
1848
688
3057
1655
4038
3264
3999
887
2718
3923
3806
1457
3098
846
425
