93
1921
3054
2502
2016
2187
124
1476
2524
2959
2996
59
1241
2353
3931
1567
1971
3091
3480
432
1129
3447
2410
1413
142
3248
3765
1995
1728
2193
795
1873
3223
1239
1620
2234
730
2464
2972
710
2393
2572
321
2737
214
2170
3739
2863
2651
3939
3375
1545
2027
564
1833
2715
1775
2730
1386
3708
456
2500
525
1423
530
1558
1118
1064
3553
1428
1501
319
3711
1009
2573
3865
1074
1174
3381
1716
3694
1913
1534
2917
831
3690
1723
3951
3010
3434
461
1296
1391
907
1655
2799
3279
3073
2575
3289
2354
2423
3339
1245
2064
3419
254
3420
331
2403
411
3015
3156
2875
481
1169
2974
639
1951
3519
3978
281
2667
2660
296
100
3548
1079
2622
2378
3656
1556
3088
2587
2744
292
294
1226
1039
2510
1821
1621
596
4057
1496
1809
2210
2022
2910
2749
3922
3187
2386
1469
457
1384
3825
643
3610
3382
2241
2777
803
1088
3827
2540
1599
941
2296
1851
1201
3217
2406
2683
1472
3321
535
448
1712
2421
566
3647
2727
3131
2385
1693
966
1954
2757
946
2618
3660
469
627
3378
2229
921
718
105
2219
