3177
3620
2801
3248
2296
424
557
1240
2260
0
2428
3785
2821
1794
1793
3345
66
603
3497
2922
2094
1273
73
2678
1725
2867
796
883
874
44
1242
3049
349
1087
1799
2995
767
2658
979
468
3280
2421
502
4084
1629
3722
1019
1600
2416
805
791
1807
3891
117
29
2378
1091
642
3644
3538
1582
3053
668
1372
2147
2706
2565
1051
3367
3352
2104
816
3
3003
1102
1104
1276
2303
2173
2847
1871
2406
933
537
1103
416
1156
604
2029
1897
977
2128
746
2897
1932
3430
615
2702
251
847
338
2776
1641
1399
2263
2773
1642
1238
323
3508
3897
2751
3888
3187
3535
3640
2761
3662
2999
2984
1984
1931
492
1418
2763
2822
4061
3922
265
1967
2051
3361
2525
1387
359
308
1509
2382
1865
1637
2827
1707
3780
2215
1445
2038
1421
2047
598
310
3358
2425
3641
2545
2412
1228
3869
951
3387
978
2824
449
3137
1500
3839
3958
2092
2310
2273
3833
1324
3074
2531
3067
3808
1082
1365
3537
2278
732
383
1651
2400
2579
708
2269
3301
1780
1749
739
3639
1318
1287
608
2699
1894
3880
1788
2209
510
