1051
1106
1699
1522
171
198
1141
723
233
3399
2644
1754
23
3343
2351
1456
3300
1597
4027
3821
364
2272
808
2404
200
489
2268
2642
1477
361
2051
3400
105
1716
1183
1303
3971
3653
1881
2775
1270
2073
155
2994
326
3763
318
3658
4018
1617
3100
1169
1221
389
974
985
2225
3063
3186
1838
2099
3205
2223
2620
347
3843
180
2622
1621
3474
2591
4017
573
640
3175
3615
3459
1676
1258
3782
3194
591
3755
2328
1406
1532
3731
261
2299
3743
1096
3089
1113
3540
229
3999
647
497
533
2693
3055
572
1020
3085
330
3845
2904
3929
2897
278
1254
879
2658
1571
3954
732
3867
2832
1324
2321
3650
3860
2873
3978
3759
1192
3481
2273
674
2393
3834
3906
3200
338
3941
1153
3515
1832
1182
3684
183
1203
807
66
1419
3257
362
3670
1408
714
950
1648
151
1618
3183
176
3611
1173
3151
3593
1774
3166
2744
2030
3727
2151
1204
1458
1466
1723
4089
2941
3960
1836
1928
2687
3717
2323
3428
650
485
1587
2902
4030
2210
3779
487
1264
1951
2890
3770
1004
2636
1501
2218
3467
2101
4010
2716
410
