1925
2910
3716
3745
3017
1356
252
2701
3645
2594
3492
3509
3060
943
1481
3763
2071
2059
1391
2438
4031
2668
1021
921
1687
3444
2653
1637
3340
1669
3481
3773
327
1253
1811
4060
2687
1883
1185
674
1799
276
101
335
2392
796
1828
2963
3601
2313
1835
4029
2109
226
1168
2173
418
2621
3352
3027
66
2745
1538
1543
1626
1211
1659
974
2386
2199
3042
3307
4071
3517
3805
3913
2121
509
3173
3737
239
1517
3697
873
2452
1019
3124
1372
3989
3359
371
1701
3085
2086
1325
2288
1809
307
3406
3265
2885
3908
1027
536
1586
3442
3483
306
644
3514
2920
421
2362
3450
2324
3272
2758
1092
4043
1414
1703
2000
187
3841
3506
1151
3496
1148
312
2583
2050
1863
2330
3557
1453
208
373
3597
1083
3252
2020
1013
148
3578
3127
2749
1169
875
271
2439
620
1582
3413
1614
2273
391
3966
1740
3146
3680
3225
283
2426
3599
1184
1848
3616
474
695
1941
3004
938
1421
1744
293
3006
1395
2232
134
3949
3347
3283
50
3095
1435
1090
22
91
2811
2078
1601
2647
2157
3089
2950
2558
2279
12
2940
3459
