2464
3456
3735
91
2089
458
2376
2583
2107
880
967
1401
1398
3648
854
491
1515
2446
431
1769
1534
3394
633
900
53
3365
2148
1195
1294
4073
3403
3902
1897
1367
2445
1056
614
2120
2603
3006
1358
3134
3988
2317
1937
318
1509
3398
2892
3331
4011
3899
1338
2065
1407
1833
3809
2598
670
3437
876
1364
531
3755
4040
586
299
3428
2953
1087
3849
2949
1706
1500
2692
2648
3126
3029
40
2585
761
1066
3249
1726
1623
3007
339
3567
2616
1260
1218
896
2383
720
4067
868
3373
2060
1698
262
2971
1458
1274
3680
959
3429
2282
3497
3097
484
2209
685
3762
3122
3880
1003
658
1987
1476
3675
1164
1915
1160
122
2003
370
1696
462
3179
2462
426
112
3252
912
213
3835
1345
2187
4009
3022
3325
3602
3592
3116
2375
758
2718
1100
623
2025
1507
1149
3848
1478
284
1216
1406
223
2478
3128
1789
552
835
2037
272
233
1240
2418
80
193
1555
1063
3883
1745
2409
432
33
3339
714
2788
1222
843
3303
171
2269
962
2547
446
1211
2826
1740
3671
96
2687
1170
541
2395
2222
2793
3379
