117
1467
2404
2590
2459
2821
1815
1344
3529
3098
3739
3525
3824
1145
3104
3294
1631
4085
2464
3042
2241
2461
2640
929
1038
1655
2717
4054
3123
552
2672
3456
3285
3262
714
2450
1778
157
3557
1845
3293
2407
1505
691
2443
4043
2097
2833
584
1818
3650
1195
2074
2323
3849
2436
3023
3428
809
1653
3965
116
750
3852
810
1270
1412
235
762
3961
2096
3566
1440
2430
3074
3454
3904
3255
2327
214
2455
2024
610
702
183
2037
3420
3516
2720
173
2030
491
433
3609
2188
2777
3376
1997
663
896
726
3717
2357
2312
1847
1217
2348
650
2980
2921
3256
58
539
2341
3712
2571
2079
43
776
3238
2572
1710
2383
1113
1871
3499
2877
3936
605
2800
1297
1155
765
3511
429
32
3404
2372
2633
2460
3837
1619
342
1501
2122
3266
668
1095
2887
1029
3037
1257
3610
1518
792
2104
3457
1769
1687
3283
3790
2166
1828
3466
75
3869
2723
2751
3793
1623
2648
354
1833
2517
2703
820
199
4095
775
2123
811
3468
2711
240
3746
801
2228
1609
2434
3002
4042
1839
3942
788
1779
4062
736
3637
210
1629
