389
3237
1381
2187
3739
2696
760
4033
3807
3622
585
1614
2887
3824
3362
2427
531
110
673
3498
3353
2926
197
2307
2420
744
3430
2669
2438
1563
1378
3948
1448
3630
4031
2538
1553
970
120
2742
313
1502
575
183
2771
2015
2855
2275
1729
745
2317
1640
1216
533
2052
535
588
3407
2235
2357
3119
2013
801
3660
2650
1547
376
3148
1602
3215
2820
1579
2107
3888
2845
3929
2616
1651
1852
1712
328
1755
783
3483
2551
3864
3473
3067
2324
2921
2809
3889
2640
1005
2778
2621
1255
387
1252
2654
250
2134
647
3447
1275
3771
538
2516
1260
2174
3506
2598
1280
603
185
2492
465
2460
2369
3488
3116
2493
2736
1342
4021
182
3636
467
3691
345
3232
4073
1568
3070
3975
3838
1546
3273
800
3574
1990
399
1347
455
3147
1178
3908
3366
4063
3651
3939
1322
562
3187
1133
1567
2998
2644
2614
1291
1863
3719
2382
1847
3170
1840
3604
1023
2170
3880
2781
652
3916
3511
1959
1326
293
1494
169
388
1069
1871
688
723
1107
2766
3883
447
485
551
1226
2059
696
708
1210
2839
2435
2299
2608
2282
