3602
3510
1219
744
1749
823
1070
3146
4050
772
3655
665
3293
1716
187
2894
741
3506
35
1704
2744
1294
530
4023
2910
1118
1059
1148
461
2455
3885
3217
3962
3843
3083
1075
3872
981
601
1719
3386
282
2720
305
2135
1071
992
441
175
2554
115
1528
510
4025
1265
3347
232
3815
2148
3747
2814
1216
193
1094
2691
1311
654
3331
342
3189
4061
2347
527
2291
4067
37
3486
2377
3786
3134
2646
3586
2530
2440
1422
2776
321
3757
2217
2610
1228
2420
1592
2072
2489
946
2175
3936
3553
2381
620
3252
1446
3785
2159
105
2648
2407
917
118
1439
4072
1815
1866
840
2323
6
492
3069
2191
1109
2625
335
2348
2641
1753
3013
1534
1164
1214
705
1414
627
2111
70
1836
3275
4059
143
1386
317
448
2911
2591
1628
2267
439
225
1380
3985
230
926
2411
515
885
3238
3476
1444
3369
2957
224
3404
2773
815
1329
4057
2882
2042
3050
1226
1466
177
520
2863
2144
753
3322
3770
2703
390
2047
2077
161
1850
1136
793
1974
680
3455
3595
480
3536
1289
3349
4074
3236
958
4002
320
531
