2900
1059
2914
3339
2603
3392
1142
1909
2443
440
1032
446
3040
2058
2394
1434
1466
1267
2409
543
1858
3300
3855
2045
1390
3677
2573
3115
3328
1730
1517
163
471
2141
2014
3795
2599
2752
924
507
1918
3304
420
1283
2243
709
2666
283
96
3864
3357
618
2672
736
427
1612
3131
261
470
1148
191
602
3265
3510
1689
4023
3524
3372
1046
3633
3584
1552
2163
3919
3209
2602
148
4075
2939
104
1716
658
3950
2951
4071
38
3230
3225
2897
1153
3084
2429
3056
1590
157
3476
472
859
375
529
847
171
3505
2451
2445
1598
785
2273
2621
2347
2912
986
178
2805
343
684
217
3591
1629
1169
3706
3104
885
2033
289
3078
3878
1033
3636
337
3212
2844
799
1631
2614
1416
2370
3459
2835
3020
2205
1690
468
2072
4067
2664
16
3796
503
2505
2230
3322
1595
3715
3377
560
4047
2499
1901
2159
3535
2216
3531
524
2565
2728
724
3388
3735
3492
449
3965
3355
2519
1807
2181
2489
2643
2100
2965
229
1385
2257
1249
1677
1691
3397
3234
2143
2723
1209
1804
2310
1062
3400
1437
53
1866
1407
2265
