1733
1813
1561
1644
3845
464
1929
3184
4010
2574
896
1077
1942
565
3031
1013
205
3143
3192
2644
3638
247
2814
1177
3619
1937
1749
3551
2028
406
2451
3355
423
1600
3692
2054
1085
3864
2030
3888
3754
3432
1686
3514
1839
2960
1983
354
633
167
381
1845
656
2579
3219
1787
594
2606
3211
475
1197
1419
1621
711
404
2902
32
1481
1975
2926
2068
1
486
1520
1161
3688
463
1081
3443
127
2558
673
2166
1512
1270
304
2396
2368
586
1998
1442
86
31
1234
2366
649
1891
3815
2629
828
1262
931
3819
1042
2172
3883
1500
206
2389
704
2014
2766
1994
1101
736
143
2152
1261
3080
1175
101
3518
269
679
1309
1298
514
334
1252
263
706
1294
3704
1821
1516
1361
2343
1179
3823
47
3737
2707
2404
175
1324
3276
1141
3175
2789
4022
3687
2663
3301
1539
401
115
2536
2131
678
3513
3284
3636
1381
2591
3452
1840
2439
3285
3703
1429
481
1386
720
1422
1545
2118
2888
1681
333
1227
3038
3348
3983
671
576
1428
2813
3265
4085
3099
2328
2555
851
39
1229
2594
2430
763
2417
3738
