3790
1424
2862
1223
2895
3919
3896
2326
128
1486
3124
309
2759
1758
2038
1822
2361
1044
2249
271
1337
266
3296
3809
1692
1028
2570
96
386
1422
46
3428
2226
105
969
2174
3667
2269
2305
913
729
2073
1209
3483
125
3681
2769
3453
1637
3494
63
2300
2904
952
1278
3112
222
872
161
1678
3801
1094
174
2756
3679
1573
3177
1773
2745
185
984
2976
818
1396
2211
2512
553
3941
3873
360
3827
3954
2040
2855
2958
2733
3817
2021
146
2018
3942
3720
2171
1286
154
2618
1634
3487
318
1646
2367
2896
2532
3969
1604
750
3718
239
3901
683
3097
3441
2271
3090
252
2334
3105
3040
566
1849
1149
3437
389
568
604
184
3218
3665
3312
2879
819
1732
1212
2730
2717
372
2364
242
2306
635
944
1929
333
3226
1792
3830
2502
1809
229
260
2631
613
1527
3317
2365
1567
3117
4003
1660
982
1393
2197
2601
3349
3852
2688
2736
489
3915
1562
560
212
3102
3661
4041
1011
4087
1619
1914
1323
2581
3212
1971
3658
2519
284
544
1711
249
2922
1984
2083
785
3180
2815
1035
2176
451
2647
3687
