1060
2589
1661
869
3229
590
51
1548
3724
3990
1454
3134
2849
1471
1133
2678
420
2267
3351
2468
904
3634
1707
3096
2310
1062
434
2994
955
3052
2676
2908
1776
136
227
2978
2205
2367
2620
1987
1230
3517
3027
2639
1305
2001
3328
3236
1918
3364
3872
3843
3733
831
2197
654
2784
92
1970
950
1252
247
1644
2324
1772
167
2388
3504
2557
2733
12
2584
2637
1682
2433
3403
756
2669
470
2538
3432
1235
2668
670
1962
1624
3277
574
3226
2196
3206
3186
2602
2176
3798
426
3182
1919
2955
711
1091
522
42
1034
884
2180
2206
115
3386
3708
1405
3824
2250
1692
1314
3279
4047
1404
495
3555
3957
1018
682
338
3952
721
256
4090
3679
3906
4067
1518
2086
3862
1017
1685
922
3008
889
3975
2362
3871
4086
3609
2177
698
3132
2437
2070
1004
1044
2629
723
1407
1426
1130
467
510
2300
1585
3570
1673
1642
2713
1867
4020
364
1540
1734
2007
1470
759
1767
2017
2241
1162
3865
3470
867
2210
763
774
209
391
22
2390
96
594
2064
2766
2641
1160
2772
1775
3091
2188
512
1040
602
1714
