3776
2146
3347
1171
334
565
3346
271
3796
331
2120
2555
2542
2466
2263
835
1748
1875
1
783
2717
3904
2501
242
1430
489
2604
1024
1900
957
999
3829
2753
520
2997
2647
3767
1429
3825
2659
3881
1916
2789
1632
2593
2293
3714
1441
2068
3931
1991
3191
2161
985
3988
3751
621
3789
3762
1959
2693
2677
2780
3576
1379
1463
3921
3146
2803
3232
3956
3283
1505
1036
3298
70
1368
735
1222
3357
3401
1041
2350
319
3181
863
2316
3364
2823
3192
1581
3953
3459
2343
2981
2675
1711
1102
1773
2090
742
3899
1536
663
1863
1470
3222
3555
1698
1364
1482
3700
3564
493
1449
2510
1614
2036
3678
1067
1669
2237
2698
1521
204
2174
3676
2580
1377
4029
3354
1457
960
1082
294
2824
3859
22
1462
429
3922
3733
224
834
2275
3110
3142
176
2392
861
2142
3835
341
347
2134
2701
3301
3196
3104
2022
1733
2680
278
2144
3867
597
2872
700
1898
3507
1485
2252
2112
2328
1779
2718
2765
384
3788
2787
3828
1884
3664
773
840
1455
3809
1686
1315
3251
3879
3663
477
470
3516
2198
1418
2003
795
2843
