3473
632
3543
1548
445
3305
21
3067
3822
2963
3938
999
550
844
2022
3896
2190
794
1246
1691
3482
2494
1510
4090
2091
2933
3032
1372
1243
3534
416
80
3346
1041
3847
2642
4024
824
2973
665
3706
3364
1361
1150
837
861
2822
477
3853
2160
4061
1989
3711
1882
1775
110
1277
3124
1101
3112
2094
563
1938
787
1683
2159
1503
1107
3460
1153
1084
3624
2624
2569
1790
3770
1239
1809
2731
1593
710
3554
4026
3925
3039
3986
2401
3071
1868
1017
3659
34
707
4023
2700
2270
3308
2628
1875
1424
2477
424
3512
3422
726
481
2756
1448
2633
676
570
1470
3349
3459
2412
149
1886
3250
2340
881
3743
1029
4055
2365
3785
956
1433
946
223
820
3361
3531
3727
1233
3591
2945
2530
206
3733
3447
379
2125
3052
2296
1459
2907
3379
413
3103
327
1888
1585
1764
351
2421
904
2461
1460
2100
2166
1725
134
1384
2803
107
1746
1300
2755
1538
3802
1577
1909
483
4073
1306
1648
1143
1508
3970
2774
1978
2131
2917
602
3424
886
144
1462
4044
2729
902
1082
11
1456
1711
3975
2215
1898
3437
2084
