1728
185
3979
3531
338
2302
2348
3841
807
2006
1888
8
455
4008
90
4055
3465
1655
3374
2986
854
1417
3537
1685
3693
1907
534
1549
282
107
3908
284
1224
1987
1951
81
3278
793
2663
2667
2822
2375
2810
3297
3701
2906
1210
2343
2280
899
1184
2449
438
1051
1489
533
671
3332
3672
1344
3921
501
1375
1377
1635
3185
2946
3323
1571
3809
118
3788
1830
1241
2870
3600
53
1754
1524
2327
1953
1000
19
3875
2801
2219
1152
3668
3287
3914
2402
2788
1421
3747
1109
1839
841
1448
202
2272
38
1980
3121
122
2683
1182
2119
1612
249
165
2246
1274
1626
1869
1304
723
1715
2179
2666
1282
960
3078
3707
2911
2974
851
3593
2287
2045
2770
1248
799
1019
1960
1120
400
2170
1978
4051
1103
3240
2844
2087
3049
3769
1719
1278
2114
2215
1190
3893
443
1171
1936
3732
2982
738
1664
2754
1974
3812
3799
3218
1337
952
2598
3627
777
2722
1165
51
2665
1909
3848
1239
1511
2210
301
214
805
2820
2632
1977
2299
4044
2719
2678
2758
3654
1971
1247
3783
1434
306
1048
3174
1709
2264
2136
684
