178
3792
2196
3531
1206
3239
334
1782
1473
3754
1886
252
2264
1014
2816
1910
1451
3471
2156
2394
4055
1820
3269
3114
2014
3906
3061
1217
2209
1901
3658
3488
2961
2969
2479
1472
2184
3116
683
2142
1454
2293
3669
966
339
167
857
1391
3855
1443
3696
3927
745
3534
1746
3690
3891
757
2308
1713
439
2514
245
3785
3386
2065
2614
3912
3008
2859
1528
3449
278
3392
2107
2612
2460
868
2615
388
305
2360
409
3330
3291
3235
1028
1542
2763
3635
971
2482
2226
2348
1285
2135
3740
1120
1534
3421
360
3967
108
4039
655
1818
1299
2893
2518
2887
182
3530
2147
2621
155
743
2080
1781
881
4030
499
1977
817
569
616
1230
2081
1296
1960
847
2074
2607
441
1031
3522
3701
572
3428
2540
969
1668
3417
133
376
2975
2227
477
3491
72
1204
3611
992
2954
1055
732
2801
953
2109
2571
2918
3958
3827
4042
598
76
2868
2400
1754
518
503
1687
249
1288
4029
2304
78
923
2685
3707
1106
2255
2084
1988
3336
3946
2919
839
742
642
770
3112
2659
3020
62
1173
3333
1362
1142
430
679
