3697
1435
1710
3253
2269
2456
608
3617
129
2740
3653
3388
3090
451
2958
3750
2855
1619
53
3888
3727
3730
1735
521
1535
562
2059
3829
3589
1146
414
255
293
1442
1688
2375
351
867
24
2013
3250
1948
1188
1223
576
1002
3672
3126
126
790
1325
1626
3898
153
1356
2421
503
1662
1150
3893
1774
2492
4088
4077
965
3968
493
2182
3280
949
41
3485
1940
361
302
435
1541
2997
2174
1408
1179
2908
2543
620
8
926
1641
2731
2980
1118
3604
2517
2304
440
3948
1696
4012
2282
108
3847
1363
2775
1326
1111
55
1083
47
3190
2381
2441
1026
637
2318
1336
1954
3567
1047
64
1235
3978
1705
1819
2735
1650
3279
3110
2827
3745
3614
279
2041
581
626
574
2723
3845
1199
2214
3154
3112
2326
1277
3791
1740
3796
2370
1416
238
2218
2297
2923
2554
1086
3502
2578
2472
1719
3312
464
3872
67
902
1066
2973
2837
2592
1736
2431
864
316
3640
3433
826
746
2801
899
3629
1573
2055
519
3524
530
2365
482
3204
1879
2603
3909
518
3209
2707
786
2501
3579
3684
4007
480
1787
771
3282
