3932
2951
935
1136
3990
4082
1010
3827
2136
3058
3316
1965
3900
4003
364
3620
301
414
2756
3558
3710
2620
2850
2541
2517
2740
3363
824
1310
2864
3803
303
2824
2435
1134
3626
739
2169
440
2364
983
1421
1024
4075
3334
2059
2342
2412
42
3729
1266
1900
1971
950
1586
77
4067
3291
3920
2178
3308
2503
1486
2597
1799
1154
1989
1198
679
1312
3476
2076
3518
147
3776
701
3807
933
190
3014
4042
1380
3496
2601
475
19
723
3640
744
1081
764
1945
2666
1580
3863
2554
2739
1895
3111
1416
3497
3859
3667
1396
1160
1961
263
546
3522
3675
631
1012
1125
1594
572
2933
2245
3939
2110
1503
2516
3065
1391
1543
8
859
1590
1567
3026
591
3075
2652
1472
3613
265
3937
1681
889
161
3434
3801
857
2493
2495
2922
2013
1171
1553
3112
1512
483
3743
3242
2892
745
336
1977
3442
1552
1734
3272
3793
170
2299
3965
1415
3692
1309
2313
2166
1202
1373
496
2600
1670
1695
2916
2366
3631
2420
2838
2079
2239
3284
929
3915
2252
640
3527
1465
3601
3689
1258
2905
2728
3349
2109
1944
3262
2911
