2722
3633
2613
79
898
3289
1385
1295
3077
2781
837
504
1203
2135
2195
630
3867
3659
2053
3071
1884
2411
1937
3158
1733
4067
1238
1260
3585
1177
384
2424
4062
3023
524
200
3469
321
3588
4054
405
2470
1948
3438
1585
3575
1636
1281
2702
2517
2915
2958
3495
4081
2372
889
1571
967
2001
2994
4008
653
3647
2558
2966
1691
2526
1528
51
1366
1689
1804
2802
2896
3119
3218
433
2256
1263
1769
1156
808
3893
3426
897
1099
3402
1197
854
1712
41
2160
3694
2481
3998
3136
1426
1227
505
1985
2025
3646
2695
2916
2426
3833
2614
659
1931
1864
2824
2100
1646
2338
2905
3879
132
1554
3701
1801
4026
580
3403
3734
3448
38
3880
714
4093
3587
2554
3732
3926
1483
3091
3564
1369
3059
1972
2493
2348
414
523
4092
3922
3186
2945
3559
3477
2662
1818
2499
1822
496
1239
175
1584
422
4090
1986
1967
2231
2605
1147
3935
1942
133
872
3506
1828
2998
2874
3082
798
1395
3246
913
3542
2457
1851
1138
1784
271
1224
80
1391
2827
2687
2083
3162
3074
439
853
608
1352
3884
1484
2826
415
83
