3520
1742
1206
2254
17
1994
487
58
1992
4053
178
1795
2675
2720
2519
25
2633
3724
3480
1245
1935
3538
2873
3991
1076
2492
2416
3013
3119
985
878
1213
466
3064
1032
2811
1580
1881
741
1296
4046
933
127
2864
3362
3218
239
1697
1613
3045
825
1034
546
2453
642
1517
2056
751
3940
2083
1480
2582
3694
1816
3383
3144
2827
1717
1842
1216
226
408
3823
327
465
3134
3935
2446
117
870
2870
1436
3126
1583
782
2592
1498
3196
3779
3284
745
485
1696
3726
1495
3248
668
3076
398
3994
3702
1957
1335
2745
1878
694
1502
1604
196
1377
2597
3342
971
2166
108
1915
2088
2225
3109
353
2619
290
355
2933
2305
1354
620
420
3440
722
1073
2572
1642
2980
1185
2718
3018
2361
1531
2271
400
554
2457
1685
2565
2209
3337
1867
1944
72
561
3800
3584
3148
1283
1837
2678
1310
3390
3689
3193
2431
1592
366
2709
3424
3718
3304
3037
2611
1959
838
60
3413
292
993
2557
1011
3326
762
3782
4012
801
1455
1149
1882
2253
2893
3381
1578
3311
3232
207
1905
145
2631
1430
22
201
2176
