1465
200
2976
2874
3154
3906
2614
3484
2321
3253
3995
62
2525
2562
3081
2146
790
1708
762
1274
3075
1160
1415
3658
357
1488
1784
3228
1156
3998
851
2345
2421
110
2892
979
520
2308
3597
1623
1316
3765
41
1898
2646
1712
3612
2057
855
2208
924
1219
3052
1292
1953
1412
2958
3063
2836
1968
3335
2074
699
3842
343
1421
2472
1823
1633
3259
3074
3129
1005
814
2835
1275
3146
1070
3963
3988
3660
2461
486
1572
547
3045
2180
4080
2056
3934
272
1562
3134
848
1993
1743
1280
2645
3913
1799
510
3680
2873
1972
1486
429
1790
3781
4009
3025
426
55
2761
128
138
781
906
1021
3191
2059
2309
4000
3688
3530
2592
1237
995
971
3319
2693
2298
3582
687
1525
3819
3391
1186
263
3152
2220
1368
1702
222
576
1386
3473
3941
324
987
3357
3287
3786
1699
860
1878
2182
145
1535
1723
3113
1936
1755
3171
2297
3292
1664
1149
4085
3085
1687
2962
589
3218
2893
2517
736
1429
1257
2011
159
1049
1854
726
379
2889
3017
2081
398
290
3624
1844
634
832
2485
47
2459
961
1937
3248
507
