482
3788
1590
4067
873
97
3093
2917
3872
1432
2981
3949
3674
2088
338
1072
3803
752
3032
1726
1723
1607
3706
2253
1683
1434
2016
944
2278
1528
2319
2239
3599
1030
830
399
1258
3661
3843
803
3938
113
1538
1457
3320
2574
3582
589
3270
1935
497
700
809
2584
1135
3231
3395
480
3638
3111
964
1565
160
3766
1453
1467
153
2944
1937
2650
3841
1623
1888
886
3197
1407
429
1905
3217
2208
3024
2308
453
2704
2095
3907
2873
2764
1435
2952
1587
133
1793
3342
294
3792
2130
2111
760
3172
549
3472
2994
2025
811
2590
3646
142
1068
1352
3147
312
2004
2131
3374
928
2153
1611
1828
479
2707
1023
3686
2149
238
3051
2050
3302
3088
306
870
858
3571
3940
1924
2512
1763
2791
1535
1424
2892
1772
1747
3254
1302
758
2987
1579
2536
3329
1071
967
4039
1271
889
1957
3137
1050
2277
1282
3518
615
4028
2943
53
976
2581
3839
2407
3116
682
946
3976
1901
4075
1299
3552
308
839
71
3886
2313
378
965
1200
1389
898
3425
3296
1589
2414
521
2279
1616
3396
3044
402
1827
3807
2853
