2053
843
988
1346
3597
1970
156
2560
3932
3666
3511
3868
2152
1224
3208
1369
1764
3778
3247
2840
4020
2120
2358
412
783
2654
3971
470
1179
1654
1704
2864
569
1473
2633
2935
1352
1644
599
1137
983
228
451
1465
1008
1450
1515
98
688
1621
938
3127
3763
811
1181
817
393
3975
3607
1648
750
2787
516
3048
3765
2173
241
1638
635
102
3559
2435
2803
2574
2641
2522
4091
2894
3485
2968
2794
4016
4069
2085
161
2219
2999
3848
2699
30
2551
2030
1247
808
40
1128
2071
2553
3608
2669
1847
3822
2672
3446
3147
3370
676
3345
3815
1859
902
605
3200
3898
4071
3130
2824
1028
1358
3361
7
2771
1951
2856
814
3168
2249
3305
3523
2289
885
3768
1678
2245
32
3054
1379
3082
3919
891
1211
1557
705
2981
309
3973
2447
1572
3821
1924
3851
3065
1416
260
3347
1942
2756
595
1422
430
3056
3070
1582
636
411
4046
38
958
2462
4044
2202
2479
2562
508
1805
3594
2387
3125
2738
4041
3174
2412
3217
3063
3111
3011
3167
645
1255
465
1748
3320
1009
3964
2168
2719
1600
3869
1407
1177
