124
3461
1924
3957
1274
2778
643
901
1152
3982
468
1896
2995
3941
316
482
3383
1835
469
417
1080
1156
1047
3005
3627
1998
48
763
2768
882
856
3709
2783
1908
3707
2494
2502
3776
2456
1756
579
4082
435
1527
2611
2752
1730
1460
2071
215
1717
2174
1028
745
3469
2345
888
3178
2939
1268
3407
572
1982
2833
1290
2663
3706
1796
2772
1348
1443
3504
3252
2793
3610
120
2025
1733
729
700
972
3748
2317
389
2906
2579
2102
486
1408
3935
2111
2982
1147
2985
114
311
3657
1689
739
2749
1252
958
2572
2422
3836
2643
2351
1870
3242
1378
3491
1840
393
614
2540
966
3567
3020
3544
734
502
2657
2712
678
2526
3852
3143
3292
386
1748
1787
3250
3232
3220
267
61
1124
1146
752
3368
1914
2301
3985
3572
3999
1801
3989
2463
2395
954
3788
1056
509
1979
1238
1242
537
2699
299
2769
2590
1698
3228
336
271
607
847
2044
623
2045
884
3642
2890
1276
3794
1104
3428
407
3166
3879
104
3233
179
1855
2519
1081
2534
4015
3820
1108
1149
563
1015
1732
1780
4055
1975
2908
65
1866
