3493
1937
974
3428
2046
2299
20
3673
3063
1316
3616
6
1497
492
1155
3020
2909
3744
1195
1380
3071
2683
4042
778
71
1930
908
671
2951
812
1443
3748
2394
988
1565
1031
2776
3740
1723
4016
1190
1594
1550
1774
1352
2016
2009
3782
1745
3532
918
297
1607
503
2830
2991
2227
2242
330
2300
3330
2215
866
2618
3829
1787
865
352
3171
1126
1898
1589
1758
289
3156
388
467
2600
3049
2246
3265
1482
2052
2200
1525
1307
52
1258
799
504
1144
3491
2083
935
1733
2892
2267
787
193
3022
1921
175
2913
3905
1533
2623
1826
1273
3990
2667
3394
2133
1572
3906
3496
30
1679
2647
1475
1223
3006
3912
2272
1087
1841
2095
3626
2374
1281
2912
2606
1505
3618
3519
1063
3435
127
144
3861
335
917
1759
1890
3985
1813
151
1004
1431
486
834
2190
203
3679
790
1552
3342
1244
2389
2393
3847
2732
2022
1869
498
2314
2377
3723
1970
3476
3473
2451
2344
3457
771
2176
2969
2889
4093
3221
377
2568
2821
3962
3561
2565
1522
2946
3438
1114
2587
2238
1251
1191
1658
2586
3459
2297
2158
2835
3737
