2544
1389
1363
804
729
468
167
3128
390
2176
1548
2074
2737
2321
2024
109
2998
2520
2295
1683
1712
2297
463
1159
3145
3440
2481
3608
2865
1613
1940
2567
2774
2763
1828
2506
2521
1261
1205
1893
2601
1747
312
1906
2838
1881
334
1476
3143
2193
666
369
3374
2479
4034
564
1851
1100
3784
1742
2386
2188
2949
2797
581
461
3132
1962
978
1964
2279
151
1813
231
295
761
2572
2748
2795
2165
2718
2236
2883
2821
950
505
962
779
1310
135
1930
3021
2943
3866
3811
2149
1819
679
1319
1714
2533
2272
1633
1325
2178
1132
836
3540
194
2359
3310
3051
507
292
2904
1858
1838
99
2294
2155
3151
3773
3652
1763
858
1818
1787
1754
1597
1833
1427
3759
1841
1148
2715
2967
2374
4033
1774
3330
1708
1735
1762
69
1088
835
1460
3695
1217
3455
556
3241
2298
235
2940
1469
1155
884
2655
718
2491
48
860
4031
3802
942
462
2915
3123
198
371
2639
683
3728
3164
719
1491
86
1130
497
1047
223
264
711
1552
1186
3214
664
998
861
1782
2091
3786
2384
1948
1276
3466
619
3084
900
