3297
2186
1904
1868
3552
3144
2708
2942
1718
3685
3838
1731
476
2253
2053
3126
498
2160
2264
310
3209
277
2397
2610
866
672
156
743
753
335
2596
2904
2972
10
66
1910
3032
3473
4053
3287
3702
1616
2063
3525
3959
1238
139
64
2798
2332
14
1711
2631
1374
321
3840
2779
1324
391
2265
2393
3168
1280
3315
1338
1873
1490
62
3296
3763
3534
2424
2380
3799
2078
791
3683
1419
368
3565
2793
3081
367
3331
2620
740
3845
3328
2650
118
500
1930
487
3553
3754
3500
870
531
604
201
2120
2499
3356
2772
2181
3817
2097
3468
1609
3020
765
83
180
2257
773
1453
305
3943
1540
3837
4039
3924
149
1566
2339
2345
1200
744
2842
2562
410
409
2121
837
3733
1734
2163
1581
68
2248
3041
2218
3289
1934
1048
3615
1776
279
3
1032
51
416
1069
1358
4071
3793
151
1236
2043
3145
2889
2439
1425
3812
3236
3538
35
3251
1829
3729
2292
3476
2907
794
382
3325
1612
2432
896
563
1676
922
4000
111
1552
586
911
3483
3307
3864
1266
1801
3215
2571
3991
2670
1230
1082
610
3462
