1282
1599
350
91
2912
2861
4054
117
2715
3684
2359
2316
948
727
983
263
884
94
2385
956
444
214
1194
2429
1911
3560
1367
1984
2611
1234
3087
570
1452
4076
7
2616
997
1639
1058
2619
2764
2303
1351
296
2798
2505
468
2578
2602
2702
3903
1121
1350
1014
130
278
3118
2342
337
3384
2922
3055
652
2883
1724
3184
1877
1341
2559
3264
993
1305
2077
1473
2065
1041
1882
2625
1409
2732
3817
1051
1042
3561
2021
2901
1670
1155
2552
1585
3052
2430
996
1038
3750
1652
1281
3605
3905
3719
219
3390
2921
3608
1232
3455
3488
1548
905
1602
462
750
868
2768
2298
2645
15
2060
428
2910
1898
2609
3669
1928
2184
2999
3584
3930
2936
909
198
714
2635
3037
2047
598
2200
1991
3463
4032
2426
1765
531
4093
301
736
970
4034
334
41
482
1723
454
1884
2608
3947
2748
1304
1754
3291
636
2090
3997
2980
1077
1165
2162
4062
3736
2182
615
1990
177
2548
1979
2941
822
1284
3752
2484
2832
2284
1087
2376
704
3639
1828
40
3359
199
780
3228
587
2218
738
3856
1489
3514
273
4025
