94
1779
130
1674
3171
3740
3960
1991
744
1624
936
1523
2795
219
3974
2325
930
534
524
2827
1126
505
1025
3220
1724
1521
2526
3749
456
3999
55
2852
299
3468
976
2271
2843
1236
3498
1123
1194
3118
2009
818
3401
598
592
3790
1900
1520
471
2355
3560
3532
307
1365
1164
555
1180
2589
1858
2824
1177
1268
410
1959
1691
3811
1335
663
2433
114
4063
1338
2771
4090
3877
23
95
3885
2042
1302
3769
3768
1782
1265
3493
2564
4031
1424
276
231
63
541
3958
4002
112
3891
1741
577
98
2379
2356
911
1601
1981
3705
1318
3780
2174
10
3622
2306
2649
3992
2856
531
1908
3865
1551
3501
1350
3120
148
2447
2423
3199
719
2220
2401
1566
2970
341
1673
1561
909
2708
616
915
1547
4000
1943
3552
3458
1444
1577
774
1584
1747
1774
3151
2240
2173
1907
71
3835
3988
297
3528
1087
1436
191
1767
1856
2646
4020
3279
689
3803
1514
1208
1337
2026
1670
184
1719
752
1951
2156
3122
454
1829
4093
787
1800
2366
2402
2311
3831
1358
823
221
356
2203
912
3019
2811
614
3616
2698
