2269
1914
2237
3718
2704
276
1919
227
3565
1977
3444
1721
2726
730
1565
2006
1594
3925
3378
1878
1970
342
825
1144
3906
3131
588
2418
1580
2134
2936
1479
3284
3650
796
1448
3676
1221
3684
3394
399
2754
807
613
3866
3792
1644
112
2943
3541
983
3801
3411
388
556
766
3491
3959
2326
2673
121
3252
3860
1388
1212
859
3392
3051
1739
497
3517
3589
3611
2634
3014
2211
213
641
1940
1975
2368
305
2380
490
1663
2506
3158
2108
3574
1829
1008
1049
1471
1942
784
3794
209
923
1327
3937
3482
2133
4077
3013
712
197
3175
1474
2310
1630
3595
2173
2877
916
100
978
2565
2036
533
1763
2880
2410
2759
3301
261
1316
1309
597
547
1148
2558
2088
494
3836
2546
1359
2660
1262
3539
2713
2954
2343
3492
151
265
915
1361
993
2057
1029
1089
3982
2174
2055
1214
3696
78
657
2603
961
3857
3308
2287
174
1797
3978
693
762
2064
3977
3672
2204
2835
2366
1811
3905
840
617
404
2394
642
3825
1353
3879
2066
2895
3775
1925
4017
286
1858
759
3975
3184
1513
2071
3489
2285
919
2705
