107
1580
2845
2061
3649
194
2543
1599
2430
1764
1875
3112
1537
3141
1982
310
2731
1975
1439
1945
2742
3103
1745
503
174
2199
3926
1523
2119
767
4003
2118
545
933
2679
1107
2956
2691
1427
1749
293
792
831
2485
3982
2539
915
888
1711
1824
2152
682
2169
1397
3012
2085
56
2813
18
3043
3010
1943
937
231
1492
3725
373
1489
2850
3646
3846
2637
605
3198
4057
1606
3050
2435
1484
2281
1525
4090
3370
2769
813
269
2067
1244
667
222
783
1442
1611
2938
430
3475
1717
2451
2848
1834
3311
971
1296
1675
2422
2399
309
256
3003
801
3030
210
2463
73
2694
4047
1911
2076
826
3133
66
1762
2515
1617
117
105
1731
2553
1769
2880
1440
4018
2035
1230
3053
1124
2913
1999
873
300
3335
2500
968
2921
3561
1373
2028
3092
3028
1627
713
2482
2324
264
2607
2874
3515
524
864
575
2512
1109
3145
3899
2960
1954
1052
2023
12
2263
1218
3947
3482
3147
459
1910
2581
1705
458
1391
3442
61
2487
2665
3374
3090
248
3498
3467
3407
2403
3946
13
1278
3858
1029
2877
815
313
3083
