2760
1465
3288
1104
3328
961
993
2902
172
2698
3050
2801
1208
2992
3155
747
1327
292
864
1267
1657
3704
1135
2410
2639
1459
2227
3556
573
2252
74
2913
392
146
2570
1805
2669
43
3184
1432
3764
918
1273
3652
3109
1189
2647
1054
3411
3198
1939
3897
868
818
3577
3894
2701
3779
3307
2398
2147
1612
3467
2022
364
1796
840
3211
423
1130
511
2650
3287
3760
1580
2027
1503
941
4095
1473
1416
970
2271
2585
447
3877
3724
2164
3542
1055
2885
1946
3908
642
2254
2871
2572
1046
203
3313
121
2693
1393
469
1795
2560
3812
811
2877
1059
117
2034
1800
3857
883
2584
70
832
3368
3264
539
4005
2748
1736
578
2959
1894
2875
601
3258
1563
1069
33
1870
3381
1981
2078
2737
879
324
2826
1882
1901
1061
1386
298
2294
2502
354
122
3196
2797
3518
688
384
3959
2688
2948
1367
3219
1788
731
803
1925
2782
912
3705
867
1138
926
1476
3393
499
286
2225
3622
875
2151
1555
1824
2521
1178
3534
101
3481
3561
3678
2072
2396
750
1905
2811
2897
4065
2051
773
1255
1697
939
422
