894
1316
1635
1827
1006
2154
1828
521
2127
1852
1547
2741
2059
1872
273
1246
3460
570
3123
408
1482
27
1855
1653
72
2490
1639
2709
1992
2726
2590
3479
3733
2625
2859
2629
2061
1454
3638
2982
495
3152
98
377
3689
164
2584
2891
703
949
236
48
308
3315
362
3125
2748
2558
74
802
2940
2258
3749
652
2340
3056
568
3283
3177
79
593
2893
3750
348
4020
3227
3807
2110
2221
723
1123
2042
1239
3861
985
1130
3268
2962
1279
3429
2783
3438
1943
1250
1387
3064
2345
2107
2520
4075
792
471
1818
3734
750
314
2609
3558
1202
3799
1061
1353
2685
3416
2373
60
2371
2191
3967
2665
634
2353
3349
365
3243
3898
1486
812
2565
3245
3411
840
2954
676
2018
2327
1842
1615
320
2976
566
139
4009
152
474
3783
3709
3804
1534
1456
2052
3205
3903
2001
2056
2040
2269
187
2273
3579
1105
3481
3830
2379
2932
2671
3518
3780
3337
3459
1737
2051
3199
2500
1411
380
1778
2692
3951
1614
1461
2835
3714
2593
1029
3813
2023
3888
1470
581
1216
749
2415
2183
1204
1498
1317
3975
2458
3992
