2864
1323
506
1681
850
4062
2126
838
3487
3712
2840
2122
453
876
1169
4043
1855
1078
895
1859
7
2528
1657
2722
147
1993
295
2673
849
2947
3644
2858
3025
2825
672
3854
3332
2661
3596
1836
3867
996
1191
2944
1940
2320
253
342
236
3862
372
1494
3
1284
153
461
2208
1633
357
3058
2727
3149
2856
1683
2039
230
921
150
1944
1066
3772
1743
3673
39
2418
2048
1287
2611
193
1837
334
966
2189
3263
1656
1959
2956
116
4095
1819
3197
3091
2919
301
2615
2557
1347
3457
651
2287
1333
3215
3132
884
4010
2217
1898
705
3085
3782
310
107
244
3833
3412
3895
2234
2731
548
1387
2887
1380
3642
2814
1059
3106
3341
1580
2476
3087
2958
3708
3084
1033
3607
3900
2364
2647
2606
1868
2703
2913
2279
1834
406
1817
3580
1042
1785
2654
3940
1222
2574
402
327
1556
81
1498
628
596
2284
2745
640
1575
197
1578
2022
3225
2533
3805
2083
3751
870
1682
1291
1272
1568
3318
322
436
743
1488
1251
297
1499
1427
621
1807
3486
349
688
135
3789
3367
1001
660
2302
1389
1788
2690
