831
98
120
387
1467
175
1889
2791
3109
945
1229
414
2457
3580
2125
2175
249
2524
2044
1436
2161
2416
2699
3123
3608
1693
2735
545
1122
3633
2399
3251
1422
2068
999
1599
2042
2656
182
357
756
99
2157
2578
1634
2736
4061
610
603
3028
2338
3862
1695
555
2331
3706
2859
2848
1511
198
2425
2821
3011
3520
3935
884
2950
3062
3220
1760
722
3422
479
3395
1669
1061
2451
658
2007
2932
3477
3047
3236
609
2030
2064
1038
1950
3760
420
3698
3579
1334
1218
2442
1494
2505
786
2907
136
2400
630
458
2182
3146
3351
3785
1094
2695
3063
2961
1370
1173
940
24
2263
662
3271
332
3667
1665
3753
1352
3059
1612
966
2751
1003
581
1564
1687
58
2773
571
2135
3406
229
3456
2021
3674
2756
374
845
3154
3448
2340
2058
2720
1770
2205
3927
2111
681
4042
2190
2542
3841
3277
1912
866
370
2621
3740
1378
2097
3799
3057
489
461
3138
1547
1990
1829
3241
121
3765
442
843
1849
1009
1754
2583
45
3620
537
2116
836
4091
2727
2760
752
1198
3944
4025
2472
858
1758
1190
1416
2654
