3406
3217
3181
325
4066
1339
3229
1981
3279
609
861
40
1516
2957
3541
2156
2466
488
3037
3647
3391
1261
2357
3032
1780
2546
2317
129
3158
2462
2630
3929
1051
3213
909
4027
1485
39
3854
4015
1754
1670
1394
1548
3277
2637
3023
975
1207
1027
1912
1317
2727
2618
2067
920
2289
3771
2297
3987
3094
1096
2556
3860
2925
1571
1279
1542
2756
1219
1591
2197
3890
45
314
2977
1190
966
1799
1920
143
2964
733
483
1979
842
2107
182
2027
1880
1676
3119
791
3397
1978
3504
3834
1322
1392
837
1645
3774
4054
2250
2882
2652
3241
3378
169
3796
664
2401
3457
3892
1144
879
438
12
1492
776
901
324
38
1137
3239
740
3322
935
2415
433
2994
3779
3021
389
677
3296
3034
1078
1881
2382
2506
3874
2461
2821
1457
1324
2773
2353
3474
3269
1378
2953
2887
1736
964
2170
3685
2130
1831
1025
2503
154
70
2062
3582
3102
1908
3729
1486
405
2427
3707
2211
623
2820
3964
1290
2708
1705
2145
3462
2276
2108
2633
1489
2446
1102
3324
2636
142
1694
1715
1173
115
2594
3443
1114
2228
583
2115
