2447
276
265
889
2124
2045
623
3315
2276
2027
2947
3771
3130
1504
2910
788
253
1442
2330
3939
1221
4043
3927
544
385
1206
1619
1147
1293
3550
1367
1762
2886
676
3118
69
1232
3285
3746
1558
3104
3070
3393
2821
2562
3040
2105
750
1810
2533
3048
3566
2292
3968
3036
1121
2002
894
2318
837
3343
3274
2801
1387
3154
2196
793
1829
410
3570
1874
2195
2047
851
1197
4080
3192
1854
3467
2358
838
747
3755
6
3870
3295
1983
1787
3684
1290
3416
1132
456
3873
1169
3716
1318
2767
1960
3739
854
1125
3604
3374
81
3068
2136
160
3777
214
1705
662
1308
2810
1034
2093
3615
1091
2185
3586
1509
495
543
923
305
1016
1979
1029
4068
3460
2506
1270
2995
907
1484
441
1737
878
3297
2459
3584
1203
2000
3629
2514
1069
2960
368
343
2899
797
1989
1244
3948
556
3172
3131
514
1715
1020
452
476
4032
3159
2713
3314
954
2505
3840
1480
2941
434
3030
2005
2747
711
3642
1757
2774
354
42
735
2633
840
168
599
136
3284
3362
3231
3758
654
3822
2829
950
2541
3950
162
1041
2065
