3854
1565
3597
1629
210
1591
3652
2467
3380
1028
466
884
2955
4045
3649
3544
2021
3606
3620
347
1180
1215
643
236
2789
3617
3136
642
3450
2382
3146
429
3639
4002
1414
3127
2093
367
1142
1190
2560
603
2706
977
1821
497
2680
703
119
886
875
841
2989
3860
4087
3107
1809
1434
1278
25
2909
672
1388
647
757
3557
1918
1151
3104
252
2435
4008
2712
2197
2737
3593
719
3547
212
3909
3000
1618
3963
2961
28
3790
2444
1462
3491
2098
1836
645
2062
3980
1449
2471
3166
3043
3310
3729
3807
468
2426
673
1254
2823
1075
3326
906
876
1483
2575
1022
811
2974
3757
2598
3291
1667
2556
654
1688
2653
540
753
3032
816
1610
2908
2966
2797
62
917
2218
230
2037
387
290
2949
2031
211
1354
2845
919
3061
1988
2047
340
2859
3882
473
506
621
1014
3408
1317
3245
861
2679
1182
2585
2124
3451
515
3039
3921
1743
4078
325
3306
2096
3509
1787
3781
3735
2192
1201
775
958
2406
2092
3115
4055
3274
1031
855
1586
2011
2199
996
3700
1497
3286
4071
2203
2361
3770
694
4061
245
