3725
3373
499
2846
1487
3418
1888
1481
1523
398
1198
3836
420
1561
458
2240
2883
310
3374
3498
1986
2693
2172
3545
38
1609
1621
2192
2333
982
198
1730
3518
517
2212
643
3983
2367
1950
2487
569
3285
3205
1394
1713
335
2801
1375
1403
272
3341
225
1724
1595
3745
1507
1526
2074
175
2952
993
2848
3701
392
1602
2356
3743
1330
978
1881
3444
299
2063
2433
259
2010
3005
3814
1638
3727
111
3598
3241
1505
1
1988
1721
12
2938
1813
2643
3766
3571
3083
1975
3857
2345
177
2656
3416
3305
2483
1599
2252
2109
3664
3465
262
3780
2920
1008
1692
2605
3395
1765
3219
549
1575
511
472
374
2750
1908
3008
2111
1188
2793
1311
2086
3313
1118
2357
3562
2603
819
3446
2613
3850
650
47
827
3207
3864
1878
336
3615
3142
1354
3804
1422
1343
1448
2294
186
2248
26
698
1961
1503
2859
2629
1543
3867
2300
2421
1208
3564
1064
825
242
3143
2990
1844
1025
3794
2463
694
2703
1212
2943
1389
1470
2705
449
806
3579
2711
2976
3010
3978
3671
1610
2064
2384
1611
538
918
2381
3318
2747
