1424
3067
3878
3813
1099
2172
1136
364
2571
782
440
1880
2534
1012
2996
336
2725
39
1045
1127
1899
3287
533
3029
1931
1678
608
400
1460
2569
4047
284
3742
591
2533
1750
4085
723
2522
2589
986
1792
3536
1005
777
214
32
534
2783
1065
1572
2519
2590
103
2244
2478
2014
354
3436
3979
4089
3787
456
2890
3122
3074
484
689
1002
760
2892
3224
318
969
898
36
2079
2427
758
3415
2964
2097
3116
3035
215
1300
1930
2557
1683
16
3162
4009
132
2941
1215
3961
1383
380
3819
2354
2180
3793
3517
574
3461
1999
984
3196
1743
2150
2711
307
2865
481
1633
2494
951
700
2416
3978
3716
73
3942
296
3041
617
3548
2448
2622
671
1103
239
2516
1875
3758
1566
1077
255
1015
2636
2925
2966
2381
548
3528
2248
458
793
2094
301
2327
3089
1647
2936
2133
3662
1658
3975
3610
3294
3566
1040
1968
1610
1969
2290
3165
1916
3683
2880
68
3127
1161
2025
1472
1421
3600
3893
572
1233
3341
2030
601
2512
3131
3530
3333
485
3394
2721
589
2776
3770
1646
935
2600
570
3338
4065
3292
