724
2640
1678
1902
1534
3576
137
3903
2723
888
3519
1753
432
2576
3177
2960
1337
3879
4023
622
790
1830
1672
2448
3767
3098
392
3395
1220
239
587
1812
3414
700
1263
2901
1330
984
3812
4012
2487
1023
1336
2642
3316
1175
1327
3627
3418
3188
2410
2710
3075
83
1479
3312
3667
3560
2192
992
2333
3034
2995
960
3256
303
3847
2474
598
2928
245
3138
3080
2679
3591
3520
573
241
2355
3703
3854
2476
1667
2797
3995
1767
549
2953
2055
847
116
288
3028
72
1833
3210
4034
2150
3044
756
869
3113
2239
3122
1253
3523
490
1129
3339
353
3564
630
1891
370
1801
3467
930
612
2040
2824
3851
2994
3650
1651
2838
1732
268
2908
1739
2432
1189
3239
219
3528
2751
999
777
1231
2289
2705
2764
3364
2988
4044
1004
836
2650
497
3699
1074
3495
685
844
2171
3324
817
3518
3302
3855
1922
1322
3411
528
1203
834
1381
3698
2303
2148
2568
808
1726
3397
1677
1097
2495
2387
1096
1856
324
1702
948
305
2350
1123
983
3579
1634
571
1798
157
506
3763
918
2686
1039
3621
1476
3945
2212
