2574
2505
136
3744
2446
229
2412
3240
1275
1645
764
706
1342
1805
839
2060
890
3118
2723
456
370
93
2848
2338
1997
2667
1806
809
2080
3709
1225
1532
1044
2198
1245
3140
1449
2623
1376
1027
963
2373
1099
3276
2807
2963
2978
807
2871
3344
491
1150
418
2222
1005
3694
2182
2651
923
3278
3920
586
1239
1771
1521
1334
3558
3389
353
414
846
3438
1650
4065
2813
3536
3267
3776
1815
3511
3951
3805
3228
1132
3696
3253
3004
2455
190
1869
3787
3272
4004
2511
4090
3345
425
3798
2163
3632
1861
1155
457
2442
2904
3414
892
2822
3109
1892
433
3647
1612
1264
77
265
2064
99
1446
1187
3607
176
3599
3857
1603
3072
3508
110
438
2800
1821
33
4052
397
3362
2972
2954
2665
3430
518
588
3525
2836
2120
1898
3255
4081
527
2642
826
1854
653
2027
446
1816
3810
1927
753
3384
3823
2507
772
856
2513
3965
3973
144
2728
1744
3606
1181
1769
1179
3336
2720
1501
1144
925
1350
392
1323
3956
972
1517
2387
636
1168
3354
466
735
455
1427
2872
3338
1700
3234
3323
423
3871
2652
