876
3643
75
2894
589
3460
1267
2558
3571
1536
3939
3677
3990
1472
3235
691
36
81
2355
1668
2880
652
3795
70
695
1974
847
3863
566
3388
167
3212
2238
1573
0
2182
1527
152
3961
3619
583
1068
770
2218
2156
663
485
699
3250
3087
2923
42
1821
1951
2457
1017
1273
1124
1056
1084
2427
192
3458
2252
831
3802
2211
2896
3693
1036
2878
2447
602
3408
2459
63
1136
2124
3457
2116
2296
1135
834
1152
3116
3913
2988
2692
3983
1134
2905
2114
639
749
3113
3101
2260
2362
2540
1598
1914
16
114
3343
227
3381
1944
2390
3902
2344
924
1112
2716
2713
44
1931
1173
3626
839
25
1276
1939
2860
1458
591
1950
2530
782
3632
3233
2425
1502
2511
2773
1860
1712
3057
895
2298
1646
466
2616
2772
4093
3956
1329
3525
1367
1651
764
1402
595
656
180
2924
2322
285
2534
658
29
2084
128
2914
1669
3832
2497
523
3727
3131
1119
3609
71
1679
2040
1786
422
2849
13
781
1967
3613
806
3260
1097
1141
3822
2565
676
1874
1678
803
1720
3019
1063
684
3387
1151
4047
1107
2015
