401
819
2187
1436
3330
3914
3848
1814
3067
77
780
1015
2099
3028
3477
2508
673
2123
3513
2750
21
1014
2976
906
3727
3394
3432
3819
1536
962
1055
4033
1077
3279
1163
1235
3443
3759
1176
2679
1735
3105
729
483
1212
818
602
178
2763
3947
1371
1233
1552
833
935
3356
3679
1211
450
1716
687
3962
1938
141
3040
1385
3243
1391
1052
2466
3323
2851
1743
265
3613
367
1722
3592
954
1979
340
3572
2454
3621
3223
3990
261
2437
108
903
921
764
1031
1022
3171
992
278
3502
3277
2389
630
3835
2532
1847
3773
3671
1365
3485
1425
4011
2061
62
1717
3793
2704
939
814
732
2465
1253
1310
929
2651
2807
380
230
3271
2660
502
1234
1725
2624
2406
3318
2063
3818
3772
3687
1837
2873
1923
2929
3995
3570
2299
2945
3395
2696
53
2289
996
3308
1507
3816
3693
19
2549
3458
2228
3864
2662
1459
1784
2136
3058
1927
1490
454
2442
3322
1123
3244
1501
958
289
600
220
2003
3739
2266
1070
246
1069
349
2540
1868
3253
4080
3606
3518
3197
1340
1833
279
393
1683
542
1260
1239
3454
