1059
2251
3688
655
1500
3606
1326
3970
2137
1411
648
3430
3955
92
2593
644
420
809
58
1637
2938
807
1984
1086
3914
2681
1607
3996
267
773
4084
3792
1063
3691
3759
2324
2348
2711
1074
3029
3247
3021
1704
3441
2256
614
197
1616
2095
3038
1128
974
146
557
2605
1736
2516
915
1654
3144
2478
1230
1936
3827
2875
139
2084
3449
2684
523
3534
1232
1356
3644
3702
2026
344
709
3347
1389
2707
3290
1376
1659
456
870
1793
1583
3932
649
479
245
490
4083
2693
3250
1924
1347
3120
3981
2376
2184
1631
640
408
3089
3214
3413
741
4
121
2496
2686
1297
2793
646
1731
1678
2217
3122
2452
3978
226
89
1630
3581
599
2231
2532
2047
2923
864
775
3710
514
3085
194
478
126
3405
3686
1496
3850
2091
3976
3177
2524
1810
1533
1561
2612
3346
482
2171
2053
1108
1823
1194
2991
2065
1802
1538
2648
3076
3896
3721
3824
1136
3648
1052
1442
1787
1331
700
2472
792
2391
4019
702
2455
3656
4009
3943
2572
1611
3908
749
1848
914
1151
2328
3839
2990
1014
170
308
664
2799
3184
1726
