1146
2630
2903
1555
2667
1303
2241
3682
3043
823
4085
1573
1840
3567
117
2516
104
273
95
3507
611
1247
425
1989
1022
843
1086
2307
3575
2672
666
2790
3052
3339
3188
977
1076
3652
1491
107
1664
3998
1594
1998
1790
3056
2482
3700
1477
1813
691
1147
2038
3915
1149
2113
485
3657
1137
55
2822
819
2387
2609
1653
1955
762
3182
2306
2103
2581
1151
910
1888
3367
2784
538
706
3844
1732
214
1361
1476
398
186
1704
1923
979
1727
2635
2562
3501
3714
1730
2458
2600
401
657
125
2138
1278
2432
486
334
2496
3591
3381
2782
178
3648
1381
3405
2039
1483
3406
1644
2682
3510
3978
2736
4048
121
2388
864
2529
2383
877
2283
2164
3344
2707
1113
3719
3061
1037
2823
3581
3026
1619
1437
2008
2755
1328
1096
1968
3767
3457
3876
1806
705
1657
3279
3022
145
867
2879
577
2810
1034
1687
1322
1186
3264
3976
3134
1469
2577
2400
2607
3656
2914
1182
3392
1700
1598
155
4021
2962
811
2999
664
3216
1874
917
3677
3693
3761
2303
3199
2077
3395
3086
801
2438
3353
4042
1027
2180
3494
1699
