1565
1272
1255
1691
223
3234
1201
3613
38
1976
3737
3350
3431
3638
4079
1950
1395
1434
1939
414
615
93
2609
879
2965
2505
2751
3445
873
1572
1411
2169
3388
3004
3832
1899
2732
2612
3842
3719
3065
2802
3138
2237
610
3286
3006
557
2415
3703
2810
212
4
1222
334
1103
376
1649
3918
3947
3144
2026
2148
1982
1598
2434
2436
3745
1495
258
766
3135
3936
1938
4095
3790
1171
818
1564
2774
2340
533
835
3624
1742
2377
3540
3965
253
2067
1457
283
1065
2840
3930
1285
2571
2448
31
2252
640
1820
1489
1753
2322
3714
2372
1190
4054
3629
3398
2196
3364
173
1399
2263
3989
2891
1206
436
1085
1630
2649
128
3636
3298
1877
1945
1179
1933
2380
3897
1864
2895
3340
2693
3656
4090
1211
1391
2805
1563
708
2153
3480
735
1412
511
270
135
2645
1156
587
3140
178
55
437
1622
1299
1045
2078
2996
2982
2453
635
621
1963
2268
3299
2319
3712
2673
1439
2578
594
3787
1470
1857
3040
847
1292
386
1765
3417
586
53
187
3650
2387
3511
2947
2658
3055
1842
2836
104
2846
2103
3104
3042
