34
2690
393
1037
1979
1163
2025
1904
927
2979
2484
2646
3910
2491
3267
3790
3269
4072
3031
2019
3904
1203
3564
2104
2307
3176
1354
2770
2319
3478
3663
930
2222
1682
3730
1815
2538
2677
1655
1659
718
321
119
3327
183
1502
737
1577
1053
2707
535
2858
1639
743
3708
2943
3923
491
358
2202
1117
2776
533
1859
2845
532
3126
1120
1503
957
59
171
3076
3083
2759
1361
867
3612
2226
1958
1617
681
1812
513
2392
160
3375
2922
1128
3555
391
326
951
640
3397
3667
966
3271
3247
3055
2851
466
3011
1856
940
2653
3763
4007
2174
3117
412
2598
1489
2454
1257
692
3570
3686
3670
244
1445
1824
536
2736
3207
4092
1375
2264
3648
3826
1649
2827
184
1680
3955
2925
571
2835
2815
1009
4030
3869
1891
2515
1578
2940
1265
677
1598
3330
1515
3197
1268
433
1443
896
3357
1165
2424
2330
2170
1207
3911
338
3170
3032
20
2209
920
1325
2575
2417
2091
2978
1657
3930
1867
2614
939
3561
1091
2977
3402
2554
723
1685
3543
2846
92
485
594
2967
239
3455
2859
2168
2046
3726
3710
2839
