465
487
581
275
3962
358
2727
332
3857
2095
1972
1446
899
2451
2744
3969
1093
681
3147
1797
2098
3370
2500
3694
3640
1615
206
88
2997
1086
3870
732
3261
1437
1298
884
2778
3373
3356
2047
212
2019
1050
3755
1218
1762
222
494
3033
3793
1044
2589
2144
1158
2207
374
2206
2058
1084
3788
1348
2697
1440
3902
164
1119
1161
967
359
3256
603
2769
3006
2303
2063
200
2425
1066
2974
1169
3775
2998
2815
1575
881
561
1025
1367
58
2588
3709
1196
1075
1786
688
64
3875
3068
2720
244
3138
239
182
834
3467
1543
1377
1098
412
2422
3886
3593
2438
2673
1071
2657
1139
3480
1960
3879
2644
1096
4040
3093
2068
896
1496
789
2999
2593
93
4082
3151
3314
1840
3509
4045
456
710
2865
2034
1402
1186
4019
910
3330
389
1233
2534
1809
1794
3126
3003
1142
1060
958
3150
593
703
125
2861
2965
1274
375
3944
1589
3854
3948
1574
2576
1763
1184
2871
3279
3046
908
105
3922
3742
3734
2314
2246
2587
3413
2989
403
2309
2001
2141
3781
2171
1236
664
1600
3747
2048
308
3815
530
2580
