2594
455
798
3045
1523
3803
331
3009
475
2941
3331
3131
181
2722
3038
1692
3062
1659
278
3092
2596
103
2667
3590
2827
1365
1458
2563
3610
4004
3140
3623
148
2936
135
523
454
368
3923
2513
2770
20
1179
1966
1264
745
2868
2999
3535
1637
3464
71
940
162
228
2943
632
529
2282
2536
24
3642
1483
1771
2987
3206
2037
3694
388
1752
2293
1499
2343
473
3873
1489
2100
1328
3828
3370
2122
3774
3568
554
620
3941
1818
3503
3780
809
2002
2345
4005
396
2701
2049
4042
3490
2348
206
4022
2289
687
2136
400
713
463
1941
2809
1794
2277
1119
1995
200
156
3090
955
2940
3785
14
1598
2462
2470
3992
3521
2665
3052
1901
2970
765
3229
1559
1133
2447
3422
2897
2724
3235
859
347
520
2077
2328
2266
2527
2341
1262
1727
651
1834
1204
891
1130
1089
743
595
2225
1243
2493
111
2874
1450
3377
2046
662
1376
509
3449
2385
3594
1906
982
2368
2265
3868
3149
2971
1261
695
3903
1725
980
2766
447
1853
3339
2457
658
2823
1942
2003
2951
2216
3570
2258
3136
3237
1104
2561
1353
