342
2954
1283
127
1114
3778
2643
3892
1957
2450
435
1690
1250
3592
3214
3518
1865
2902
1851
1266
206
1142
3938
3630
1023
3887
3579
2244
1561
119
1682
3114
1910
3188
1241
3797
1417
1830
2717
3043
2158
1996
785
893
1953
3661
255
3156
1450
1816
926
1350
1548
607
2483
3981
2800
2113
3289
72
2963
945
1850
812
2828
1646
2652
1071
1379
1400
969
838
2489
2783
2999
2674
660
2451
1126
1424
757
3313
630
1643
1221
1606
116
3599
2389
2045
3593
87
746
196
2517
3618
3673
3135
1849
3866
3637
236
3656
974
1180
137
990
3146
534
3614
2008
1052
3034
2572
2288
2132
690
943
1916
106
3094
527
401
2720
118
3875
149
1089
3011
2765
731
3457
1652
2385
3359
211
3088
68
2020
2871
487
2016
3204
1861
3556
2788
3668
1715
2304
848
2982
29
317
651
226
408
1583
870
2606
525
1289
1000
1030
1960
1985
2220
492
1335
3290
1770
587
1701
1610
3929
3679
3396
3492
1938
452
3455
1896
1207
646
833
2979
3855
3329
3840
163
2695
2133
2540
3531
2900
1568
3326
2299
1059
431
3327
