2521
3057
92
1813
1260
1901
3823
311
2928
3383
343
881
1789
2998
2425
2328
4062
493
844
3533
2673
485
2569
3673
1713
1737
2342
2271
1668
1480
1048
57
850
3963
1381
440
3493
3365
427
88
2849
718
4006
3660
2289
816
2950
3317
3035
3204
1485
2845
2703
3617
987
1157
1613
2171
2440
3001
1607
1388
2792
2709
3682
13
445
1124
868
1833
3031
2426
3912
2255
1117
2398
4066
660
2533
321
1514
425
3083
3905
1301
3186
1305
2176
1099
326
2848
2155
1366
933
2727
2747
3106
1352
2480
2121
87
1985
3390
1589
911
2961
583
3174
1717
1251
1080
1596
1264
3852
3238
2801
2833
1886
3731
3951
2308
3646
3746
1405
2905
1742
27
3411
3591
2436
1256
1149
2624
2825
2932
336
1449
2209
1309
3004
1691
1810
2840
2974
2114
2339
1642
3525
2565
711
163
2631
3187
604
2447
2619
1685
2918
2069
2911
3134
2021
2006
1896
2668
3697
1731
3162
2428
943
2914
2838
1936
2555
3433
2948
2296
2695
1686
616
3301
2095
1863
1082
2379
1461
3171
1377
702
3703
1706
1421
3904
1754
2944
775
3250
503
122
1240
