2858
110
1173
1782
698
4041
512
390
4059
2096
3574
2465
947
1595
2640
246
1892
2134
1098
896
1274
2259
2426
1193
2271
1229
2022
4069
2254
671
1970
767
3216
137
975
1152
886
1191
885
2910
548
1357
238
377
1922
1946
1564
3838
2380
675
1897
229
3297
579
3674
3963
3424
588
546
3494
2757
2980
955
2493
2340
826
980
1346
2799
3683
810
3545
2787
3048
1322
419
1285
1501
344
1509
1898
2990
2813
1902
1438
3556
1931
2298
1799
2888
632
493
3793
2085
2260
1186
1788
2856
3744
1752
757
1399
2466
1221
231
3423
2048
3502
1879
3164
1187
764
987
3325
213
3681
203
3078
1506
1672
3153
2353
2425
3475
890
3250
2138
237
3184
1190
2731
438
276
2124
1396
1825
1558
3343
230
1005
3825
2564
41
244
3437
1253
2021
3485
2695
813
2144
2152
61
1935
2428
541
2367
1211
1172
3837
3549
912
2243
2266
1195
3016
688
3559
3337
1443
3199
1038
2113
116
1411
2779
1139
3375
1805
1886
1394
329
3155
2868
2218
1208
3434
3888
52
3824
161
2230
1283
2192
2121
1058
4082
404
1831
3845
