679
3584
2601
731
2659
1478
113
2540
82
474
293
3144
177
727
706
2605
3198
452
2625
123
629
2528
2754
2795
2342
3819
1695
3706
1503
2900
2193
2214
3640
289
2411
3292
1362
3523
3808
1453
4027
2264
1268
88
2487
2001
4036
1217
1808
3438
3775
900
1206
2437
892
595
2888
3126
2884
2510
3736
1012
3451
106
3476
1834
2945
2433
3597
1524
2989
3405
2679
2677
1768
3083
1275
775
2426
3672
1184
3971
1423
2952
1392
2697
3486
1886
257
26
2414
3452
2937
59
905
2404
4023
3064
3375
3315
903
2493
2747
2294
1901
3827
593
3689
1395
1685
3799
2334
1759
3463
3471
128
3357
2045
2385
784
874
3370
2861
2574
1677
1866
1288
371
3115
3841
632
2413
1793
1248
1568
3166
2957
2216
2505
1310
578
1805
2584
3550
1537
2121
142
1499
3411
3112
1349
1691
2800
1245
571
1516
1928
3527
129
623
3442
72
3803
3431
3141
1593
3114
2309
3674
1020
1842
1646
3109
3430
368
2094
1279
3243
2545
1070
1974
1252
789
1107
2042
321
12
534
3502
1604
1671
1846
3603
3693
458
3859
2012
651
1034
3700
