1506
2161
2460
3645
3100
929
4082
1012
3096
2013
428
99
434
2251
2509
1347
3425
1322
2171
1995
1881
2245
1027
632
766
198
1536
3638
1471
3957
289
4011
3943
2804
1662
1910
2838
123
3356
3261
2872
2158
3584
933
417
2578
3161
3413
3094
2820
2053
3823
2832
3521
3625
1133
3897
2332
716
489
2074
3524
2293
3554
452
2523
2499
524
1884
2841
3260
3891
1276
3822
3553
1236
4008
2003
1944
3059
3711
556
370
1774
295
53
1974
869
2489
3541
813
1196
3149
3608
709
57
2237
3710
51
2767
510
1811
3735
1892
2986
5
2084
2621
1576
794
2370
2319
1730
2863
1114
3732
2666
3586
4042
2023
3439
1551
3001
2082
947
3905
1212
503
2987
3730
2137
1126
1094
2289
135
3850
1121
2174
1329
2220
147
222
2408
131
1896
3941
282
3411
2669
904
1663
950
2188
2133
3030
3909
2833
1146
1723
1202
690
1311
3320
3574
3103
3255
1422
310
3544
708
3843
1553
504
3223
2737
2491
2658
461
893
1523
2926
2173
3712
3808
2411
3961
2397
2583
598
105
358
1509
3657
634
2773
1814
2501
3257
883
3653
