3874
1815
2541
817
2343
896
3974
1524
1011
130
1855
2198
1143
1828
3430
537
1570
218
2546
1
390
3458
3824
3698
1987
3437
1568
1365
2563
1718
3140
1824
3055
931
891
935
1944
3289
812
556
2264
3769
3065
1665
298
505
1484
2000
3163
3129
881
3345
2220
3333
523
1681
2783
499
2108
2585
1432
1911
1775
175
64
614
99
2623
2372
1323
2795
3556
1184
3432
888
1741
3505
2407
2764
3426
629
3235
2481
3021
1767
1180
1058
3484
2139
921
3011
1701
1262
1408
259
3900
1895
3702
3807
2784
3014
4082
1840
2054
540
2478
1293
3229
2330
1868
3020
3167
1790
3081
200
2347
1680
3578
3232
3987
3284
309
2545
3583
1370
2635
2592
667
2466
1684
2638
1837
2894
3366
1683
1456
1604
3845
3506
2285
4054
1620
2068
2943
308
3499
3306
3288
2538
927
1156
1981
3416
1211
3186
944
1808
3238
929
4064
714
959
1936
609
2059
3841
1461
2864
2913
1587
3513
1252
1385
1572
1141
3094
2247
972
112
688
1667
2186
1255
150
1692
370
3131
1902
4002
2433
2494
3852
907
3908
3622
1885
619
3624
3761
2718
