2786
1767
2876
2088
676
1196
3284
1626
1970
2294
2120
3366
3293
3886
4026
1283
2691
2805
3283
3883
663
773
3458
1968
4043
2612
1570
1338
2382
2054
842
1607
2273
2529
132
2916
2118
3322
1168
45
634
813
3550
3181
549
2146
1347
2519
1579
3763
1221
2844
17
3505
2993
2216
985
1971
3460
3931
1379
2899
1049
1280
3172
409
554
1094
2319
3669
3402
2945
348
263
1044
2600
905
764
3850
163
11
3632
3742
2729
2439
3319
858
3644
1477
3157
1834
2634
988
1455
2663
241
1245
2982
3731
1729
3930
2420
495
2289
3058
2176
3782
3163
1821
1779
2107
3281
3706
920
3034
3503
2175
3042
1912
3067
3710
2231
1484
184
2516
553
1228
2395
2421
4044
2229
2274
1468
636
2326
1023
3920
1640
52
3970
1073
1072
194
1292
2235
1989
2713
3239
3368
1353
3091
2483
2470
1840
2237
2024
1967
1401
977
505
466
2378
3738
472
3365
1129
1717
1169
3607
2928
1981
297
1878
664
63
1549
2212
3260
3603
1653
4005
3519
3613
2276
3591
3010
1982
2647
2685
346
3231
498
2491
3950
78
2552
2202
1335
2953
614
