806
3373
2904
1428
1827
617
1554
1324
589
3358
1289
1578
174
1564
3863
3202
1507
614
1642
3824
1154
4015
1912
3498
2564
183
3284
542
1969
1819
2910
3530
1597
139
2465
1691
2195
744
1913
1235
3352
1179
3167
814
3752
2606
3985
1793
1674
1690
877
1136
712
1532
3682
1321
3991
3900
4002
3995
3825
2722
3659
2211
2456
777
1820
4038
2500
635
180
1002
820
3639
4083
1635
2590
3086
3010
359
2686
1169
1411
1039
1885
2933
2798
3073
809
2274
3475
2175
2117
339
3157
2916
2946
587
38
631
3287
146
2417
1156
3521
916
1090
3955
3594
1145
2599
575
1052
1446
3635
1444
2975
520
2501
2574
2746
3720
3933
1886
1926
2338
1048
3519
3756
1908
1040
1022
2787
2518
2439
1863
462
2898
559
3299
2621
4043
3420
1602
1280
2563
754
2774
2122
1003
324
3195
1397
1263
2009
3382
3812
237
3823
3207
3030
670
3003
3087
1859
1544
4032
3066
2381
3048
3910
1987
2921
2955
1755
2168
196
3275
158
3815
682
226
3835
1254
1587
1762
1963
2419
2310
1956
1675
3362
3903
2164
176
922
2131
1603
1436
3967
