2282
2546
1446
856
991
595
3391
937
3182
465
1959
275
869
1151
3343
177
284
2263
3881
2194
3437
4051
3338
1699
2068
572
772
145
601
3853
605
3961
2140
1685
770
1398
2256
3117
3845
2402
2575
3047
1502
3155
2482
915
1901
3737
1956
3927
1525
2082
3589
2139
1617
1537
3831
1002
1808
1589
2211
2608
1104
2976
3810
129
3211
1818
1760
3677
3956
610
3891
1831
2442
3419
1578
603
1928
929
922
2587
1351
996
3363
2991
3684
2913
1058
2799
2568
1988
1723
3561
3498
2981
1855
2274
739
2048
3274
4075
67
3800
1940
2853
2311
288
3958
406
3084
1018
146
2231
549
464
1311
1252
1859
8
1307
526
352
3778
2045
3869
2709
125
1822
583
1204
1833
2936
155
2035
2366
3006
469
2232
3907
78
3929
1265
1357
2531
2085
921
2986
3535
3959
2427
2883
3101
154
3609
347
2055
3163
1562
285
3246
3670
3804
1804
2399
918
1575
1120
144
2474
2323
2252
941
3878
2926
2548
696
1015
757
3966
121
398
1111
1947
1455
2119
3362
3497
3377
2802
801
3293
594
1518
470
3488
2480
1313
1059
3064
