1458
3548
3111
3833
3871
2136
4028
3412
2061
1231
1421
3395
1707
1941
916
1252
115
2994
3382
534
658
237
1665
725
3802
2720
1633
188
3310
3201
3697
2567
175
3354
3588
1180
1911
1164
1491
3445
484
2349
1015
2750
381
996
3182
1069
647
543
2964
1081
2085
409
1395
1407
471
239
1711
3370
2091
1892
1535
1475
200
4033
3963
2294
1296
633
2087
2968
101
2685
1593
815
2861
2006
821
1571
1789
4045
2288
3598
1981
2483
2914
1777
1496
971
2654
3490
3121
228
1587
2015
3921
3068
751
3700
941
505
1649
2833
616
1902
2464
2531
757
2558
3647
3704
2829
3267
1404
3345
1289
412
193
513
443
646
2972
2070
909
817
645
255
3008
3504
2623
1187
2251
3960
1867
617
3013
3932
1714
1525
864
486
600
1095
2329
3928
3878
374
2626
3271
2165
4070
3444
2273
1368
1262
71
1279
214
2698
657
30
937
2938
2886
635
2411
4026
3976
760
939
3639
4077
2284
608
427
680
2058
2578
1401
2605
1120
3313
178
2870
472
3129
2514
162
2557
3737
2807
3292
2995
394
241
1056
3202
3714
3999
