1594
3687
1017
3703
2176
3354
2990
3304
937
4066
1728
193
1065
1837
3079
2552
961
3495
3722
3820
345
3039
2739
3540
3663
2965
3642
4005
1281
304
3282
19
2941
502
3463
3186
1725
1620
3083
653
349
928
307
2251
3545
3840
3586
458
759
1811
3674
1538
225
2948
1543
953
3598
1654
1993
3736
2579
2484
723
1446
3770
2836
363
3504
351
2619
1504
189
1273
4018
1820
3466
1607
1517
1568
3298
3230
540
1312
999
3099
125
1983
2972
2130
364
1581
1313
3016
1328
1472
1596
948
2144
3777
2993
1251
879
1777
3414
1911
817
3559
3114
3875
299
211
2696
3774
1388
2960
3913
1544
439
721
3018
3739
1847
1727
4036
4069
3411
553
3650
1706
813
1411
1904
1807
3672
784
3306
400
2550
404
395
666
3552
3830
2601
2218
481
2546
2654
717
194
1344
613
2092
2658
3071
1022
2723
2349
585
2616
1780
2427
982
283
1916
2122
835
513
3386
3465
802
3175
631
579
2847
1082
3537
1295
1128
2035
1080
220
2807
3490
2612
3547
249
1643
707
625
2777
2413
462
3727
2887
3154
2091
678
2946
2692
