3404
1360
3359
837
2272
3221
2805
2926
4073
2941
1751
3410
1218
278
442
1547
1234
3597
2518
2827
3723
3959
550
2243
3593
587
453
882
201
2001
3282
1578
1456
385
2851
741
3243
326
784
960
2213
1831
3773
1908
3969
2147
440
3386
3279
1348
1845
1319
3681
3004
3000
820
2656
92
2016
151
1005
872
2731
1628
1169
3729
1556
3885
3888
862
2772
1371
2052
3367
1727
732
3838
793
3465
212
3332
4049
2823
1305
2693
1642
1597
1531
959
1208
3120
1191
90
2734
642
2663
552
3858
3237
3857
1522
2022
69
956
2659
167
2917
2325
4042
3555
2154
2820
3122
3793
2799
250
2461
2316
2760
3295
4093
2203
640
1674
966
3417
388
4094
1155
200
40
3852
3655
3250
3995
3170
2555
1175
457
2185
926
878
2263
2271
1632
3488
3147
2382
3408
778
1614
7
2640
4022
70
194
1328
2536
3101
1395
131
372
1906
2914
1806
1053
1389
4088
4040
2124
798
1141
689
495
1999
3771
1425
1739
1775
2581
1148
2641
736
2509
2908
1978
211
348
2371
436
3846
1938
514
1257
2431
880
2795
1071
1691
779
