20
1270
1244
629
3315
3070
2370
1808
469
2933
1640
1370
3058
1867
2232
2315
3064
1971
2685
3910
1452
1777
3211
3181
720
2441
1246
3662
1510
2156
1768
1418
3313
3568
3176
2353
1170
63
2476
3043
3711
4007
3160
1361
447
3653
2394
1882
3523
1182
1894
1761
3439
374
3472
1242
3742
2005
3745
3332
3749
2155
3516
3000
3850
3959
3329
2548
892
1588
1541
1809
1352
2262
806
1677
100
773
2911
2526
1002
115
596
131
2392
2080
694
3014
1985
3559
2293
776
3410
82
707
1972
3732
907
1837
1968
241
1139
578
2741
3415
588
4037
3201
2981
2334
2087
2395
3206
2330
2258
2536
4055
3854
1890
3006
1029
3834
767
2956
3563
2971
1949
2369
1188
1436
946
250
3707
559
1003
766
3133
771
2750
1849
1575
284
1086
2669
1522
2115
3379
3412
326
1381
3497
2058
672
2166
147
1543
3210
3546
2074
2600
3601
3423
638
376
2499
515
1835
2982
655
1231
107
2460
1051
2848
719
3168
3398
4027
2811
2252
592
902
2955
1401
3116
1316
2041
1560
2030
782
2367
1211
546
3632
3875
150
541
3232
3663
1342
