3067
2480
3098
1221
316
3823
1144
88
3381
2853
523
2627
1734
2665
1975
2493
3101
274
822
3784
2396
1502
3444
643
2784
1118
1233
79
3352
3759
2700
1124
2611
2682
3275
39
3599
1433
2706
2150
1142
2892
3157
2652
1333
827
1444
3288
1316
3584
2024
1874
534
3817
2821
2976
717
351
3809
2347
844
2787
3093
1550
3919
2080
3049
1284
932
1538
2435
1611
226
1113
3664
174
609
124
4062
656
3194
1513
3176
3624
4016
503
2455
3177
2213
1859
132
3824
1041
783
3816
2722
378
89
2781
2472
854
1149
70
572
596
3787
2170
2322
846
2740
3377
2090
2825
2121
441
1761
4047
139
2575
181
3285
1574
2115
1347
2374
4084
3643
1812
2900
387
3641
1647
618
3536
2364
3902
321
1034
1976
3623
3013
4080
3364
1098
3731
620
1905
3016
2191
2001
2099
2859
925
472
3140
165
3899
2771
2421
2297
2739
1353
3921
2309
4009
402
2279
1103
3987
946
83
1842
334
0
160
1389
1016
2391
3868
669
2968
3054
558
2855
1834
3150
1880
1412
433
1781
167
3051
2896
2361
667
2628
3946
2507
1689
1850
