884
1690
3541
959
3181
2806
2316
265
717
167
402
1616
511
1841
1170
606
2738
844
1104
601
3711
1098
170
392
2073
2714
3489
2704
1706
1424
2352
3015
3208
1799
420
2948
2129
3533
2754
2101
2850
2696
139
1765
2867
1437
3331
2798
3550
1306
605
2313
3753
3374
1871
1473
2310
3720
2968
2759
1045
1670
104
3841
2047
2742
2137
3967
2017
2699
3052
4023
2956
2247
3930
3233
1552
4004
1019
64
2666
3562
2719
628
716
430
2953
2581
1941
310
1385
1869
832
843
1810
626
1112
1356
2230
3603
44
117
2010
715
3389
544
3062
540
1974
2842
3952
3225
2177
149
2163
61
1000
3490
758
3377
1043
1331
1400
1026
2068
876
2973
2220
473
126
3372
656
3097
1944
810
2828
3468
1705
3480
2658
1431
1785
1280
3941
1666
2648
2690
2417
2227
3698
931
297
2921
2196
663
1492
3061
3042
1055
3128
3102
2532
2197
112
1818
3286
1529
1146
1425
1909
974
2526
1970
2563
63
1159
3777
2605
79
657
1007
1490
3033
2278
1301
726
2072
1865
1201
2493
3267
3975
3114
1118
3695
1040
3842
2052
654
2495
