184
1637
2998
2932
3088
324
1193
3979
2385
1252
2269
1935
1333
3723
1005
300
2520
3222
3394
624
918
3715
2654
402
350
2332
15
532
247
661
351
2403
923
389
195
3514
1612
863
2732
4065
825
3342
2676
1312
2255
1325
3161
1299
807
4034
1002
2818
720
3340
1051
3950
3887
320
3557
1908
2536
2510
1966
2950
3482
1284
236
3337
2056
3076
1697
3797
2543
2359
329
667
1686
3059
701
120
3177
1534
3078
3510
1369
465
2290
3024
2212
940
284
1747
2509
2925
2535
2462
1210
288
2407
2282
3836
450
788
3744
1159
2071
1999
163
1957
1950
1510
903
3365
2502
1336
1857
3649
3807
3559
2556
2915
104
2165
1376
2539
3453
1209
3825
3980
900
839
3162
551
2723
3651
2848
1709
4078
2314
2548
2078
2934
1401
4041
1137
1814
238
2363
3214
31
3290
3217
1292
2297
2790
2197
2606
837
427
3462
1036
998
1839
2805
595
1712
1539
438
3512
2871
2076
1649
2585
1444
3788
4075
369
2411
3957
899
1614
2055
522
1446
3746
3330
3619
2001
2833
3180
1007
1716
3648
3937
1513
251
1386
796
2285
3684
