154
1408
2859
1723
3465
3464
3449
2150
2434
2090
2441
371
1896
1575
1124
2521
2989
2201
729
1192
1632
604
2836
3738
2165
780
1076
1602
2468
3882
1005
1747
255
2926
2282
1149
3860
2520
3312
2474
1016
2603
2028
3268
3001
1049
984
2324
180
1081
2470
1700
3452
580
4071
3682
1089
3612
401
1597
1069
3352
3874
865
3549
3627
1815
3650
1231
2705
733
3744
595
3066
81
751
601
2402
658
3343
74
2379
1908
1635
3237
2635
2241
2237
2133
3511
2866
1848
1836
1949
3544
2438
1577
1955
2378
3729
3468
3675
2664
215
2809
1320
573
351
495
2271
2072
3721
170
1733
196
1879
3857
864
3284
3392
3475
4001
3083
1168
2169
905
1528
3673
360
2682
866
3752
2687
1150
1197
1101
3047
2552
3131
1666
120
3263
703
1224
2174
3869
1375
1766
1060
1427
3741
3834
2851
2119
3719
2763
3871
218
3119
359
405
2259
1166
2214
3831
3438
1317
3292
2011
599
1978
3812
474
2914
3097
3245
932
3832
489
1400
2462
2573
3199
376
237
3201
569
3279
2335
2167
3797
795
421
2104
4005
918
230
2307
3771
2418
