227
698
3298
3671
1033
2321
1392
1734
3660
2379
1271
3810
2850
1014
1206
4079
445
1222
3651
2481
3191
3784
1051
1406
3769
311
2747
3855
3314
509
929
33
2128
1035
2991
2374
3413
951
766
3696
3056
491
789
1303
3638
2074
585
3146
2880
1101
2476
1587
3545
3864
2201
953
1685
4095
3276
3654
847
2157
2993
2770
888
535
1460
3514
1287
516
1934
1550
105
3248
2564
2470
193
4075
878
3743
3428
1847
200
1240
598
3616
4066
1959
1013
3813
1436
648
3806
2841
376
2313
753
171
352
3600
57
2334
375
2232
2258
1438
1503
421
2950
3521
1399
884
1982
3873
1440
720
2063
3687
1864
1620
96
1969
2776
1073
2833
2516
338
1979
2282
3869
2000
1396
2174
1340
1362
3110
3355
3636
3128
981
1771
3998
3024
3573
778
1829
937
3966
231
3532
4001
158
2902
521
2820
1999
3733
2885
3752
1535
852
188
3094
1197
1972
842
729
2735
553
2821
2147
1421
704
210
496
363
2960
298
897
1027
1526
2634
1048
3244
2748
2789
715
1010
450
3989
2323
12
1224
2887
808
3282
2455
3747
3192
3491
