1807
2696
3687
2174
2507
2134
2203
2713
1135
3791
3268
2666
1118
2367
3855
919
1087
219
3883
588
3575
679
3555
1182
2001
3796
787
3399
2616
3283
562
794
1510
2342
2576
1607
138
470
1134
3423
3631
998
1567
504
876
2772
491
3914
655
89
3238
133
3786
670
1032
1518
2549
4056
2590
2933
3802
1681
2628
2717
2827
1167
1574
2850
1582
70
423
1352
1414
1643
41
3271
1041
2486
719
3832
2822
3701
119
2673
2072
2492
273
2720
2133
2036
2224
957
2473
2876
2451
2603
1226
3571
1963
3252
3882
3950
22
791
896
3579
1290
210
789
352
3505
27
3737
3736
1766
4047
1195
1536
1106
573
2192
416
2745
161
1431
1312
2621
3767
678
3860
2032
2757
1962
471
2704
1270
1042
1411
1707
134
3966
1971
577
1313
2050
2477
384
1812
1039
452
2641
2871
1078
1102
3153
3941
3515
1667
1819
1076
3997
2958
2703
3391
2630
2854
1323
3199
899
2619
1050
1139
2991
58
458
1172
1552
2923
595
582
2709
198
3291
126
2614
1173
2563
3634
3844
3450
2487
3965
4020
2505
2657
1828
743
2610
3365
1485
