3889
2119
3627
3785
394
2193
2947
1731
2150
3833
1539
3548
3083
678
2076
3950
1424
3845
3105
2528
3551
1457
639
2678
2083
3392
1248
499
1153
3703
202
1206
2996
1432
2650
523
3722
206
3617
2738
2048
531
880
70
2582
3360
2760
2001
3699
235
3285
1004
862
2453
1594
1223
2573
478
244
846
3149
3555
2665
28
1246
747
54
2483
2220
364
3999
163
1369
3470
2893
477
3196
3241
3954
3420
2936
284
2514
2034
3152
4072
1561
298
554
3772
4053
1184
1730
1835
3821
491
2558
2903
1857
927
1274
2396
2233
2467
2535
3325
1992
291
4071
67
844
1795
116
1908
623
2787
2657
1243
1092
3597
223
1131
343
2326
484
4093
1956
2537
2704
1435
2357
1306
727
2809
3153
159
2867
1834
2021
528
1126
2063
2683
463
2509
2894
3479
270
1574
117
567
746
309
2917
1073
3600
2425
2116
2632
990
1360
449
1289
3091
4050
3792
1471
3634
2813
3107
3717
3694
419
2539
3444
1208
764
2358
1615
3116
1892
2974
78
852
1697
2856
3589
2415
857
1237
1343
3376
3003
921
693
1534
2440
179
713
620
