1967
3471
3652
3403
257
3473
3814
1960
206
4012
3533
3793
2399
108
3789
3557
3149
1089
1795
3209
4037
636
487
1287
2704
2597
3742
2842
3265
3776
542
2468
2753
1016
2390
3352
1131
2776
3816
276
1051
2743
3851
3354
1219
3327
309
3535
2907
1373
1337
1238
405
246
3305
488
197
2384
290
220
394
2246
3112
1570
1677
4040
337
2214
2863
3714
480
139
1408
2298
838
2209
790
2074
2820
1501
453
2380
389
4068
369
3596
1392
2241
2967
2618
245
2545
1718
3846
3638
3392
3379
2392
3415
716
2959
2926
3581
3719
3459
88
3556
748
1907
1505
299
1877
1861
124
12
747
3844
3079
2023
3278
1136
601
2992
314
3890
97
1138
553
3627
395
3672
1579
1624
1292
884
364
3645
1200
2579
2089
524
496
78
3806
3053
1981
839
1013
1418
2716
1688
841
3444
1769
4020
1124
3630
3980
2934
1625
2040
295
575
1980
143
1873
286
3120
3170
2596
3115
982
386
665
1235
1728
8
119
3243
1388
2784
3827
3900
709
225
2423
2557
412
2684
215
2500
902
1997
2152
1843
2154
477
630
663
130
