3769
1650
1788
2631
3964
1265
3307
1153
3756
90
1149
2985
3712
3180
2539
2271
405
474
3523
2353
1206
2413
3550
2699
2086
3599
1221
3625
310
838
530
1779
1494
3927
1885
575
3138
3662
2819
3614
1674
2421
3027
732
2306
1115
3699
864
2423
120
1278
3165
674
3845
1146
4002
2980
31
1657
2170
47
2947
634
1234
3433
526
2406
1530
2938
1753
2687
952
3103
2128
1150
3312
678
139
3731
3641
969
1219
3205
1684
382
1061
1207
3389
3207
1447
3277
1269
455
2028
1603
747
2131
2438
2134
1320
3176
2281
1800
3809
3462
1230
3231
1989
1984
2154
3002
1012
1620
1625
1712
1556
27
563
518
2644
2389
1693
1043
1268
3444
1360
3814
1937
1524
3069
528
1482
1025
3262
948
1392
131
1592
1245
4020
2518
1515
1846
2715
1718
4031
2176
1964
1480
4023
3889
2287
2909
3817
1079
599
1593
3455
2788
3711
1017
3944
1502
392
3496
3637
211
2208
648
633
583
3061
2190
3825
2443
1714
1319
1092
1845
669
105
1122
3310
2462
377
263
1084
2964
92
480
2979
4079
739
3849
184
2126
2002
950
3385
424
