2266
164
3687
3802
219
565
3356
2620
1830
1305
29
3539
79
2469
3284
1224
2451
3360
1228
2543
3920
1149
491
1195
750
1214
2557
2109
2166
3247
2383
208
3609
2514
1617
106
3008
1634
3147
3426
20
1854
653
1103
3268
2087
1073
1220
2565
952
2665
285
2357
1084
469
1334
2710
772
25
3782
2625
2615
2287
3586
1419
3101
3059
2925
864
3261
4026
3471
3473
1201
3094
3067
905
171
894
1701
186
2643
1756
459
1064
2763
4020
361
1870
2204
114
1056
2347
1733
4036
2826
559
1328
3387
5
1717
2131
1649
3697
428
109
1061
1557
558
1095
3922
2669
2080
42
1807
2028
4063
2661
2980
3379
863
1972
1157
3610
3300
2018
3208
2157
608
3428
1317
557
354
2780
344
529
1622
3799
2807
3404
1484
2402
474
167
2426
3424
3556
3173
1503
2254
3613
207
3196
887
370
1930
1884
3086
3482
1914
878
812
3159
2365
2632
1602
2458
2054
1907
1766
3280
3942
3775
2462
1879
1702
3385
1540
3380
1519
1186
835
3472
3366
142
3924
2472
1042
932
1899
3885
1370
843
4062
2400
3573
1758
2875
3544
34
