3575
403
164
3088
2216
3717
2571
951
413
3059
1410
3380
1893
308
3925
2185
160
740
1545
212
3476
3067
2149
3863
4081
3815
243
353
1167
1188
3794
567
1881
2602
1447
3144
532
3847
573
1530
2707
3496
3963
3525
776
352
3889
1329
1560
1312
424
3718
2677
47
1284
1919
2163
4021
114
2108
230
2327
3603
601
1949
3121
2989
1899
2368
2230
3054
2003
1085
975
1875
120
2065
701
453
2303
3195
612
2018
2837
2724
1884
1444
146
1063
1448
3288
2141
2812
155
1534
340
2867
1023
9
2810
638
3615
2664
1398
1611
1864
3916
735
3642
3629
2215
2944
4025
4051
2832
2575
440
2001
2906
4061
3098
2143
2952
1263
1705
192
1789
3495
1697
514
3096
3402
2561
2674
3546
328
910
797
917
695
294
3267
275
2969
337
1138
250
592
2663
1061
1315
2536
204
3527
3730
3571
1261
828
1964
489
847
3382
3667
1664
596
2979
3859
1286
2804
2626
2270
1548
2828
2765
3000
3691
1037
808
963
977
2352
3733
3685
1879
1635
2775
2801
174
1956
3696
3584
3921
3033
856
2563
3221
3297
2970
769
203
