2275
2682
2082
3023
3487
701
63
1724
1438
1721
65
3633
319
3536
107
3013
1935
25
3473
1291
3738
1103
2129
2550
554
2061
3548
2175
1561
3860
3745
1181
1310
730
3049
3527
214
524
639
1063
519
429
1948
965
122
3784
1826
2856
3471
517
1751
2042
705
2074
4023
2372
2013
1125
2296
332
2045
2686
2573
3317
3997
3939
2571
2331
1021
691
2125
2284
903
3
3252
2602
272
1741
2308
1407
2953
1901
543
3296
3352
4074
2006
1077
1258
2776
3110
643
879
651
304
127
850
2153
3534
2836
674
1645
924
1796
3111
1085
2157
2223
3058
718
3787
764
1867
2824
2905
191
3700
2580
1368
1699
3161
184
3369
3268
3403
267
3022
403
2521
787
2428
229
1279
1487
2967
170
2016
2325
626
545
59
3807
2056
658
3474
613
3096
811
307
3567
1154
3103
1108
3459
2866
2932
516
2952
1157
3184
3384
869
3581
648
1215
872
1559
2774
2137
2623
1194
3197
3710
2420
672
2152
1170
1314
3122
2423
3615
3686
2252
3074
795
362
3224
1404
2843
1268
901
1748
1011
2506
1174
257
3918
2242
2777
4021
