1666
603
3557
3669
944
2159
2212
1116
3623
2218
2096
70
1638
2264
1238
2666
174
604
3058
2519
3037
3500
3781
2832
2905
2653
2020
1430
2712
1469
2556
380
2018
466
1428
2219
163
598
3258
273
2676
1753
1026
2925
3034
1230
2419
3332
635
931
344
2587
3318
1610
2192
2229
831
2052
1816
1398
1520
3158
2713
3569
1454
3424
932
2603
542
1126
1118
3776
2385
3490
1057
620
3803
3102
463
1658
1331
259
643
3356
1616
2563
2343
1042
198
2190
1049
2635
2777
551
3423
1284
2009
3251
2805
230
2847
974
3731
1318
2389
150
2931
3223
2397
1152
3735
3785
3214
3077
2063
445
806
3832
3683
1903
1193
3313
3818
1994
3929
1919
3129
1561
3782
1107
3297
755
2833
3173
890
2241
2929
2220
1920
1629
1955
1655
2370
516
638
3393
3687
2444
1684
458
1029
2466
611
1208
2236
1188
391
3717
3109
3367
712
3206
3336
3910
513
636
2743
1535
3076
1759
993
3198
3361
3308
3945
3100
3685
219
2692
2885
3905
2098
857
407
2090
3174
1053
2866
3010
839
837
3920
1387
241
1912
1248
2092
899
2093
3661
