1025
3535
1882
2333
1333
1518
245
2526
3050
3007
491
1231
1575
1747
2612
2580
3169
995
435
717
139
662
282
1063
3690
1088
49
3311
3157
285
1784
1846
769
3213
57
3127
3501
3278
2037
2151
937
2822
98
3334
3495
691
2315
1465
391
1711
3635
3054
2382
2449
3682
2992
146
1135
373
2084
2437
2417
2048
346
2073
1579
2952
1690
3657
2178
118
2887
9
2907
1722
3027
1989
2772
2245
2568
3692
1776
3927
2749
298
877
2331
1726
1046
2403
587
1158
3036
1421
832
3044
707
3845
2289
604
4010
2725
1786
705
3540
2579
1932
471
1383
408
3564
548
3618
1847
3523
2070
3934
3
3452
1450
2231
2717
2133
3189
2182
2973
1270
2287
252
1042
3808
1053
1816
1232
1186
951
1873
1201
4051
1204
1954
1260
2528
1795
1133
702
754
3298
3660
1695
894
3433
1717
1172
2011
3385
1811
1024
608
2395
739
734
2673
2930
1078
3592
1357
1043
1243
3626
1744
2665
1100
525
3684
465
1946
4066
3090
3101
510
1632
2328
518
786
337
3947
1538
3654
1971
3192
3139
1490
2631
1751
3174
749
2342
2460
327
