179
3767
1442
2359
2546
645
121
2479
1311
446
3578
831
3706
594
842
2768
3995
1691
1262
1095
3133
1915
3416
2672
1415
2826
1268
1917
2190
2169
2152
1412
3321
196
3225
980
2832
3602
595
3119
973
5
1913
3033
1284
601
1020
3349
2901
3540
234
2227
2751
2093
2581
2613
1240
3187
3634
3291
2594
2666
1616
627
2674
2812
734
1864
2375
2710
3470
1528
1952
2128
2610
1078
1454
3504
1015
155
1140
1502
3765
1109
3590
3230
3744
2420
3097
3484
3239
3415
2055
2755
3095
1079
431
2277
3956
1482
2656
2533
3665
221
1552
3275
3560
303
2012
1090
3209
2206
2635
3193
1272
1575
2850
3208
2297
3787
2807
3316
2951
2577
1698
3497
2269
1573
2909
440
4010
2934
1199
541
855
673
1293
803
3093
4078
1879
1031
1564
2520
3804
1176
1191
3546
526
1393
1379
3763
3213
1706
2490
927
575
665
3317
2890
1046
2731
3266
1420
1456
1560
1485
177
3397
3381
2802
331
109
2633
3916
2939
2229
3809
1509
2147
3469
629
3070
101
3141
1919
72
1797
3319
271
3533
1319
2463
728
332
329
54
3431
3707
3475
