2860
1984
2904
3995
144
528
2539
69
52
3238
1073
1229
3725
2825
2852
787
1826
1512
3732
3086
3381
3801
3064
3953
352
3860
2094
3024
1554
3012
3718
924
3699
1553
1879
2775
1311
4027
1500
1659
1120
1941
108
2586
3350
2189
2312
179
866
117
793
1115
31
1745
2806
1937
2827
1347
3595
1377
291
2634
2391
855
653
2223
1019
1885
3851
1944
3413
1061
3731
2939
2744
3748
1122
1028
2149
3619
4030
3451
1316
1961
3735
3285
887
500
3807
1636
3810
1998
2248
122
2552
3536
1408
90
2614
597
2158
3223
255
3293
1292
2338
2526
2973
1654
1378
1561
206
3348
2316
126
1431
2142
1783
2103
3108
4058
3632
849
3532
3264
997
3343
6
1103
1952
2519
1627
3828
920
2190
1421
999
2514
2360
3930
2458
2902
3673
372
2390
3635
3277
2597
3097
3051
49
540
3295
3225
1257
2865
2022
1222
2804
3258
1072
1200
2303
3998
3105
2222
1271
2992
2220
1780
3640
2238
876
2058
1809
4059
4064
3567
2520
1857
2733
3764
180
620
3484
3215
1771
914
3973
482
671
1281
45
3017
1088
856
1870
2608
2061
2371
