2886
909
514
520
3289
1154
3032
1808
2348
332
1492
2562
3338
3891
3493
2457
3272
2322
1176
3065
1549
658
2320
1081
2089
1854
3627
2895
2919
1597
4049
825
2282
1220
2976
2583
219
2633
593
3109
852
3509
3932
1354
795
3387
663
1362
1255
346
712
3449
2834
1395
2214
3423
3563
2099
2369
2070
2308
3508
3801
1466
1156
790
410
1570
856
1605
2531
2129
1797
2736
1565
3362
3590
422
2587
3776
2832
1407
2309
1971
3271
1660
4068
670
2655
2712
2841
4004
2049
1788
2907
3140
1793
3334
3444
3890
1690
363
1372
2740
1858
3220
3091
1714
1554
1902
142
3697
2394
3786
1828
6
1400
3523
628
2024
452
1871
710
3222
551
2261
2890
884
2149
2884
3918
3405
2159
3114
1488
2243
4083
2599
3316
555
1424
623
1747
3851
1650
326
1359
2709
2849
125
130
2137
1926
3102
897
2275
3500
2784
2001
1460
87
974
2882
1215
2644
3839
506
3943
2396
1761
1008
3699
1234
3159
4072
1724
581
626
3719
1470
1643
1297
2491
3350
2107
74
1418
1704
438
1909
169
692
4087
529
3208
2991
3084
4043
2175
471
