693
2891
946
654
3342
2269
2444
2686
266
2795
1320
2622
2684
140
838
2582
977
152
1111
4058
2199
1710
2655
3416
2469
3204
378
78
66
1738
4009
2179
1675
3195
4064
2503
2899
1478
4085
3370
2792
92
2916
2798
2680
3422
2928
1608
2122
58
3178
2442
2495
1728
1760
1408
278
533
2259
457
335
3029
2142
3274
438
811
3835
3201
2208
1607
3216
2479
2800
2990
1134
3517
3283
3980
2677
1966
3467
3477
1427
3003
1450
3804
2951
3807
3189
2042
3168
461
2958
3741
2987
2475
2703
3320
2782
2753
186
2111
72
1677
3220
403
3676
1548
1925
2953
750
3165
3389
2292
3665
3214
2220
2263
371
2923
562
1004
1590
1974
1085
2261
1053
2306
3396
3937
3141
2724
2344
3892
2501
598
3044
3501
2983
863
4094
1219
2470
45
1970
1424
1381
324
3041
103
4012
856
3854
3998
3209
609
582
1229
2141
493
21
3458
2761
2304
3156
256
2427
1926
912
1708
2525
3275
1484
2643
3918
1979
2906
2245
2163
2962
3716
3048
2197
924
3355
3361
2890
239
310
3699
2115
3606
3162
1446
2846
1822
1812
2934
172
3962
