-8.02567959 -8.78496647  1.56967199  5.        
-4.93418884 26.99690247 11.38305664  3.        
 -7.39003801  14.56507874 -13.26437378   4.        
  8.46953583 -26.97776794   6.33508301   2.        
13.08385468 -0.218018   -3.58859205  6.        
-2.36566901  9.13218689  5.21463013  2.        
  6.15911102 -12.38022614   4.25152588   2.        
 1.951805   -1.45439196  1.68807995  2.        
-10.21738434  11.67932892  -2.67434692   4.        
-9.09055328 16.90133667  9.50759888  3.        
6.38193512 9.47280884 3.42782593 7.        
-3.78203607 21.69872475  4.44345093  3.        
-2.80939507 14.83298492 -5.77154493  4.        
 6.61048079 -4.29421186 -3.92752099  6.        
-1.24919105  4.83020782 -0.85174602  2.        
  7.38601685 -19.71087646   4.94223022   2.        
-13.07003784  11.74362946  -9.58166504   4.        
-3.2560041  -4.92063093  5.17739916  5.        
-5.25369978 20.67537689 14.1348877   3.        
 9.68523407 -2.45106506  1.672333    6.        
-2.26644111 -7.13330078 -0.85788     5.        
-4.28866577  9.94768524 -2.32586694  2.        
 2.27214003 -7.57436419  3.20962501  2.        
-5.04161119 14.73323822  5.50979614  2.        
-0.42159301  3.45332289  4.93508911  2.        
-7.92933607 13.21281433 -7.6725769   4.        
-5.47332811 22.1967926   9.27838135  3.        
2.36428809 6.76772308 2.09811401 7.        
 6.24089813 -5.78249407  1.17779505  2.        
 -4.13790894  15.73628235 -10.14373779   4.        
-10.93400574  11.55425262 -13.62539673   4.        
-2.62025499 25.23151398  7.4025569   3.        
10.22890472 -2.75113702 -5.81808519  6.        
-5.79827118 18.68562317  6.88171387  3.        
-6.88301897 -6.89167023  5.04946899  5.        
-3.23870802 24.12392426 13.67642212  3.        
2.10950494 2.53362298 2.031708   2.        
-12.23308563  11.04566956  -5.8720088    4.        
 9.89505005 -1.74252295 -2.12713599  6.        
-5.62892103 12.49726868 -4.77194214  4.        
-7.88305712 18.15749359 12.84933472  3.        
  7.97164917 -23.2394886    6.10650587   2.        
-4.41412306 -6.98291016  2.24465895  5.        
  6.83554077 -16.01765442   4.91638184   2.        
 5.77034807 -8.77828979  3.46633911  2.        
2.92633104 9.3099823  4.63189697 7.        
 3.56365991 -4.29865313  2.99981689  2.        
 -9.43834686  13.00808716 -10.82913208   4.        
-0.99742901 -6.85708618  2.54504395  5.        
-5.51337385 -8.38902283 -0.67211902  5.        
 7.34332991 -3.38819098 -0.78085297  6.        
-6.90677595 19.33260345  9.95022583  3.        
4.72969818 8.53682709 0.84494001 7.        
-4.60485792 11.58930969  5.24969482  2.        
-2.47662401  7.62193298 -1.27652001  2.        
11.82409668 -0.43306699 -0.168671    6.        
-1.26607502  6.40981293  4.57553101  2.        
 -6.86904097  14.41924286 -10.21499634   4.        
-5.1291728  14.45894623 -7.62115479  4.        
-7.10983992 16.03805542  7.31625414  3.        
-0.245911    1.82028997  0.34551999  2.        
1.25064898 0.75293702 4.23712206 2.        
-9.50424957 12.04730225 -5.51797485  4.        
-4.46123505 24.85752869  9.57128906  3.        
-4.65050507 22.40068817 11.95788574  3.        
-7.43202209 12.02253723 -2.63949609  4.        
-10.74584198  12.37648773  -8.15853882   4.        
-3.6951139  22.68755341  7.07916307  3.        
 3.39944506 -9.96985626  3.78723097  2.        
-5.57157898 19.62002563  4.4433589   3.        
-3.76711988 13.87580872 -3.55130005  4.        
 4.60522509 -6.65888214  2.90029907  2.        
 -8.92273712  12.84514618 -14.06018066   4.        
 8.79058838 -3.08664703 -3.8943181   6.        
11.97758484 -1.14414203 -5.48510695  6.        
-2.9767909  15.37876892 -8.1133728   4.        
-5.99636793 20.44827271 11.81921387  3.        
-11.5304718   12.09916687 -11.40725708   4.        
-1.08684504 -5.49270582  4.45404005  5.        
-5.28535509 17.04154968  5.17462206  3.        
 -5.66824293  15.49648285 -11.90408325   4.        
-4.92787886 20.82010651  6.42471313  3.        
 7.90483093 -3.93365502  1.38058496  6.        
-6.67533922 -7.4622798   2.8500669   5.        
1.45272803 7.69685411 3.96392798 7.        
-4.2126689  26.93577576  8.77636719  3.        
-4.85121918 -6.32607317  4.33630419  5.        
1.640396   4.70797682 2.47421288 2.        
-4.27949476 24.85943604 11.77850342  3.        
3.73263597 8.37867737 2.79516602 7.        
1.26564801 0.61611903 1.37268102 2.        
 1.60089898 -1.41902196  3.84710693  2.        
 5.57083893 -3.67124891 -1.97836304  6.        
-5.92063904 20.31848717  8.3343811   3.        
-7.08638811 17.74134827  8.57144165  3.        
-2.83242011 -6.18335009  3.37496996  5.        
-4.16368914 11.89974976 -3.01318407  4.        
-3.74858093 22.17979431 14.16235447  3.        
-2.65145898 -7.13531494  1.19155896  5.        
10.63559723 -1.74191296 -4.03347778  6.        
-7.40483093 12.66911316 -5.7564702   4.        
 9.12335968 -2.50833893 -0.33972201  6.        
3.03709412 7.61418915 0.199341   7.        
11.61291504 -0.66587102 -2.26834106  6.        
-4.37229919 13.57873535 -5.93078613  4.        
0.362434  2.3847959 3.434021  2.       
 0.396301   -8.28334045  2.72384596  2.        
  8.16252136 -25.14264679   5.60449219   2.        
  5.26588392 -10.62203979   4.12805223   2.        
  6.29304504 -14.32700253   4.02487183   2.        
-8.35171509 -8.10812378  3.63952589  5.        
-8.00553894 17.87753296 10.81161499  3.        
-11.02890778  11.24525547  -4.37854004   4.        
  8.09857941 -21.37008667   5.66766405   2.        
-6.66599321 19.45478821 13.57797241  3.        
-12.45174408  11.59767914  -7.74072313   4.        
-5.83949995 -7.90211487  1.15478504  5.        
4.74771118 9.84789276 4.47747803 7.        
-0.167046    3.7366941   0.26614401  2.        
  6.97895002 -17.88285065   5.22122192   2.        
-5.87278795 10.95800781 -2.78018188  4.        
 2.86534095 -2.54643202  2.96887207  2.        
-2.37770796 22.74074554  5.76373291  3.        
-2.80337501  7.42468309  4.4041748   2.        
-3.85870409 -7.71500397 -0.13583399  5.        
 7.43403578 -3.27612305 -2.64141798  6.        
-9.1756134  13.05483246 -9.00982666  4.        
 -8.04077053  13.92285919 -11.5769043    4.        
-8.77534485 12.04753876 -3.87441993  4.        
-3.79602098 25.84656525 13.18051147  3.        
10.43893433 -1.38469696  0.42089799  6.        
0.95784003 6.23708296 3.09139991 7.        
 -9.92444611  12.49337769 -12.51831055   4.        
-4.6807251  23.36266327 10.47540283  3.        
 5.9933548  -7.72921705  2.07717896  2.        
-4.49408007 23.51970863  8.40151978  3.        
-5.2635498  13.05718231  5.97479296  2.        
-6.43386078 13.60294342 -6.85974121  4.        
 4.1032939  -8.35590363  3.24603295  2.        
-6.58034515 14.04405975 -8.55856323  4.        
-3.03084612 10.92447662  5.42385912  2.        
-10.82614899  12.61151886  -9.8449707    4.        
-1.03809404 -6.69832611  0.85464501  5.        
-5.80589294 20.73844719 10.07913208  3.        
-6.85102797 18.99703979 11.6607666   3.        
-10.87654877  11.77216339  -6.57415819   4.        
 6.43707991 -4.49580383  0.130371    6.        
-9.55869293 12.79817963 -7.07818604  4.        
-5.65466309 16.08159637  6.47699022  3.        
-5.4732132  14.93418884 -9.49264526  4.        
-2.44549608  5.95856524 -1.00430298  2.        
5.24794006 8.93242741 2.36004591 7.        
0.51720399 2.05546594 1.82730103 2.        
-1.18695104  4.72786713  4.225739    2.        
-5.66594696 -6.0193181   5.73547411  5.        
-5.41812897 26.60675812  9.83905029  3.        
 0.43323499 -6.71929884  3.30606103  2.        
-8.54306793 16.27760315  8.037323    3.        
-4.90784502 21.82445526  7.70211792  3.        
-7.12220812 12.12272644 -4.21581984  4.        
-3.39888     8.64724731 -2.04858398  2.        
 2.11341906 -9.19252014  3.3127749   2.        
 8.07207489 -3.75094604 -5.12850904  6.        
 8.67350006 -2.68318892 -1.89514196  6.        
-6.15757799 17.26081848  7.3372798   3.        
 3.21138811 -6.05049896  3.04730201  2.        
-2.36648607 23.84442902  6.83761597  3.        
-9.04821014 17.43471527 11.80877686  3.        
 1.71442401 -0.119583    3.09515405  2.        
-3.7088089  14.63967896 -6.96136522  4.        
 -8.30976868  13.73945618 -10.01617432   4.        
-3.81494093 25.4065094   8.34661865  3.        
-6.90184021 -8.62981415  0.40841699  5.        
-5.22125196 21.28256226 12.78213501  3.        
-3.81803107 23.54427338 12.37652588  3.        
-5.56343794 18.46546936  5.44274902  3.        
-3.84222388 21.80045319  5.92095995  3.        
10.80350494 -1.21914697 -1.103333    6.        
 -8.79388428  13.52215576 -12.76419067   4.        
-6.29780579 14.78791809  6.66668701  2.        
-8.93839264 12.24204254 -2.284729    4.        
-5.2534709  21.90293884 10.71966553  3.        
-6.41793823 19.00327301  8.58605957  3.        
 -6.80310106  14.64932346 -11.72171021   4.        
-4.73496199 20.6860733   4.88540697  3.        
-4.31898499 15.06809235 -8.66842747  4.        
11.89590454 -0.88897699 -3.99826097  6.        
-5.22466278 11.39614868 -3.95004296  4.        
-4.91490889 25.65809631 10.74127197  3.        
-4.36662292 13.03399658 -4.51205397  4.        
-12.84916687  11.80521393 -10.95858765   4.        
-4.15748596 10.11988831  5.35897779  2.        
-11.8868103   12.07475281  -8.94168091   4.        
-3.45246911 24.19243622  7.77343798  3.        
2.14849901 6.67689514 0.68923998 7.        
3.14242506 7.78457594 1.564484   7.        
-5.47558594 -6.85098982  3.12109399  5.        
2.64548492 8.36212921 3.62515306 7.        
  7.852211   -22.52037811   4.9538269    2.        
 0.81333202 -0.66527599  1.41287196  2.        
  7.41495514 -14.82296753   4.76400805   2.        
-4.49766493 -5.48104906  5.38980103  5.        
 8.09611511 -3.18324304  0.29608199  6.        
 5.85656023 -3.41216302 -0.70571899  6.        
-3.31967211 14.64419556 -4.56069994  4.        
-5.12289381 19.68307495  5.77203417  3.        
 2.44202399 -3.93122101  2.40145898  2.        
-11.94508362  11.74751282 -12.6055603    4.        
-2.09721398  7.02132416  5.43539381  2.        
 9.57688904 -2.15939307 -3.32937598  6.        
 9.58235931 -2.36585999 -4.64993286  6.        
-5.64858198 13.36034393 -5.78817701  4.        
 5.6542511  -6.34012604  2.20327806  2.        
 4.63481903 -9.45399475  3.69003296  2.        
-4.47468615 -7.44173384  1.03311205  5.        
2.38079095 0.29539499 1.92712402 2.        
 7.32599592 -5.06259203  1.17926002  6.        
-7.95042419 17.57228851  9.5664978   3.        
-5.61322784 19.99159241  7.14056396  3.        
0.58113098 2.72242689 0.69870001 2.        
-2.40520501 -5.5429759   4.38864088  5.        
 -5.2673192   15.4352951  -10.70016479   4.        
-1.57771301 -6.1593318   3.49578905  5.        
1.68273902 5.77828979 1.72100794 7.        
 -9.85248566  12.00124359 -14.13183594   4.        
-7.90519714 -7.50706482  4.64889479  5.        
-1.65406001  5.72251892  5.54586792  2.        
  7.28606415 -24.21389008   5.72741699   2.        
 1.62199402 -8.37075043  2.49478197  2.        
 9.04663944 -3.08953094 -5.54238892  6.        
-3.154495   -6.72348022  2.29916406  5.        
-6.97267914 -8.12070465  1.62432897  5.        
-7.88117981 13.72147369 -8.80148315  4.        
-8.55242157 12.69705963 -6.22036695  4.        
-3.74740601 -5.76800489  4.29971313  5.        
-8.35475159 12.29362488 -5.01025391  4.        
1.72002399 1.34138501 2.26342797 2.        
-5.93987989 20.32520294 13.08340454  3.        
-4.02682495 -6.48526001  3.32879591  5.        
4.66752577 9.08278656 3.51757789 7.        
1.34788501 3.44695306 2.346313   2.        
 7.66173506 -3.57064104 -3.84637499  6.        
-4.41413879 26.10223389 12.15039062  3.        
-9.92798615 11.72337341 -4.14474487  4.        
10.97286987 -1.81971705 -5.34951782  6.        
  5.12139893 -11.81802368   3.95260596   2.        
-6.3656311  -6.86869001  3.95089698  5.        
-0.114342   -7.40272522  1.91470301  5.        
-11.89225769  12.19987488 -10.24752808   4.        
-4.21254015 22.07054901 13.03515625  3.        
-5.45840502 15.77931976  5.07693481  3.        
12.23809814 -0.139282   -1.39166296  6.        
 3.52349091 -7.30873919  3.24255395  2.        
  6.05078888 -13.72852325   5.03018188   2.        
-5.57199097 17.34671783  6.30001783  3.        
  8.02703857 -25.53312683   6.72372389   2.        
-10.47943878  12.65005493 -11.29666138   4.        
  6.92786407 -16.9622345    4.20541382   2.        
-1.12270403  6.00127411 -0.743958    2.        
 -8.14356995  13.78247833 -13.724823     4.        
-6.53181505 19.88513947 10.93383789  3.        
 8.67897797 -3.05799103  1.67742896  6.        
10.77452946 -1.38028705 -2.81564307  6.        
 6.31515503 -3.9797821  -2.83563209  6.        
-7.73007202 -8.20013428  2.6565249   5.        
12.66140747 -0.035522   -2.51843309  6.        
-9.02957058 17.35562897 10.63031006  3.        
-3.42378211  8.91520691  4.78204393  2.        
-4.45547485 26.0193634   9.50958347  3.        
-10.58856201  11.48800659  -5.42770386   4.        
-4.76881409 24.50559235 10.7774353   3.        
1.84597802 6.99100494 3.11062598 7.        
-4.27928877 12.68535614  5.42462206  2.        
-3.71897888 23.09224701 13.43252563  3.        
-4.7569499  10.81027222 -3.01162696  4.        
-5.03620911 23.76890564  9.37731934  3.        
-3.76192498 24.61560822 12.78875732  3.        
 9.85566711 -1.89440894 -0.962708    6.        
-1.95803106  8.10686493  4.9284668   2.        
 2.18014503 -1.44400799  2.80404711  2.        
0.73524499 1.46405804 0.83129901 2.        
0.45972401 3.11691308 4.29644823 2.        
 6.68170881 -3.54528093 -1.80474901  6.        
2.907341   7.6056819  2.80786109 7.        
-1.24929094  3.88722205 -0.010132    2.        
-1.98202503 -7.02095795  0.292236    5.        
-6.50086212 11.71359253 -3.31750488  4.        
 2.9113009  -1.89797997  2.04373193  2.        
 2.19325995 -2.76570106  2.10848999  2.        
 4.10823107 -5.4309082   2.82550001  2.        
-5.15565491 21.30812836 11.65377808  3.        
-7.40635681 16.77594757  8.12301636  3.        
  7.36042786 -20.58431244   5.92715502   2.        
-7.21791077 18.25340271 10.04147339  3.        
-5.21451616 13.99381256 -6.62014818  4.        
-5.73966217 -7.33779097  2.169312    5.        
-4.92539978 -7.86824799  0.125641    5.        
-4.59860182 21.52843666 13.91021729  3.        
-0.53023499 -6.38024902  3.74282789  5.        
-6.30604506 12.48275757 -5.75866699  4.        
  6.06620789 -15.29154205   4.49307299   2.        
-6.31778717 20.04917908  9.36703491  3.        
1.91867101 8.5777359  4.4154048  7.        
-7.71090698 18.3269577  11.76394653  3.        
  8.05384064 -26.47862244   7.27230787   2.        
 9.65697479 -2.23699999  0.60235602  6.        
 1.14870501 -0.43094599  3.9750371   2.        
-4.30818892 12.89533234 -3.42199707  4.        
-3.04159594 22.13023376  5.16098022  3.        
-3.67609406 26.42628479  7.98471117  3.        
-6.30715179 18.29668427  7.77242994  3.        
 1.11731696 -7.55227709  3.20147705  2.        
-5.43959093 21.18764496  8.76489258  3.        
-0.16333     4.52243805  4.51199293  2.        
 5.29766083 -7.58300018  2.89199805  2.        
-1.790604   -6.93228912  1.80206299  5.        
4.21232605 8.44068909 1.83706701 7.        
-7.37894392 -7.4865799   3.65573096  5.        
3.6410749  8.90175629 3.75009203 7.        
 8.40232754 -2.87206292 -2.92309594  6.        
-5.57009077 14.09461975  6.18136597  2.        
-6.43354797 19.59711456 12.43231201  3.        
  8.50908661 -24.22399902   6.0100708    2.        
-3.13063097  9.92388916  5.08242798  2.        
-10.96737671  12.08989716 -12.38238525   4.        
 7.35760498 -3.94132209  0.31890899  6.        
1.00876606 1.47589898 3.50344896 2.        
 -9.15748596  13.15454865 -11.84200954   4.        
-8.93500519 13.05908966 -7.98239088  4.        
-11.40528107  11.86501312  -7.48199511   4.        
  7.55501604 -18.76451874   5.36334181   2.        
 3.3138051  -3.34822798  2.42922997  2.        
-4.41898394 23.78007507 11.44906616  3.        
  7.17900085 -21.82013702   5.44729614   2.        
1.12732697 0.48300901 2.40203905 2.        
 -6.233109    15.07728577 -10.95471191   4.        
-3.65226007 14.2271347  -5.53601122  4.        
 -6.55127001  14.86955261 -12.71829224   4.        
-7.41061401 13.04437256 -6.73239088  4.        
-6.16464996 11.67630768 -4.41360521  4.        
-5.08755493 20.80059814  7.53653002  3.        
 2.85517097 -8.43753815  3.25753808  2.        
-13.0838623   11.50456238  -8.56784058   4.        
5.89936113 9.66126156 4.33041382 7.        
-7.18415785 18.91629791 12.71438599  3.        
-4.00782013 -8.04403687 -1.11142004  5.        
  4.42961121 -10.46596527   3.53329492   2.        
-4.64973497 13.64686584  5.30407715  2.        
 8.27962494 -2.83053589 -0.85015899  6.        
  6.77333117 -16.89776611   5.46453905   2.        
 1.76514399 -0.55075097  2.15530396  2.        
-3.61737108 11.88624573  5.29443407  2.        
-2.06519294 -6.70556593  2.76547194  5.        
-5.01850891 22.6391983   8.34597778  3.        
-10.16216278  12.65782928  -9.06570435   4.        
1.87242901 5.79686022 2.72692895 7.        
3.813416   8.00124359 0.74099702 7.        
-4.10992384 24.48483276  8.68768311  3.        
-5.73018694 14.60655975 -8.51065063  4.        
-5.91953278 -6.47844696  4.86105299  5.        
-2.94686103 -7.30029297  0.048676    5.        
 5.71722412 -9.79035854  3.75427198  2.        
 6.55467987 -6.80682421  2.20803809  2.        
-4.6110692  26.88604736 10.43008423  3.        
-12.58578491  11.13934326  -6.81310987   4.        
-4.39671278 21.62671661  6.74517822  3.        
 1.70925105 -0.262512    1.15948498  2.        
-2.79336596 15.04936981 -7.04589796  4.        
-3.62712097 15.56989288 -9.19888306  4.        
  6.10366106 -13.30399323   3.86477709   2.        
-5.94837904 -8.35083008  0.266388    5.        
-6.03719282 14.04530334 -7.69586182  4.        
  8.60930634 -26.02455902   6.08010912   2.        
-3.21778107 -7.46186781 -0.89596599  5.        
-8.19879913 17.0120697   8.78887939  3.        
 -7.88376617  13.89387512 -12.65579224   4.        
-3.23140001 22.52264404  6.20935106  3.        
12.54814911 -0.80840302 -4.75512695  6.        
-7.05287886 13.65670776 -7.6217041   4.        
-10.47210693  12.41876984  -7.18582201   4.        
1.45539904 2.57648492 2.7754209  2.        
2.202209   3.91401696 2.32357788 2.        
 3.51464796 -9.25146484  3.14147902  2.        
  7.79832506 -22.24115753   6.06802416   2.        
-3.37582397  9.69462585 -2.12240601  2.        
-3.59837294 -7.11096191  1.38867199  5.        
-3.86101508 13.84947968 -4.66625977  4.        
-4.63023376 12.21687317 -4.02786303  4.        
 -7.74069977  14.16957855 -10.69390869   4.        
-9.70142365 12.97117615 -9.85171509  4.        
 7.6871109  -3.16713691 -1.65258801  6.        
-5.75935411 19.34681702  7.83846998  3.        
-3.28423309 23.55295563  7.07781982  3.        
3.882828   9.3291626  4.58981323 7.        
-11.47171783  11.16457367  -5.24975586   4.        
11.24739075 -0.91182703  0.60824603  6.        
-9.83956909 12.75992584 -8.025177    4.        
-9.51772308 11.91667938 -3.27645898  4.        
  5.98696899 -11.43512726   4.0533452    2.        
-10.65254974  11.42382812  -3.48031592   4.        
-0.528732   -7.65496778  2.75872803  5.        
-5.01776123 22.56088257 10.027771    3.        
11.37818146 -1.209656   -4.74569702  6.        
-5.51059008 15.17726898  6.20358276  2.        
-6.41509295 14.52196503 -9.35766602  4.        
-7.77826691 12.04920959 -3.53875709  4.        
-12.43035126  11.90575409 -11.80957031   4.        
-7.07994795 18.50820732  9.14199829  3.        
 4.44216204 -7.46005201  3.40161109  2.        
 8.83074856 -2.71961999  0.66207898  6.        
-1.91979206  6.7400589  -0.978333    2.        
10.12564087 -1.69684601  1.31988502  6.        
1.05475605 6.8513031  3.85809302 7.        
 -9.24615479  12.80779266 -13.16860962   4.        
-10.06963253  12.23631287  -6.36126709   4.        
12.04621124 -0.56646699 -3.08905005  6.        
-3.92963409 14.92690277 -7.83343506  4.        
-3.51140594 25.06168365 13.5944519   3.        
-6.10640717 20.12275696 13.97705078  3.        
0.48125499 1.85803199 4.19046021 2.        
-4.28484297 22.80890846  7.80157518  3.        
-2.0188601  -4.89356995  4.92907715  5.        
-3.75820899 10.66728973 -2.57605004  2.        
-0.82708001  5.5950551   4.60342407  2.        
 3.08063507 -5.03235579  3.29129004  2.        
-1.63906896  7.2518692   4.66345215  2.        
-7.16155195 18.49337769 10.93258667  3.        
-11.76767731  11.54490662  -6.65090895   4.        
 2.71310401 -3.53783393  3.19100904  2.        
 9.37944031 -2.48180389 -2.48791504  6.        
-2.33758497  6.62915802  4.42996216  2.        
-3.94912004 11.01789856  5.55227709  2.        
 5.20573378 -8.85053158  2.74294996  2.        
-5.71424103 21.01618958 10.98297119  3.        
  8.08197784 -23.72621155   5.33795214   2.        
-4.71836901 22.63817596 11.02993774  3.        
-5.01037598 13.09063721 -5.15618896  4.        
  7.70856524 -20.83870888   5.0380249    2.        
-0.31677201  2.86352491  0.63177502  2.        
-4.27320099 21.44421387  5.16714478  3.        
11.48979855 -0.63106501 -1.04327404  6.        
-8.08663177 15.89359283  7.35678101  3.        
 2.21479011 -0.74721497  3.51266503  2.        
-4.58504486 15.09443665 -9.55133057  4.        
 -8.66751862  13.69866943 -10.84197998   4.        
-6.57823896 12.30191803 -4.90808105  4.        
2.42739105 5.07733917 2.249084   7.        
-7.5221858  14.0493927  -9.71801758  4.        
2.70679498 7.03369904 1.288239   7.        
5.53598022 9.23510742 3.26974511 7.        
-10.38188171  12.16485596 -13.28701782   4.        
-6.3648448  15.70603943  6.8562932   3.        
-1.69693005  5.40445709 -0.34509301  2.        
 7.04238892 -4.19051409 -0.557648    6.        
10.93494415 -1.02927399 -0.25299099  6.        
10.84913635 -0.990547   -1.97296095  6.        
 1.75358605 -8.35489655  3.36212206  2.        
-5.38894701 21.42690277  9.73181057  3.        
 9.0662384  -2.3170619  -1.20242298  6.        
 9.8246994  -1.73642695 -0.086151    6.        
-9.16673279 11.97727966 -4.72280884  4.        
-11.03617859  12.41965485 -10.66253662   4.        
0.971268   1.79025304 2.51355004 2.        
 2.06012011 -2.18429589  3.23382592  2.        
-2.70521498  8.42288971 -1.50308204  2.        
-5.55900621 19.00331879  6.11505079  3.        
-8.71971893 12.97730255 -7.09466505  4.        
-3.10667396 25.78676605  7.83917189  3.        
11.16481781 -1.19983697 -3.63278198  6.        
-5.39476824 20.45121765  4.33364916  3.        
-5.00746918 22.94122314  9.1585083   3.        
  5.3950882  -12.74275208   4.12582397   2.        
 3.81848907 -6.5267868   3.41110206  2.        
-5.74185896 17.88579559  4.84368896  3.        
-5.56781816 16.42989349  5.70410204  3.        
11.05630493 -2.13584089 -6.13470507  6.        
 7.03557587 -3.79320502 -3.24615502  6.        
 0.286369   -7.40537977  2.66339111  2.        
10.38137054 -2.063164   -4.79135084  6.        
4.43500519 8.85114288 2.58694506 7.        
-0.96968102 -7.15760803  1.56359899  5.        
-4.7457428  27.04556274  9.56845093  3.        
-4.30045319 25.64444733 11.44784546  3.        
 -7.23046112  14.42542267 -12.44580078   4.        
  7.86613512 -26.41499329   5.99435377   2.        
-6.79470778 17.31926727  7.90203905  3.        
-8.3062973  17.7783432  12.01522827  3.        
-10.15488434  12.69967747 -10.51367188   4.        
-4.46201277 14.29213047 -7.09466505  4.        
-3.27439904  7.77534485 -1.48751795  2.        
-7.2625432  18.86495972 13.55249023  3.        
-5.29320478 26.45607758 10.66015625  3.        
1.155334   0.46720901 3.45474195 2.        
  7.3684082  -19.71215057   5.77911377   2.        
-11.10134125  12.359375    -8.9776001    4.        
 6.56998396 -5.03794098  0.82305902  2.        
-3.66733599 -7.50188494  0.64813203  5.        
-7.52924299 12.3809433  -4.93844604  4.        
-2.817909   24.4442749   7.22628784  3.        
-5.16133881 -6.17400408  5.09439087  5.        
0.89022797 1.28728497 1.86041296 2.        
-3.94418311 26.15427399  8.80477905  3.        
-5.10169983 -7.4405899   1.65399206  5.        
-5.50138903 -6.66996002  3.92550707  5.        
5.00869799 8.76007843 1.59036195 7.        
-6.12573195 16.4879837   7.01760912  3.        
 8.83795929 -3.12357306 -4.74636793  6.        
-0.132965    3.79930902  4.11953688  2.        
-0.67721599  4.47394609 -0.044159    2.        
-5.27814484 18.88357544  4.65359497  3.        
-2.64624     8.45955658  4.65594482  2.        
 7.17073822 -3.90566993 -4.41088915  6.        
-5.51837921 18.18881226  6.21279907  3.        
  7.33577013 -22.75429535   5.544312     2.        
-8.81847382 16.47736359  8.79788208  3.        
-8.55925655 12.13426971 -3.00204492  4.        
  6.55278778 -14.55625153   4.7635498    2.        
-8.49365997 13.41184235 -9.2930603   4.        
2.119591   7.68895006 3.42935205 7.        
-3.86318994 14.02864838 -6.44625807  4.        
 4.90271807 -8.57713318  3.44567895  2.        
-4.08886003 22.85851288 12.74838257  3.        
-6.70940399 13.04366302 -6.18341112  4.        
-6.56529188 20.06990814 10.14501953  3.        
-4.96710205 20.49956322  5.63897705  3.        
-4.95508623 24.31474304  9.96966457  3.        
 -9.03809357  13.40736389 -10.12286377   4.        
 5.68093109 -6.99812317  1.73608398  2.        
 3.76409888 -7.85324097  2.69995093  2.        
-4.11726379 23.10116577 11.77471924  3.        
-4.77249193 -8.0814209  -0.63156098  5.        
-4.65008497 21.37740326  4.46460009  3.        
-4.10195923 25.42027283 12.4276123   3.        
 -7.09293413  14.53864288 -10.9821167    4.        
-2.71228004 23.08524323  6.43725586  3.        
  4.72792816 -10.19226837   4.53271484   2.        
-9.97287655 11.67624664 -4.95889282  4.        
-5.84862518 20.67513275  9.21636963  3.        
-9.31285858 12.47905731 -6.30148315  4.        
-11.2692337   11.41747284  -5.97518921   4.        
 3.53923798 -5.00016022  2.47879004  2.        
-6.44721222 -7.679214    2.0697329   5.        
-6.80802917 19.49745941  9.08053589  3.        
-5.82460785 17.84203339  6.9154048   3.        
-2.56632209  6.73060608 -1.42959595  2.        
-1.31594801  5.16290283  5.10836792  2.        
  5.46312714 -11.07517242   3.51687598   2.        
-3.41154504 25.06117249  7.76998901  3.        
-5.32627916 21.92687225  8.43988037  3.        
 -5.93062592  14.89717865 -10.12319946   4.        
-7.97805023 12.15374756 -4.34188795  4.        
-5.19453382 20.06391907  5.03344679  3.        
 7.14342499 -4.68247223  0.43298301  6.        
-4.39913893 21.2165451   5.90121508  3.        
-8.10585785 12.30860901 -2.37393188  4.        
 2.32152605 -8.70737457  2.74072289  2.        
-5.51989698 21.052948   13.50918579  3.        
-6.9535141  19.21407318 10.72735596  3.        
-0.37676999 -6.99797821  3.29675293  5.        
-8.61652374 17.35014343  9.97195435  3.        
2.0995481  1.95267498 2.55590796 2.        
-4.79582214 -6.6290741   3.6056211   5.        
-12.66195679  11.98583221 -10.19470215   4.        
-4.04344893 26.71746826  9.57543945  3.        
5.27544403 9.296875   3.99578905 7.        
 8.25799561 -3.52577209 -4.33700609  6.        
-4.97544909 10.38017273 -2.40802002  2.        
-5.65876007 20.73244476 12.46435547  3.        
1.65226805 6.26628923 1.11154199 7.        
-11.89842987  11.90196228  -8.18093872   4.        
12.41584778  0.083626   -3.26498389  6.        
-6.71254015 16.67310333  7.48471117  3.        
-3.64559197 23.90157318 13.0458374   3.        
10.05944061 -1.66721296 -2.99267602  6.        
-3.81106591 23.51594543  7.8154912   3.        
-3.98908997  9.24390411 -2.02999902  2.        
 2.75139594 -1.16699195  1.88177502  2.        
-4.84408617 25.53379822  9.95480442  3.        
  7.3167882  -16.93701935   4.92785597   2.        
 6.32170105 -6.00450087  2.04013109  2.        
-4.6425252  26.26861572 11.11230469  3.        
-6.36903381 19.65054321 11.64117432  3.        
-4.97584486 14.77864838 -8.92510986  4.        
-8.36301422 13.1860733  -8.4699707   4.        
  6.50230408 -18.30082703   4.79910278   2.        
-4.36092377 25.40142822  9.04800415  3.        
10.27624512 -1.36254895 -0.57147199  6.        
-5.43640089 17.71535492  5.62271118  3.        
-5.51038408 19.70088959  6.42642212  3.        
 -9.81641388  12.74240875 -11.65512085   4.        
-4.60977888 11.56847382 -3.53048706  4.        
-6.99529314 -7.10515594  4.30264282  5.        
0.57125098 0.58963799 1.07211304 2.        
 2.71286011 -4.49834394  2.82345605  2.        
 5.82122803 -8.21697998  2.96121192  2.        
-1.65211499 -5.95037079  4.24645996  5.        
 6.40452623 -3.84149194 -0.350739    6.        
  6.84182692 -20.19423676   5.1443181    2.        
-4.0595088  24.20275879 12.09915161  3.        
-3.33527398 14.60319519 -6.30721998  4.        
-4.36600494 -5.8226552   4.72634888  5.        
  7.87680006 -20.23583984   5.50338697   2.        
-5.14419603 -7.8482132   0.84606898  5.        
-7.41734314 -8.64074707  1.15026903  5.        
-1.68212903 -7.04994202  1.01998901  5.        
-4.82714796 21.82377625 12.40545654  3.        
 8.32051086 -3.37899804  1.09847999  6.        
  6.83792114 -15.28808594   4.6686101    2.        
-2.99317908 -5.81646013  4.01785278  5.        
 5.80215502 -7.08432007  2.66299391  2.        
  5.77449799 -12.86400604   4.7558589    2.        
-6.527565   -8.26947784  0.94226098  5.        
 5.30257416 -9.37799072  3.25921607  2.        
  8.13585663 -24.58338928   6.54400587   2.        
-7.17408705 14.02541447 -9.0055542   4.        
-12.37874603  12.05412292  -9.49826145   4.        
-4.39897919 22.2358551   7.16912794  3.        
 -8.64518738  13.66136932 -12.05480957   4.        
-8.58625793 17.59389496 11.2557373   3.        
-3.91384101 22.22912598  6.54385424  3.        
-3.73934197 -5.44009399  4.96017504  5.        
 8.04214478 -2.94090295 -2.28372192  6.        
-2.44177198 -6.79099989  2.12655592  5.        
-3.628685   15.20438385 -8.4520874   4.        
 9.94702053 -1.99321795 -3.99121094  6.        
-3.54315901 23.5406189  14.00054932  3.        
10.4327774  -1.53705597 -1.67495704  6.        
-5.44068909 19.28766632  5.24188185  3.        
  7.32129717 -18.45993042   4.74075317   2.        
-3.19150496 14.76140594 -7.58743286  4.        
-2.25462294 -6.09968615  3.81509399  5.        
  7.69258118 -21.56301117   4.93997192   2.        
  5.63996077 -13.62983704   4.32574511   2.        
  5.18209124 -11.2612381    4.46966505   2.        
 -5.12060499  15.66454315 -11.37701416   4.        
-4.26649523 13.48045254 -5.14742994  4.        
 3.91175795 -3.98731208  2.44015503  2.        
 9.07084656 -2.78787208 -3.19763207  6.        
-8.84253693 12.34906769 -5.54711914  4.        
  8.60955048 -25.32813263   6.28909302   2.        
 6.60596514 -3.50537109 -1.08425903  6.        
 5.5614171  -3.90650892 -2.66442895  6.        
-1.17079198  6.90505981  4.05499315  2.        
 2.2540741  -2.10890198  2.52783203  2.        
  6.46714783 -16.80262756   4.73983812   2.        
-11.51141357  12.37504578  -9.65823364   4.        
-7.5738368  -8.38311005  1.97552502  5.        
  6.42676497 -13.63685608   4.42062378   2.        
-12.15499115  12.00336456 -10.95675659   4.        
-10.41957092  12.42918396 -11.99862671   4.        
0.30429101 2.03758192 0.76583898 2.        
-4.67240095 14.81911469 -8.09365845  4.        
 1.13353705 -0.020554    1.679474    2.        
-5.13815308 23.28581238  9.92611694  3.        
-5.89360809 11.58843231 -3.75363207  4.        
 9.42150116 -2.67060089 -4.01940918  6.        
-5.68403578 12.69779968 -5.472229    4.        
 7.89746094 -3.31758094 -3.1872561   6.        
 -9.65196991  12.32054901 -13.5032959    4.        
-6.2643199  19.69445801  8.25415039  3.        
-5.40493011 12.04482269 -4.19558716  4.        
  5.75703382 -12.07071686   3.73913598   2.        
 7.33034515 -4.2578578   1.10082996  6.        
2.11077094 3.20519304 2.37017798 2.        
-4.61420393 -6.83669996  2.94531202  5.        
12.53606415 -0.48822001 -3.96130395  6.        
 1.01955402 -7.98817396  2.45135498  2.        
-1.46807897  7.35899401  5.44213915  2.        
-0.969513   -6.58413696  3.2028811   5.        
 6.08249712 -6.40454102  1.48760998  2.        
3.38579607 7.97228193 2.32369995 7.        
 9.45547485 -2.31415606 -1.79852295  6.        
-4.8031621  12.31320953  5.73086596  2.        
 -6.26491499  15.12615967 -12.01556396   4.        
-5.34751081 21.25421906  8.01785278  3.        
-5.81452179 13.98023224 -7.00067091  4.        
-4.04464006 11.20197296 -2.95574999  2.        
0.60036498 1.13922906 3.97470093 2.        
 9.6179657  -2.69089508 -5.27853394  6.        
3.12577105 8.19612885 3.1322329  7.        
-4.83263397 21.99834442 11.30883789  3.        
2.74734497 7.47797394 2.06314111 7.        
-6.1332469  -7.07955885  3.23889208  5.        
 -4.57669115  15.71089935 -10.69595337   4.        
11.2328186  -0.33089399  0.208069    6.        
1.72811103 0.55666399 1.98419201 2.        
3.02549005 8.85915375 4.09109497 7.        
-4.74528503 21.63515472 13.18338013  3.        
-6.79612684 18.37832069  8.49905396  3.        
-4.75701094 26.19055939 10.19161987  3.        
 3.87952399 -9.45547485  3.70715308  2.        
6.01351881 9.2039032  2.75436401 7.        
-12.41009521  11.69363403  -8.66888428   4.        
 -5.02688599  15.33743286 -10.04742432   4.        
-10.53416443  11.73918915 -14.17181396   4.        
-4.22280884 10.84752655  4.92965698  2.        
 2.21059394 -3.0308001   2.75701904  2.        
-11.30058289  11.92632294 -12.97644043   4.        
-5.11014605 -7.11058807  2.37606812  5.        
-4.68775892 24.04078674  8.83389282  3.        
-4.21411085 -6.37985182  3.99490404  5.        
-4.96870422 12.55121613 -4.54107714  4.        
  5.61160994 -12.00720215   4.47378492   2.        
 6.81859589 -5.55899096  1.49981701  2.        
0.126884   2.45684791 4.24526978 2.        
-8.11421967 12.92127228 -6.75305223  4.        
-6.1555481  20.56313324 10.65655518  3.        
3.18819404 7.53059387 0.917328   7.        
-3.69110894 -6.6445241   2.73608398  5.        
-0.73313898  3.363976    0.106262    2.        
-3.48033905 -6.20365906  3.65518188  5.        
-2.71900892  7.87114716  5.01992798  2.        
  8.57247925 -23.35649872   5.77621508   2.        
 -7.4883728   14.34528446 -11.5791626    4.        
1.47991896 1.36896503 4.00341797 2.        
 2.92668104 -9.40063477  3.47976708  2.        
-7.2988658  13.78998566 -8.25695801  4.        
-7.63983917 17.39945984  8.9276123   3.        
  7.18729401 -17.5669632    4.63937378   2.        
-5.33565521 11.06815338 -3.29434204  4.        
-9.62737274 11.94853973 -2.4311831   4.        
-3.03417993 -5.39753723  4.63848877  5.        
 1.90743995 -0.80827302  2.805969    2.        
  7.76166487 -26.93054962   6.44323683   2.        
-8.11637115 12.61550903 -5.69000196  4.        
 5.02314806 -9.97628021  3.92327905  2.        
-10.09978485  11.79439545  -5.80841112   4.        
-5.80588484 13.59359741 -6.4283452   4.        
 6.03231812 -3.61912489 -1.467255    6.        
-5.50241089 20.02959442  7.86721802  3.        
-5.17008209 -5.59080505  5.51843309  5.        
-6.79294586 11.76319885 -2.62460303  4.        
2.17388105 6.52168322 1.48208594 7.        
 8.60284424 -2.92865705 -0.177063    6.        
-4.49089003 25.14694977 10.91967773  3.        
4.08612108 8.78594971 3.23910499 7.        
-4.30559492 -7.70478106  0.42092901  5.        
  8.18527985 -22.73668671   5.69082594   2.        
-3.12564898 14.56855774 -5.22381592  4.        
-4.57202911 13.235466    5.84649706  2.        
-7.25452423 17.88637543  9.37078857  3.        
-3.514709   14.12840271 -4.14502001  4.        
11.33565521 -0.98429102 -2.80777001  6.        
-5.2310791  15.42036438  5.62918091  3.        
2.22375488 6.08175707 2.21453905 7.        
 -8.75547791  13.47423553 -13.44421387   4.        
 1.70694697 -7.81446791  2.88037109  2.        
-7.04505205 -7.90073395  2.31216407  5.        
-1.80459595  5.99357605 -0.73297101  2.        
 8.01081753 -3.31309509 -0.36788899  6.        
 6.08477783 -4.03395796 -3.4750061   6.        
-7.84431505 16.28453827  7.94650316  3.        
-5.54964495 19.31651306  7.0748291   3.        
1.77224696 0.67991602 3.64730811 2.        
-5.43470001 22.02213287 10.0569458   3.        
-3.61326599 21.76535797  5.12039185  3.        
2.64278412 7.20327806 0.56790203 7.        
 1.68098402 -1.32611096  2.29644799  2.        
 6.82706404 -3.56708503 -2.56134009  6.        
  7.90546417 -25.73973846   5.95858812   2.        
  7.8910141  -23.89678955   5.96484423   2.        
  8.09354401 -24.50553894   5.38565111   2.        
 0.90885901 -8.195961    3.17855811  2.        
-3.92625403 -4.82067108  5.15643311  5.        
 4.16714478 -6.14714003  2.8591609   2.        
2.10195208 8.08296967 3.99542189 7.        
-0.207451    3.02249908  4.46621704  2.        
 -9.36948395  12.86704254 -12.46484375   4.        
-3.71157098 -7.01518202  2.06469703  5.        
  4.01664686 -10.04003143   3.22015405   2.        
  4.74200392 -11.00878143   3.77307105   2.        
 9.21035004 -2.57547808  1.21771204  6.        
-5.02865601 13.61056519 -5.77703905  4.        
-7.95194197 -7.69408417  4.00952101  5.        
 2.8283689  -2.55139208  2.15353394  2.        
-5.07108307 13.69550323  5.94482422  2.        
-7.12376404 11.92327881 -3.54507494  4.        
-5.27024794 20.5300827   6.91720581  3.        
 3.68552399 -8.81697083  3.61624193  2.        
-0.78192902  4.00138903 -0.50131202  2.        
-4.67301893 26.56359863  9.08078003  3.        
 1.35726905 -1.28497303  1.44189501  2.        
-7.8250432  17.82313538 10.17352295  3.        
-4.16920519 26.39468384 12.69543457  3.        
-4.22476196 -7.31336212  1.69989002  5.        
 4.7532959  -7.96084595  2.93905592  2.        
 7.72935486 -3.65377808  0.80581701  6.        
-5.36552382 21.31973267 10.42510986  3.        
-8.17112732 -8.5477066   2.30465698  5.        
3.79970503 8.22547913 1.36352503 7.        
11.98841858 -0.25196099 -0.790344    6.        
-1.04769099  5.301826   -0.40219101  2.        
 2.14968896 -1.40869904  3.48199511  2.        
-0.766312    4.26057386  4.4223938   2.        
-3.55367303 10.3813858   5.38330078  2.        
 3.54547906 -6.76784515  2.86288404  2.        
1.32896399 4.10443878 2.36813307 2.        
2.02098107 6.45912886 2.71398902 7.        
-4.91131592 21.36634827  7.22979689  3.        
 3.15181708 -3.98570204  2.41833496  2.        
-11.73973083  11.92860413 -12.00817871   4.        
-2.50508094  6.56823015 -0.73409998  2.        
-5.84105682 18.7456131   7.58810377  3.        
-1.38946497  5.7988739   4.87319994  2.        
-4.12572479 11.91702271  5.70755005  2.        
-4.51527405 14.09409332 -6.43335009  4.        
-4.00986481 13.4730072  -4.15151978  4.        
2.36818695 7.03906202 2.71884203 7.        
10.49744415 -2.26628089 -5.40420485  6.        
-11.01451111  12.43362427 -11.63137817   4.        
  8.14788818 -22.02615356   5.55825806   2.        
-6.80393982 -7.22796583  3.4472661   5.        
-1.76769304 -5.40528107  4.58514404  5.        
-11.28269958  12.08449554  -8.384552     4.        
-4.01190901 23.95223236  8.25485229  3.        
-7.78104401 -7.91325378  3.37368798  5.        
-4.98899794 20.2039566   6.21798706  3.        
-4.46839905 23.93132782 10.72390747  3.        
4.50064087 9.33003235 4.09497118 7.        
-6.04151917 20.17383575 12.46060181  3.        
 1.97010803 -0.72602099  1.52987695  2.        
-2.78718591 -6.57561493  2.86318994  5.        
-4.71263123 26.67243958 12.09683228  3.        
-1.93402898  6.60393476  4.93304396  2.        
-3.83922601 25.21928406 13.03601074  3.        
-1.06867194 -6.07281494  4.00128222  5.        
  7.05115509 -19.06781006   5.09973097   2.        
 1.65710402 -0.0326      3.73016405  2.        
-3.00717902 -6.91264296  1.70260596  5.        
 5.36257887 -8.06632233  2.47402906  2.        
-0.60842901  4.96953583  4.6305542   2.        
12.22866058 -0.25470701 -2.02270508  6.        
-2.35771894 -7.00052595 -0.237427    5.        
  5.70742798 -10.42912292   3.70480394   2.        
-11.64194489  10.99067688  -4.65759277   4.        
0.52569598 2.97054291 3.63397193 2.        
 3.48581696 -5.54063416  3.318573    2.        
-5.80052185 16.76022339  6.41223097  3.        
 -5.71350908  15.27644253 -11.26919556   4.        
-4.03960419 22.38777924 13.63442993  3.        
-4.27619219 24.57977104 11.20635986  3.        
  6.327034   -13.00934601   4.46203613   2.        
-6.40116119 19.81368256 13.02960205  3.        
 3.89878106 -4.88632202  3.07879591  2.        
-10.51641846  11.4002533   -4.77862597   4.        
-6.01744795 11.97740936 -4.95336914  4.        
 1.89457703 -2.21737695  1.99459803  2.        
-2.20774794  7.49420881  4.80600023  2.        
2.42707109 8.9208374  4.65756178 7.        
  7.64990997 -24.79847527   5.74603319   2.        
-2.95106506  9.27979279  4.993011    2.        
 -7.81806183  14.09229279 -13.25314331   4.        
-4.9022522  25.0246582  10.44122314  3.        
11.56274414 -1.7845     -5.5722661   6.        
-6.43946123 -6.74015808  4.61627197  5.        
-6.23734999 -6.25870514  5.36001587  5.        
-6.5930481  11.85992432 -3.98846412  4.        
 8.23423004 -2.89668989 -1.49588001  6.        
-11.94689178  11.58653259  -7.32281494   4.        
 6.1606288  -3.834656   -2.24340796  6.        
  8.36036682 -26.13165283   6.84768677   2.        
 7.7413249  -4.03501892 -4.63769484  6.        
1.491997   5.32571411 2.56314111 7.        
-8.22281742 -8.34158325  3.01739502  5.        
  7.05265808 -18.51221466   5.64031982   2.        
10.89447784 -1.72135901 -4.68154907  6.        
-2.64275408  8.45146942  5.28201294  2.        
-3.22098494 22.974823    6.78512621  3.        
10.49393463 -1.47806597 -3.40029907  6.        
  5.24807692 -10.06549835   3.34713793   2.        
-3.68093896 24.62806702  8.25747681  3.        
-0.02626     2.403023    0.30532801  2.        
-7.15346479 18.78027344  9.71652222  3.        
-4.79779005 20.6013031   4.24685717  3.        
-7.29531097 -7.82904005  2.90081811  5.        
 1.48318505 -0.025757    2.42449999  2.        
-3.42367506 22.19780731  5.69104004  3.        
1.84378099 5.25753784 2.0184629  7.        
 4.36159515 -8.91144562  3.56561303  2.        
-7.20846605 18.63188934 12.16473389  3.        
 -8.33250427  13.79341888 -13.08224487   4.        
-2.56593299  9.72402954  5.23605299  2.        
-2.19316912 23.41868591  6.39993286  3.        
 2.93468499 -9.00675964  3.00412011  2.        
-4.31541395 22.27461243 12.46047974  3.        
-2.56795502 -7.12766314  0.58050501  5.        
 8.67948055 -3.688416   -5.04260302  6.        
-6.90658617 19.37904358 13.01577759  3.        
1.11711895 1.15163398 2.41684008 2.        
 2.70729089 -3.34318495  2.56985497  2.        
-1.63542199 -6.98820496  2.39526391  5.        
-8.44503021 17.17529297  9.40719604  3.        
-4.13874006 15.51819611 -9.5385437   4.        
-0.37972999 -7.0861969   2.57684302  5.        
 1.62804401 -0.71210498  3.71188307  2.        
-4.42272902 10.33096313 -2.82299805  2.        
-9.37399292 11.97229767 -4.0592351   4.        
 -9.07854462  13.41126347 -11.19488525   4.        
-6.39294386 -7.92293596  1.50994897  5.        
-1.234604    4.39991808 -0.34494001  2.        
 0.373009   -7.71829987  2.10714698  2.        
-9.65704441 12.8663559  -8.59893799  4.        
-6.3466258  11.34306335 -2.76577806  4.        
-5.62596083 17.14468384  5.7252202   3.        
 4.56321716 -8.07876587  3.53680396  2.        
-7.56686401 18.23525238 10.55780029  3.        
 8.20423126 -3.2995069  -3.71316504  6.        
1.58729506 2.89095306 2.27114892 2.        
  6.50702715 -15.03667355   4.15988207   2.        
-10.54451847  11.47622681  -4.09201002   4.        
-3.12971497  8.93631744 -1.586761    2.        
 6.18666077 -7.55440521  2.68255591  2.        
  6.34362793 -15.93777466   4.5690918    2.        
  5.9222641  -12.74015808   3.73355103   2.        
5.87993622 9.39028931 3.78814697 7.        
11.61645508 -0.91507697 -3.34075904  6.        
  6.81229401 -16.33481598   4.400177     2.        
-7.29985809 -7.28514099  4.85284424  5.        
-8.59307861 12.11238861 -4.48382616  4.        
10.67447662 -0.71970397  0.57296801  6.        
-8.07961273 17.87742615 11.42373657  3.        
 8.17477417 -3.50111389  1.70428503  6.        
1.454597   2.12964606 2.36953712 2.        
 7.29676104 -3.676193   -0.219208    6.        
-10.22358704  12.69167328  -9.66406155   4.        
-5.01488495 14.1339798   5.45425415  2.        
-0.13459     3.08664703  0.102875    2.        
 9.74158478 -1.73120904 -1.53015101  6.        
  7.725739   -19.44736481   5.36254883   2.        
1.31861103 7.21407318 3.45831299 7.        
-5.58769178 20.69794464  8.00973511  3.        
 7.23413086 -3.24338508 -2.03875709  6.        
-1.43840003 -6.7766881   0.36224401  5.        
  7.6935811  -23.31308746   5.5802002    2.        
-5.5878911  20.93223572 11.8314209   3.        
-2.2703321  -6.45495605  3.33239698  5.        
11.92831421 -1.00695002 -4.62033081  6.        
-5.97353411 15.35522461  6.56793213  3.        
-5.38581085 -6.43228197  4.58566284  5.        
-7.02336884 14.33983612 -9.55691528  4.        
-5.12512207 21.24676514 13.95864868  3.        
-7.93994904 13.75817871 -9.3963623   4.        
  6.59654999 -17.59563446   4.73294115   2.        
0.763161   1.84826696 1.28924596 2.        
-5.47424316 -7.99940491  0.354523    5.        
-3.63696289  8.99782562 -2.46752906  2.        
 9.62404633 -3.23644304 -5.54159498  6.        
11.78163147 -0.47682199 -1.69744897  6.        
-2.69253492 -4.98950195  4.90591383  5.        
-4.36679792 12.29656982 -3.40762305  4.        
-7.5184021  18.54312897 13.11831665  3.        
-4.61466217 24.17315674  9.50314331  3.        
-4.42898607 14.65829468 -7.57574511  4.        
 2.33988905 -0.67524701  1.99231005  2.        
 2.28734589 -1.36528003  2.22537208  2.        
-10.69788361  11.56728363  -6.03442383   4.        
 4.6768651  -9.03416443  4.10732985  2.        
 9.29103088 -2.03028107 -0.73446703  6.        
 -9.33613586  12.44895935 -14.21438599   4.        
1.46691096 6.52583313 3.18310499 7.        
 3.34870195 -3.74916792  2.94738793  2.        
-3.01402307  7.27253008 -1.31478906  2.        
-6.66364288 17.94895935  8.09195042  3.        
  7.60551405 -20.25950623   4.94863892   2.        
-10.84291077  12.19538879  -7.58740187   4.        
-2.79212999 14.88280487 -6.47946215  4.        
-6.08373308 20.20549774 11.28817654  3.        
-2.06900001  8.68190765  4.85522509  2.        
4.98791504 9.02606964 3.02670288 7.        
-3.23752594 -7.2124629   0.93450898  5.        
 4.870224   -7.18570709  2.97058105  2.        
-10.01470184  11.70371246  -3.50891089   4.        
-5.78674316 20.56687927 13.76208496  3.        
 1.72241998 -0.020935    1.87475598  2.        
-6.51626587 13.84749603 -7.3878479   4.        
10.42160797 -1.52944195 -2.27767897  6.        
 -6.46350908  14.74281311 -10.53005981   4.        
-6.29431915 19.75094604  8.8381958   3.        
-4.32548523 22.07030487 14.18215942  3.        
 9.16178894 -2.3177259   0.29812601  6.        
 9.65031433 -1.97344196 -2.70459008  6.        
 7.12075806 -4.04098511 -3.79528809  6.        
  6.09711504 -14.16562653   4.64480591   2.        
-6.69440508 13.98405457 -7.94644213  4.        
-8.49142456 17.57047272 10.55825806  3.        
-5.08686113 22.79340363 10.55871582  3.        
-7.03477478 13.45818329 -7.07357788  4.        
-7.91160583 12.83075714 -6.21423292  4.        
-7.04866791 12.49520874 -5.24755907  4.        
-5.17651415 27.02685547 10.42834473  3.        
-4.72888994 23.42466736  8.99240112  3.        
-7.51242781 -7.36330414  4.23571777  5.        
 3.02185106 -4.4197998   3.3101809   2.        
11.20404816 -0.85451502 -1.49719203  6.        
-5.91027117 17.26234436  6.76437378  3.        
1.02912104 0.97106898 0.91946399 2.        
-6.18534088 13.07927704 -5.93789721  4.        
-8.14440918 16.63606262  8.35101318  3.        
  7.47885084 -18.17604828   5.22311401   2.        
-3.6173861  11.02320862  5.07739305  2.        
-3.5488131  24.51747894 13.31835938  3.        
-5.51736498 15.81310272  5.94415283  3.        
 2.31557488 -2.7040019   3.22705102  2.        
-9.20802307 17.22498322 10.09521484  3.        
-3.835953   24.74634552 12.13296509  3.        
 4.26863098 -9.89998627  3.7306211   2.        
-6.30921888 18.82887268  7.99703979  3.        
2.62009406 7.89510393 3.22817993 7.        
 8.84388733 -2.74880195 -2.57327294  6.        
1.30356598 5.88220978 2.76367211 7.        
 0.54712701 -7.2797699   3.16125488  2.        
 9.97860718 -1.76432002  0.53500402  6.        
 7.11351013 -3.40273309 -1.33477795  6.        
-4.4012599  23.05097961 11.2746582   3.        
 3.87118506 -7.80760193  3.2623291   2.        
-10.50553131  12.154953   -12.7171936    4.        
2.40236712 8.57052612 4.10650587 7.        
-4.00180006 25.04480743  8.77737427  3.        
-6.21645403 20.43671417  9.81542969  3.        
-11.34300995  11.83351898  -6.90670776   4.        
-6.6918788  15.15737915  6.85845995  3.        
-1.60511005 -6.53152514  3.05807495  5.        
-3.58409905 25.94409943  8.27850342  3.        
-4.12770796 13.47945404 -3.35095191  4.        
-5.91823578 -7.65479279  1.68148804  5.        
-9.10607243 13.1224823  -9.63238525  4.        
11.07435608 -1.41335297 -4.19436693  6.        
1.58736396 8.34797668 4.01092482 7.        
6.39325714 9.56558228 4.06021118 7.        
-3.69841003 -7.71412706 -0.68386799  5.        
-2.86209893 22.46018982  5.65112305  3.        
-7.31009722 18.62251282 11.48504639  3.        
  6.42765808 -15.17050934   5.0473628    2.        
0.70784003 1.93586695 3.65585303 2.        
-4.64775085 22.36947632  7.78125     3.        
-4.80253601 26.45026398  9.64645386  3.        
 -7.72374678  14.06707764 -12.1373291    4.        
 1.43624103 -0.76273298  1.72442603  2.        
4.28651381 8.50136566 1.259552   7.        
-12.90164185  11.80580902  -9.04171753   4.        
-9.12468719 12.04603577 -2.78521705  4.        
 3.95777893 -7.09057617  3.53808594  2.        
 3.1710279  -3.21354699  3.01815796  2.        
 -9.9257431   12.77483368 -11.09841919   4.        
 5.2202301  -8.19174957  3.17459106  2.        
-6.90977478 19.19592285 12.30303955  3.        
-5.41436815 10.63362885 -2.69741797  4.        
-5.3493042  21.64305878  9.08944702  3.        
-6.97178698 18.67116547 10.3331604   3.        
2.22020698 4.57968903 2.42089796 7.        
-4.20275879 23.62961578 11.95602417  3.        
  7.58554077 -21.22670746   5.48028612   2.        
-4.94734907 21.83635712 11.85385132  3.        
-5.370049   22.44103241  8.78076172  3.        
-3.57670593  8.18862915 -1.72338903  2.        
-4.38822889 -7.90792084 -0.146576    5.        
-2.9047389  10.34077454  5.38690186  2.        
 9.04138947 -2.63636804  1.76803601  6.        
-7.35951996 16.40189362  7.68533278  3.        
-7.87397814 13.4654541  -8.30010986  4.        
-6.23414612 17.84509277  7.44445801  3.        
-3.77473497 22.78340912 13.93457031  3.        
-5.22127485 13.4930191  -6.29238892  4.        
-0.72898102 -7.04029799  2.05825806  5.        
-4.20934296 12.9725647  -3.97024488  4.        
-5.16599989 16.50475311  5.29150391  3.        
-4.75241899 23.79377747 10.02639771  3.        
 6.85504913 -3.59125495 -0.57370001  6.        
4.76962996 8.72849274 2.14856005 7.        
  8.08940125 -25.09606171   6.15765381   2.        
-9.33752441 12.9643631  -7.56439209  4.        
 6.86880493 -4.05523682 -0.044495    6.        
-5.40546417 14.60331726  5.91287184  2.        
-6.07017517 -7.33503008  2.74682593  5.        
-4.49380493 20.97988892  5.38354492  3.        
-6.08428192 14.27164459 -8.20336914  4.        
-8.00263214 12.13725281 -2.97308302  4.        
-5.24015093 21.38724518 12.19900513  3.        
-10.60492706  12.42639923  -8.73324585   4.        
-5.41591597 20.79543304 12.9699707   3.        
-7.87503099 18.25241852 12.29089355  3.        
-6.11054182 20.32105255  8.85754395  3.        
-5.2814641  17.60937691  4.98974609  3.        
-10.2527771   12.62747955  -7.67681885   4.        
4.10067701 9.21317291 3.7129519  7.        
-3.82788801 23.21723938  7.34646606  3.        
-5.84611511 11.36745453 -3.15539598  4.        
-2.82388306 -7.23913622 -0.574646    5.        
-4.64342499 13.25191498 -5.53817701  4.        
-7.22789812 17.21789551  8.46014404  3.        
-6.25466919 14.46125793 -8.83178711  4.        
-9.69076538 12.88186646 -9.24816895  4.        
-6.76576185 18.93557739  9.29800415  3.        
  7.53443909 -22.24304962   5.43911695   2.        
  6.90224504 -17.27249146   5.07220507   2.        
 2.70793891 -2.11592889  3.27536011  2.        
11.42892456 -0.66504699 -0.47494501  6.        
-5.0874939  19.87808228  4.49383497  3.        
5.49856615 8.96686554 1.87112403 7.        
  7.71577501 -21.64987946   5.9472661    2.        
-3.29510498 14.99848938 -5.57238817  4.        
-11.16581726  11.22844696  -3.84597802   4.        
-5.2746892  21.50392914 11.15365601  3.        
-3.24795508 -6.47831678  3.14752197  5.        
-5.35735321 14.57778931 -8.10720825  4.        
-5.85553694 14.57762909 -9.32385159  4.        
3.73709106 8.35785675 2.09948707 7.        
 6.02913713 -6.7312932   2.06784105  2.        
-3.89100006e-03 -7.52771807e+00  3.11257911e+00  5.00000000e+00
10.80459595 -1.20587206  0.790833    6.        
  6.09081984 -14.75082397   4.40802002   2.        
-6.55858612 19.71475983  9.72781372  3.        
-7.47236586 13.28884888 -7.3556819   4.        
-9.03045559 12.75506592 -6.68035889  4.        
-3.10877991 14.60024261 -7.07162523  4.        
-5.2025218  14.10371399 -7.15508986  4.        
-5.95538282 14.450737    6.40823412  2.        
  7.99586487 -24.47028351   6.02929688   2.        
10.08874512 -1.973122   -3.44296288  6.        
-5.28258514 -8.16637421 -0.15829501  5.        
-6.4628911  14.69991302 -9.98474121  4.        
-2.17015791  7.16772509 -1.20449805  2.        
10.14881134 -1.45055401 -1.21823096  6.        
-3.54502106 14.21255493 -4.92114305  4.        
-4.38259888 21.90834808 13.52642822  3.        
5.28227997 9.74500275 4.49017286 7.        
-11.51895905  12.19846344 -10.78271484   4.        
-3.63140893 10.12287903 -2.34082007  2.        
1.144104   0.81901598 1.97296095 2.        
 -8.6175766   13.68842316 -11.51199341   4.        
-10.21219635  12.56601715  -8.38452053   4.        
  7.27452087 -20.54074097   5.27487183   2.        
 7.025002   -5.29370117  0.67666602  2.        
-6.67027283 19.23860741 11.21057129  3.        
-3.43205309 23.55178833 13.43157959  3.        
 7.85823107 -3.084198   -1.07684302  6.        
-12.25634766  11.27496338  -6.36203003   4.        
-11.35452271  12.43737793 -10.17251587   4.        
0.20733599 1.42333996 0.94363397 2.        
0.63854998 2.57288408 4.11224413 2.        
1.56755102 0.72612798 2.60143995 2.        
-5.60530806 20.69785309  8.60586643  3.        
-11.03114319  11.20290375  -4.9382019    4.        
 -6.43264008  15.03268433 -11.50982666   4.        
-3.84930396 23.31660461 12.90719604  3.        
 4.17955017 -5.63494921  3.32116699  2.        
-6.54679108 16.12969971  7.13876295  3.        
-4.54227495 24.77206421  9.04425144  3.        
3.38160706 9.138237   4.39782715 7.        
-5.62454987 18.54686737  4.91265917  3.        
-2.032166    6.28956604 -1.25177002  2.        
-4.66223097 23.04175568  8.10644531  3.        
 9.86564636 -2.12422204  1.12216198  6.        
-9.11421204 17.43177795 11.27511597  3.        
10.57557678 -2.36838508 -5.96710205  6.        
-4.56515503 26.37949371 11.67208862  3.        
 5.46733904 -7.64941406  2.143646    2.        
 2.28196001 -8.40800476  3.2936101   2.        
-6.85974884 15.6391449   7.04873705  3.        
 2.44938707 -4.00285292  3.18801904  2.        
 -8.20385742  13.95800781 -10.8961792    4.        
  5.70684814 -10.97250366   3.98053002   2.        
2.18223596 0.81961799 2.08111596 2.        
-3.28815508 -7.55584002 -0.375763    5.        
-4.27915192 -7.87058306 -0.66638201  5.        
-7.22241211 12.89519501 -6.2024231   4.        
-10.87071991  12.01222229  -7.0744319    4.        
 -5.73183393  15.18208313 -10.64395142   4.        
-5.71440887 21.18915558  9.24383545  3.        
-9.92329407 12.50351048 -6.82675219  4.        
-9.16088867 13.03319454 -8.47885132  4.        
-12.90733337  11.64577484  -8.00933838   4.        
 -7.45979309  14.27897644 -10.25671387   4.        
-5.63701582 11.58661747 -4.32852221  4.        
-8.40587616 13.03900909 -7.94940186  4.        
-1.376472   -5.04806519  4.55688477  5.        
-1.32962    -7.14400482  1.95611596  5.        
-3.43865204 14.94515228 -8.03100586  4.        
  6.65857697 -15.60611725   4.28527784   2.        
-1.38091302  5.446877    4.47820997  2.        
-11.74990082  11.32382965  -5.77481079   4.        
 8.76741791 -2.53625488 -0.82485998  6.        
-4.4753108  12.95271301 -5.02215576  4.        
-2.35802507 -7.03431702  1.665833    5.        
1.08728004 0.98847997 3.68948388 2.        
 -9.71379089  13.00492859 -10.37933254   4.        
11.98513794 -0.39328799 -2.59487891  6.        
-3.08008599 23.95668793  7.34768677  3.        
-4.54397583 21.2230072   6.4405818   3.        
-3.67559099 11.55809784  5.70230103  2.        
-4.87496901 22.0515976   8.19894409  3.        
-4.95007277 22.28029633 10.51391602  3.        
-3.96575904 -7.30431414  1.06570399  5.        
-2.85234094 23.55005646  6.77810717  3.        
-5.84944916 18.27459717  7.35491896  3.        
-4.1390152  14.04924774 -5.95193481  4.        
 9.328125   -2.9351809  -4.91503906  6.        
 -9.86089325  12.56131744 -13.03509521   4.        
-6.00077105 -6.6685791   4.27105713  5.        
-3.87284088  9.62680817 -2.36926293  2.        
-2.78539991  7.90840912 -1.62252796  2.        
 8.62149811 -3.19624305 -3.41030908  6.        
  7.17477417 -16.4156723    4.88470507   2.        
-4.64056396 23.52951813 11.04602146  3.        
 0.75270802 -7.69514513  2.85394311  2.        
-4.3011322  22.80673981 12.16638184  3.        
4.23158979 9.78917694 4.53811693 7.        
-3.69860101 24.17103577 12.52093506  3.        
10.05393982 -2.43807197 -5.14001513  6.        
-0.20656601  2.13950396  0.80606103  2.        
-3.82342505 25.6462326   8.8145752   3.        
-10.20423126  11.91239929 -13.70831299   4.        
  8.42842102 -24.74625397   5.93359423   2.        
1.14968097 0.063103   3.80245996 2.        
-4.21871185 21.58724976  6.25683594  3.        
11.11000824 -0.93367797 -0.78744501  6.        
-4.85191393 25.01405334  9.92169189  3.        
-9.70471859 12.10871887 -5.99420214  4.        
  8.0396347  -22.98542786   5.25775194   2.        
 -6.75253296  14.815979   -12.24176025   4.        
 8.88866425 -2.97081804  1.11517298  6.        
-6.29178619 19.94571686 12.06115723  3.        
 3.79798102 -5.96919298  3.21106005  2.        
  8.56202698 -26.45552826   6.36547899   2.        
 -6.9259491   14.69918823 -13.07510376   4.        
 -7.92056322  14.02912903 -10.19940186   4.        
-4.0487752  25.69843292 11.99331665  3.        
-4.93002319 26.67954445 10.97338867  3.        
5.74713087 9.07926941 2.31161499 7.        
-3.92850494 25.88874817 12.68145847  3.        
-1.33692896  4.90549517 -0.236725    2.        
-2.82585907 15.19059753 -7.5428772   4.        
-4.64451599 25.41307831  9.48049927  3.        
-5.30575609 22.7429657   9.5317688   3.        
  5.95071411 -13.34671021   4.62704515   2.        
-3.84725189 26.52973938  8.46255493  3.        
  7.91875505 -20.83992004   5.56079102   2.        
-12.80078125  11.37633514  -7.21893311   4.        
 -4.4978261   15.37515259 -10.22772217   4.        
 3.0490489  -2.89459991  2.63055396  2.        
-4.95323896 26.79223633 10.02606201  3.        
-0.73661     3.91399407  0.04126     2.        
-3.01165009  8.78011322  5.13354492  2.        
-1.13365197 -6.50861406  3.73321509  5.        
12.2113266  -0.62149    -3.57421899  6.        
-10.86096191  11.89203644 -13.24310303   4.        
 4.21991682 -7.0427022   3.0970459   2.        
-5.62296295 -6.32946014  5.26180983  5.        
 3.58734107 -8.2089386   3.41503906  2.        
 9.20573425 -2.47814202 -3.59429908  6.        
-3.59193397 -5.29319     5.42999315  5.        
-5.88115692 -8.46102905 -0.32217401  5.        
-2.96973395 24.8585434   7.48748779  3.        
-3.96664405 13.87013245 -5.29208422  4.        
 9.37828827 -2.10794806 -0.146851    6.        
 7.56430817 -3.69504499 -3.281708    6.        
-5.71015882 20.67769623 11.36730957  3.        
-2.26774597 -5.33727312  4.87085009  5.        
-6.80219316 13.23471832 -6.649261    4.        
11.58876038 -1.45052302 -5.18508911  6.        
 4.96292114 -9.08057404  3.57073998  2.        
-4.82841492 22.99163818  8.68273926  3.        
  5.02124786 -10.50030518   3.69717407   2.        
-1.25356305  6.84263611  4.84530592  2.        
 8.41941833 -3.01999688  0.69101     6.        
-3.277565   15.51803589 -8.64852905  4.        
-5.58333588 -7.09951019  2.59243798  5.        
1.80939496 4.24197388 2.26611304 2.        
-5.4838562  15.12087154 -9.98150635  4.        
-5.07955885 21.27515411 13.38168335  3.        
 7.68539381 -3.56388903  0.2211      6.        
  5.47686005 -11.45375824   3.93368506   2.        
-1.74822199 -6.68553877 -0.031403    5.        
-5.86628723 -6.83303785  3.6100769   5.        
 -9.06077576  13.07026672 -13.62533569   4.        
 2.47915697 -2.55606794  2.61703491  2.        
2.20157599 5.61834002 1.99923694 7.        
-6.70993805 14.26179504 -9.03533936  4.        
-4.52845001 11.28535461 -3.11624193  4.        
 -9.00418758  13.35109711 -10.68640137   4.        
 -8.53895569  13.33978271 -13.8838501    4.        
-6.95039415 -8.54962921  0.91433698  5.        
-8.65930939 13.14353943 -8.89483643  4.        
-12.05496979  11.06064606  -5.3968811    4.        
-6.5529561  12.06331635 -4.46087694  4.        
-2.35530901 24.31685638  7.0617981   3.        
-8.92655945 12.08957672 -3.34878492  4.        
-4.40351105 12.55523682 -4.34991503  4.        
-6.84534502 12.69735718 -5.84008789  4.        
-4.34569502 24.33968353 11.70480347  3.        
 3.27135491 -4.71747589  2.94537401  2.        
-7.53464508 15.92713928  7.56512403  3.        
0.96617103 1.70028698 4.01956177 2.        
 6.62614393 -4.10838318 -3.45877099  6.        
 9.01708984 -2.74617791 -4.31103516  6.        
 4.38922119 -6.22396803  3.30450392  2.        
-6.7131958  19.68384552 10.43225098  3.        
 8.35929108 -3.33884406 -0.73004198  6.        
-0.48629001  3.85728502  4.53237915  2.        
-2.76160407 23.06532288  5.74377394  3.        
 2.21433997 -0.24089099  1.77227795  2.        
-6.06261396 12.45776367 -5.09317017  4.        
10.38624573 -1.51660204  0.90252697  6.        
-7.48335981 18.44192505 12.62774658  3.        
  7.39236498 -17.61497498   5.09503222   2.        
-6.34623718 -6.70193481  5.10794115  5.        
-11.44263458  11.93489838 -12.42462158   4.        
-5.89011383 -8.07666016  0.68777502  5.        
-6.41047716 -8.51036835  0.37637299  5.        
-1.085976    4.86338806  4.73889208  2.        
-6.34418488 13.34686279 -6.34274292  4.        
-7.75133514 18.24395752 11.27197266  3.        
 -7.49638414  14.20531464 -12.80825806   4.        
 6.53995514 -5.97051191  1.55935705  2.        
  8.14096832 -27.10340118   6.71991014   2.        
-10.6831131   12.62214661 -10.37225342   4.        
3.19085693 8.51279545 3.51355004 7.        
-5.62041521 14.29355621 -7.57568407  4.        
-4.29241896 15.22782898 -9.16213989  4.        
2.38404894 7.46476698 3.06964111 7.        
11.53757477 -1.15219104 -4.22546387  6.        
 1.85829902 -1.15405297  3.16677904  2.        
3.50466204 7.87797499 1.16094995 7.        
-4.10526991 12.0823288   5.23742723  2.        
-7.56509399 13.48100281 -7.88217211  4.        
1.51500702 0.171555   1.30850196 2.        
 2.47605896 -2.07662201  1.88028002  2.        
 5.33084917 -6.94119978  2.73657203  2.        
3.46196795 7.87457323 0.41216999 7.        
0.157768   3.23836493 3.92001295 2.        
 2.24488091 -3.47496009  2.38601708  2.        
 -6.63005781  14.70783234 -11.04702759   4.        
 -8.17152405  13.75937653 -12.27359009   4.        
-3.977005   14.52184296 -7.3623662   4.        
-6.01425219 20.0467453  13.48764038  3.        
-8.81772614 12.12559509 -5.07147217  4.        
-0.56339997  4.77243805  4.17746019  2.        
 2.84575605 -3.8072741   2.79632592  2.        
 3.64660597 -9.68933868  3.33276391  2.        
-5.3614502  18.90331268  5.67156982  3.        
 -9.35045624  13.03613281 -11.37060547   4.        
0.520432   1.39857495 1.32666004 2.        
 8.60609436 -2.52345991 -1.29290795  6.        
-12.03152466  11.92810822 -11.51702881   4.        
10.9228363  -1.02954102 -2.49957299  6.        
 -9.38299561  12.69803619 -13.78955078   4.        
-1.16294098 -7.17268419  0.91830403  5.        
-8.06484222 13.02973938 -7.23306322  4.        
 1.90092504 -8.49289703  2.88720703  2.        
1.82128096 3.58715796 2.250458   2.        
-2.43912506  7.12616682  4.57159424  2.        
  3.84159088 -10.18749237   3.65743995   2.        
-4.21825409 23.25254822  8.06304932  3.        
 5.74990082 -7.76560211  2.59338403  2.        
-3.43410492  9.23825836 -1.94451904  2.        
-1.27246904  5.50358582 -0.791565    2.        
-11.28186798  12.07569885 -11.90374756   4.        
-6.89166307 18.11826324  8.90905762  3.        
 5.51697493 -9.27761841  3.68939209  2.        
1.94749403 5.13147688 2.47973609 7.        
-7.69961596 17.03930092  8.6022644   3.        
-4.78837585 20.92233276  5.96765089  3.        
-4.47580004 25.16529846 11.45202637  3.        
-3.50276899 -7.5090332   0.188416    5.        
-5.77693892 19.60627747  7.39532518  3.        
10.90533447 -1.11258698  0.226776    6.        
2.22133589 2.4690249  2.50195289 2.        
  6.51718092 -15.67450714   5.05166578   2.        
 4.14363909 -9.31324005  3.32363892  2.        
-5.18334198 22.18444824  9.67300415  3.        
 -9.7481842   12.84191895 -12.16021729   4.        
-7.07911682 11.94246674 -3.06091309  4.        
-4.16467285 11.48786926  5.481812    2.        
  6.99758101 -18.35423279   5.10327101   2.        
-9.5699234  11.77840424 -4.53857422  4.        
1.12934101 6.46563005 3.57220507 7.        
1.42953503 0.27384901 3.08886695 2.        
-7.55696106 12.04707336 -3.97103906  4.        
-4.17768908 14.35292816 -6.705688    4.        
-4.81690979 -5.83032179  5.28128099  5.        
-4.85114288 12.83182526  5.8531189   2.        
-4.76051283 -6.10241699  4.76745605  5.        
-3.45089006 25.49208832  8.01260376  3.        
  5.82257795 -12.96152496   4.1940918    2.        
-9.52783203 11.87332916 -5.02874804  4.        
 8.5127182  -3.04538012 -2.38058496  6.        
 1.52827406 -1.69332898  1.63659704  2.        
 3.10292006 -5.44538116  3.03906202  2.        
-4.14686584 26.58023834  9.12350464  3.        
-4.17842913 21.56460571  5.64840698  3.        
2.70026398 7.05148315 1.84048498 7.        
 7.05470991 -4.69586182  1.01965296  6.        
 9.97898865 -2.0827179  -4.52511597  6.        
-5.77059221 21.13699341  9.7895813   3.        
12.49158478 -0.327187   -3.02331495  6.        
-4.0364151  22.62055969 13.21176147  3.        
-5.21680498 20.10192871  6.70211792  3.        
-4.21482897 21.50798798  4.6252141   3.        
0.74484998 2.13087511 0.59500098 2.        
-4.56967211 21.73595428  7.37106323  3.        
 7.91308594 -3.07585907 -2.77136207  6.        
-4.81216383 26.30573273 10.66363525  3.        
  8.30120087 -25.87987518   6.42007494   2.        
-8.85267639 16.88299561  9.05407715  3.        
-9.83028412 12.7681427  -7.49560499  4.        
-7.11972809 -7.52230787  3.23580909  5.        
-8.68415833 13.43347931 -9.79888916  4.        
-3.38798499 23.0684433  13.93338013  3.        
-3.53047204 22.12469482  6.15365601  3.        
-4.57413483 22.73523712 11.59240723  3.        
  7.44075823 -19.21398163   4.86022902   2.        
-5.00165606 11.78716278 -4.11645508  4.        
-5.59262896 26.68441772 10.36273193  3.        
-8.31827641 12.11173153 -3.74404907  4.        
-4.6227951  24.65630341 10.31424046  3.        
12.28553009 -0.78367603 -4.25708008  6.        
-10.42011261  11.92926788  -6.24832201   4.        
-5.41590881 14.6799469  -9.08761597  4.        
-2.21910095 -7.10292006  0.987091    5.        
 5.39202118 -8.73846436  3.17486596  2.        
3.56430006 7.98873901 1.707214   7.        
-3.27006507 14.5632782  -5.77072096  4.        
-5.57270002 19.25125885  4.74887085  3.        
-3.84984589 15.17102814 -8.87533569  4.        
-1.79882002  7.64358521  5.00466919  2.        
  6.15560198 -11.90174866   4.25820923   2.        
  7.92572784 -22.70158386   6.09475708   2.        
-7.11334181 18.92229462 11.16851807  3.        
-4.98423004 20.32802582  4.61813307  3.        
-10.81996155  12.48758698  -9.38330078   4.        
 2.701401   -2.9951551   2.95632911  2.        
-5.51566315 13.54734802  6.03799391  2.        
10.28575134 -1.45512402 -0.102875    6.        
-4.33254194 10.86218262 -2.7835691   2.        
 -8.66246796  13.63768768 -10.32098389   4.        
-5.27985382 12.80432892 -4.87762403  4.        
 9.48937988 -2.09079695 -2.23846412  6.        
 -9.16098785  13.28135681 -12.30136108   4.        
  7.28321791 -19.17292023   5.50216722   2.        
-4.05931091 -5.21417189  5.38989305  5.        
-4.89860487 20.84983826  6.89849806  3.        
-5.20035505 26.37756348 10.1942749   3.        
-2.62068892  7.22511292 -1.57745397  2.        
12.13217926 -1.16601598 -5.01901197  6.        
-7.01550293 16.74894714  7.84271193  3.        
0.899086   0.12673999 1.29357898 2.        
 2.57638597 -8.80817413  3.35870409  2.        
-7.65994978 12.50817871 -5.39059401  4.        
 8.29269409 -3.87464905 -4.72744799  6.        
-2.55268097  8.89929962  4.80633497  2.        
2.00251794 6.12460279 1.771088   7.        
-3.04878998  8.33683777 -1.81778002  2.        
1.14775097 1.05763197 1.49661195 2.        
 5.91674805 -6.14565992  1.12771595  2.        
-12.22769928  12.03844547  -9.94552612   4.        
-6.30050707 11.38509369 -3.8808291   4.        
-2.05506897  5.63488817 -0.91039997  2.        
-5.91365099 19.79102325  7.8789978   3.        
 0.0895     -7.02204084  3.19308496  5.        
3.517349   8.59812927 3.18432593 7.        
0.122894   2.91640496 0.47030601 2.        
  5.57811689 -12.30893707   4.10528612   2.        
-11.16917419  12.39668274 -11.11404419   4.        
  7.80979204 -21.68450928   5.46838379   2.        
-3.32901001 10.56281281  5.01107788  2.        
 1.80292499 -0.620354    3.28424096  2.        
-6.83263397 19.00498962  8.8092041   3.        
  6.79036713 -16.62039185   5.06375122   2.        
-5.29549408 13.0718689  -5.6713872   4.        
 9.45584106 -2.05508399 -1.22308302  6.        
 6.88442993 -5.22261095  1.16342199  2.        
-6.98970795 12.29602814 -4.68133497  4.        
 1.78554499 -1.02154505  1.90249598  2.        
  4.65867615 -10.0592041    3.4810791    2.        
12.74571991 -0.53691101 -4.42697096  6.        
 5.84664106 -4.10001421 -3.07598901  6.        
-6.40766096 12.14000702 -5.45489502  4.        
-5.18317413 21.69236755  8.05816746  3.        
 9.01800537 -2.42815399 -1.65542603  6.        
-4.52529907 13.06415558  5.29876709  2.        
-4.44551897 -6.07355499  4.33834791  5.        
 8.77230835 -2.74275208 -3.57623291  6.        
 4.6389308  -6.96570587  3.31323195  2.        
-0.45465899  3.43654609  0.48123199  2.        
-5.32843018 20.25250244  7.49438477  3.        
-5.18830109 23.26664734  9.44192505  3.        
-11.0308609   11.33431244  -5.58148193   4.        
-0.43957499 -7.14176893  1.70297205  5.        
-11.94446564  12.2068634   -9.57955933   4.        
 2.44229102 -1.725052    3.30090308  2.        
 9.32602692 -2.52567291  0.76770002  6.        
-4.97087908 -7.55868483  1.16912794  5.        
3.8021009  9.30914307 4.13021803 7.        
0.75238001 1.66418505 2.09887695 2.        
-1.66172004  4.78890181 -0.63748199  2.        
-3.57051802 23.83691406  7.49551392  3.        
-4.45943499 21.12573242  4.80789185  3.        
11.85702515 -0.40075701 -1.24368298  6.        
  7.69055891 -24.06574249   5.54934692   2.        
-7.32492781 18.29997253  9.59030247  3.        
 4.16925097 -7.72370911  3.6720891   2.        
  7.33044386 -20.04998779   5.26095581   2.        
-5.0249629  14.99800873 -9.67080688  4.        
-2.77048492 22.67087555  6.05645704  3.        
-5.58235216 17.81069946  6.47714186  3.        
0.167679   3.51455688 4.33221388 2.        
-5.89421082 14.91065979  6.44494581  2.        
-5.09397888 25.95694733 10.43295288  3.        
-5.36325121 18.16469574  4.86850023  3.        
 3.6482389  -5.37843323  2.91418505  2.        
-5.64137983 19.26235962  6.62234497  3.        
 9.33174133 -2.4263761  -2.9468081   6.        
 6.67640686 -4.73180389  0.490448    6.        
3.46515703 9.43686676 4.76159716 7.        
-1.43436396 -6.98010302  1.50839198  5.        
 -8.96713257  13.15795898 -13.04632568   4.        
-2.99940491 25.26875114  7.70245409  3.        
 -7.74742889  14.20838928 -11.2197876    4.        
 8.63119507 -3.25295305 -4.309021    6.        
-5.15135193 19.68505859  5.29574585  3.        
 -5.89907789  15.38882446 -12.29022217   4.        
-5.62244415 18.04329681  5.26315308  3.        
 5.93715715 -7.27056885  2.09732103  2.        
 1.25938404 -7.91799879  2.95675707  2.        
-0.29608899  4.15867615  0.128204    2.        
-4.51919603 25.82882881 11.04141235  3.        
-4.03583479 22.56969643  7.3684082   3.        
 9.80462646 -1.94584703 -0.50625598  6.        
-4.9238739  26.53620911 11.41809082  3.        
-7.64585114 -8.5032196   1.52764904  5.        
-4.3815608  24.34168243  9.09372044  3.        
-1.10969496  4.45737505  0.117371    2.        
0.94427502 0.430756   1.824036   2.        
-9.21764374 12.32091522 -5.87884521  4.        
-5.23577881 -6.09908295  5.58956909  5.        
 6.18962097 -3.67487311 -0.981659    6.        
2.736305   7.28736877 2.52154493 7.        
0.51368701 2.23473406 1.25848401 2.        
-5.77719879 12.02980804 -4.46664381  4.        
-9.83304596 11.76605225 -2.91296411  4.        
-4.80686188 -7.73478699  0.55023199  5.        
4.10087585 8.53768921 2.54037499 7.        
-5.06684113 22.29306793 11.04473877  3.        
12.62500763 -0.20490301 -3.55514503  6.        
6.01852417 9.28211975 3.2210691  7.        
-4.79032898 14.18784332 -6.79055786  4.        
-7.57672882 17.90543365  9.69769287  3.        
 8.88734436 -2.7089541   0.108765    6.        
 7.58102417 -3.61125207  1.33700597  6.        
  7.64634705 -20.94314575   5.92019701   2.        
  8.11639404 -26.56372833   6.34936523   2.        
 1.99343896 -0.990601    2.31487989  2.        
-5.7994771  20.94219971 10.53833008  3.        
-4.86694288 -7.22257996  2.00357103  5.        
 3.31908393 -4.38938904  2.55795288  2.        
 5.23171997 -9.63871002  3.62930298  2.        
-5.67859697 20.28127289 14.1036377   3.        
-4.78651381 13.75631714 -6.28439283  4.        
-6.41041613 19.79335785 13.75067139  3.        
 -7.20401812  14.55111694 -11.91995239   4.        
-0.83864599  4.900383   -0.33328199  2.        
2.8921659  7.38262892 1.58969104 7.        
-4.89205217 23.81851959 10.46139526  3.        
-4.21438599 13.5589447  -4.66995192  4.        
  8.46486664 -23.76989555   5.97772217   2.        
-2.97343397 -4.6286931   4.90814209  5.        
-5.47155809 15.95043945  5.50076294  3.        
-4.15215302 -5.6445241   5.08911085  5.        
 9.69623566 -2.4431529  -3.73339796  6.        
 6.21743011 -5.46559095  0.849213    2.        
-4.95280504 11.26673889 -3.51644897  4.        
-4.96115923 21.38051605  7.81063795  3.        
-12.22974396  11.37917328  -6.96630907   4.        
-3.31888604  9.5124054   5.13424683  2.        
4.57001495 8.66655731 1.668854   7.        
 2.5555191  -2.97485399  2.34970093  2.        
11.26755524 -0.813362   -1.94940197  6.        
-5.69284821 17.82646942  6.00024414  3.        
-13.04003143  11.77655792 -10.05285645   4.        
10.79354858 -1.162521   -1.554443    6.        
 3.52819109 -3.74530792  2.502563    2.        
-4.06505585 -6.84720612  2.57601905  5.        
-4.95022583 20.98327637  4.43847704  3.        
-8.58678436 12.84432983 -6.6497798   4.        
-4.27968597 25.91974068  8.99993896  3.        
-6.5163269  17.66134644  7.77386522  3.        
-3.30669403 -5.61525679  4.27612305  5.        
-5.98577118 16.91698456  7.06002808  3.        
-2.02096605 -5.70340681  4.15527296  5.        
-10.42185211  11.51185608  -3.1005249    4.        
-4.07774401 10.52347565  5.54855299  2.        
2.36177802 6.86370897 1.04904199 7.        
10.97201538 -1.32881904 -3.21990991  6.        
  6.2121892  -13.88956547   3.94030809   2.        
-5.4272542  18.5538559   5.95156908  3.        
-6.04843903 19.20314789  8.15560913  3.        
-12.40888214  12.05529785 -10.56335354   4.        
-4.25500488 25.2973175  11.88867188  3.        
-3.66339898 14.38427734 -6.08669996  4.        
 4.09092712 -6.5711751   3.05358911  2.        
 9.80934143 -2.38864112 -4.16705322  6.        
-11.2328949   12.04884338  -7.93762207   4.        
 7.79932404 -3.66627502 -4.26516724  6.        
 2.09594703 -1.81765699  2.04891992  2.        
-5.43412018 19.4750824   6.04373217  3.        
-6.48104906 17.13313293  7.63711596  3.        
-11.53155518  12.25615692  -9.15142822   4.        
-10.40742493  12.29350281  -6.75799608   4.        
-3.98442793 22.32804871  6.99175978  3.        
-5.01720381 20.44565582  5.19345093  3.        
11.98859406  0.054886   -1.71231103  6.        
-5.24406385 27.00215149 10.97372437  3.        
-7.55363512 13.88398743 -9.20239258  4.        
-5.37616014 19.6877594   4.86569214  3.        
-3.39127398 26.48108673  8.32870483  3.        
 9.74906158 -2.79634094 -5.69580078  6.        
-5.12698412 20.11180878  5.47628784  3.        
-4.61814117 -7.33110809  1.48257399  5.        
 1.89548504 -1.78899395  3.37136793  2.        
 9.97211456 -2.11139703  1.55883801  6.        
-1.87179601  6.52883911  4.49420214  2.        
-12.55513763  11.93874359 -11.27133179   4.        
4.14440203 8.30497742 0.75628698 7.        
-5.63291883 20.56268311 13.30999756  3.        
-0.35520199  3.4424901   4.27658081  2.        
-4.59788513 25.34164429 10.3505249   3.        
-6.69708204 19.40091705 11.96548462  3.        
  6.99951887 -18.15311432   4.68270922   2.        
  8.21327972 -24.04790497   5.6210022    2.        
-3.31550598 24.62969971  7.84378099  3.        
11.51330566 -0.656021    0.06427     6.        
1.35859704 1.60537004 2.2492981  2.        
10.76369476 -1.35463703 -3.75762892  6.        
 9.00212097 -2.5698781  -2.19464111  6.        
  4.95597076 -10.9050293    4.32000685   2.        
-4.15502882 23.22940826 12.20172119  3.        
-7.35131121 -7.03110504  5.21728516  5.        
-13.00841522  11.7951889  -10.54095459   4.        
3.52150011 7.47104597 0.62558001 7.        
-7.04356384 -7.23751783  3.87850904  5.        
-2.39440203  8.19634342  4.96389818  2.        
-6.01536608 15.97032928  6.76904297  3.        
3.18985009 7.94869184 2.76290894 7.        
-2.79235792 10.18217468  4.94769287  2.        
 3.85482788 -5.82713318  2.79193091  2.        
 5.39054918 -8.39889526  2.76986694  2.        
4.91558123 9.58119965 4.16189623 7.        
 2.54499006 -1.61704195  1.96249402  2.        
 1.41867805 -0.34341401  1.56457496  2.        
-2.73181891 24.04969788  7.03768921  3.        
-5.56851196 11.18152618 -3.65698195  4.        
-4.31240082 12.5892334  -3.76809692  4.        
-5.54953814 16.79828072  5.43786621  3.        
-6.11093092 12.82205963 -5.49377394  4.        
-2.04173994  7.11864519  4.97747803  2.        
-4.23995209 14.75442505 -8.17605591  4.        
-8.55515957 12.21352386 -2.50900292  4.        
11.24595642 -1.59734297 -4.94250488  6.        
 7.05318499 -4.28260803 -4.20672607  6.        
-0.06237    -6.74047899  3.50158691  5.        
-3.7935791   8.85302734 -1.95300305  2.        
-8.51468658 16.71781921  8.58145142  3.        
-3.5232091  14.55531311 -7.37683105  4.        
  4.92948103 -11.38719177   3.90872192   2.        
4.54273987 9.03430939 3.09475708 7.        
 3.53247809 -6.38246107  3.08157396  2.        
  5.73405504 -12.49188995   4.4776001    2.        
-3.76366401 25.39655304 13.45114136  3.        
-0.101723   -7.39861298  2.43112206  5.        
-12.46287537  11.59371853  -8.18338013   4.        
1.79322803 2.51094794 2.39685106 2.        
 7.72702789 -3.19580102 -2.10580397  6.        
-1.050354    6.03379822  4.66497803  2.        
-4.27753401 24.04595947 11.10638428  3.        
1.72889698 7.51135302 3.53637695 7.        
-5.51298523 21.8483963   9.54794312  3.        
 2.53868103 -2.18907905  2.85617089  2.        
-4.6206212  25.94740295 11.46902466  3.        
-4.61904907 24.20468903 10.41207886  3.        
-3.37448907 22.57973671  6.66311693  3.        
-5.52770185 16.47645569  6.21383715  3.        
1.72217596 7.93418884 3.70867896 7.        
-5.85407305 18.97384644  7.21151686  3.        
-7.46295214 12.23618317 -4.47091722  4.        
0.74303401 2.53552198 3.5960691  2.        
  7.84846497 -22.55147552   5.44518995   2.        
-3.3850019  24.58802795 13.7203064   3.        
-3.35269189 21.75411224  4.76638794  3.        
-6.43975782 18.3010025   8.23074341  3.        
-7.09442902 14.05748653 -8.53970337  4.        
-10.67097473  12.50219727 -10.92968845   4.        
-5.63375807 15.66091919  6.3531189   3.        
-5.98625994 20.77495575  9.62088013  3.        
-0.735695   -6.85177612  2.94577003  5.        
-4.381073   24.09379578  8.44464111  3.        
-3.516289    9.95388794  5.28893995  2.        
-3.90550208 25.03700256 12.64294434  3.        
-4.8442688  14.88083553 -8.49209595  4.        
3.06288195 7.6525569  2.40081811 7.        
-8.26242065 13.5147934  -8.86383057  4.        
-8.42429256 12.43295288 -5.41970778  4.        
-12.13696289  11.73219299 -12.21206665   4.        
-7.9477458  17.21915436  9.18145847  3.        
-8.58152008 17.43895531 12.04312134  3.        
-6.89736223 19.31487274  9.5128479   3.        
-3.15409803 -7.29397583  0.512573    5.        
-5.01531982 -6.96513414  2.82629395  5.        
 -6.30557299  15.18385315 -12.53906345   4.        
 8.59992981 -2.98833489  0.294159    6.        
11.06821442 -2.10407305 -5.66726685  6.        
-5.57723188 -7.61919403  1.41104102  5.        
  8.39406586 -25.53240967   5.96951294   2.        
-5.51883698 18.84645844  6.57440186  3.        
-8.10778141 17.94702911 12.54034424  3.        
 8.54491425 -3.45588708 -4.68508911  6.        
 8.04415131 -3.32505798  0.70492601  6.        
-3.23038507 -6.64710999  2.72122192  5.        
 1.782776   -7.59279585  3.24752808  2.        
 9.67907715 -1.96334803  0.25573701  6.        
-2.53147888 -7.20595503  0.13650499  5.        
  8.11608124 -23.57498932   5.77801514   2.        
4.92123413 9.35084534 3.74963403 7.        
-5.64713287 19.67342377  6.837677    3.        
 6.49797821 -5.4261632   1.17813098  2.        
 7.0581212 -4.276299   0.306061   6.       
-4.79088593 21.40103912  6.74981689  3.        
-6.1676712  -7.4759059   2.33175707  5.        
-4.37867022  9.68508911 -2.65905809  2.        
10.68922424 -1.27421606 -0.66995198  6.        
-10.70988464  11.89887238 -13.76318359   4.        
 7.23595381 -3.52687097 -2.93441796  6.        
-5.62033796 17.48522949  5.22955322  3.        
11.590065   -0.64304399 -2.72726393  6.        
-12.24246979  11.88555908  -9.12326145   4.        
 6.17602491 -7.15472412  2.43927002  2.        
-11.41660309  11.08436584  -4.27416992   4.        
1.05342901 0.42333999 1.01922596 2.        
-5.2639308  15.00344753  5.83041382  2.        
-5.69913483 20.44021606 12.14883423  3.        
10.30683136 -1.69697595 -3.72192407  6.        
-10.06833553  11.54097652  -4.50970507   4.        
-4.29695892 12.32896423  5.66693115  2.        
-4.11326599 10.42897797 -2.52053809  2.        
-6.53244781 19.41824341  8.56106567  3.        
 2.069031   -1.71554601  2.46676612  2.        
2.36766791 6.61119795 2.50808692 7.        
-6.06664991 20.61673737 11.07470703  3.        
 1.32844496 -8.29912567  3.14529395  2.        
-7.05579376 -8.41158295  1.30810499  5.        
-2.70428491 -6.67562914  2.44717407  5.        
-5.07992506 -6.54422808  4.04455614  5.        
-5.21775103 14.16241455  5.94421387  2.        
0.90860701 2.06321001 2.06289697 2.        
 -9.65834045  12.37221527 -13.94049072   4.        
10.04175568 -1.62368    -2.565552    6.        
-9.44342041 12.92492676 -8.03359985  4.        
2.27897596 6.99433899 0.431519   7.        
0.103134   3.34068298 0.40921    2.        
-7.48843384 12.04456329 -3.22268701  4.        
-4.8371048  23.01345825 10.82901001  3.        
-5.10063887 -6.72335815  3.28527808  5.        
-1.22173297  5.75324202 -0.40887499  2.        
0.929115   1.45461297 1.44210804 2.        
 -9.29592896  13.11241913 -10.29608154   4.        
  5.41114807 -10.63153839   3.47103906   2.        
 2.3962481  -2.39324188  2.22973609  2.        
-2.99034905 14.76302338 -4.86712694  4.        
-9.2634964  11.9553833  -3.61853004  4.        
-11.24298096  11.5783844   -6.4685359    4.        
 4.44220686 -8.44538116  3.72079492  2.        
-5.31012011 20.99468231 12.35324097  3.        
-7.50430298 13.91389465 -8.74090576  4.        
-5.05242205 12.12503815 -4.42364502  4.        
-4.53553009 22.04429626 12.74539185  3.        
-5.43924713 18.11500549  5.77383423  3.        
-3.15454888 14.77285767 -6.67715502  4.        
0.26200899 2.8255229  4.05459595 2.        
-5.20757294 19.27745819  4.50408888  3.        
  6.49919081 -14.93729401   4.57840014   2.        
-4.52651978 25.8707962   9.90304565  3.        
-4.46426392 26.93136597  9.13595581  3.        
-8.40768433 13.04506683 -7.48620605  4.        
1.93734705 0.169754   2.18966699 2.        
-4.05414581 -7.61894989 -0.92657501  5.        
-3.11386108 -7.18167877  1.341187    5.        
 8.32094574 -3.28824592 -2.9649961   6.        
 8.94340515 -3.39821601 -5.20788622  6.        
-6.23162079 -8.49350739 -0.017242    5.        
2.0213089  6.47025299 1.05615199 7.        
-3.9305799  13.44987488 -3.72659302  4.        
10.29296112 -1.93897998 -4.2322998   6.        
 1.53120399 -0.83083302  2.37313795  2.        
-4.52658796 11.87049866  5.574646    2.        
2.42497993 6.84745789 1.58950806 7.        
 7.15731096 -5.30291796  1.50735497  2.        
  6.92998505 -16.67024231   4.64904785   2.        
2.12656403 5.55544281 2.487396   7.        
-6.82460022 17.56220245  8.28933716  3.        
2.33983588 8.02115631 3.575104   7.        
-12.69715881  11.84792328  -9.75537109   4.        
 1.27201796 -0.330612    3.58157396  2.        
-5.63778687 21.03829956  8.35473633  3.        
-3.54019904 25.0700531   8.17419434  3.        
-9.55841064 12.6239624  -6.64700317  4.        
 -8.18524933  13.79670715 -10.50427246   4.        
-3.90729499 25.19081879 12.12918091  3.        
 6.67713881 -3.85156202 -3.01486206  6.        
1.87086499 5.83145905 2.15667701 7.        
 9.81324768 -2.05075788 -1.79907203  6.        
 7.22658491 -4.32967377  0.69116199  6.        
-2.5116961  24.86994743  7.21020508  3.        
-4.35310411  9.56812286 -2.14904809  2.        
-8.25675201 16.17194366  7.74368286  3.        
  5.39312696 -10.09223938   3.75308204   2.        
 -4.8289032   15.67140961 -11.03375244   4.        
-1.868294   -7.08661604  1.39825404  5.        
-6.46152496 20.12534332 10.55151367  3.        
-6.94373322 19.11990356 13.440979    3.        
-3.16142297 24.38637543  7.46640015  3.        
  8.21899414 -26.17953682   6.12622118   2.        
 2.14598107 -1.90264106  2.93139601  2.        
 2.44749403 -3.66893005  2.77887011  2.        
  7.96099806 -24.2261734    6.40322924   2.        
-4.64614105 25.80071259 10.3079834   3.        
-7.36126709 17.71070862  8.98486328  3.        
 2.3224411  -1.26216102  1.81817603  2.        
-0.99792498  5.24342299  4.44604492  2.        
-7.23706818 18.88825226 13.13253784  3.        
-4.74008894 11.96093845 -3.71176195  4.        
-5.4334259  20.98800659 11.43511963  3.        
 6.35551405 -6.47494507  1.99673498  2.        
-5.80794477 18.29673767  6.72076416  3.        
-5.2625351  22.00353241  8.89038086  3.        
-5.56146193 21.51917267 10.11090088  3.        
 3.09019494 -4.13522291  2.89404297  2.        
1.75497401 1.84252906 2.30490088 2.        
4.34939623 8.68960571 2.20825195 7.        
  5.26921082 -11.09642029   4.01104689   2.        
 7.44546509 -4.00514221 -4.1088562   6.        
-8.02892303 18.08592224 11.89483643  3.        
-3.84075904 13.85364532 -4.20517015  4.        
  7.24932098 -18.69334412   5.0844121    2.        
-3.82099891 24.25694275  7.96362305  3.        
-7.92193604 12.30702972 -4.81033278  4.        
  7.40293121 -18.05092621   4.78256178   2.        
5.35437012 9.04562378 2.74868798 7.        
-3.85335493 15.73584747 -9.75357056  4.        
 7.60488081 -3.39019799 -0.43319699  6.        
-10.02033234  11.69608307  -5.40966797   4.        
-4.87564802 22.9378891  10.22808838  3.        
-4.94503021 25.98371887  9.8807373   3.        
-5.5267868  16.90756226  6.05493212  3.        
-10.23244476  12.70449829 -11.67077637   4.        
-6.1656189  20.32115936 10.21356201  3.        
-3.56885505 11.18884277  5.52828979  2.        
-4.79972792 12.96421814 -4.75952101  4.        
1.13191998 0.59950298 3.86746192 2.        
-6.78649092 -7.87510681  1.90564001  5.        
-3.21349311  8.18631744 -1.44912696  2.        
 -5.95284986  15.13617706 -11.7388916    4.        
 -7.270401    14.27207947 -10.71514893   4.        
-3.85436296 14.88738346 -8.26193237  4.        
4.97602081 8.70159912 1.17901599 7.        
-4.14804077 23.46911621 11.50790405  3.        
-4.6317749  24.78662872 11.07409668  3.        
-4.89057922 14.40324402 -7.28427076  4.        
-4.39284515 -6.53004503  3.57018995  5.        
-3.52930403 24.28410339 12.92959595  3.        
-4.82462311 22.40860748 11.53085327  3.        
-5.58633423 21.58848572  8.75179958  3.        
10.43230438 -1.644714   -2.80990601  6.        
-0.84816003 -6.98434401  1.205688    5.        
 0.77613801 -8.12229919  2.79156494  2.        
 0.55257398 -7.6852951   2.48986793  2.        
 3.74193597 -6.94267321  3.21536207  2.        
1.91652703 7.39836884 3.15002394 7.        
 -6.90969896  14.59015656 -12.65176392   4.        
-5.56545305 21.08243561 10.14944458  3.        
 -8.82691193  13.39578247 -11.77450562   4.        
-9.71118164 11.88207245 -3.82894897  4.        
-0.61919397 -6.74203491  3.51477098  5.        
-4.7359848  24.60401917  9.39227295  3.        
  8.10760498 -23.14093018   5.64556885   2.        
 5.64950609 -3.47346497 -1.52700806  6.        
-3.72219896 21.77059937  5.51956177  3.        
-5.60672808 14.65820312  6.287323    2.        
-8.78355408 16.41499329  8.34454441  3.        
-11.86883545  11.32016754  -6.22479296   4.        
-4.93117523 15.03284454 -9.24807739  4.        
10.60713959 -1.92317998 -5.10800219  6.        
10.66134644 -1.36327398 -1.972229    6.        
-3.67233992 11.48204803  5.22814894  2.        
-6.58943176 12.53853607 -5.46398878  4.        
  6.66887712 -17.15687561   4.67752123   2.        
11.52806091 -1.04193103 -3.746948    6.        
-6.37885284 -7.0380168   3.56729102  5.        
  7.83660078 -22.02053833   5.23156691   2.        
-11.96225739  11.6843338   -7.72235107   4.        
10.12414646 -1.84404802  0.91168201  6.        
1.06583405 6.83351898 3.39929199 7.        
4.52663422 9.50140381 4.49490404 7.        
-1.31079102  6.80345917  4.43994093  2.        
-5.4485631  -7.38184404  1.88226295  5.        
-4.04714203 -6.02664185  4.12225294  5.        
 1.48804498 -0.43162501  2.48754907  2.        
-8.2539978  17.5268631  10.04931641  3.        
-3.44126892 -5.4909668   4.68258715  5.        
1.79811096 0.94379401 2.19866896 2.        
1.43761396 0.39087701 1.74670398 2.        
-3.43549395 14.35679626 -6.84548998  4.        
-4.54521894 13.64932346 -5.51715088  4.        
-4.24092102 21.64945221 14.06967163  3.        
  8.38882542 -23.01893616   5.91870117   2.        
-3.5156939  23.21537781  7.06359911  3.        
-5.15490007 22.5606842   9.10806274  3.        
-5.53965807 -7.95190382  0.87011701  5.        
 4.628654   -8.34143829  3.22949195  2.        
-10.01786804  12.78470612 -10.13723755   4.        
-6.31204987 19.86565399 11.29702759  3.        
-5.53418016 20.89198303 13.88540554  3.        
-5.25360918 21.38130951  8.39556885  3.        
0.46086901 2.24146295 3.80447412 2.        
-5.0442729  23.9120636   9.76531982  3.        
-6.01249695 13.68845367 -6.76806593  4.        
 9.40657806 -2.74693298 -4.43499804  6.        
 8.21936798 -2.7940371  -1.94598401  6.        
  6.03118086 -13.73847198   4.40780592   2.        
-12.35441589  11.56718445  -7.34240723   4.        
 3.56280494 -7.4029541   2.84765601  2.        
-7.75066423 12.99039459 -6.97610521  4.        
-4.40801191 26.59392548  9.43621826  3.        
5.19551086 9.19338226 3.48983788 7.        
-5.53811693 16.19963837  5.18530321  3.        
-4.20320082 -6.72023821  3.04653907  5.        
-4.93186998 21.57143402 12.82687378  3.        
-6.39580488 16.81010437  7.26879883  3.        
1.65036798 6.7226181  2.8752749  7.        
 8.80995941 -2.759583   -0.483917    6.        
-8.75267029 17.43987274 10.91635132  3.        
 -8.3341217   13.87867737 -11.85513306   4.        
-7.35998487 -8.15448761  2.27002001  5.        
-4.52140093 25.29401398  9.89404297  3.        
2.87305403 7.4331131  1.15496802 7.        
1.58152795 6.24194288 2.91592407 7.        
-4.53665876 22.06673431 12.15945435  3.        
-3.98221588 24.4910965  12.41326904  3.        
 -8.3059082   13.67354584 -12.64727783   4.        
-9.16824341 12.03275299 -5.25473022  4.        
  8.16384125 -25.60651398   5.64312696   2.        
-3.90750909 -6.23231506  3.77297997  5.        
-2.8673861  14.84693909 -5.36810303  4.        
-5.17223406 10.95849609 -2.93914795  4.        
-8.44219971 17.74613953 11.60333347  3.        
-4.25578308 25.96523285 11.76846313  3.        
-10.40440369  12.47159576 -12.40151978   4.        
0.032249   1.74349999 0.70443702 2.        
-5.22788191 14.75601959 -8.45526123  4.        
-4.98413086 21.7607193  11.01803589  3.        
2.56185102 6.78420305 0.706146   7.        
-5.25083208 26.68737793 11.23324585  3.        
-2.89580488  7.52327013 -1.67987096  2.        
 9.9977951  -2.52141595 -5.53393602  6.        
-7.58085585 17.60932732  9.40627956  3.        
11.7333374  -1.12019396 -4.96969604  6.        
  8.13673401 -25.53274536   6.29394484   2.        
-1.54589105 -6.77813005  2.72888207  5.        
-3.81885505 23.80859375 12.68243408  3.        
 8.17433929 -3.03389692 -0.125671    6.        
-5.37657213 21.2069931  10.81289673  3.        
-1.930336   -6.93621778  0.72226     5.        
  7.03242493 -14.93518066   4.68640089   2.        
-4.24033403 21.95464325  6.92016602  3.        
-3.75292993 14.4414444  -6.47567701  4.        
  4.84172821 -10.27971554   4.11718798   2.        
  7.35897112 -19.61383057   5.38037109   2.        
 6.27694702 -4.19880676 -0.090149    6.        
 7.92961121 -3.53224206 -3.53219604  6.        
 3.34369707 -5.11293793  2.99700904  2.        
0.261475   2.5013659  0.59265101 2.        
 5.50865889 -9.13330841  3.01467896  2.        
-0.26713601  2.7035141   0.188141    2.        
-6.70037794 -7.65575409  2.49798608  5.        
-2.82801104 -4.86024523  5.26220703  5.        
-2.01528907 -6.90214491 -0.42449999  5.        
 -4.92804003  15.49386597 -10.40475464   4.        
-6.59877777 19.50495911 12.78744507  3.        
-1.988976   -6.95522308  2.15136695  5.        
-3.85507202 21.61263275  4.82958984  3.        
-5.54493713 18.83844757  5.17804003  3.        
-11.89280701  12.10399628 -10.66830444   4.        
-4.60858917 24.48869133  9.86264038  3.        
-11.23735809  11.75292969 -13.45172119   4.        
-2.24560499  6.65154314 -1.196594    2.        
 5.78382921 -3.39305902 -1.10064697  6.        
 7.82796478 -3.11579895 -0.66665602  6.        
-11.79724884  12.03655243  -8.54598999   4.        
-6.67031908 18.60399628  8.80697632  3.        
 6.28496599 -3.60948205 -1.80078101  6.        
-7.18828583 18.37129974 10.49047947  3.        
-4.68887281 23.78099823  9.17553711  3.        
  7.35313416 -21.02786255   5.21972704   2.        
 7.45542097 -4.67513323  1.04070997  6.        
-0.31005901  4.12537384  4.27365112  2.        
-1.51579297 -5.96161604  3.84002709  5.        
-4.02934313 22.05097961 13.90582275  3.        
-6.34636688 15.32295227  6.7376709   3.        
-9.10062408 12.92076874 -7.20803785  4.        
-1.63138604  6.76257277  4.71484423  2.        
-6.21704912 19.84199524 12.6741333   3.        
-3.53937507 23.95999908 13.88555908  3.        
-5.96308088 13.34753418 -6.13671923  4.        
-6.5391078  20.15253448  9.7533884   3.        
-9.06314087 12.01530457 -4.30889893  4.        
 1.72822595 -1.07991004  3.5874939   2.        
-1.94977605 -6.27490997  3.59054589  5.        
  7.49731398 -20.06427002   5.63739014   2.        
-6.03829193 19.91068268  8.50463867  3.        
12.7918396  -0.041862   -2.89721704  6.        
0.87552601 1.87181902 0.871185   2.        
-1.45390296  5.57092285  5.23376513  2.        
-8.0532074  13.19796753 -8.05319214  4.        
-4.40053606 15.4899292  -9.85678101  4.        
  7.53031206 -18.84753418   4.72631788   2.        
 7.49427795 -3.96476698  0.71511799  6.        
-5.64215803 -8.2044754   0.013245    5.        
-10.33073425  11.60868835  -3.78070092   4.        
 -5.36071014  15.29694366 -10.33648682   4.        
12.33908081 -0.25241101 -2.4225769   6.        
-6.92738295 18.7774353  10.77581787  3.        
 0.19754    -7.96733904  2.58029199  2.        
-10.05304718  12.54354858 -12.1104126    4.        
 1.925354   -8.09439945  3.11206102  2.        
-5.98871613 17.60693359  7.22967482  3.        
-9.30837345 12.09442902 -2.23940992  4.        
 3.9846499  -7.46786499  3.08477807  2.        
-4.3224721  11.16333771  5.30978394  2.        
-5.65869093 20.45894051 12.75576782  3.        
-5.80457306 14.68109894 -8.89605713  4.        
 6.85152388 -3.44228411 -2.18283105  6.        
-4.96424103 21.63525391 11.41000366  3.        
-11.78123474  12.09290314 -11.06478882   4.        
0.66080499 1.47334301 3.69909692 2.        
 -5.365242    15.37967682 -11.08294678   4.        
 -8.3494873   13.72049046 -11.18179321   4.        
 -6.88170624  14.5771637  -11.33728027   4.        
-5.98686981 14.76193237 -9.75210571  4.        
-5.93959808 -6.52270508  5.40856886  5.        
-8.60705566 12.55233765 -5.8527832   4.        
