-0.174988   -2.37797594  1.26553297  2.        
3.72247291 8.34509277 7.30554199 4.        
 0.214798    5.07891893 -7.21935987  3.        
-6.02814484  7.1720891   2.17547607  5.        
3.04643202 4.66960907 0.77554297 4.        
 0.548935   -8.37754059  2.06890893  2.        
-1.75141895  6.01622009 -2.04281592  3.        
-0.25772101  6.53491211  4.23065186  4.        
 4.03436279  4.28945208 -4.14202881  3.        
5.68809509 6.01787615 4.10586596 4.        
-0.40788299  1.93512702  1.181885    2.        
-2.52423096  6.00092316  1.509583    5.        
 1.53817701  5.31487989 -2.18582106  3.        
2.77941895 7.16176605 4.59219408 4.        
-0.17077599 -5.4285512   1.47045898  2.        
0.618927   4.44149017 2.37899804 4.        
-1.37702894  5.7641449  -4.87283278  3.        
-3.804672    6.57015991  3.93933105  5.        
 1.55453503  5.39575195 -4.88314819  3.        
-0.13244601  4.06516314 -0.493469    2.        
-4.86277819  5.45688581  0.612122    5.        
5.77224684 7.24946594 6.3586731  4.        
0.93864399 7.88752794 5.91220093 4.        
4.73809814 4.7625432  2.38616896 4.        
 3.67437696  4.6555481  -1.71508801  3.        
 2.62925696  4.46363115 -6.66333008  3.        
 0.32067901 -0.18661501  1.08868396  2.        
2.52092004 5.8632431  2.78021193 4.        
1.57414305 3.32335711 0.38018799 6.        
-0.057678    5.726089   -3.30599999  3.        
-0.969513    4.64082289  1.21307397  5.        
-4.82687378  8.13704681  3.43530297  5.        
-1.52935803  5.56017303  3.10684204  5.        
-4.20758104  6.81611586  1.89508104  5.        
-3.18307495  5.14453888  0.078186    5.        
4.1593318  7.54556322 5.62383986 4.        
4.07803297 6.25802612 3.50299096 4.        
 2.1204071   4.66873217 -0.68689001  3.        
 0.64349401 -3.92005897  1.35723901  2.        
 2.56391907  5.12784576 -3.54013109  3.        
-0.246033    5.29287004 -1.65682995  3.        
0.84786999 5.9472661  3.0531919  4.        
2.585953   7.92305803 6.07699585 4.        
 0.173676    5.45944977 -5.65802002  3.        
-1.85601795  6.55467987 -3.59927392  3.        
1.21363795 7.022964   4.48214722 4.        
-0.158875   -6.96112108  1.79711902  2.        
 2.92047095  4.6632309  -5.13211107  3.        
0.401245   3.03527808 1.86633301 2.        
1.897385   4.99338484 1.67675805 4.        
-1.58001697  5.54565382  0.192017    5.        
-2.85040307  6.43244886  2.85623193  5.        
0.21727    2.85700202 0.22821    2.        
 1.30833399  4.90947723 -6.39215088  3.        
3.53175402 5.22332001 1.92520106 4.        
5.24420214 6.89853716 5.12631178 4.        
 1.25100696  5.53729296 -3.56494093  3.        
-5.57424212  6.19106293  1.41214001  5.        
-0.27069101  5.28004503  3.00469995  4.        
 0.82733202  4.87111712 -1.07498205  3.        
 0.26312301 -1.26534998  1.79467797  2.        
-3.66097999  6.02309418  0.94845599  5.        
-0.426056    5.32032013 -0.41946399  3.        
 3.74780297  4.43176317 -2.93652296  3.        
4.66725206 7.68762207 6.73983812 4.        
0.341858   0.99414802 1.44219995 2.        
-0.56640601 -4.28154802  1.57827795  2.        
-3.98364305  7.36911011  3.02127099  5.        
2.11096191 6.56441498 3.6781311  4.        
0.190201   7.32893419 5.14385986 4.        
 0.28001401  5.67207289 -4.47268677  3.        
-0.59675598  3.50571394  1.33642602  2.        
4.03286695 6.8923192  4.50454712 4.        
 2.66110206  4.97693586 -2.25164795  3.        
5.06369019 5.55510712 3.22906494 4.        
-1.05911195  5.47486115  2.05493212  5.        
 0.989182    4.05614519 -0.32211301  2.        
1.91607702 7.51313782 5.29370117 4.        
-1.20214796  5.83223677 -1.02172899  3.        
-0.79406703  5.24471283 -6.15093994  3.        
-4.91981506  7.44680023  2.43905592  5.        
-1.10148597  6.00102997 -2.90060401  3.        
-2.79627991  5.7856369   3.68847704  5.        
 0.52581799  5.47504377 -2.46676612  3.        
1.37298596 5.12259722 2.61288404 4.        
1.33224499 4.05991411 1.72213805 4.        
 2.08874512  4.94901323 -5.68225098  3.        
3.154037   6.62140703 3.77072096 4.        
4.12782288 4.6654129  1.30465698 4.        
3.557724   7.88444519 6.39151001 4.        
-1.64663696  5.42286682  1.20382702  5.        
0.53349298 2.04325891 1.67550695 2.        
-0.800583    5.81964922 -4.03951979  3.        
3.992172   5.33611298 2.8101809  4.        
2.77983093 8.20845032 7.01516724 4.        
0.666336   6.51667786 3.841187   4.        
1.15901196 3.03791094 1.24420202 6.        
-3.26532006  6.54103804  1.98446703  5.        
 3.03059411  4.86682892 -0.961182    3.        
-4.61949205  6.20286608  1.235443    5.        
-2.0449369   5.88433123  2.35424805  5.        
 0.21254    -3.17792511  1.79550195  2.        
-2.46537805  5.68595886  0.60778803  5.        
-4.30300903  7.3779912   4.03250122  5.        
4.81979418 6.46962023 4.19345093 4.        
1.72570801 8.15898895 6.39019823 4.        
 3.22665405  4.79059601 -4.11908007  3.        
-5.5656662   7.96225023  2.86071801  5.        
 2.3222661   5.14269304 -4.43179321  3.        
3.31872606 7.47724104 5.27337694 4.        
-0.056335    6.03272295  3.44824195  4.        
6.02813721 6.52175093 5.31533813 4.        
 3.1925509   4.45819092 -5.94973803  3.        
 1.10444605  4.83813477 -7.25033617  3.        
-0.50817901  5.62095594 -4.92807007  3.        
5.00247192 7.33810377 5.93716383 4.        
 0.59455901 -5.74703217  1.76110804  2.        
 1.03384399  5.29827881 -5.58340502  3.        
2.61253405 5.37046099 2.00518799 4.        
-3.98500109  5.25745392  0.39978001  5.        
-5.17016602  6.86968994  1.83850098  5.        
-0.412247    5.68323517 -2.47820997  3.        
 1.94726598  5.31720018 -2.95101905  3.        
 1.72621202  4.93865204 -1.42819202  3.        
0.22926299 2.54689789 1.03024304 2.        
 0.062836   -4.60887909  2.04836988  2.        
 0.45492601  5.24388885 -6.42071486  3.        
1.08386195 7.44462585 5.20910597 4.        
 0.280182   -7.60463715  2.23910499  2.        
1.67570496 5.91313219 2.94772291 4.        
-0.95960999  5.03945923 -1.02273595  3.        
0.50572199 5.24385118 2.72406006 4.        
 1.88641405  4.67427111 -6.93630981  3.        
-0.964279    5.64070082 -1.83624303  3.        
3.41703796 5.88816118 2.95459008 4.        
0.78947401 3.31524706 0.573273   6.        
 3.67356896  4.37867689 -4.85397291  3.        
-1.58178699  5.9865799  -4.13559008  3.        
3.54645014e-01 3.67720008e+00 3.38699995e-03 2.00000000e+00
-0.118134   -1.60026503  1.107849    2.        
 3.01768494  4.86100006 -2.94290209  3.        
-3.46185303  6.79138994  3.27072096  5.        
-2.2862699   5.94257307  3.09552002  5.        
0.67196703 3.75541711 2.00988793 2.        
1.97551    7.13979292 4.60559082 4.        
-1.87043798  6.11194611 -2.82751489  3.        
0.49298099 6.76227617 4.57647705 4.        
 0.069809    4.7586751  -0.98141497  3.        
 0.61833203  5.23104906 -1.74102795  3.        
2.28938293 4.8926239  1.02795398 4.        
-0.03273    -6.16506195  1.79620397  2.        
 2.47572303  4.90914917 -1.52343798  3.        
 0.45553601 -1.10928297  1.08801305  2.        
1.97575402 5.52316999 2.38345289 4.        
-3.66035509  6.94221497  2.47610497  5.        
-0.91813701  5.66998291 -5.55328417  3.        
 0.401932   -1.95886195  1.58557105  2.        
2.91313195 4.97156477 1.46307397 4.        
-0.259949    5.05174303 -6.65838623  3.        
1.31391895 6.36561584 3.43161011 4.        
 1.90083301  5.34621382 -3.87069702  3.        
4.5461731  7.10437012 5.10842896 4.        
 1.40095496  4.58813477 -0.591766    3.        
 0.97396898  5.58277893 -4.31192017  3.        
-2.51345801  5.35549879 -0.051575    5.        
5.62666321 6.46702623 4.65002394 4.        
 3.3222661   4.63955688 -2.34921288  3.        
 0.58004802  5.64255524 -3.73599195  3.        
1.32428002 4.70912218 1.98220801 4.        
 0.65293902  5.54220581 -5.04486084  3.        
4.15234423 4.76561022 1.98986804 4.        
 3.96684289  4.38026381 -2.28210402  3.        
4.26269484 7.82830095 7.28311205 4.        
-0.93182403  4.42270708  1.86831701  5.        
 1.15690601  5.49242401 -2.88205004  3.        
-0.02121     0.40779099  1.13491797  2.        
-0.113068   -3.6727519   1.44747901  2.        
2.62281799 6.27632093 3.32324195 4.        
2.59588599 7.58645582 5.32476807 4.        
-2.97555494  5.98358107  0.951294    5.        
-3.47428894  6.04424286  3.65615797  5.        
-5.8055501   6.82118177  1.60543799  5.        
4.95278883 6.05316877 3.67861891 4.        
5.61964417 6.96283007 5.68283081 4.        
-3.81797791  6.42253113  1.51559401  5.        
-0.52340698 -4.91061401  1.93377697  2.        
-2.65708899  6.25142717  2.24508691  5.        
 0.250458   -0.62484002  1.61529505  2.        
 0.44976801 -3.249542    1.17843604  2.        
-6.022964    7.83714294  2.39593506  5.        
-4.53504896  7.74291992  2.89105201  5.        
-1.96343994  5.681252    1.724213    5.        
3.14662194 5.65466309 2.3990171  4.        
3.39814806 6.93304396 4.33026123 4.        
 0.108124   -5.44852495  2.09079003  2.        
-4.22445679  5.68345594  0.91336101  5.        
 3.44656396  4.65345001 -3.47814894  3.        
4.45141602 5.75157881 3.09558105 4.        
4.21623182 7.75077105 6.26867723 4.        
5.57281494 5.50737    3.71624804 4.        
3.87780809 7.25848389 5.0214839  4.        
-5.23442078  5.85152388  0.97232097  5.        
 2.51673889  4.62285614 -6.03973389  3.        
-4.30806017  7.2491231   2.40417504  5.        
-0.32578999  2.61417389  1.34924304  2.        
0.053497   1.51300001 1.03179896 2.        
 0.46362299  4.34801483 -0.684937    3.        
2.49151611 6.87028503 4.09851122 4.        
 3.26661706  4.14766693 -5.28649902  3.        
3.50373793 4.78019714 1.32351696 4.        
-0.58105499  4.17906189  1.40484595  2.        
1.55085695 7.80986786 5.78491211 4.        
-1.41711402  6.04088593 -3.44259596  3.        
-3.28245497  5.64257002  0.44812     5.        
1.39970398 6.75563002 3.94503808 4.        
 0.390793   -5.15644121  1.53509498  2.        
 2.30493212  5.09494019 -5.11343384  3.        
 0.24250799 -2.56025696  1.70217896  2.        
 0.50807202  5.54751587 -3.08602905  3.        
-1.51756299  5.50373793 -1.58694506  3.        
-0.052444    5.70890808 -3.949646    3.        
-1.46035802  5.73625183  2.48092604  5.        
3.1529851  7.7806468  5.88275194 4.        
-0.137146    6.96029711  4.65716505  4.        
5.2341609  7.49977112 6.50869799 4.        
3.74641395 6.64160919 3.91668701 4.        
-0.442413   4.7220459 -0.538055   3.       
 3.08503699  4.80008698 -1.75830102  3.        
0.32312    5.64969587 3.13864112 4.        
-1.25112903  5.06239319  1.54626501  5.        
2.33071899 8.22022343 6.60818481 4.        
-3.21060205  6.28646803  1.43746901  5.        
-0.64205903  5.86645508 -3.37988305  3.        
-3.93775892  7.08953905  3.646667    5.        
-1.39330995  6.13674879 -1.57156396  3.        
 1.95436096  4.72776794 -6.34036303  3.        
-1.89199997e-03  3.50550795e+00  1.42596400e+00  2.00000000e+00
 0.085068   -4.30443621  1.532745    2.        
0.54334998 7.7591629  5.48217821 4.        
-4.32327318  7.69760084  3.4468081   5.        
-1.23643506  5.16431379  0.86050397  5.        
0.57142597 3.08509803 1.07458496 6.        
0.195282   6.18590498 3.98379493 4.        
-0.202545    5.38815308 -6.17501783  3.        
 3.99314904  4.38923597 -3.47323608  3.        
4.72766113 5.25332594 2.71383691 4.        
-0.056656   -2.9533689   1.31011999  2.        
1.52763402 3.42051697 0.98986799 6.        
0.35084501 0.34359699 1.58606005 2.        
 0.39831501 -7.13686419  1.83273304  2.        
1.83294702 4.96740007 2.26925707 4.        
4.81089783 6.80722809 4.67086792 4.        
 2.08462501  5.12767792 -2.1434021   3.        
 2.79794312  4.85344696 -4.58996582  3.        
 1.18890405  5.13628387 -1.73339796  3.        
-5.40269518  7.20987701  2.2350769   5.        
-3.02128601  6.21612597  3.353302    5.        
3.93582106 7.97988081 6.80502319 4.        
-0.055206   -0.77851099  1.16265905  2.        
0.59695399 2.6570971  1.49383497 2.        
0.048798   2.0105741  0.76617402 2.        
-0.254684   -0.098328    1.05319202  2.        
 0.62458801  4.87469482 -6.89172411  3.        
-0.425735    5.1901021  -1.11257899  3.        
 1.60723901  5.25785112 -5.4248662   3.        
2.04481506 6.26121521 3.21255493 4.        
1.91438305 6.91027784 4.09573412 4.        
 0.024521    5.6269002  -5.09298706  3.        
 1.307037    4.53924608 -6.80648804  3.        
 1.55760205  5.4520421  -4.3309021   3.        
0.890701   3.25425696 1.72909498 2.        
0.25707999 1.51420605 1.61010695 2.        
-0.34994501  5.51978302 -5.49310303  3.        
0.74340802 7.18536377 4.86367798 4.        
-1.91479504  5.57737017  0.749237    5.        
4.26921082 6.45658112 3.97778296 4.        
2.19087195 7.77413893 5.72647095 4.        
 0.289612   -8.10301208  2.46786499  2.        
-4.68984985  6.61480713  1.72927904  5.        
-1.20222497  6.00532484 -2.36248803  3.        
2.90582299 8.01856995 6.50720215 4.        
 1.64389002  5.06698608 -5.97091722  3.        
 0.193069   -6.63383484  2.05032396  2.        
3.54936194 6.17530823 3.4186399  4.        
3.30264306 8.08769226 7.01437378 4.        
-0.30207801  5.69959307 -4.42126513  3.        
-0.096008   -4.80365705  1.54922497  2.        
-4.68606615  7.00471497  2.12277198  5.        
 0.89611799  5.18724108 -6.0836792   3.        
 0.204926    5.03908491 -1.408813    3.        
0.044373   5.00509596 2.62808204 4.        
0.109589   2.00763702 1.36325097 2.        
-1.04560804  5.43617201 -1.35861194  3.        
1.06973302 5.47310591 3.00372291 4.        
0.86486799 6.0595932  3.67547607 4.        
0.89576697 4.96054077 2.46524096 4.        
-2.18989611  5.81510878  1.12753296  5.        
-0.97567701  5.6967392  -4.54333496  3.        
 2.63172889  4.5594182  -0.71096802  3.        
 1.05592406  5.37972307 -2.37426805  3.        
3.9134059  5.16369581 2.275177   4.        
4.52563477 4.61962891 1.65682995 4.        
-0.058197    5.45155287 -2.11492896  3.        
3.67164612 7.66281891 5.7520752  4.        
-0.405334    6.30287218  3.7185061   4.        
 2.55590796  5.08064985 -2.86532593  3.        
-5.0677948   7.82633209  2.83261108  5.        
-2.06658912  5.31504822  0.199158    5.        
2.38613892 5.08669281 1.49285901 4.        
-0.11499    -7.47161102  1.82122803  2.        
1.89965796 4.62500811 1.320526   4.        
0.37928799 3.98406196 2.36022902 4.        
 3.40971398  4.63466597 -1.21106005  3.        
 3.5952909   4.440804   -4.35257006  3.        
-1.51278698  5.44936419  1.82428002  5.        
-5.03418016  6.25106812  1.52743495  5.        
 0.010788    5.62500811 -2.75344896  3.        
-3.12822008  6.26676893  3.95251489  5.        
-1.55961597  6.19039106 -4.6688838   3.        
-3.25109911  6.68331909  2.67571998  5.        
0.98179603 4.31784821 2.04882789 4.        
0.466171   6.09176588 3.34515405 4.        
-1.93356299  5.67526197  2.83358788  5.        
-4.10685682  6.11879015  1.15606701  5.        
3.3860321  7.25658417 4.82885695 4.        
-0.43189999  5.86935377  3.16195703  4.        
 1.34632897  4.82490492 -1.02810705  3.        
 2.54672194  4.81899977 -5.53436279  3.        
-5.58583117  7.59471083  2.48449707  5.        
 1.71376002  5.36680603 -3.37506104  3.        
-3.73043799  6.69606781  1.90280199  5.        
 0.48071301  4.06390381 -0.25497401  2.        
4.8496089  7.21024323 5.50036621 4.        
0.81243902 3.59086609 0.117554   2.        
-0.25204501  3.08672309  1.34872401  2.        
 0.93548602  4.4121089  -0.70050001  3.        
-2.40914893  6.02301788  2.64297509  5.        
5.05044603 4.90606689 2.72112989 4.        
3.0818181  5.37145185 1.90469396 4.        
 1.69126904  4.25151777 -0.427338    3.        
 2.98407006  4.91216278 -3.4125669   3.        
-1.04870605  4.11727905  1.36395299  2.        
0.177109   6.6582489  4.09310913 4.        
 2.68382311  4.97693586 -4.14856005  3.        
-1.073578    4.83814192  2.037781    5.        
-4.4236598   5.40315294  0.317139    5.        
 0.63090497  5.43460894 -5.7819519   3.        
0.096283   3.32910895 0.182404   2.        
1.36885095 7.91788483 6.20340014 4.        
2.98821998 6.06346083 3.02328491 4.        
4.00665283 5.89697981 3.08374    4.        
 3.23226905  4.48829603 -4.74420214  3.        
5.66778612 6.70270491 5.05154419 4.        
3.59573388 5.52532196 2.39877295 4.        
1.45709205 7.33230591 4.95141602 4.        
-0.079956   -1.18637896  1.38778698  2.        
4.38523912 5.15636396 2.41317797 4.        
0.95382702 6.82674408 4.1494751  4.        
0.005371   0.90860701 1.134583   2.        
4.77052307 7.60556793 6.29538012 4.        
 0.077148   -8.10866642  2.05606103  2.        
 1.13914502  5.42524719 -5.08633423  3.        
5.23203993 6.26818085 4.24725294 4.        
-0.37396199 -5.83584595  1.54757702  2.        
2.36915588 7.32231092 4.76010084 4.        
2.52326989 5.6558609  2.35546899 4.        
2.14773607 8.0316391  6.23065186 4.        
-1.08108497  5.40441084 -0.772919    3.        
 2.33143592  4.84160614 -1.05523705  3.        
-1.58279395  5.21433306  0.564484    5.        
1.17089796 5.85872698 3.36474609 4.        
1.571594   4.52741194 1.64361596 4.        
-4.71533203  5.87042999  0.73608398  5.        
-0.51179498  4.54637194  1.14349401  2.        
0.14222699 2.92137098 1.50897205 2.        
-3.62828112  7.05281115  2.93808007  5.        
-1.00882006  5.6101532  -5.11288404  3.        
1.21183801 3.46924591 0.63281202 6.        
-3.29486108  6.49213409  3.596802    5.        
-0.46144101  5.57442522 -1.93710303  3.        
 3.685776    4.47787523 -3.91149902  3.        
-0.036819 -0.256493  1.415802  2.      
 2.97778296  4.50920105 -5.55236816  3.        
2.0635221  5.34858704 1.97732496 4.        
 1.58194005  5.39894104 -2.70019507  3.        
5.38371277 7.15566301 6.09271193 4.        
4.46899414 6.04549408 3.56283593 4.        
-2.92347693  6.28761292  1.78256202  5.        
-1.16253698  5.94036913 -3.80346704  3.        
 0.109207   -5.745049    1.72824097  2.        
-1.79017603  6.38095093 -4.090271    3.        
1.77853405 5.45472717 2.77975512 4.        
 2.88400007e-03  4.48490095e+00 -6.34491026e-01  3.00000000e+00
-2.90566993  5.40184021  0.31057701  5.        
-0.62088001  5.51685286 -5.84906006  3.        
4.59143114 7.53379822 5.89810181 4.        
 0.372971   -0.093193    1.52728295  2.        
-1.70069897  6.40975189 -3.10522509  3.        
-0.159851   -6.51955414  1.56677198  2.        
 0.67495698  4.82986498 -7.34759521  3.        
-4.23324585  7.23102617  3.35482788  5.        
1.25849903 5.568573   2.62017798 4.        
-1.60832202  6.13962603 -2.45672607  3.        
 2.89514208  4.41978407 -6.31915283  3.        
 0.132126   -4.16115618  1.94226098  2.        
-0.57133502  5.87867689 -2.95037794  3.        
3.82101393 4.84007978 1.61560094 4.        
0.383057   2.77301002 0.69210798 2.        
3.14306593 6.33457994 3.44424391 4.        
 3.38729906  4.62393904 -2.7884829   3.        
-1.33726501  5.84395599 -1.92263806  3.        
 2.12863207  5.24378204 -3.39801002  3.        
-0.003799   -1.80290997  1.47332799  2.        
-5.67307997  6.9655838   2.00295997  5.        
-0.80036902  5.8505249  -2.33273292  3.        
-1.03164697  5.89418793 -1.41311705  3.        
4.66639709 5.38742113 3.23352098 4.        
2.73643494 4.75271606 1.13619995 4.        
 2.00247192  5.22007799 -4.83602905  3.        
-3.70143104  5.61116791  0.53225702  5.        
2.95015001 7.35392809 4.93496704 4.        
 0.47589099 -2.93297601  1.56332397  2.        
0.943726   3.32831597 1.01547205 6.        
0.43132001 4.80022383 2.51544189 4.        
 0.28045699 -3.56351495  1.57150304  2.        
-0.152115    1.66754198  1.39028895  2.        
2.65312195 6.52269697 3.66720605 4.        
 0.17894     5.32669783 -1.78622401  3.        
 0.86813402  5.57627916 -3.30767798  3.        
-5.95711517  6.43959093  1.50387597  5.        
-2.55360389  5.66677094  3.36346412  5.        
 0.012955    3.74458289 -0.26010099  2.        
 0.96437103  4.88436079 -6.63546705  3.        
 2.04682899  5.07290697 -1.66626     3.        
1.25768995 4.73271894 2.3969121  4.        
-2.68568397  6.0717392   3.1212461   5.        
5.3901062  5.88597107 3.72061205 4.        
2.89253211 6.87441301 4.22454786 4.        
-3.58223009  5.22792006  0.17761201  5.        
 0.060623   -5.07723999  1.90167201  2.        
 2.33720398  5.18874407 -3.88671899  3.        
4.64448595 6.25672197 3.87884498 4.        
 0.356888   -1.42908502  1.33868396  2.        
-5.33354187  6.54284716  1.52688599  5.        
5.25482178 6.63241577 4.55969191 4.        
 0.234879    5.32740021 -6.04821777  3.        
-2.26928711  5.94208479  2.00830102  5.        
 1.79240406  4.76244307 -1.05777001  3.        
-0.43504301  5.90682983  3.596771    4.        
 2.15023804  5.20615387 -2.54519606  3.        
0.6577     7.41301012 5.19915819 4.        
5.08381701 5.169487   3.03900099 4.        
0.332275   7.01319122 4.86413622 4.        
2.01119995 5.7904048  2.69747901 4.        
5.21792603 7.0954361  5.68057299 4.        
 0.190018    4.98860216 -6.81664991  3.        
-1.34168994  5.8394618  -5.27740479  3.        
-1.98202503  5.40920305  3.14569092  5.        
-4.31024218  6.41335297  1.40835595  5.        
1.04266405 3.69435096 1.84164405 4.        
0.408508   2.32361603 1.34307897 2.        
 1.39451599  5.50350904 -3.94848609  3.        
-0.009842    7.67441607  5.23892212  4.        
-0.65976     5.1031189  -0.67724597  3.        
5.93315077 6.21640015 4.54327393 4.        
 0.32463101 -6.78886414  1.630005    2.        
 2.80839491  4.78218079 -1.294312    3.        
0.50234997 3.30125403 0.14065599 2.        
3.26237512 5.01133013 1.67190599 4.        
1.25248694 6.25904799 3.82083106 4.        
4.38445997 6.94887495 4.70269823 4.        
 0.67025799  5.62128401 -4.57940722  3.        
 0.31472799 -4.75943804  1.57073998  2.        
-0.079483    5.62247515  3.16586304  4.        
1.70829797 6.54663897 3.69253492 4.        
1.57202101 5.89710188 3.35903907 4.        
3.08129907 4.54720306 1.16552699 4.        
 2.23600793  4.38845778 -6.628479    3.        
 2.40998793  5.02661896 -1.93048096  3.        
 0.189316    5.68830919 -3.62948608  3.        
-0.36585999  3.78479004  1.16393995  2.        
 0.50737     4.62178802 -0.974518    3.        
-1.57180798  6.30667114 -3.73504591  3.        
 2.93391395  4.87111712 -2.55120802  3.        
0.666794   6.48516083 4.24057007 4.        
-1.65483105  5.69819593  2.1035459   5.        
 3.38882494  4.41378784 -5.60394287  3.        
 1.61978102  4.65160418 -6.58450317  3.        
1.51739502 7.50528717 5.3119812  4.        
 1.06913805  5.54629517 -4.69769287  3.        
-2.58486891  5.94564104  1.02206397  5.        
 0.247177   -0.95888501  1.39498901  2.        
-4.27896118  6.86999512  2.28332496  5.        
-2.86186194  5.70215607  0.57247901  5.        
0.735443   7.57009077 5.78347778 4.        
 0.77117902  5.48087311 -2.78399706  3.        
1.61798096 7.04616499 4.45752001 4.        
 0.97189301  5.57157087 -3.84625196  3.        
 1.04286206  5.03618622 -1.36569202  3.        
2.41940308 7.06946611 4.45120192 4.        
 0.55654901  5.64563799 -4.18917799  3.        
-0.28118899  5.77114105 -3.6313169   3.        
-4.04707289  7.07469893  4.03741503  5.        
-2.70094299  5.07936096  0.16168199  5.        
-0.18194599 -2.78072405  0.97659302  2.        
 0.064346   -2.18335009  1.558411    2.        
 0.42106599  5.37994385 -2.094666    3.        
 0.036499    5.28196716 -6.47039795  3.        
0.76979101 5.53537798 2.69445801 4.        
-0.551498    5.50476122 -6.32022095  3.        
-1.52186596  6.06840515 -3.02685595  3.        
 1.15155005  4.41274309 -0.34454301  3.        
 0.63598597  4.95593977 -1.40637195  3.        
2.25058007 7.50725603 5.0904541  4.        
-5.20690918  6.37038422  1.19793701  5.        
0.109161   6.70655823 4.49127197 4.        
3.64498901 7.1230092  4.56936693 4.        
 0.454712    5.55825806 -5.38049316  3.        
 0.84371901  5.32052612 -2.04632592  3.        
4.53915405 4.77980804 2.02926612 4.        
 0.42550701 -1.58384705  1.94714403  2.        
-0.99005097  4.6999588   1.59558105  5.        
5.93727112 6.44749498 4.94168091 4.        
-3.67306495  6.62556505  3.57965112  5.        
-4.39533997  7.38472795  2.850281    5.        
4.53170776 6.67543793 4.43869019 4.        
0.133911   5.37187195 2.70828295 4.        
-1.47923303  5.49863386  0.803864    5.        
-2.94290209  6.47599792  2.37432909  5.        
1.19990504 5.8923192  2.905334   4.        
3.82559204 4.4672389  1.43920898 4.        
 2.31655908  4.67027998 -0.35488901  3.        
3.86405897 5.68221283 2.70089698 4.        
-0.71664399  5.48365784 -0.670959    3.        
 3.96694994  4.36447096 -4.605896    3.        
 1.99026501  5.16113281 -5.37710619  3.        
-2.04084802  5.76844788  3.33468604  5.        
 2.89659095  4.96043396 -3.82949805  3.        
3.99819994 7.69482422 5.95782518 4.        
-3.58566308  6.25942993  1.24115002  5.        
 1.25402796  5.18302917 -5.95150805  3.        
1.11733997 7.63485718 5.69033813 4.        
-3.47401404  6.48740387  1.67086804  5.        
1.90637195 7.85230303 5.96655321 4.        
-5.26647902  7.53742981  2.68173194  5.        
0.83776897 6.98922014 4.49920607 4.        
-3.21867394  6.47956085  3.16867089  5.        
-3.74412489  7.0638051   3.3248601   5.        
1.51965296 5.17040205 2.22445703 4.        
-4.87666321  5.98056793  1.07485998  5.        
3.82192993 7.54308319 5.42950392 4.        
-1.05036902  5.96192217 -3.43158007  3.        
 3.62431312  4.53222704 -2.155334    3.        
 0.73928797  3.77255297 -0.201721    2.        
 0.138763   -3.92906189  1.64883399  2.        
-0.017044    5.66758013 -4.69973803  3.        
 0.083359   -7.2276001   2.02261305  2.        
-0.565521    5.46401215 -1.56695604  3.        
-4.82626295  8.0278616   3.03369093  5.        
-3.8986659   7.16555786  2.70684791  5.        
-3.33898902  5.87791395  0.82809401  5.        
1.67300403 6.27670288 3.38293505 4.        
2.90188599 7.67736816 5.51773119 4.        
 1.59446704  5.0928731  -1.74096704  3.        
3.94239807 8.01234436 7.23623705 4.        
5.84999084 7.03398085 5.96640015 4.        
-1.49107397  5.85892487 -4.47277784  3.        
0.059906   1.23292506 1.42153895 2.        
 2.529495    5.03518677 -4.76690722  3.        
 0.54501301 -1.61891198  1.59841895  2.        
-4.54751587  7.96186113  3.26452589  5.        
 0.27748099 -0.621674    1.16613805  2.        
-1.46119702  5.3830719   2.79187012  5.        
0.21066301 5.73223877 3.478302   4.        
0.576675   2.438766   1.78832996 2.        
3.54949999 8.03253174 6.75003099 4.        
-4.18335009  5.55492401  0.574615    5.        
0.98217797 6.42472076 3.56982398 4.        
0.280624   5.30229187 3.03845191 4.        
-1.42732203  5.70368195 -1.29650903  3.        
4.67515612 5.75767517 3.38229394 4.        
0.545609   6.827034   4.21395922 4.        
 0.31426999 -6.07846785  1.73324597  2.        
-0.20382699  2.22142005  1.27233899  2.        
4.62495422 7.85614777 7.05835009 4.        
 2.98889208  4.81828308 -2.10751295  3.        
3.10092211 7.13283491 4.42776489 4.        
5.071136   7.67816877 6.77801514 4.        
4.23100281 7.27681684 5.15011597 4.        
1.644714   5.74215698 2.60586596 4.        
-6.00665283  6.85445404  1.918854    5.        
 0.32547    -2.36541009  1.38781703  2.        
 0.370285   -7.49438477  1.87185705  2.        
-5.03541613  6.52158403  1.77432299  5.        
1.14744604 7.2191391  4.80587816 4.        
-2.33584595  5.53603411  0.291473    5.        
 3.95323205  4.47934008 -2.628052    3.        
4.2661438  7.82907104 6.61642504 4.        
0.26492301 2.43721008 0.641541   2.        
-4.13488817  7.43456316  3.6343689   5.        
3.05299401 5.83677721 2.69448805 4.        
-1.181656    4.9214859   1.13934302  5.        
-1.11012304  5.83023119 -4.23788404  3.        
2.70809889 5.21570587 1.62661695 4.        
4.33143616 5.1434021  2.76705909 4.        
1.83041406 7.66506195 5.60641479 4.        
4.00231886 6.64391279 4.16708422 4.        
0.84117103 2.922508   1.60467505 2.        
-0.46302801  4.88312483 -0.87914997  3.        
3.15129089 7.92592621 6.20846605 4.        
0.31564301 5.96707201 3.72970605 4.        
0.75851399 5.82901001 3.42578101 4.        
-3.10388207  6.04712677  3.67376709  5.        
4.21174622 5.6150589  2.79766798 4.        
3.62211609 6.44541883 3.63559008 4.        
-0.157242    5.22589111 -6.94866896  3.        
 0.44155899 -3.6026001   1.19104004  2.        
2.54260302 7.79862213 5.71615601 4.        
0.87190199 4.01902819 1.88800001 4.        
5.36268616 5.54644012 3.41491699 4.        
0.122879   0.039391   1.31127906 2.        
 3.36613488  4.63680983 -1.89328003  3.        
-0.83097798  5.371521   -1.08743298  3.        
 0.378876    5.66686201 -4.86322021  3.        
-3.41139197  6.72632599  2.24484205  5.        
0.217499   0.66707599 1.55517602 2.        
 2.54476905  4.89919996 -0.69436598  3.        
0.67700201 3.37268806 1.98114002 2.        
3.87841797 5.00727797 1.91867101 4.        
 3.28274488  4.69201708 -3.17050195  3.        
5.60977221 6.17469788 4.41427612 4.        
5.71859694 6.75104523 5.42215014 4.        
-4.38450623  6.01117706  0.97195399  5.        
1.89182997 7.29136705 4.909729   4.        
-3.98513794  6.60725403  2.12347388  5.        
-4.24430799  7.57904816  3.11834693  5.        
-4.68818712  6.295609    1.56362903  5.        
-0.038269    6.27505493  3.69653296  4.        
-0.30070499 -2.84596992  1.53146398  2.        
-4.79656982  7.66957092  2.67410302  5.        
 2.74589491  5.0345149  -3.19293189  3.        
 0.381302   -4.1829381   1.66354406  2.        
 0.139175    5.51036787 -2.39248705  3.        
 3.31816101  4.48757887 -5.07870483  3.        
-5.08744812  7.07972717  2.28491211  5.        
 1.43367004  5.46209717 -3.19851708  3.        
 3.91653395  4.53717804 -1.97317505  3.        
-1.368698    6.07675219 -2.69592309  3.        
-4.40544081  7.69598389  3.78115797  5.        
4.14353895 4.5424118  1.62573195 4.        
-1.438187    5.83114576  2.91540504  5.        
2.13212609 6.02079821 2.9225769  4.        
-3.51741004  6.38358307  3.91195703  5.        
 1.838287    5.27822113 -2.42059302  3.        
3.97296095 6.40053606 3.81329298 4.        
 2.40736389  4.47472382 -6.3439641   3.        
-1.25016797  5.41815901  2.33322096  5.        
0.50572199 3.0568471  0.546112   2.        
-0.095047    5.11802721 -1.16052198  3.        
 1.57778895  4.75534821 -7.05859423  3.        
-1.69265699  5.48757219  1.53607202  5.        
 2.75538611  4.88139296 -1.79538     3.        
 0.41250601  3.64499688 -0.331085    2.        
 2.85821509  4.46583605 -5.88378906  3.        
2.82012892 5.58299303 2.20550489 4.        
1.59895301 4.96136522 1.96838403 4.        
-4.64683485  7.26977491  2.53619409  5.        
2.39247108 6.69337511 3.81686401 4.        
 1.39048803  4.92594194 -1.38186705  3.        
-0.40448001 -6.73429918  1.85360706  2.        
0.380081   7.39138794 4.87106323 4.        
 0.123642   -5.39839888  1.75671399  2.        
-2.78486609  6.07232714  1.30679297  5.        
 2.66105604  4.87800598 -5.1072998   3.        
-3.92630005  6.9997859   2.27697802  5.        
4.18385315 4.88736677 2.38592505 4.        
-2.74598694  6.10166883  3.51010108  5.        
 2.16505408  4.90631914 -1.39544702  3.        
1.55950904 5.43159485 2.51077294 4.        
-5.32179308  6.05631304  1.22799695  5.        
 0.142868    4.08943176 -0.30322301  2.        
3.24623108 6.73847198 4.1030879  4.        
2.68635607 8.20265198 6.68179321 4.        
 3.3430481   4.6543498  -4.40844679  3.        
 3.57998705  4.4871521  -2.55087304  3.        
 3.1005249   4.56070709 -1.07800305  3.        
 0.003342   -2.68569994  1.50219703  2.        
4.45329285 7.41298723 5.53427076 4.        
 1.71342504  4.54406691 -0.70324701  3.        
 1.049667    4.7322011  -6.92071486  3.        
4.92895508 7.03640795 5.22604418 4.        
 3.1630249   4.78980303 -3.72323608  3.        
-2.0874939   5.94850922  2.68496704  5.        
-1.66656494  5.62842607 -4.78100586  3.        
 0.022049   -5.17733002  1.37005603  2.        
0.36874399 2.87735796 1.23559594 2.        
-0.60931402  5.85215807 -3.70983911  3.        
2.48771691 8.0148468  6.38006592 4.        
-4.27476501  5.13133192  0.498871    5.        
-5.97132111  7.5802989   2.19482398  5.        
2.14868212 4.83908796 1.35388196 4.        
0.55525202 6.25849104 4.01400805 4.        
4.31500196 7.89653778 6.95330811 4.        
-0.83203101  4.44068909  1.43539405  5.        
-2.54260302  6.11277008  1.94412196  5.        
0.344376   6.38317108 3.76831102 4.        
0.623245   5.61977386 3.01022291 4.        
1.13401794 6.10816193 3.15631104 4.        
4.54177904 4.93686724 2.6252749  4.        
-1.80445898  5.6111908   0.44406101  5.        
-1.54315197  5.82879591 -1.59530604  3.        
0.88368201 4.68148804 2.29705811 4.        
 1.74475098  4.41667891 -6.7723999   3.        
-0.01268     2.66874695  1.27954102  2.        
 0.46713299 -1.14951301  1.54007006  2.        
-1.20027196  5.13723803  1.858307    5.        
-0.228058    4.68092299 -0.78344703  3.        
-5.41820478  6.64123487  1.82412696  5.        
5.02352905 6.17606306 4.01678514 4.        
5.29200697 5.26107788 3.2688601  4.        
-0.35520899  5.3516078  -6.52645922  3.        
-0.65141302  5.73667097 -4.31399488  3.        
4.53663588 5.44963121 2.9442749  4.        
 1.09812903  4.70816803 -0.85842901  3.        
2.65243506 7.45309401 5.00842285 4.        
-5.76616716  7.83901978  2.59127808  5.        
-0.089645   -3.35434699  1.48779297  2.        
-0.73455799  5.58570099 -5.27899218  3.        
0.69657898 4.20195818 2.14151001 4.        
0.773651   6.18312788 3.32385206 4.        
-0.074768    5.43599701 -5.8840642   3.        
0.312134   7.62284803 5.18847704 4.        
2.21427894 5.72834015 2.44815111 4.        
-0.35699499  5.74745893 -4.04345703  3.        
1.11236596 6.6139369  3.93335009 4.        
-4.48571777  5.71659803  0.57400501  5.        
 1.37823498  5.18734694 -5.63607788  3.        
 2.97151208  4.81408691 -4.32522583  3.        
-0.33999601 -4.60766602  1.60943604  2.        
0.65507501 4.96366882 2.69677711 4.        
0.253326   6.99014282 4.49408007 4.        
-2.12539697  5.79456282  1.47515905  5.        
-1.89472997  5.637321    1.06079102  5.        
5.06785583 7.45284319 6.24227905 4.        
0.41290301 0.77919    1.21954298 2.        
3.38709998 5.64196014 2.60772705 4.        
 0.89271498  5.3996892  -5.31778002  3.        
-1.17965698  5.52092695 -1.07943702  3.        
 2.27159095  4.76357317 -5.8621521   3.        
3.07617211 8.05453491 6.77136183 4.        
4.18823195 7.14623308 4.8652339  4.        
-0.028595   3.4949801 -0.055939   2.       
-0.73672497  5.72322893 -2.05078101  3.        
 3.20193505  4.69636488 -1.48409998  3.        
-0.71577501  3.91662598  1.29437304  2.        
-0.94009399  5.69151306 -0.91830403  3.        
-3.31091309  6.11380005  1.19140601  5.        
3.45573401 7.76852417 5.9685359  4.        
-4.16525316  7.11275482  3.03228807  5.        
3.6247859  5.98509216 3.1690979  4.        
0.527435   2.74737501 1.81771898 2.        
1.54432702 4.85447693 2.31823707 4.        
-4.29734802  6.51555586  1.89620996  5.        
 0.75100702  4.27966309 -0.48464999  3.        
-0.157608   -4.10794783  1.50753796  2.        
 0.21633901  5.63696289 -3.18344092  3.        
-3.91497803  5.77392578  0.69253498  5.        
 0.25532499  4.76373291 -7.02322388  3.        
 0.32672101  4.64956713 -0.72140503  3.        
-0.83679199  5.6087718  -4.80847216  3.        
 2.52600098  5.04218292 -2.55718994  3.        
5.43041992 6.72033691 4.85012817 4.        
2.84278893 7.79919386 5.80010986 4.        
-1.71887195  5.80265093  2.64749193  5.        
 1.25570703  5.29508209 -1.99252295  3.        
 0.025482   -1.49592602  1.43612695  2.        
2.27658105 5.49627686 2.25134301 4.        
 0.30131501  5.68323517 -4.01623487  3.        
2.2858119  5.15503693 1.77844203 4.        
-1.45388806  6.04206085 -3.85842896  3.        
-1.97308302  5.83792877  2.05603004  5.        
 0.32757601 -6.50463104  1.75430298  2.        
-2.55653405  6.18756914  2.86065698  5.        
3.3735199  7.70049286 5.67569017 4.        
1.29032898 6.84388685 4.22128296 4.        
 1.83229101  5.365448   -4.21643114  3.        
2.20736694 6.95298815 4.25759888 4.        
3.56745911 7.38084412 5.04702806 4.        
 0.75108302  5.15489197 -6.43847704  3.        
 0.039948    5.53820801 -5.39022779  3.        
 0.54136699  5.29003906 -6.06936693  3.        
-1.41951001  6.0411911  -1.27841198  3.        
-5.74627686  7.38913012  2.28616309  5.        
0.25309801 1.20191205 1.18228102 2.        
4.25653076 5.93087006 3.36996508 4.        
-2.90504503  6.39347792  2.07214403  5.        
1.09008801 5.15624189 2.73220801 4.        
-0.35362199  5.58786821  3.303406    4.        
3.72502089 4.66607714 1.14181495 4.        
-0.04216     6.44938707  4.02780104  4.        
0.557877   6.22076416 3.61691308 4.        
-0.84446698  5.94482422 -3.07605004  3.        
3.36099195 5.41165876 2.23605394 4.        
3.9629209  5.46534681 2.50698805 4.        
 4.00564623  4.33460188 -3.83947802  3.        
-5.68341112  6.49632311  1.63140905  5.        
 1.27027905  4.8336792  -6.72701979  3.        
0.058624   7.1939702  4.61962891 4.        
-3.82003808  6.9016571   3.85873389  5.        
1.29949999 4.33712006 1.849213   4.        
-5.14878893  8.02510834  3.05166602  5.        
 1.32395899  5.41011095 -2.53497291  3.        
5.29608107 6.04068804 4.052948   4.        
0.087585   3.09252906 0.376129   2.        
2.8643949  6.63361406 3.86773705 4.        
1.82795703 5.16119385 2.03006005 4.        
4.83062696 5.51018476 3.47073388 4.        
 1.33955395  5.50464582 -4.56274414  3.        
-0.30334499  5.74443817 -3.00701904  3.        
-2.3248899   5.89182281  1.712677    5.        
5.49006701 7.3663249  6.41082811 4.        
0.031784   1.81683397 1.02252197 2.        
 0.007004   -6.52719116  1.82141101  2.        
-1.371948    5.40718794 -1.33435094  3.        
5.4369812  6.86446381 5.41116285 4.        
1.32974195 5.60662079 3.08609009 4.        
-0.83070397  5.94593096 -2.77282691  3.        
-3.45927405  5.38681793  0.405121    5.        
-0.60514802  5.1638031  -6.37426805  3.        
 1.78123498  5.28887892 -5.05404711  3.        
 0.32620201 -7.9331131   2.21948195  2.        
0.30828899 5.05430603 2.405334   4.        
-0.46545401  3.76107788  1.44912696  2.        
4.30493212 7.62029314 5.94515991 4.        
 1.33606005  4.17799377 -0.293488    3.        
0.41592401 3.59364295 2.01406908 2.        
1.39677405 7.644104   5.57434082 4.        
 1.28234899  4.63698578 -7.11090088  3.        
3.88676405 6.09400892 3.27957106 4.        
 1.83184803  5.15148211 -1.97906494  3.        
-0.19851699  6.13824511  3.91342211  4.        
-1.43501306  5.22360182  1.12063599  5.        
-2.17950392  5.60125017  0.55874598  5.        
-2.17894006  5.7302022   0.83776897  5.        
 0.50292999  5.60027313 -3.38320899  3.        
 0.142929   -5.91246796  1.976807    2.        
0.32545501 1.84371197 1.49505603 2.        
4.87048292 6.92520094 4.94161987 4.        
 2.0453341   5.26065779 -4.43148804  3.        
-2.42312598  6.08097792  2.34802198  5.        
-0.54126     6.47548723  3.92407203  4.        
-0.31791699  1.67741394  1.05532801  2.        
 1.79776001  4.85123396 -6.11517286  3.        
-1.51144397  6.15553284 -4.37417603  3.        
 1.37211597  5.33568621 -5.25393677  3.        
-2.63366699  6.20197296  2.54067993  5.        
 0.44056699 -3.2285769   1.52197301  2.        
1.19776905 3.44806695 0.333496   6.        
 3.63047791  4.5369029  -3.2714541   3.        
0.79968297 5.35044098 2.95758104 4.        
-0.377823    5.59349823 -5.19699097  3.        
 1.13920605  5.53565979 -3.17825294  3.        
-4.18936205  7.04621077  2.58996606  5.        
3.71694994 5.86230516 2.88983202 4.        
5.68505907 5.70987701 3.90640306 4.        
4.84799194 5.45237684 3.00506592 4.        
 2.23811293  5.21929216 -3.12087989  3.        
1.60108995 3.34128594 0.67739898 6.        
0.97369403 6.28376007 3.92547607 4.        
-0.215271   6.7711792  4.4395752  4.       
 1.02590895  5.00835419 -6.37085009  3.        
 0.226303   -1.65808105  1.59646595  2.        
2.56487989 4.97101593 1.28418005 4.        
 2.65022302  4.76113081 -0.93661499  3.        
3.01181006 7.47903395 5.19821215 4.        
 0.371185    5.57302094 -2.82272291  3.        
-3.32192993  6.77314806  3.00845289  5.        
2.22779894 7.68719482 5.44421387 4.        
1.66062903 7.97413588 6.1663208  4.        
 0.203796   -6.95610809  2.03979492  2.        
1.42721605 7.14990997 4.66076708 4.        
1.19062805 7.75974321 6.02560377 4.        
3.99227905 5.11720324 2.55801392 4.        
-0.31504801  3.41279602  1.353333    2.        
5.90370178 6.80807495 5.64657593 4.        
1.447891   5.74237823 2.84509301 4.        
-2.65002394  5.55071306  0.30899     5.        
 0.082428   -2.95973992  1.580688    2.        
 1.52619898  5.43434095 -3.59826708  3.        
0.48997501 5.70438385 3.37643409 4.        
0.86470002 3.01490808 1.258026   6.        
3.83230591 7.83647203 6.293396   4.        
0.17837501 0.334335   1.346771   2.        
2.84858704 7.95102692 6.22619581 4.        
 0.541794    5.03809404 -6.61276197  3.        
-4.90351915  6.86877394  1.96365404  5.        
3.73979211 7.97429705 7.024261   4.        
1.96492004 8.21251678 6.55264282 4.        
 2.65608191  4.59623003 -5.69207811  3.        
3.29039001 7.99610901 6.5786438  4.        
 0.28179899 -1.90039802  1.32376099  2.        
3.47308302 4.75878096 1.02212501 4.        
1.74995399 5.33647203 2.3001101  4.        
 3.54222107  4.40618896 -5.35400391  3.        
5.1606288  5.72928619 3.62689209 4.        
4.99812317 6.62747192 4.36440992 4.        
-2.41810608  5.92655897  3.36727905  5.        
1.18173206 5.01557922 2.39413404 4.        
 0.33161899 -4.46248579  1.59164405  2.        
 0.25784299  3.44773102 -0.150574    2.        
-0.18882801  4.89873505 -0.97967499  3.        
-3.67683411  6.83369493  2.18844604  5.        
1.68009996 4.7989502  1.67865002 4.        
1.70130897 7.39125776 5.11657715 4.        
-5.27293396  6.91684723  2.10675001  5.        
-1.23550403  5.64254808 -1.50668299  3.        
 0.159821    4.23960876 -0.55194098  3.        
-1.883057    5.52627611  0.119446    5.        
0.144669   5.87460279 3.23342896 4.        
0.118134   2.31254601 1.33660901 2.        
 0.35331699 -5.57276917  1.72103906  2.        
2.91104102 6.20075989 3.26742506 4.        
 2.32630897  5.07967377 -2.29705811  3.        
0.39703399 0.090843   1.23074305 2.        
0.68861401 3.26128411 0.87612897 6.        
 3.4359889   4.69363403 -3.76519799  3.        
-4.62934923  5.80942488  1.00616503  5.        
 1.66419995  5.09980822 -5.66113281  3.        
-0.074936   -5.19671583  1.64248705  2.        
3.10349989 4.88588715 1.26229894 4.        
3.98519897 7.87158203 6.53677416 4.        
4.50537109 7.68162489 6.20758104 4.        
-4.50875807  7.65371704  3.20901489  5.        
-0.087448   -4.54679918  1.41690099  2.        
-0.97532701  5.57266998 -5.81939697  3.        
-0.848755    5.58633423 -1.50711095  3.        
-0.25393701  5.6198349  -2.24527001  3.        
-5.1860199   7.34298706  2.39874291  5.        
 0.84370399  5.08949995 -1.63006604  3.        
1.74349999 5.63980913 3.00945997 4.        
 0.854141    4.85958099 -7.08956909  3.        
0.26965299 5.08816481 2.84622192 4.        
-0.55660999  5.86428118 -2.64929199  3.        
 1.68240404  5.3747859  -3.08370996  3.        
-1.49891698  6.07308197 -2.19934106  3.        
1.75988805 6.14794922 3.09033203 4.        
 3.72874403  4.49282122 -3.62786889  3.        
 3.72303796  4.74863386 -1.98577905  3.        
0.49781799 2.84288812 0.170013   2.        
1.21241796 3.338516   0.91671801 6.        
 3.87850904  4.41832018 -3.1903379   3.        
 0.382965   -3.87519097  1.46511805  2.        
 2.15609694  4.5522542  -6.84796095  3.        
0.420975   5.53748322 2.82678199 4.        
 0.217041   -2.32263994  1.85778797  2.        
4.48394823 6.64554596 4.15921021 4.        
2.10038805 4.95211792 2.17172194 4.        
-0.35919201  5.31583405 -1.39648402  3.        
0.39196801 6.51442003 4.30844116 4.        
-1.24865699  6.03057098 -3.14227295  3.        
 2.0353241   4.88920593 -1.13330102  3.        
4.87744093 7.5772171  6.55712891 4.        
5.31524706 7.28701782 6.677948   4.        
 1.22108495  5.52806807 -4.17163086  3.        
1.99963403 6.4409709  3.44863892 4.        
3.11474609 5.51971388 2.14779711 4.        
 2.84739709  4.8145752  -4.90414381  3.        
0.60572797 7.06669617 4.64715576 4.        
 1.55583203  4.66142321 -0.93219     3.        
0.398911   1.28057897 1.53900099 2.        
0.90985101 3.34495497 0.31982401 2.        
 2.2784121   5.15537977 -4.72137403  3.        
-0.013351    5.52542877  2.909729    4.        
 1.91671801  5.30054522 -3.57431006  3.        
-0.078964    5.6941762  -4.25018311  3.        
3.63919091 5.29516602 2.24359107 4.        
5.16560411 7.00188494 5.37509203 4.        
-1.81089795  6.16493988 -3.18615699  3.        
 2.07981896  4.7491231  -6.0661931   3.        
-0.32643101  5.81894684 -3.27633691  3.        
2.44674706 6.45596313 3.49032593 4.        
-4.53788805  7.51785994  2.60522509  5.        
0.043167   5.99598694 3.784729   4.        
-0.26086399 -4.99256897  1.68395996  2.        
4.46240187 4.89614105 2.34789991 4.        
 0.35421801  4.78770494 -1.13867199  3.        
3.62240601 5.00262403 1.72540295 4.        
 1.67175305  5.37210894 -4.63095093  3.        
4.76170397 7.38684797 5.73284912 4.        
-4.585114    6.75363207  2.05529809  5.        
1.92614698 6.6896739  3.84521508 4.        
 0.80899     4.62381697 -0.83035302  3.        
-2.17520094  5.39363909 -0.044922    5.        
 1.57251     4.86408997 -6.27835083  3.        
 0.042236   -7.51565599  2.04650903  2.        
-4.37057495  6.59235382  1.61233497  5.        
 3.03320289  4.75479889 -4.70645094  3.        
 0.271698   -2.813591    1.81225598  2.        
0.74656701 7.5761342  5.43466187 4.        
-5.05213881  5.74720001  0.79107702  5.        
 2.21728492  5.21175385 -2.81427002  3.        
-0.63632202  5.5669632  -5.53747606  3.        
 0.25192299 -0.37465701  1.49609399  2.        
-1.73399401  5.80802917  2.34524488  5.        
-2.22799997e-03  5.12193298e+00  2.88681006e+00  4.00000000e+00
-4.10791016  6.48800707  1.58175695  5.        
 0.779755    5.37027693 -2.36026001  3.        
-1.81315601  5.30997515  0.30954     5.        
-0.215942    5.81483507  3.38922095  4.        
 0.255447    5.12401581 -6.56991577  3.        
-1.58000195  6.3880229  -3.35296607  3.        
 2.28215003  4.98226213 -5.36474609  3.        
3.62983704 8.08138275 7.25375414 4.        
5.64503479 7.05000305 6.14971924 4.        
 0.86387599  5.29492188 -5.83230591  3.        
1.50083899 5.33992815 2.76355004 4.        
 0.58702099  3.53655195 -0.040497    2.        
-3.07801795  5.85401917  0.64852899  5.        
 3.47517395  4.68743896 -1.51275599  3.        
0.92896998 3.53899407 2.03775001 4.        
 0.474731    4.99086809 -7.20608521  3.        
 2.15893602  5.2530818  -4.08550978  3.        
1.91271996 7.00645494 4.3529048  4.        
 3.46040297  4.64844513 -4.16036987  3.        
-0.48146099  5.31314087 -6.13684082  3.        
-1.92189002  5.61500502  1.43655396  5.        
-0.70100403  3.95455909  1.56509399  2.        
-1.42700195  5.27041578  1.57165504  5.        
4.50221205 7.74273682 6.50949097 4.        
-0.079178    5.16227007 -1.48449695  3.        
 0.103394   -7.77596283  2.1213069   2.        
-1.30192602  5.93667603 -4.07553101  3.        
-4.87098694  6.28558397  1.31146204  5.        
-1.53935206  5.56075287  0.54510498  5.        
3.40409803 6.58320618 3.87271094 4.        
-4.54656982  7.87005615  3.6257019   5.        
0.37159699 2.86292291 0.949341   2.        
1.44122303 6.59650421 3.713135   4.        
0.041565   3.17306495 1.48281896 2.        
-1.67185998  5.54568481  2.84948707  5.        
 0.38125601 -2.7228241   1.418365    2.        
2.71008301 7.00270081 4.38046312 4.        
-0.019363    7.21768188  5.01089478  4.        
-4.12477112  5.93248701  0.868469    5.        
-1.33541906  5.43915606  2.03009009  5.        
-3.88883996  6.25686693  1.31216395  5.        
1.44926405 6.11836195 3.26025391 4.        
0.040573   0.82308197 1.38998401 2.        
-2.64578295  5.82584381  0.75488299  5.        
0.38887    3.06365204 0.056122   2.        
-1.10427904  5.65142107 -4.81481886  3.        
-0.87332201  5.90761614 -3.68600512  3.        
-4.12823486  7.30374908  2.64685106  5.        
 0.85020399  5.60065508 -3.60638404  3.        
-1.10788     5.66938782 -5.36047411  3.        
-3.72207594  5.31997681  0.40976     5.        
 3.22367907  4.47077894 -5.33145094  3.        
0.156525   2.2905879  0.98452801 2.        
2.98037696 5.11457109 1.68237305 4.        
2.83479309 6.38909197 3.51824999 4.        
-1.30833399  5.99452209 -4.99624586  3.        
-0.524719    5.71459198 -2.217834    3.        
-4.86788893  7.25305223  2.25897193  5.        
-0.998932    5.83663177 -2.01788306  3.        
4.85051012 7.77641296 6.91604614 4.        
 0.013748   -6.78311205  1.91592395  2.        
 0.47378501  5.14896393 -1.52935803  3.        
-0.081161    4.92071486 -6.81057692  3.        
-0.26524401  5.63821411 -4.81414795  3.        
4.40061998 6.26534319 3.76629591 4.        
 0.80316198  5.59796906 -4.82919312  3.        
0.40954599 6.50009918 4.00116014 4.        
0.205383   6.37813616 4.17172194 4.        
0.39880401 2.26915693 1.621948   2.        
-5.58361006  6.0019002   1.21310401  5.        
 1.59033203  4.91169691 -1.199036    3.        
2.85243201 5.71453094 2.56613207 4.        
 1.41775501  4.33958387 -0.490601    3.        
0.62707502 2.92330909 1.33996606 6.        
3.57809496 6.79110718 4.19235182 4.        
 2.77780104  4.95935822 -2.74960303  3.        
-0.34947199 -2.79379296  1.18460095  2.        
0.278534   6.84019518 4.2600708  4.        
3.32247901 7.12377214 4.57635498 4.        
-4.42449903  7.05781603  2.12441993  5.        
 0.124023   -1.17192805  1.55926502  2.        
-3.91041589  5.51166487  0.36788899  5.        
 2.46083093  5.15802813 -3.29589796  3.        
-0.041336    5.69444323 -3.00793505  3.        
0.15713499 1.57449305 1.37027001 2.        
1.37710595 3.28012896 1.15899706 6.        
4.62850904 6.94289398 4.8094182  4.        
-0.73046899  5.33931017 -1.39932299  3.        
1.27699304 6.08853197 3.61837792 4.        
5.05059814 6.7810359  4.8097229  4.        
-2.67016602  6.11940002  1.69732702  5.        
1.15591395 4.50791216 2.29852295 4.        
1.55006397 6.89857483 4.23214722 4.        
3.20263696 7.40677595 4.99667406 4.        
-1.28253198  5.75089979 -4.62539721  3.        
 0.039963   -5.50013685  1.32650805  2.        
 0.058136   -3.59337592  1.71264601  2.        
-5.06056213  6.09454393  1.250916    5.        
0.39726299 2.61011505 1.326141   2.        
4.17137194 5.30883789 2.45953393 4.        
 2.86598206  4.82754517 -1.54888904  3.        
-1.08451796  5.99242401 -2.599365    3.        
-0.583588    4.93670607 -0.47387701  3.        
-1.03120399  4.90739393  1.78576696  5.        
-3.04472303  6.52368879  2.63095093  5.        
 0.48707601 -1.43798804  1.10836804  2.        
 2.24128699  5.22211504 -3.64233398  3.        
-0.081329   -5.56178284  1.72103906  2.        
-4.40092516  6.10739088  1.34967005  5.        
2.16806006 7.91568804 5.99386597 4.        
0.57424903 7.13397217 5.06030321 4.        
-5.5367198   6.89556885  1.78756702  5.        
-3.85922194  7.14997911  3.10104394  5.        
3.20399499 4.76911211 1.04776001 4.        
 1.98373401  4.62380981 -6.58135986  3.        
-0.35003701  5.72460222 -2.73574805  3.        
 1.17977905  4.36710405 -0.60278302  3.        
 2.82420301  4.65345812 -5.37741089  3.        
-0.197449   -1.43643999  1.30880702  2.        
4.74566603 5.92301893 3.58062696 4.        
-2.68131995  5.91672516  3.33401489  5.        
0.31149301 2.72744012 1.56359899 2.        
-0.166107    5.62097216 -2.54736304  3.        
-3.15843201  6.60865784  2.30233788  5.        
 0.163422   -5.00777388  1.66964698  2.        
3.38189697 6.389328   3.54000807 4.        
-3.81372094  6.85822296  3.5995791   5.        
-0.208786    5.94576979  3.72473097  4.        
 0.097031   -0.47921801  1.31133997  2.        
4.82896423 7.49881697 6.05148315 4.        
2.35626197 5.31803894 1.98281896 4.        
-3.16097999  5.34143114  0.301514    5.        
-3.16589403  6.53702593  2.87585402  5.        
-0.049637   -2.15447998  1.21038795  2.        
 0.73042297  5.60684204 -3.99700904  3.        
 0.090805    4.93498993 -1.19735706  3.        
-1.821594    6.47071791 -3.84640503  3.        
3.13752794 7.2473979  4.74716187 4.        
-1.13323998  6.02321577 -1.61672997  3.        
 0.65812701  5.47759295 -5.52359009  3.        
0.64321899 7.78044891 5.90838623 4.        
0.92207301 7.31037903 5.00790405 4.        
 1.21450806  5.08971405 -6.20913696  3.        
-0.48152199  5.66449022 -4.66976881  3.        
-2.83973694  6.36260223  2.58599806  5.        
-0.344574    5.44816589 -5.95992994  3.        
0.68817103 4.80413818 2.43899488 4.        
-3.80468798  5.09583282  0.30184901  5.        
-1.61659205  6.15428877 -2.78286695  3.        
4.35220289 4.48101807 1.79412794 4.        
 0.38417101 -0.86463898  1.14446998  2.        
-0.188705   -3.1072619   1.47418201  2.        
3.43865991 4.8500371  1.56744397 4.        
3.94908094 7.41623688 5.240448   4.        
-1.14396703  4.8527298   1.38800001  5.        
-1.90183997  6.62854815 -3.35348511  3.        
 0.241791    5.60835981 -5.23867798  3.        
0.88664198 5.6981349  2.98745704 4.        
 2.86192298  4.6028142  -0.82501203  3.        
-5.3174901   7.80878401  2.76049805  5.        
 1.44193995  5.43937683 -2.91610694  3.        
5.47166395 5.86795807 3.96816993 4.        
 0.50260901  4.15090895 -0.519409    3.        
-4.16218615  7.50637102  3.374542    5.        
 1.30345094  5.46208191 -4.86590576  3.        
1.681458   7.1806488  4.70709181 4.        
 1.64309704  5.42742205 -3.83065796  3.        
 1.83520496  5.3398509  -2.71728492  3.        
5.45752001 7.06480408 5.86050415 4.        
2.26782203 5.83269501 2.72940111 4.        
-0.144135    5.38021803 -1.87942505  3.        
4.56568909 7.27095795 5.34793091 4.        
4.59872389 6.50189209 3.97558594 4.        
1.25053406 7.54842377 5.38205004 4.        
3.49307203 7.54741716 5.4526372  4.        
-2.03344703  5.54216814  0.33056599  5.        
3.2489171  6.18555498 3.25994897 4.        
-4.03869581  6.64604998  1.79550195  5.        
-0.45481899  4.02123308  1.104828    2.        
-1.73799098  5.75748396  2.98379493  5.        
 0.70170599  3.96737695 -0.36874399  2.        
 3.21272302  4.79141998 -3.43231201  3.        
-0.31044    -4.31469679  1.55346704  2.        
-1.70458996  5.46541595  0.95474201  5.        
5.43026686 6.33650208 4.50680494 4.        
1.13285804 8.01154327 6.039886   4.        
 0.42643699  5.51077318 -5.63882494  3.        
 0.33854699  3.86032891 -0.183807    2.        
-2.18367004  5.8144002   2.89611793  5.        
 2.82318091  5.01644897 -3.58551002  3.        
-3.42567396  5.69602203  0.65557897  5.        
-2.16160607  5.5917592   3.17449999  5.        
4.09817505 4.7845149  1.70135498 4.        
 0.40711999 -3.01303911  1.27130103  2.        
0.203033   2.86514306 0.48532099 2.        
 3.02416992  4.26335907 -5.95727491  3.        
-3.57312012  6.91947889  2.72509789  5.        
1.67602503 4.6784358  1.45147705 4.        
-0.096832   -5.93652296  1.69778395  2.        
0.90364099 3.82701111 0.073486   2.        
2.1403501  6.80799103 4.02883911 4.        
 1.88829005  4.39468384 -0.509094    3.        
-3.42509508  6.80889082  2.53537011  5.        
3.79782104 6.18765306 3.50076294 4.        
-2.97166395  5.02185822  0.154266    5.        
5.25634813 7.28440905 6.27993822 4.        
-0.41465801  1.75125897  1.35903895  2.        
5.4682622  6.21296692 4.16842604 4.        
 3.48841906  4.51091003 -4.57305908  3.        
3.29438806 5.26493788 2.00741601 4.        
 2.01936293  4.72871399 -0.93655401  3.        
3.93803406 4.91172791 2.29595995 4.        
 0.29516599 -1.03411901  1.69476295  2.        
 2.59600806  5.0764308  -3.93243408  3.        
-4.60848999  5.64316607  0.81585699  5.        
0.73159802 6.72831011 4.07284498 4.        
 3.10812402  4.77648878 -1.21057105  3.        
-0.72425801  4.98172808 -0.94897503  3.        
-0.33924901  6.35497284  4.01794386  4.        
-4.43670607  6.77027893  1.79742396  5.        
-1.45169103  5.58927917  2.27502394  5.        
-3.38761902  6.54927111  3.36883497  5.        
 2.26054406  4.65750885 -6.21713305  3.        
-0.050049    5.23191786 -6.7024231   3.        
 3.43496704  4.26361799 -5.08013916  3.        
 2.71914697  4.51771593 -6.16720581  3.        
 2.56640601  4.83733416 -1.24945104  3.        
0.46984899 3.79854608 2.15417504 4.        
-1.38505495  6.01097918 -4.69790697  3.        
2.55604601 4.88021088 1.01522803 4.        
 3.82717896  4.42751312 -4.17950392  3.        
-3.99406409  7.27328491  3.28915405  5.        
4.31829786 6.80549622 4.46755981 4.        
-5.65260315  7.18978882  2.16540504  5.        
-1.16790795  5.64227295 -5.67422485  3.        
0.75389099 5.1869278  2.63940406 4.        
1.915802   8.00663757 6.33062696 4.        
0.31593299 3.14643908 0.28097501 2.        
-0.605667    4.31425524  1.14385998  2.        
-3.31890893  6.24304199  3.59838891  5.        
0.67846698 3.25743103 0.35623199 2.        
 0.67376697  4.47815704 -0.649261    3.        
-3.07324195  6.16046906  1.25207496  5.        
1.00680494 6.18743896 3.41171288 4.        
 0.91561902  5.44111586 -2.57077003  3.        
 0.39346299  5.44629717 -5.89730787  3.        
 0.19761699 -6.21038818  1.90847802  2.        
-4.97856092  6.4920578   1.50439501  5.        
4.68637085 5.68644714 3.14489794 4.        
-1.04849195  5.83761597 -2.26373291  3.        
-1.57063305  6.12653303 -3.26773095  3.        
1.67307997 5.0776372  2.422791   4.        
0.53103602 3.08817291 0.79888898 2.        
 0.30387899 -2.30604601  1.626068    2.        
0.55151403 7.63821411 5.24224806 4.        
4.22465515 5.67513323 3.04016089 4.        
-4.61294603  7.17909193  2.31045508  5.        
1.92100501 4.87695312 1.43743896 4.        
-0.016785    5.29298401  3.06210303  4.        
 1.88053894  4.72255707 -0.73458898  3.        
0.63467401 6.00619507 3.18917894 4.        
1.38562    4.89812517 2.1247251  4.        
 1.91345203  5.02429199 -5.835114    3.        
 0.893417    5.50726318 -5.06787109  3.        
 1.00334203  5.25848389 -1.83364904  3.        
-2.44424391  5.1858058   0.108612    5.        
3.30049109 8.32589722 7.06390381 4.        
-3.3666079   5.01340485  0.169312    5.        
 2.4085691   5.11673689 -4.20608521  3.        
 3.0779109   4.49780321 -5.04568481  3.        
-4.13397217  7.2545619   3.89959693  5.        
0.91233802 5.72734118 3.26800489 4.        
-1.56314099  6.22840881 -4.13006592  3.        
5.77858019 6.34111786 4.79220581 4.        
 0.234161    5.2148819  -1.57861304  3.        
0.574265   6.09898376 3.82540894 4.        
2.21476698 7.10600996 4.61621094 4.        
-0.223343   -5.00670624  1.44558704  2.        
3.73487902 7.91188812 6.55361891 4.        
4.84951782 4.92276812 2.5284121  4.        
 1.55157495  5.38181305 -2.45956397  3.        
5.60275316 6.52223206 4.8838501  4.        
2.86706495 5.40432692 2.0501709  4.        
0.98297101 3.42965698 0.69772297 6.        
 0.104752   -3.33638     1.62921095  2.        
 0.114044    4.57649183 -0.83001697  3.        
 0.41995201 -3.4318471   1.39428699  2.        
0.46862799 5.86737108 3.57284594 4.        
3.85255408 7.03170776 4.65002394 4.        
-2.40092492  5.8174901   0.86767602  5.        
4.87594604 5.08365583 2.79736304 4.        
0.309219   7.73771715 5.43322802 4.        
-0.188995   -6.28461504  1.52645898  2.        
3.83223009 6.81072187 4.19580078 4.        
0.50598103 4.6545558  2.3404851  4.        
0.78466803 7.79280806 5.52951002 4.        
-5.54738617  6.68813276  1.586761    5.        
 0.60652202  4.77036285 -7.10632277  3.        
0.98532099 7.12319994 4.65875196 4.        
2.65312195 6.15631914 3.11886597 4.        
3.86965895 4.69788408 1.329193   4.        
4.82563782 6.40048218 3.96493506 4.        
-4.98480177  5.9724431   0.83172601  5.        
 1.54084802  5.23257494 -1.92654395  3.        
-1.14163196  5.82964277 -1.75534105  3.        
 0.059998   -4.56967878  1.60259998  2.        
-0.085953    2.92771196  1.28674304  2.        
4.52075195 5.93267107 3.3348999  4.        
3.63461304 4.57707977 1.349213   4.        
-0.125412    3.79823303 -0.44607499  2.        
-0.055649    0.64186102  1.110291    2.        
0.31062299 2.66789198 0.336853   2.        
0.216125   0.101944   1.52014196 2.        
-0.238922    5.4672699  -5.71621704  3.        
1.26333594 3.24990797 1.36447096 6.        
3.0406189  6.76437378 3.95620704 4.        
2.60713196 7.17896318 4.75338697 4.        
 2.03810096  5.21057081 -5.06967211  3.        
-2.8644259   6.17347002  1.57372999  5.        
3.40180993 4.57638502 1.26022303 4.        
-3.70181298  6.83277893  3.35153198  5.        
-1.04354894  5.64788103 -1.22503698  3.        
 3.56140089  4.53353882 -3.04013109  3.        
-0.182053    5.41046906  3.18475294  4.        
1.34753394 5.44081879 2.918823   4.        
 3.20815992  4.70988512 -2.15484595  3.        
 0.25367701  4.49061584 -0.56314099  3.        
 0.25610399  5.32601881 -6.28314209  3.        
 0.24707     5.59144592 -2.58578491  3.        
-3.8903501   5.87653303  0.90304601  5.        
-1.29086304  5.79653883  2.73532104  5.        
0.32132    6.24115705 3.58236694 4.        
-5.31561279  6.17028809  1.43331897  5.        
 1.31924403  4.5549469  -0.809479    3.        
 0.54473901  4.92359877 -1.15725696  3.        
-3.42958093  5.18084002  0.005615    5.        
-3.99270606  7.28266096  3.52548194  5.        
1.51002502 4.74893904 1.84521496 4.        
-0.67805499  5.5407939  -6.07470703  3.        
3.1204679  6.86609697 4.27639818 4.        
2.77621508 6.0174942  2.93612695 4.        
0.95994598 7.55709791 5.53646803 4.        
-0.080719   -0.050011    1.24066198  2.        
-0.043411    6.59189606  4.3572998   4.        
-0.99501002  4.64685822  1.87841797  5.        
0.99224901 5.36386108 2.69158912 4.        
1.63143897 6.73143816 3.94796705 4.        
-1.42640698  5.27896881  0.72433501  5.        
 0.773148    5.52728319 -3.10095191  3.        
-1.25381505  5.89641619 -2.16345191  3.        
-3.97930908  7.1339488   2.49096704  5.        
0.88914502 6.46550798 3.79867506 4.        
 3.17164612  4.41365099 -5.72332811  3.        
 0.23461901 -1.38792396  1.53088403  2.        
1.47753894 4.22770691 1.65643299 4.        
2.54406691 5.21266222 1.78985596 4.        
-0.265457    3.65936303  1.33044398  2.        
 2.46476698  4.97866821 -4.99350023  3.        
-2.87399292  6.19467878  3.17486596  5.        
-4.65156603  5.97650909  1.20132399  5.        
-0.034164    2.33490705  1.10730004  2.        
0.233383   7.21381378 4.92159986 4.        
 0.30729699 -2.11905694  1.39346302  2.        
0.81694001 6.38894701 4.0939641  4.        
 2.35986304  4.98628998 -1.70761096  3.        
1.18583703 5.66570997 2.86425805 4.        
3.0028379  8.26496124 6.99932909 4.        
 0.101273   -4.3876338   1.99603295  2.        
-3.55479407  6.29598188  3.70199609  5.        
-1.81433105  5.6942668   1.89935303  5.        
-1.020401    5.71430206 -1.59747303  3.        
-4.55560303  5.41431379  0.50494403  5.        
0.21817    5.96154785 3.4654541  4.        
 0.42070001 -8.22252655  2.3222959   2.        
-1.38314795  5.17233276  1.368927    5.        
-0.182877    5.21742201 -6.45315599  3.        
0.26013201 4.92359877 2.68698096 4.        
1.59519994 5.72910309 3.15957594 4.        
5.79019213 6.55393982 5.17532396 4.        
-1.42178297  5.51419115  2.52032495  5.        
2.67938209 6.75452423 4.038239   4.        
 1.44966102  5.07277679 -6.09158278  3.        
3.16294909 4.99486494 1.45413196 4.        
-2.09117103  5.82476807  1.86099195  5.        
4.61611891 6.89181519 4.58685303 4.        
-0.92982501  5.44628906 -5.63491821  3.        
 2.35687304  4.65479279 -0.57882702  3.        
2.09068298 5.01448107 1.50244105 4.        
 0.018951    5.67962694 -4.45532179  3.        
 0.316742   -1.20503998  1.33996606  2.        
-0.070648    4.72970581 -0.62655598  3.        
-5.76708984  6.83184814  1.84472704  5.        
 0.53309602 -1.39199805  1.60327101  2.        
2.9307251  4.81266785 0.90884399 4.        
 0.070206   -3.19661689  1.45327795  2.        
 0.20770299  5.40992689 -2.16616797  3.        
5.12443495 5.14183807 2.81741309 4.        
-4.35522509  7.44033003  3.25964403  5.        
-5.4595871   7.40628815  2.4906311   5.        
-4.42244005  6.27259779  1.54583704  5.        
-3.01139808  6.31261396  3.55789208  5.        
1.65516698 5.24181414 2.58865404 4.        
0.542023   5.25360107 2.94723511 4.        
-0.25904801  5.67726088  3.03952003  4.        
-0.090134    1.98376501  1.26004004  2.        
-0.746674    5.165802   -1.12832606  3.        
4.89903307 5.78526306 3.3692019  4.        
2.16300988 8.12328339 6.72436523 4.        
-3.56053209  6.59024096  3.77227807  5.        
2.79870605 5.25234222 1.83017004 4.        
 3.128479    4.75725603 -2.552917    3.        
1.32675195 7.40458679 5.12048292 4.        
 0.089493    5.15299988 -6.93325806  3.        
-3.64416504  5.77238512  0.678711    5.        
-0.114288   -4.22023821  1.31719995  2.        
 2.27253699  4.69120789 -0.85110497  3.        
-0.90512103  5.28757477 -0.84985399  3.        
-5.81915998  7.6362381   2.51004004  5.        
1.61524999 7.64464617 5.5218811  4.        
0.33886701 5.20945692 2.56475806 4.        
-0.31054699  6.03045607  3.45666504  4.        
0.040253 1.770172 1.241943 2.      
-1.22142005  5.66485596 -5.06613207  3.        
0.4702     3.33907294 1.90072596 2.        
0.053116   1.11251795 1.23046899 2.        
0.50329602 4.15483093 2.28537011 4.        
-0.206451   -6.72595978  1.74951196  2.        
 0.098068   -1.99520898  1.42129505  2.        
 0.70414698  5.51128387 -5.27298021  3.        
 0.25392199 -0.73650402  1.41757202  2.        
3.26916504 5.87874603 2.78713989 4.        
 1.32167006  5.33260393 -2.23855591  3.        
0.50676    5.5424118  3.20712304 4.        
4.15579224 7.97746277 7.0874939  4.        
1.33287096 7.77740479 5.74942017 4.        
0.061356   5.83272505 3.60998511 4.        
5.21279907 6.47994184 4.31335402 4.        
 2.61499     4.49684906 -6.42114305  3.        
 0.96640003  4.23441315 -0.51480103  3.        
-0.234589    6.54938507  3.97967505  4.        
1.06088305 3.91644311 1.83377099 4.        
-3.08453393  5.5429759   0.44683799  5.        
-0.580643    5.33188581 -1.23638904  3.        
 0.42098999  5.23316193 -1.84152198  3.        
1.09953296 6.54655504 3.712677   4.        
-0.46833801  3.12974501  1.36523402  2.        
 0.154129    3.70670295 -0.094177    2.        
 3.80651903  4.41007185 -4.40991211  3.        
-2.22212195  6.01921082  2.28030396  5.        
-1.53793299  5.34220886  0.390228    5.        
4.33036804 5.35817003 2.71612501 4.        
-0.31025699  5.2744832  -6.79727221  3.        
4.91159105 5.35289001 3.33905005 4.        
0.40531901 7.54386091 5.39074707 4.        
4.18844604 4.72717285 1.50854504 4.        
-0.66258198  5.48641205 -1.76355004  3.        
3.46124291 6.77990723 4.00622606 4.        
 0.44541901 -0.93092299  1.55078101  2.        
0.58949298 3.11814904 1.78878796 2.        
-5.00183105  7.59471083  2.65048194  5.        
5.3598938  6.54381609 4.7310791  4.        
-1.51742601  5.95947313 -1.87374902  3.        
 0.57469201  3.86352491 -0.088562    2.        
-5.00923204  8.1193924   3.19222999  5.        
0.99581897 7.67668915 5.89352417 4.        
-0.027405    5.71507978 -3.64871192  3.        
1.02358997 5.95277405 3.49685693 4.        
-4.11468506  6.30318499  1.27395594  5.        
0.208969   0.96127301 1.27139294 2.        
1.67602503 7.32659912 4.90167189 4.        
4.02729797 6.82854509 4.29538012 4.        
-4.44285583  6.42847395  1.73736596  5.        
 0.007767   -3.89653802  1.47717297  2.        
 2.69470191  4.93287706 -1.99871802  3.        
5.26965284 7.16706085 5.90319777 4.        
 0.64382899  5.31375885 -2.13284302  3.        
-4.01265001  6.83976698  1.98907495  5.        
-0.046585    2.44976807  1.29132104  2.        
 3.11180091  4.82508087 -3.18701196  3.        
5.14350891 5.68077803 3.38708496 4.        
 3.04717994  4.8358078  -3.92394996  3.        
0.93011498 5.99943495 3.24700904 4.        
-0.201263    3.48496199  1.52294898  2.        
-1.52596998  5.33416796  1.38543701  5.        
1.42517102 5.99172211 3.48672509 4.        
-1.13203394  5.08291578  2.05630493  5.        
-4.89144897  7.00022078  2.23944092  5.        
 1.76444995  5.36982679 -4.43548584  3.        
0.09404    6.85433197 4.64840698 4.        
1.09788501 4.83812714 2.497437   4.        
 0.23890699  3.2706759  -0.027985    2.        
5.05705309 6.74033403 4.59762621 4.        
-2.49128699  5.94675398  1.21658301  5.        
-5.88208008  6.62880707  1.665833    5.        
2.78062391 7.3453598  4.80203295 4.        
1.02351403 3.02809906 1.41156006 6.        
-2.075912    5.84174299  3.08059692  5.        
 3.32063293  4.36734819 -4.90008497  3.        
2.40512109 7.38421583 4.96313477 4.        
-4.23176622  7.08023787  2.21768188  5.        
1.46075404 7.8334198  5.97894287 4.        
3.96130395 7.59494781 5.69198608 4.        
-4.37080383  7.02709198  2.39767504  5.        
2.45428491 5.71772814 2.54937696 4.        
-0.94650298  5.87049913 -2.48904395  3.        
0.59030199 7.00223494 4.89172411 4.        
4.7450099  6.66978407 4.41684008 4.        
 2.732162    4.92974091 -4.35208082  3.        
-0.56199598  5.81529188 -3.9156189   3.        
1.46194506 3.48690009 0.750732   6.        
2.16099501 7.33670807 4.80889893 4.        
0.38456699 3.47930908 0.158722   2.        
-5.08148193  6.71351624  1.69110096  5.        
-2.75657606  6.18418884  2.93661499  5.        
 0.97863799  4.82949114 -1.22021496  3.        
1.79605103 6.47730303 3.51034594 4.        
 0.897614    4.91521502 -6.83615112  3.        
 2.52708411  4.73804522 -5.78631592  3.        
 0.28150901 -7.39828491  2.18405104  2.        
-3.87574792  6.16419983  1.12023902  5.        
5.00616503 7.21578217 5.64532518 4.        
1.19703698 3.18714905 1.09207201 6.        
-4.48431396  5.89366913  0.82440197  5.        
0.90133703 4.7504878  2.5002439  4.        
-0.093903    5.6435318   3.42291307  4.        
-2.33369493  5.75644684  3.18743896  5.        
2.37468004 7.89379883 5.94744921 4.        
 0.293365   -2.98880792  1.449615    2.        
4.278687   6.28847504 3.59332299 4.        
-2.44752502  6.11238909  2.13891602  5.        
3.09457397 7.66452789 5.60720778 4.        
3.72625709 5.60168505 2.54834008 4.        
 1.62585402  5.44393206 -4.12976122  3.        
5.795609   6.89412689 5.81588697 4.        
1.39004505 5.17324781 2.40747094 4.        
5.51588392 7.16882277 6.33761597 4.        
0.19787601 5.58476305 3.32629395 4.        
-4.41783094  7.28625488  2.66375709  5.        
 1.21421802  5.32159424 -5.4743042   3.        
0.81762701 6.29545593 3.60394311 4.        
-4.49806213  7.55496979  2.98190308  5.        
-1.51081896  5.57047987  2.01486206  5.        
4.501297   5.17508698 2.64462304 4.        
0.207123   3.02887702 1.67938197 2.        
-0.041916   -2.2931819   1.41198695  2.        
-0.105133    5.40896606  2.75875807  4.        
 2.09518409  5.21633911 -4.63485718  3.        
0.44140601 4.48674822 2.48474097 4.        
 0.132568    5.64045715 -4.84671021  3.        
-2.86190796  5.17444611  0.057404    5.        
3.8344419  5.38987017 2.3570559  4.        
0.24444599 0.55606103 1.37744105 2.        
1.31668103 5.76229906 3.24621606 4.        
 0.113358    5.67673492 -3.43280005  3.        
-0.55571002  5.11239576 -0.86071801  3.        
 1.45979297  4.73826599 -6.8843689   3.        
1.13159204 4.61637115 2.11904907 4.        
0.212585  5.6137619 2.9624939 4.       
1.17686498 5.24559784 2.56188989 4.        
0.145035   6.17154694 3.6847229  4.        
-5.35528612  8.04434967  3.01376295  5.        
-0.77886999  4.41760302  1.20449805  2.        
0.083298   5.2515111  2.54315209 4.        
-4.32398987  7.39394379  3.46258497  5.        
-1.57797205  6.12242889 -3.63357496  3.        
-0.70956397  3.7585299   1.43310499  2.        
 0.50428802  5.04199219 -6.84976196  3.        
 2.28337097  4.54831696 -6.50042677  3.        
-1.33973706  5.8733139  -1.70074499  3.        
-4.79705811  6.0702672   1.32034302  5.        
 0.050186   -0.91095001  1.44952404  2.        
4.19738817 6.45414686 3.7805481  4.        
-0.50402802  5.82109785 -3.16448998  3.        
-3.71566796  6.40269518  3.84585595  5.        
 3.63775611  4.48607588 -2.7663269   3.        
-4.44244385  6.15304613  1.13445997  5.        
0.66827399 5.13440704 2.82357788 4.        
-4.25856018  7.27104998  3.13342309  5.        
 2.47842407  4.93904114 -5.30511522  3.        
 3.99771094  4.41679382 -3.01791406  3.        
-2.96347094  6.04213715  3.82931495  5.        
-1.47053504  5.99324799 -2.39755297  3.        
-4.63943481  7.8810811   3.00897193  5.        
-1.32678199  5.2746892   1.76348901  5.        
2.91441393 6.56402588 3.67666602 4.        
-0.17280599  5.59456587 -5.03082323  3.        
 3.07296705  4.77616119 -2.29998803  3.        
2.8339231  4.96202087 1.26977503 4.        
1.75755298 4.9935379  1.83181798 4.        
2.330688   4.97343397 1.32663    4.        
-1.95069897  5.80963898  2.52453589  5.        
1.15237403 4.19329119 1.88226295 4.        
-0.15928601  5.57377577 -5.34115601  3.        
4.0884552  6.08278704 3.32974195 4.        
3.98141503 4.93726397 2.08538795 4.        
-2.35116601  6.05229998  2.84066796  5.        
-3.74990797  6.57046509  1.73809803  5.        
4.00547791 7.13694811 4.76693678 4.        
-5.46630096  6.45321703  1.39468396  5.        
 3.65377808  4.41117907 -4.64932299  3.        
2.51698303 8.11727142 6.76538086 4.        
-0.012863   -3.99340105  1.77392602  2.        
6.0164032  6.69451904 5.51571703 4.        
 2.47117591  4.69219208 -0.74685699  3.        
 0.30279499 -0.22271     1.29116797  2.        
 3.69549608  4.49646807 -2.34579492  3.        
1.05613697 5.63550615 3.15182495 4.        
0.56243902 6.89056396 4.43044996 4.        
-5.08360291  6.83087206  2.05709791  5.        
 1.17933702  4.89343309 -1.128021    3.        
0.79075599 5.50672913 3.09179711 4.        
-0.46824601  5.85644484 -3.49032593  3.        
0.471939   2.44447303 1.54199195 2.        
1.15852404 4.79267883 2.22210693 4.        
-3.56234694  6.0869751   1.13101196  5.        
 0.191818   -5.61555481  2.00418091  2.        
 0.492401 -3.742203  1.352386  2.      
-5.48440599  7.91663408  2.67718506  5.        
-3.54406691  6.65591383  1.98007202  5.        
-0.37399301  6.11439514  3.80883789  4.        
-0.116714   -7.1604228   1.82516503  2.        
2.66023302 8.02625275 6.26882887 4.        
1.03202796 6.94254303 4.3001709  4.        
2.15364099 6.11688185 3.10293603 4.        
 2.89105201  4.74963379 -1.10903895  3.        
0.037872   6.4058609  3.83544898 4.        
1.84967005 5.67876387 2.42871094 4.        
 1.58459496  4.45053911 -0.53530902  3.        
 0.110062   -1.31623101  1.38449097  2.        
-0.43531799  5.16603088 -6.48919678  3.        
1.38024902 4.96640778 2.48034692 4.        
-0.318115    5.14229584 -1.29547095  3.        
-4.23744202  5.45683289  0.383789    5.        
 3.06826806  4.71717787 -4.47757006  3.        
-0.215546    5.75076294 -3.82418799  3.        
4.5844121  6.2563858  3.67678809 4.        
4.11332703 7.8805542  6.78274488 4.        
-0.486206    3.97052789  1.30053699  2.        
-0.194534    4.4876709  -0.58102399  3.        
-3.1777041   5.99946594  0.92465198  5.        
-0.70237702  5.57336378 -5.0774231   3.        
0.37684599 7.2145462  4.76843309 4.        
-0.037079    4.29151917 -0.57003802  3.        
 0.149948   -2.38037896  1.49133301  2.        
5.0750432  6.12525177 3.82559204 4.        
 0.74153101  5.32526398 -6.04870605  3.        
0.67167699 3.41590905 0.227753   2.        
0.834167   3.42873406 1.81866503 2.        
-0.29682899  6.17898607  3.59808302  4.        
 2.99868798  4.61779022 -4.90096998  3.        
 0.298233    3.81363702 -0.37820399  2.        
 2.05258203  5.27342176 -3.18539405  3.        
 2.15847802  5.08216906 -1.83621204  3.        
-0.126068    6.66433001  4.10791016  4.        
3.97007704 7.7493062  6.17172194 4.        
3.59594703 5.79198503 2.74237108 4.        
-1.11129797  5.89313507 -4.02014208  3.        
 0.37196401 -1.75329602  1.84903002  2.        
 0.216904   -4.12072802  1.56210303  2.        
3.6043241  5.03049517 1.92556798 4.        
-3.48380995  6.91901398  2.9866941   5.        
-0.302917    2.78845191  1.24813795  2.        
 0.31823701 -5.87695312  1.71252406  2.        
 3.00920105  4.47954607 -6.03311205  3.        
-2.79916406  5.9231801   0.872437    5.        
2.09771705 7.60180712 5.30441284 4.        
1.89025903 7.79621077 5.74847412 4.        
-5.3049159   6.35280609  1.59011805  5.        
-0.003418    1.30641901  1.241974    2.        
 0.18545499 -6.63153076  1.84838903  2.        
-0.31700099  5.50062609 -2.05743408  3.        
 2.10540795  4.59413099 -6.35055494  3.        
 1.83230603  5.31561995 -4.73956299  3.        
0.40887499 6.35271502 4.13897705 4.        
1.93673694 5.9767909  2.94656396 4.        
2.08154297 7.02472687 4.46160889 4.        
-2.22750807  5.84283495  3.35086107  5.        
 0.23916601 -2.78502703  1.54711902  2.        
-0.010895    2.24558997  0.88204998  2.        
0.030136   0.62231398 1.378479   2.        
 3.72674608  4.47389984 -1.95068395  3.        
3.26351905 5.19799805 1.74710095 4.        
 3.5436399   4.57069397 -3.64080811  3.        
-4.82804918  6.76010084  1.74612403  5.        
0.28955099 2.1818161  1.42166102 2.        
-4.10936022  5.73254395  0.75601202  5.        
 3.76971412  4.51940203 -3.41540504  3.        
-3.48353601  5.53990221  0.533081    5.        
4.18006897 7.99977112 7.34756517 4.        
-5.68467712  6.31409502  1.52609301  5.        
2.50447106 7.21120501 4.56515503 4.        
-4.21008301  7.15721893  2.84176612  5.        
1.29682899 5.39821577 2.51211596 4.        
 1.85066199  5.04766893 -1.69827294  3.        
 0.38665801  4.78138685 -0.94107097  3.        
4.09262085 5.54415083 2.65310693 4.        
 2.12531996  4.49913788 -0.580688    3.        
2.14004493 8.02727509 6.43044996 4.        
0.66555798 7.38292694 5.39660597 4.        
 0.812729    5.20960188 -1.86868298  3.        
5.30978394 5.45949602 3.24298096 4.        
0.97029102 4.31056213 2.24804711 4.        
0.082977   1.42111194 1.48406994 2.        
 2.473068    5.13451385 -3.03863502  3.        
4.65422106 4.74684095 1.86975098 4.        
4.4009552  4.70749712 1.78524804 4.        
4.40661621 7.93791199 7.1994319  4.        
-4.16479492  6.6911931   2.14187598  5.        
3.02529907 5.9175868  2.89291406 4.        
-5.28309584  6.73332977  1.93774402  5.        
-4.82778883  7.8615489   2.92428589  5.        
-3.86610389  6.84548187  2.128052    5.        
 3.2754519   4.54018402 -4.55670214  3.        
1.73020899 7.84577894 5.86309814 4.        
-1.94845605  5.68155718  1.25109899  5.        
 0.298004    4.97350311 -1.18115199  3.        
 1.97546399  4.8898468  -1.33856201  3.        
 2.0153501   4.47075701 -6.73400879  3.        
-3.39422607  6.86967516  2.79522705  5.        
4.12194777 7.41930389 5.33792114 4.        
-1.32901001  5.99912977 -3.61535597  3.        
0.22868299 2.67166901 0.52065998 2.        
-4.46279907  7.85068512  3.12387109  5.        
2.33663893 6.74682617 3.9992981  4.        
-1.25247204  5.62906694 -1.240906    3.        
3.77705407 4.85633802 1.840271   4.        
3.97955298 5.7483058  2.84738207 4.        
0.75338697 2.78733802 1.48986804 2.        
-0.189316   -1.69439697  1.26663196  2.        
4.19558716 5.87215424 3.13674903 4.        
-5.67740583  6.64826202  1.75781202  5.        
-1.80880702  5.3630681   3.06231689  5.        
-3.39489698  6.22974396  3.931885    5.        
0.231216   1.43581402 1.07073998 2.        
2.95481896 7.25025177 4.61370897 4.        
4.35961914 7.14691877 4.96359205 4.        
0.74340802 3.1506269  1.14633203 6.        
-2.89907789  5.59524488  0.35006699  5.        
 1.03488195  5.5654068  -3.41268897  3.        
 1.90388501  5.0768199  -5.53320312  3.        
 3.61073303  4.381248   -5.04092407  3.        
1.18260205 7.31899309 4.97229004 4.        
-4.37779188  5.93327284  1.15298498  5.        
-0.84403998  4.30378008  1.73803699  5.        
4.65859985 6.5593338  4.27850294 4.        
 2.83551002  4.90426588 -2.30685401  3.        
 0.259018   -5.35402679  1.62124598  2.        
-2.60383606  5.97540283  3.5597229   5.        
1.11489904 5.87509203 3.08163404 4.        
-4.46258497  5.57167816  0.41024801  5.        
 1.12147498  5.22714996 -5.74417114  3.        
0.432327   7.23336792 5.15252686 4.        
-4.4055481   6.6773448   2.03378296  5.        
3.47164893 7.88193512 6.21517897 4.        
4.16122389 5.23828077 2.7896421  4.        
-5.19809008  6.55098677  1.66879296  5.        
2.26634192 6.52314806 3.56582594 4.        
2.14157104 5.63383484 2.28747606 4.        
4.00660706 4.65402222 1.50418103 4.        
5.39800978 7.02058411 5.66137695 4.        
1.41671801 4.485466   1.79791296 4.        
4.32821703 7.54285383 5.72296095 4.        
0.158646   5.40634203 2.92602491 4.        
1.02038598 3.40479302 1.76309204 2.        
-5.40324402  5.85613298  1.07116699  5.        
 0.356354    5.63616896 -5.08258104  3.        
-4.23062086  7.48950195  2.83862305  5.        
-1.59336805  5.81519318 -4.63299608  3.        
-1.62855506  6.0509572  -3.9447329   3.        
5.42358398 6.82889605 5.09536695 4.        
-3.77177405  7.17493391  2.88827491  5.        
2.57955909 7.37146807 4.84716797 4.        
-4.89755201  5.87837219  0.66757202  5.        
 1.35467505  5.1386342  -1.63150001  3.        
 1.99835205  4.86663818 -5.93432617  3.        
-2.49690294  6.078125    3.07501197  5.        
 0.066345    5.37896681 -6.12957811  3.        
-4.67294312  7.97473907  3.52206397  5.        
-4.50135803  6.94927216  1.98309302  5.        
-2.96667504  6.33688307  2.97863793  5.        
-5.42174482  7.03028107  2.16439795  5.        
 0.49815401  3.81660509 -0.30239901  2.        
1.68534803 5.24719191 2.12939501 4.        
 0.233749   -3.070503    1.63546801  2.        
5.10272217 6.41870117 4.1660161  4.        
0.945862   5.25195312 2.84280396 4.        
-3.60884094  6.96511793  3.22778296  5.        
1.82193005 5.82804918 2.68353295 4.        
2.87365699 8.18101501 6.7246089  4.        
 3.89753699  4.38486481 -4.00457811  3.        
2.01269507 7.72560883 5.58621216 4.        
2.54138207 7.70220184 5.46920776 4.        
-0.40654001  5.42729998 -1.82501197  3.        
 0.213425   -1.95980799  1.62655604  2.        
0.46667501 5.07866716 2.62603807 4.        
 0.77702302  3.98378801 -0.19207799  2.        
 0.110977   -5.56504107  1.659729    2.        
-0.11235     1.68936205  1.02401698  2.        
-3.876724    7.16813707  3.42370605  5.        
1.46162403 5.69306183 2.6373601  4.        
 0.163757   -6.37851715  1.82183802  2.        
2.42709303 5.55387115 2.14675903 4.        
0.36099201 6.66999006 4.47177076 4.        
4.28826904 7.41668701 5.43603516 4.        
-2.21336389  6.03046417  2.56530809  5.        
4.15918016 5.02443695 2.53924608 4.        
2.7115171  6.9231801  4.18426514 4.        
-0.36175501  4.81852007 -0.68279999  3.        
 1.09510803  5.05939484 -1.58517504  3.        
0.032928   7.09840393 4.78353882 4.        
 1.803146    4.67396593 -6.6347661   3.        
5.85588121 7.14601088 6.22119093 4.        
4.06565905 7.27739716 5.05389404 4.        
 1.11277795  4.59043884 -0.70837402  3.        
0.67048597 7.69889784 5.65808105 4.        
 2.91096497  4.94242907 -3.16458106  3.        
-4.27778578  6.23248291  1.20379603  5.        
-0.95872498  5.22953796 -1.08541906  3.        
 3.45629907  4.61402893 -3.28539991  3.        
 2.12139893  5.26198578 -3.78549194  3.        
2.48907495 7.5537262  5.17010498 4.        
-3.64698792  6.48468018  1.57284498  5.        
-2.06289697  5.64157915  3.019104    5.        
 0.031494   -5.01307678  1.46649206  2.        
4.53077698 7.81977797 6.72387695 4.        
-2.50651503  5.42678785  0.290497    5.        
-4.4561162   7.35491896  2.46044898  5.        
2.03025794 5.08699799 1.77575696 4.        
1.10029602 4.99552917 2.60382104 4.        
-0.156418    5.71347809 -2.77096605  3.        
2.36801195 7.98053694 6.23669386 4.        
 0.195023   -5.21122694  1.89602697  2.        
-0.38844299 -4.88172913  1.77041602  2.        
 0.080215   -4.83969116  1.64123499  2.        
 0.32443199 -1.44469404  1.78704798  2.        
-1.96382105  5.86782122  2.80395508  5.        
 0.85783398  5.38420105 -5.66516113  3.        
-0.18895    -5.6855092   1.62643397  2.        
 2.32302904  4.82197618 -5.68969679  3.        
 0.76445001  5.08958387 -1.44390905  3.        
5.28488207 6.73931122 4.9692688  4.        
-5.25482178  6.19309998  1.11602795  5.        
-1.34944105  5.86445618 -4.34771681  3.        
0.31488001 7.08347321 4.6472168  4.        
-2.96141005  6.15873003  1.40435803  5.        
 0.047638   -4.77106524  1.95284998  2.        
3.16371107 8.17203522 6.91830397 4.        
-0.523148    4.96741486 -0.72128302  3.        
-3.37284803  6.28878021  1.34112501  5.        
-2.8925631   5.98661804  3.4806819   5.        
3.82293701 5.92431593 3.03302002 4.        
 3.20225501  4.70588684 -1.95565796  3.        
3.27909803 7.09216309 4.38174391 4.        
3.41322303 5.55395508 2.34799194 4.        
0.31202701 2.02967095 1.53051805 2.        
-4.71937609  8.03413391  3.29168701  5.        
2.98696899 4.84072113 1.08636498 4.        
 2.61794996  4.539505   -5.90457201  3.        
3.99211097 4.88608599 1.830109   4.        
-5.49844408  7.71253204  2.60232496  5.        
 0.22476199  5.68556213 -3.81420898  3.        
0.020142   0.43463901 1.371979   2.        
0.77806097 4.85869598 2.60092211 4.        
 3.94044495  4.29422808 -2.59851098  3.        
0.48638901 6.88720703 4.71661377 4.        
-3.11318994  6.35485077  3.26623511  5.        
4.37202501 4.85814714 2.06347704 4.        
 1.85342395  5.22386217 -2.15090895  3.        
-3.71153307  6.77093506  3.7306211   5.        
3.54472303 8.37754059 7.25470018 4.        
2.56567407 7.86505079 5.8997798  4.        
3.22317505 6.72782898 3.908813   4.        
-1.80842602  5.587502    1.67578101  5.        
2.33847094 8.14431    6.81600904 4.        
-4.76811218  5.68151093  0.72543299  5.        
2.2562871  5.47819519 2.06591797 4.        
 3.247437    4.71846008 -2.98837304  3.        
 1.77442896  4.92672014 -1.22997999  3.        
-4.91148376  6.4151001   1.68280005  5.        
 1.16967797  4.09400177 -0.27542099  3.        
5.954422   6.32109785 4.697052   4.        
 2.52590895  4.99776506 -2.074646    3.        
-1.63299596  5.54657698  0.70864898  5.        
 2.69174194  5.06785583 -3.36883497  3.        
 2.36791992  4.88108778 -5.49618483  3.        
-5.32597303  6.68886614  1.64282203  5.        
2.45149207 4.86287689 1.16879296 4.        
0.69415301 5.40359497 2.8027041  4.        
 1.56323195  5.0293498  -1.43179297  3.        
0.26443499 3.03185296 0.42843601 2.        
4.66139221 7.58624983 6.06283617 4.        
 0.966003    4.78575897 -0.96472198  3.        
-0.75422698  4.16936493  1.33639503  2.        
 2.20449805  4.84565687 -1.22366297  3.        
-4.25750685  6.87624407  2.06430006  5.        
1.34465003 5.02633715 2.25366211 4.        
 1.08492994  5.11856079 -6.07830811  3.        
-1.70970094  6.17884779 -2.94241309  3.        
-4.77525282  6.83040619  2.09326196  5.        
-0.079666    5.26823378 -6.30670214  3.        
4.33282518 7.78431702 6.44421387 4.        
0.284592   2.66227007 1.18746901 2.        
-2.68443298  5.43169403  0.17022701  5.        
 1.42198205  5.118011   -5.80304003  3.        
5.18331909 5.91365814 3.63473511 4.        
-1.06275904  5.38658905 -1.02621496  3.        
4.53785706 6.38846588 3.80258203 4.        
-1.37924194  6.02854204 -2.91458106  3.        
3.69468689 7.38667297 5.18234205 4.        
-0.324265    5.39135695 -6.31524706  3.        
-4.36483812  5.69907379  0.713745    5.        
4.68212891 4.76739502 2.14682007 4.        
-4.63232422  6.41598511  1.69317603  5.        
 0.99000502  4.30909681 -0.34671     3.        
0.38893101 5.67104292 2.96350098 4.        
-0.247269    5.65392303 -4.59228516  3.        
-4.84007311  7.35036516  2.57571411  5.        
2.21552992 6.74020386 3.85922194 4.        
-4.7358861   6.89552307  1.88949597  5.        
-2.31126404  5.46534681  0.122101    5.        
0.27897599 2.4485321  0.82577503 2.        
-0.557266    5.40525818 -0.61883497  3.        
-3.31900001  6.47355604  1.77099597  5.        
 1.12583899  5.5490799  -3.94625807  3.        
-3.56245399  6.75492096  3.50753808  5.        
5.67985487 6.32430983 4.49706984 4.        
2.54615808 5.15174103 1.55813599 4.        
3.57499695 6.96629286 4.28893995 4.        
2.57255507 6.65071917 3.77297997 4.        
2.87995911 5.87631178 2.7441709  4.        
 2.60102797  4.93903303 -1.71279895  3.        
3.47553992 7.11985016 4.47378492 4.        
-5.95737505  7.7226491   2.59591699  5.        
4.65753222 5.0063858  2.75051904 4.        
-0.033737    5.83040619  3.36764503  4.        
-0.50353998  5.70139313 -4.41784716  3.        
1.51826501 7.96322584 6.30084181 4.        
0.69000202 7.20822906 5.18261719 4.        
-2.80076599  6.39636993  2.22360206  5.        
 1.95153797  5.03842211 -1.51281703  3.        
 0.294983    5.67791796 -4.69998217  3.        
-5.83097076  7.2098999   2.20455909  5.        
1.79380798 6.2637558  3.22885108 4.        
3.42040992 6.13657379 3.21633911 4.        
-0.67526197  4.37242079  1.36862195  2.        
 2.64273095  4.95091295 -4.58041382  3.        
1.83680701 8.02528381 6.16189623 4.        
0.29422    0.51413    1.62240601 2.        
2.99548292 5.60210419 2.25994897 4.        
2.96383691 5.29570007 1.76416004 4.        
3.63212609 7.25845289 4.92730713 4.        
-0.70860302  5.25972795 -0.97613502  3.        
 1.38176     5.49968004 -4.25411987  3.        
 0.28253201  4.14522505 -0.45468101  3.        
0.332138   1.66606104 1.54135096 2.        
2.322891   7.54729509 5.25338697 4.        
 0.047531   -6.97834015  1.94778395  2.        
2.73109388 7.72214508 5.56463623 4.        
 0.33166501  5.68077803 -4.19628906  3.        
5.39211988 5.70656586 3.75378394 4.        
 0.26171899 -2.52289605  1.47116101  2.        
2.76676893 7.60201979 5.38598585 4.        
2.69590807 5.91293287 2.79022193 4.        
 0.70547497  5.04023695 -6.69253492  3.        
 2.46389794  4.33980608 -6.45236206  3.        
 2.33606005  4.9378891  -1.34191895  3.        
 2.09851098  5.11314392 -5.21087694  3.        
 0.354294    5.13190508 -6.72238207  3.        
0.67655897 3.57483697 2.03091407 2.        
4.38189697 5.57600403 2.84854102 4.        
0.67405701 5.8864212  3.05831909 4.        
 0.453491    4.51309204 -0.60977203  3.        
-2.70468092  6.27046204  2.07086205  5.        
 2.18557692  4.96776581 -5.52981615  3.        
 3.82734704  4.3600769  -4.72189283  3.        
 0.056885    5.25215197 -1.56420898  3.        
-3.33981299  5.93833208  3.59594703  5.        
3.10183692 6.86640882 4.09320116 4.        
-5.47734118  6.98889923  1.93136597  5.        
 3.229141    4.66501617 -1.28689599  3.        
4.00422716 7.52073717 5.53225708 4.        
4.01062012 5.92857409 3.27526903 4.        
1.03529406 3.16605401 1.27636695 6.        
-4.36234999  5.77333117  0.98864698  5.        
-2.12112403  5.47437286  0.107635    5.        
3.58360291 8.05687714 7.06295776 4.        
5.05630493 7.60246277 6.54946899 4.        
-3.02603197  6.50584412  2.14578295  5.        
0.37867701 3.31589508 0.28488201 2.        
0.13029499 6.54868317 4.33248901 4.        
3.715271   7.59313202 5.591187   4.        
-0.064026    6.21847486  4.00332594  4.        
3.47561693 7.96446991 6.53094482 4.        
-3.32562304  6.70810699  3.17648292  5.        
 0.57482898 -4.04441786  1.46804798  2.        
 0.243729   -3.24795508  1.55630505  2.        
-0.361191    2.45693994  1.42953503  2.        
-1.91418505  5.83230591  2.24200392  5.        
-3.40330505  5.24733686  0.17855801  5.        
-2.72366309  6.34708405  2.76126099  5.        
3.26274109 4.87610579 1.34545898 4.        
1.85047901 7.24211121 4.70797682 4.        
4.69761705 7.70980787 6.56399488 4.        
1.90414405 5.33959198 2.20764208 4.        
 3.25945997  4.3033371  -5.05658007  3.        
2.61689806 6.40840912 3.44503808 4.        
 0.094955   -3.5373311   1.54586804  2.        
4.55187988 5.11371613 2.46536207 4.        
-4.04000807  5.65726519  0.53903198  5.        
0.031494   5.52576494 3.29303002 4.        
-5.15930223  6.62899017  1.86001599  5.        
0.84106398 3.29969001 1.978912   2.        
1.02557397 4.63942719 2.39877295 4.        
-1.65321302  5.4730072   0.34735101  5.        
4.84663391 5.57771301 3.30514503 4.        
2.63275099 5.8167572  2.64788795 4.        
 1.38574195  4.72435808 -6.644104    3.        
-0.843216    5.64743805 -1.67556798  3.        
3.62326097 7.52092695 5.33227491 4.        
 1.44654906  5.18971205 -1.776703    3.        
4.61361694 7.40463305 5.63345289 4.        
 1.40847802  4.93926191 -6.24655104  3.        
 0.76878399  3.5705111  -0.055054    2.        
-3.57301307  6.82636309  3.11123705  5.        
-3.55563307  6.49116516  3.59277296  5.        
0.82179302 3.66822791 1.96560705 4.        
0.40272501 5.83927917 3.29772902 4.        
-4.71632385  7.50759077  2.61172509  5.        
-1.08697498  5.71749115 -0.81967199  3.        
 0.207352   -0.56072998  1.425964    2.        
-0.57130402  5.5608058  -5.34741211  3.        
-0.466019    6.10417891  3.50509596  4.        
3.922333   6.65528107 4.00765991 4.        
-5.40690613  6.83883715  2.01171899  5.        
4.22094679 4.91717482 2.21368408 4.        
 2.22087097  4.97429705 -1.59600794  3.        
5.51823378 6.68766022 5.15008497 4.        
-0.87341303  5.8695302  -3.8843379   3.        
0.33717301 2.91848707 1.74752796 2.        
 3.91160607  4.51867723 -2.45904493  3.        
 0.210999   -7.19524384  2.14297509  2.        
-2.40104699  5.94205523  1.39477503  5.        
-1.67605603  5.21613312  0.374329    5.        
