-2.72604394 -4.76503801  6.15161085  3.        
  1.22426605  24.2830658  -13.17965698   5.        
-12.97384644  20.85454559  11.3664856    4.        
  8.83403015 -25.06125641   3.87078905   2.        
 9.59092045 17.18313599  6.0630188   7.        
14.52106476 -2.41181993 11.38354492  6.        
5.71099806 4.94909716 1.26904297 2.        
-3.03346992 17.29688263  4.13580322  4.        
  6.97115278 -12.57257843   3.90075707   2.        
 8.00485992 19.7389679  -5.08517504  5.        
 7.1518631  -3.59870911  5.98074293  2.        
-11.17864227  19.81671906   3.11584496   4.        
-0.45296499 20.72719574 -5.64614916  5.        
 6.43675184 12.68161011 -1.24807703  2.        
-4.92797899 21.71551514 10.73962402  4.        
 0.461548   10.00456238  4.7565608   2.        
  7.25594282  22.86158752 -10.77365112   5.        
  7.02880096 -18.91854095   3.22726393   2.        
 8.28417206 -1.61557806 11.96456909  6.        
 2.285851   -5.27293396  2.64782691  2.        
 4.30506086 14.91761017  4.08917189  7.        
 9.18507385 17.62857056  0.25631699  7.        
12.05656433 -0.277794    6.59008789  6.        
4.36518097 0.096611   3.17144799 2.        
 3.46256995 20.23755646 -2.21731591  5.        
-7.14456177 19.71472931  6.41805983  4.        
-6.61994886 19.14879608  1.25784302  4.        
 4.11732483 22.21327209 -7.0064702   5.        
-1.16375697 24.16662598 -8.92007542  5.        
 6.20040083 -7.854599    3.79614305  2.        
-14.17881775  20.17428589   6.81838989   4.        
-2.25270104 -4.88351393  1.42736804  3.        
-1.85491896 19.92008209  7.73394823  4.        
 4.96064806 10.37924194  3.71557593  2.        
2.42304206 5.8753891  4.3152771  2.        
-8.82835388 21.57867432 12.30044556  4.        
 6.40499878 16.34548187 -3.27279711  2.        
-0.78126502 13.93733978  5.00042677  2.        
-6.51844788 -5.55065918  4.75137281  3.        
6.22185516 8.84202576 0.136475   2.        
12.1279068  17.13452911  2.95263696  7.        
-10.50888824  20.70207214   8.23962402   4.        
 8.87340641 22.60321045 -7.37097216  5.        
2.33814192 8.63690853 1.69598401 8.        
 5.96128893 15.80715179  0.69793701  7.        
 0.70489502 -3.46117401  5.64251709  3.        
  3.53633094  22.89784241 -10.58810425   5.        
 9.20384979 -1.73975396  8.41595459  6.        
 5.9224472  17.44887543  6.07531691  7.        
11.56507111 -1.46986401 13.28198242  6.        
 5.16801405 -3.32389808  3.06491089  2.        
 7.74034882 16.85481262  3.25967407  7.        
4.52821302 3.40042901 3.90969896 2.        
  8.36978245 -21.81435394   3.87994409   2.        
  7.20645094 -15.75325012   3.70361304   2.        
12.23423004 -1.52002704  9.47265625  6.        
-5.31407213 -6.06377411  7.53247118  3.        
 1.15253496 22.52601624 -7.62957811  5.        
-7.56785583 21.03967285  9.12017822  4.        
-5.50376081 18.94690704  4.03338623  4.        
 5.08091688 20.18953705 -4.80612183  5.        
-4.76049805 20.38066101  8.06750488  4.        
-8.33691406 19.78642273  3.65139794  4.        
 2.28906989 21.03927612 -4.80178785  5.        
-4.03892517 -4.85101318  3.67074609  3.        
4.56227112 7.60005188 3.97698998 2.        
-0.187675   -4.15479994  3.10037208  3.        
 6.74824476 -1.563393    9.58157253  6.        
  1.096825    24.06510925 -10.48825073   5.        
-11.55395508  20.19415283   5.76013184   4.        
  3.83810401  22.66070557 -13.22900391   5.        
-3.77262902 18.65177917  6.31133986  4.        
 6.66727495 21.27641296 -6.75622606  5.        
 4.37350512 12.70006561  2.82446289  7.        
  6.23065901 -10.22851562   2.9351809    2.        
-14.28410339  20.12320709   9.33892822   4.        
 6.11691284 -5.37194777  4.21948195  2.        
 9.2296524  -0.658234    6.14419603  6.        
 5.55438185 22.9203186  -8.91265869  5.        
 3.96083093 -6.82784986  3.55868506  2.        
 5.67073107 18.77404785 -2.90759301  5.        
-10.59429932  21.17540741  10.60900879   4.        
-0.89175397 -3.92157793  7.46652222  3.        
 3.98146105 14.82393646  1.71231103  7.        
10.4463501  -1.48171198 11.01705933  6.        
-2.98106408 21.05140686  9.57940674  4.        
1.88207197 8.16028595 3.95992994 2.        
-1.16326106 22.27934265 -7.44168091  5.        
 9.89978027 17.34194946  2.46533203  7.        
-9.2461853  20.24736023  5.73840284  4.        
5.14388323 2.04371595 2.22647095 2.        
 6.16886902 15.27073669  2.86663795  7.        
-1.65805101 16.10302734  5.42767286  2.        
14.34235382 -2.05022407  9.16421509  6.        
 7.06800079 14.48427582 -2.39651489  2.        
4.69450378 5.5920558  3.23495507 2.        
  5.74815416  22.44946289 -12.27706909   5.        
-4.5513382  19.20546722  2.15274096  4.        
 0.052849   12.05335236  4.4724431   2.        
-6.98043823 21.4160614  11.10910034  4.        
 5.66578722 -1.45481896  3.88589501  2.        
-12.26772308  20.72167206   9.38241577   4.        
 6.59939623 10.63066864 -0.908234    2.        
-8.72811127 19.53862762  1.62161195  4.        
-2.07877398 -4.354424    4.16451979  3.        
 0.91008002 20.28222656 -3.44628906  5.        
 7.4144969  -2.10546088  7.44213915  6.        
-4.66570282 -5.38783312  5.65264893  3.        
 7.60543823 16.54410553 -0.50509602  7.        
 2.86241102 23.05558777 -8.63476562  5.        
10.99856567 16.74994659  4.64791918  7.        
6.0834198  6.89688921 0.78561401 2.        
12.49810028 -1.77004194 11.47943115  6.        
-2.66096497 -5.02230787  8.15631104  3.        
 5.7456212  18.20497894 -4.82583618  5.        
 7.76112413 17.16973877  5.25512695  7.        
 5.79313707 16.11688232  4.62582397  7.        
-12.83403778  20.05056763   4.30111694   4.        
 8.33321381 23.06616211 -9.19696045  5.        
 -0.38539901  25.18711853 -10.92312622   5.        
13.22425079 -1.13184404  7.82385302  6.        
-8.51148224 20.41240692  7.5380249   4.        
 7.78944397 16.97143555  1.36343396  7.        
10.84681702 -0.90493     7.98120117  6.        
-1.88349903 18.56365204  6.25985718  4.        
2.90266395 4.22378492 3.42758203 2.        
 8.5865097  21.02349854 -6.38995409  5.        
-12.44460297  20.34675598   7.54806519   4.        
  2.39665198  23.42286682 -12.00726318   5.        
 4.66486406 -5.10426283  3.04550195  2.        
-5.5472641  18.92510986  5.90283203  4.        
 8.60394287 -1.60973406 10.15524292  6.        
 2.34684706 21.98065186 -6.34741211  5.        
-1.03929901 -3.98309302  5.59185791  3.        
 7.26936293 18.1546402  -3.90777612  5.        
3.89391303 8.05281067 2.39117408 8.        
 9.83959961 -1.240448   12.73870754  6.        
-8.69526672 21.24371338 10.56469727  4.        
  7.86333513 -20.16553497   4.28237915   2.        
 9.31315613 17.09913635  4.11319017  7.        
 7.0846858  22.41821289 -8.03643799  5.        
 0.46890301 23.53697205 -8.90109253  5.        
 3.94530511 21.36558533 -5.41772509  5.        
-11.34549046  21.12623596  12.18356323   4.        
  5.26769304  22.76701355 -10.6307373    5.        
-0.66546601 -4.17764282  1.43518102  3.        
  8.09076691 -23.55711365   3.45706201   2.        
13.22002411 -1.89124298 13.03143311  6.        
-5.72926283 -4.97147417  3.35833693  3.        
-6.77658081 19.40429688  3.00237989  4.        
  6.79972076 -14.06316376   3.11331201   2.        
11.11091614 17.71853638  1.34652698  7.        
  7.68413496 -17.54888153   3.96774292   2.        
4.43312788 1.72019196 3.80096412 2.        
-5.90061998 21.09789276  9.36367798  4.        
 3.60204291 20.47309875 -3.877563    5.        
  5.67789507 -11.93421173   3.06826806   2.        
5.17346191 3.70034003 2.3521421  2.        
-9.95903778 19.99053192  4.26623487  4.        
-6.5856781  20.55544281  7.89489698  4.        
 3.02019501 -5.56543684  4.07559204  2.        
5.903862   0.158066   3.93463111 2.        
 0.76556402 21.61239624 -6.33508301  5.        
-4.25858307 18.1762619   4.73471117  4.        
3.11148095 7.10314894 3.45480394 8.        
 5.50411177 -6.49384308  3.2054441   2.        
 7.08988905 -5.2005229   5.49789381  2.        
 6.52610016 20.32369232 -5.48217821  5.        
-3.83484602 -5.56288099  7.20181322  3.        
-6.80353498 19.5249176   4.74893188  4.        
 5.32445478 13.98771667  3.30236793  7.        
10.36042023 -1.39378405  9.43017578  6.        
-9.13499355 20.97336578  9.0071106   4.        
 5.21798706 20.96273804 -6.22052002  5.        
 5.67203522 22.30412292 -7.39160204  5.        
-3.54075599 -4.63610077  2.23254395  3.        
3.99411011 9.07099915 3.53509498 2.        
 1.28877997 -4.42258501  3.44546509  2.        
-6.32639313 -5.82330322  6.40710402  3.        
-3.77787805 18.71187592  3.38501     4.        
 4.588799   15.21364594  0.36865199  7.        
-3.52239203 19.72027588  7.47409105  4.        
-9.68582916 19.64286804  2.80120802  4.        
-2.58452606 17.38162994  5.60476685  4.        
 6.52401018 -9.29705048  4.14727783  2.        
1.05910263e+01 8.55999999e-03 6.38568115e+00 6.00000000e+00
-10.41825104  20.56083679   6.74765015   4.        
 4.82792711 -7.98951006  3.21334791  2.        
-1.66143    -4.35611677  2.73434496  3.        
  0.53733802  24.38514709 -11.82980347   5.        
 0.7658     20.86897278 -4.81176805  5.        
13.4480896  -2.02577996 10.37081909  6.        
-13.13404846  20.11910248   5.77502394   4.        
 6.42260695 -6.73405504  4.71673584  2.        
 4.63026381 19.84797668 -3.05200195  5.        
  6.52732897 -11.12942505   4.04241896   2.        
-4.45275116 21.01818085  9.44906616  4.        
 7.28352404 -1.91251397 10.95449829  6.        
 4.25011396 22.86146545 -8.2947998   5.        
  2.32690406  23.49578857 -10.00460815   5.        
 2.35488892 20.33761597 -3.18450904  5.        
 8.45786285 -1.82118201  6.45935106  6.        
-14.23850346  20.40953064  10.74005127   4.        
-0.060135   -3.70697808  4.46136522  3.        
-5.63629103 19.8193512   7.00259399  4.        
 7.91766405 -2.54611206  8.68899536  6.        
  4.27819777  22.68066406 -11.77111816   5.        
 4.85400391 16.83830261  5.38442993  7.        
-1.46955895 15.00769043  4.41073608  2.        
-3.21330309 -4.86076403  4.81427002  3.        
 4.08779097 11.54463196  3.56292701  2.        
 6.83100891 16.14496613  1.94915795  7.        
 6.96398878 22.77700806 -9.41278076  5.        
-0.05378    24.54142761 -9.73532104  5.        
 5.35140181 15.01725006  1.75827003  7.        
 6.79737806 19.11116028 -4.78955078  5.        
 4.44593811 -1.31575799  3.25784302  2.        
1.67318702 9.36151123 4.73120117 2.        
-8.11368561 19.99537659  4.98687696  4.        
-13.6974411   20.33394623   8.07611084   4.        
 5.84767914 -3.98241401  4.01303101  2.        
 6.53227186 17.54316711 -2.70504808  2.        
 9.63623047 -1.12616003  7.31994581  6.        
-10.08174896  21.36917114  11.87203979   4.        
 8.07030487 -3.24272203  6.86480713  6.        
-11.52002716  19.94016266   4.39526415   4.        
 6.33838701 16.19758606 -0.544586    7.        
10.81246853 17.05622864  3.358917    7.        
 7.80653381 21.85415649 -7.0223999   5.        
 7.19723511 17.47010803  6.38793898  7.        
-0.104759   22.74623108 -8.0289917   5.        
11.25334167 -1.31485796 12.01364136  6.        
 2.88106489 22.29428101 -7.48098803  5.        
 6.60853577 16.32736206  3.58389306  7.        
 8.61865997 17.10173035  2.33819604  7.        
 4.45803785 22.94468689 -9.58096313  5.        
-1.94954705 -4.59428406  7.15869093  3.        
3.45574999 5.77738905 3.47366309 8.        
4.2985611  4.62751007 4.16687012 2.        
-11.80776978  20.7877121   10.57650757   4.        
-2.80912805 20.43759155  8.39148045  4.        
-0.76148999 21.25311279 -6.75088501  5.        
  6.72495317 -14.70126343   4.20297194   2.        
2.33113098 7.97734785 2.80020094 8.        
  2.68522596  23.37112427 -13.22854614   5.        
11.64245605 -1.65049005 10.57592773  6.        
 0.054779   -3.42501092  6.70871019  3.        
-7.55931091 19.41543579  2.03417993  4.        
-5.29898119 -5.2108078   4.59603882  3.        
 5.7232132  -8.97154999  3.25341797  2.        
 6.13513184 17.37348938 -3.91809106  5.        
3.55914307 2.50000811 3.38998389 2.        
 5.46115112 19.26534271 -4.02651978  5.        
 2.98816705 -6.26268816  2.87310791  2.        
-3.92334008 16.93753052  4.90997314  4.        
 6.40529585 13.44668579 -2.21154809  2.        
-5.76915693 19.15072632  2.31845093  4.        
-2.33126807 16.29056549  4.41552687  2.        
4.33856201 4.41525984 2.89468408 2.        
  8.03820038 -20.86901855   3.17602491   2.        
 9.41390991 -1.89575195 11.52639771  6.        
 6.64155579 -4.15190077  5.01730299  2.        
 1.69402301 23.3571167  -8.8213501   5.        
 4.4401021  13.97925568  2.4589541   7.        
 3.75695801 10.34655762  3.54669189  2.        
12.03775024 -1.09919     8.35009766  6.        
 0.704956   -4.48413897  2.34753394  3.        
  7.63570404 -18.94883728   4.27413893   2.        
 9.84246063 17.69232941  1.31149304  7.        
-11.05031586  20.8465271    9.54302979   4.        
  6.91440582 -16.66768646   4.4277339    2.        
-2.90916395 -4.59626818  3.24862695  3.        
-13.2103653   20.45890808  10.1307373    4.        
 5.50327301 15.22193146  3.89172411  7.        
-7.65558577 21.5725708  12.08633423  4.        
-4.5244832  19.44174957  6.80947924  4.        
13.33115387 -1.45354497  8.9630127   6.        
1.95992303 6.90274811 3.97119093 2.        
-3.91855597 21.16934967 10.50262547  4.        
 6.61648607 16.92491913  5.25994921  7.        
5.04173994 1.02514601 2.96298194 2.        
-2.70071411 19.16243744  6.83242798  4.        
 7.51953077 20.78214264 -5.99554396  5.        
 8.42350006 17.28623199  6.20324707  7.        
-1.07198298 23.41433716 -8.03961182  5.        
 5.07398176 12.86014557  3.73156691  7.        
 0.076088   21.90811157 -7.25549316  5.        
4.25389099 6.42112017 4.00216722 2.        
-6.00149488 21.26370239 10.52261353  4.        
  8.59980011 -23.69949341   4.47961378   2.        
 6.93087816 15.62192535 -2.47930908  2.        
-11.6452179   20.60769653   8.36532593   4.        
 0.500893   11.05982208  4.13833618  2.        
-10.56301117  20.22653961   5.20217896   4.        
-0.53401899 13.05153656  4.33102417  2.        
 8.53843689 -2.07626295  7.55911303  6.        
  6.28873396  22.85501099 -11.35717773   5.        
-8.30348206 20.10964966  6.34124804  4.        
 5.6989212  -2.57833099  3.9568789   2.        
4.86240387 9.38368225 4.22192383 2.        
-0.97000903 -4.07669783  3.92196703  3.        
 1.58029199 21.21611786 -5.68148804  5.        
13.59802246 -2.13546705 11.94061279  6.        
-9.64603424 21.108078   10.00897217  4.        
  7.80374193 -19.76596832   3.24966407   2.        
4.7805562  2.85391212 2.98156691 2.        
 9.94526672 16.99842834  5.0319519   7.        
  1.40134394  23.73329163 -11.60671997   5.        
5.23219299 4.79701185 2.312958   2.        
  6.75674391 -13.60469818   4.22006178   2.        
 8.23948669 16.95648956  4.26458693  7.        
 6.71330309 11.65912628 -1.51599097  2.        
-9.66952515 20.5322113   7.56124878  4.        
 8.26058197 17.04838562  0.295288    7.        
  7.10120392 -16.77565002   3.33483911   2.        
 6.70839691  9.69507599 -0.33669999  2.        
11.20082092 17.31482697  2.35296607  7.        
 4.9492259  -0.54096198  3.8313601   2.        
 7.08917189 -1.79769897  8.43243408  6.        
 6.98821306 16.47612762  0.386536    7.        
 8.29569244 -1.58081806  9.00857544  6.        
-5.24257708 -5.76792097  6.48861694  3.        
 8.8398056  17.12993622  5.16195679  7.        
-11.63690853  20.39447021   6.83013916   4.        
5.22509813 1.09922802 4.19549608 2.        
-2.15563202 -4.49710894  5.27337694  3.        
 4.73593903 15.78640747  4.565063    7.        
-4.61631012 -4.71859694  2.76766992  3.        
-7.47550201 20.1696701   7.37863207  4.        
 2.91136909 21.32434082 -5.70932007  5.        
-3.62928796 17.7638855   5.52356005  4.        
 8.75893402 17.42312622  1.327057    7.        
-5.76976824 -5.57250977  5.52951002  3.        
 8.12120056 22.65432739 -8.13058472  5.        
6.20082092 7.67675781 0.078613   2.        
  6.21193695  22.85713196 -10.1595459    5.        
 5.43183899 15.71459198 -0.211639    7.        
-7.382164   21.19284058 10.14752197  4.        
-3.66035509 -5.25085402  6.13311815  3.        
-3.80915093 20.61338043  8.67016602  4.        
 9.7117157  -1.47142005 10.2633667   6.        
 5.09100294 -2.12365699  3.06381202  2.        
12.29691315 -1.749107   12.55163574  6.        
  3.27288103  22.88072205 -12.19644165   5.        
-4.9912262  18.94544983  3.12127709  4.        
 1.74391198 20.55647278 -4.00518799  5.        
5.73677111 5.98387194 1.17257702 2.        
 5.53713179 -4.85095215  3.53155494  2.        
3.20883894 4.93666792 4.10302687 2.        
  2.57759094  23.29040527 -11.00384521   5.        
-4.31328583 -4.96426392  4.73538208  3.        
-8.40497589 19.59250641  2.59295702  4.        
 3.426193   23.06896973 -9.48620605  5.        
 6.18465424 18.38854218 -3.8379519   5.        
 4.29776001 20.82168579 -4.63119507  5.        
 3.81713891 -5.84172821  3.34774804  2.        
-2.84840393 18.27381897  6.12023878  4.        
11.76707458 16.63977814  3.76400805  7.        
-2.910568   -5.14861298  7.16366577  3.        
 4.32959795 21.39567566 -6.44625807  5.        
11.05229855 -0.73386401  7.00424194  6.        
 7.33725691 -4.62754822  6.29473877  2.        
-12.84173584  20.57187653   8.55792236   4.        
-4.69104815 18.43112183  5.69574022  4.        
  4.85502577  22.34091187 -12.73300171   5.        
-7.84231615 20.61017609  8.25717163  4.        
 7.62394714 -1.80026305 10.01885986  6.        
-7.37817383 19.67650604  3.92074609  4.        
-5.70096588 20.70965576  8.33126831  4.        
 8.8603363  21.62664795 -7.13610792  5.        
-9.09033203 20.02186584  4.74578905  4.        
 7.28202105 16.70815277  4.32937622  7.        
 2.14398193 22.81039429 -7.99813795  5.        
 3.46292901 21.88482666 -6.30804396  5.        
11.27723694 -1.337883    9.06732178  6.        
3.56587195 3.4959259  3.48571801 2.        
-1.77902198 -4.31557512  6.16525316  3.        
14.39570618 -2.26869988 10.25967407  6.        
 5.92151594 19.66394043 -5.07275391  5.        
 2.34874701 -4.69968414  3.44497705  2.        
3.31767297 8.65957642 1.73272705 8.        
  8.30023956 -22.82250977   4.16128492   2.        
 7.62223005 16.65683746  2.2744751   7.        
12.16892242 -0.95851099  7.39251709  6.        
  6.6157608  -12.96394253   3.0809629    2.        
-13.21292114  20.11490631   6.9937129    4.        
-6.45317793 19.51507568  5.65850782  4.        
-1.29463995 -4.82587385  1.78320301  3.        
 5.1328578  21.61799622 -6.97869921  5.        
 1.48194897 23.80119324 -9.64758301  5.        
-5.52916718 19.29505157  1.39880395  4.        
 9.29162598 -1.39704895  9.30877686  6.        
 7.15861511 13.2166214  -1.58245802  2.        
 4.54764605 20.05059052 -4.02365112  5.        
-9.50584412 21.28569031 11.07125854  4.        
 9.18378353 17.12207794  3.10797095  7.        
  1.96750605  23.85795593 -12.76156616   5.        
  6.21567488 -10.21620941   3.88781691   2.        
 7.04293823 17.02040863 -3.48358202  5.        
-10.19101048  20.88265991   9.1390686    4.        
 5.39541578 14.71485901  2.65759301  7.        
-5.17015791 18.56521606  4.88680983  4.        
  7.40160418 -18.00582123   3.18597388   2.        
-4.61280823 18.61479187  3.97210693  4.        
 1.88718402 22.14311218 -7.15985107  5.        
 7.7878418  23.04406738 -9.97113037  5.        
  0.48392501  24.64570618 -10.92068481   5.        
12.04064178 17.49804688  1.95959496  7.        
-0.858307   14.94120026  5.12762403  2.        
 6.07901001 22.49534607 -8.2203064   5.        
 8.2635498  -1.74968004 11.02282715  6.        
 4.95555878 -7.106987    3.66424608  2.        
 0.490913   -3.97338891  3.74563599  3.        
-1.75705695 19.37916565  6.96929884  4.        
10.01006317 -1.16436803  8.32492065  6.        
-7.93044996 21.35064697 11.10202026  4.        
-9.14013672 20.37513733  6.79983521  4.        
 3.30584693 20.8175354  -4.70043898  5.        
-6.52030897 20.13373566  7.05584717  4.        
 6.70740509 15.26061153 -3.31735206  2.        
-12.23285675  20.89051819  11.98635864   4.        
10.74962616 -1.47039795 12.81793213  6.        
-12.30569458  20.02804565   5.22598314   4.        
-2.491539   -4.61212921  2.38549805  3.        
 5.18792677 22.76763916 -8.04483032  5.        
 4.50856781 13.5758667   3.49755907  7.        
 5.72580719 -7.17702484  4.2281189   2.        
-6.10957289 21.52719116 11.41598511  4.        
-0.78802502 -4.16238403  2.35580397  3.        
-3.61476898 -5.63117218  8.10131836  3.        
-3.00685906 16.80896759  5.00921583  4.        
-5.97586823 19.11120605  4.81695604  4.        
-12.08608246  19.96364594   3.66296411   4.        
-1.38291895 -4.15486097  4.74426317  3.        
-1.66072905 14.2427063   4.89120483  2.        
-0.241356   24.15979004 -8.89709473  5.        
  6.9298172  -14.96856689   3.23199511   2.        
-8.36560059 21.0141983   9.58093262  4.        
-0.230957   -3.62070489  5.84347486  3.        
-5.16639709 21.13616943 10.01852417  4.        
4.45357513 8.53544617 4.12145996 2.        
-10.99980164  20.51446533   7.47863817   4.        
-14.52106476  20.16179657   8.44000244   4.        
5.56752777 4.10028791 1.582672   2.        
10.09465027 -0.77838898  6.60852098  6.        
10.34023285 -1.35080004 11.97555542  6.        
 6.04859877 15.71041107  1.76074195  7.        
 6.71772814 -5.87290192  4.80456495  2.        
10.22148132 16.99771881  4.10919189  7.        
-9.24581242 19.84928131  3.71276903  4.        
-6.57589006 20.94590759  8.71813965  4.        
 5.69952393 -5.58769178  3.02716088  2.        
-11.28565979  21.03536224  11.28335571   4.        
 4.40882921 10.77497864  3.084656    2.        
 1.33935499 -5.04351807  2.66363502  2.        
  5.22478485  22.55516052 -11.5071106    5.        
-3.54689002 18.01222229  3.93740797  4.        
 8.36569977 20.34909058 -5.64242506  5.        
 6.02658796 -6.30027819  4.03283691  2.        
  4.40221405  22.75552368 -10.8812561    5.        
 6.49649096 21.88052368 -7.40203905  5.        
 0.43847701 21.0803299  -5.62298584  5.        
 4.84538317 20.87748718 -5.40792799  5.        
3.85754395 7.66216993 3.42413306 8.        
12.52859497 -1.76025403 10.52386475  6.        
-6.49040222 19.36978912  3.92614698  4.        
-13.40748596  20.49215698   9.26098633   4.        
  6.42253113 -11.92248535   3.55911207   2.        
 4.6253891  -6.32015181  3.24920702  2.        
-5.904984   19.12026215  3.19894409  4.        
  6.07853699 -11.14781189   3.27291894   2.        
 7.12046814 16.15766907  2.81509399  7.        
 3.678123   22.65466309 -7.646698    5.        
 8.66805267 -2.23602295  9.47866821  6.        
2.61191607 5.36292982 3.60580397 2.        
1.023422   9.03605747 4.22622681 2.        
 0.74180597 -3.40786695  4.68515015  3.        
 0.71458399 23.06137085 -8.17636108  5.        
  7.97741699 -21.0118103    4.06625414   2.        
-10.36335754  19.77616119   3.44650292   4.        
 6.0768199  21.02526855 -6.04760695  5.        
  1.84324706  23.73820496 -10.80993652   5.        
5.10906982 0.29177099 3.59344506 2.        
 9.12689972 -1.37484705 12.16690063  6.        
 4.85482788 11.9617157   3.56173706  7.        
 6.22033691 11.56666565 -0.80194098  2.        
-0.87287098 -3.88413191  6.44262695  3.        
-4.89552307 -5.00093079  3.73568702  3.        
 5.12536621 -0.74855798  3.00311303  2.        
 0.373474   20.52289581 -4.11477709  5.        
-6.62598419 19.28795624  2.15240502  4.        
-4.38602495 -5.59518385  6.46780396  3.        
 5.61338806 20.4752655  -5.46939087  5.        
4.8999629  1.87346601 3.08413696 2.        
10.87953186 -1.43998694 10.22296143  6.        
-7.64066315 19.6342926   3.10009789  4.        
-2.71032    19.97599792  7.65023804  4.        
-4.38428497 -5.8792572   7.78222704  3.        
3.63761091 4.0882802  4.25662184 2.        
 3.84071398 20.18209076 -3.02917504  5.        
-2.36190009 20.82485962  9.01052856  4.        
-1.99885595 15.60572815  4.82107496  2.        
-7.6946559  19.86538696  5.78121901  4.        
4.7734828  2.50341797 3.81076097 2.        
13.52880096 -2.30107093  9.10031128  6.        
-8.74464417 21.36616516 11.4493103   4.        
4.259377   5.53321123 3.96652198 2.        
-5.05106306 20.80488586  8.87268066  4.        
1.57732403 8.44502258 4.70184278 2.        
 5.34522295 22.87249756 -9.79019165  5.        
-10.0588913   20.368927     6.00119019   4.        
-8.75135803 20.63420868  8.32870483  4.        
-0.54489899 11.46435547  4.59909105  2.        
 0.52718401 11.57609558  4.98864698  2.        
 4.64236498 14.95231628  1.19808996  7.        
  8.28180695 -22.52047729   3.37045288   2.        
 -0.75695801  24.79676819 -10.12930298   5.        
 5.08887482 -4.13504791  3.28863502  2.        
  8.38552094 -24.24968719   3.84139991   2.        
3.16690803 7.76943207 2.937958   8.        
 7.91760302 -1.81607795  8.06958008  6.        
 5.67750502 16.79370117  5.5597229   7.        
4.2389369  9.77469635 3.1408999  2.        
5.35381317 2.85322595 2.36483788 2.        
3.74423194 6.60756683 3.20684791 8.        
-6.8286972  21.14807892  9.50354004  4.        
-9.66143799 20.71797943  8.38000488  4.        
 8.88500977 -1.40692103  7.072052    6.        
13.00715637 -1.74427795  9.71093845  6.        
4.28004503 1.02392602 3.31549096 2.        
-0.27082801 23.48757935 -8.38500977  5.        
4.32041883 3.56877089 3.11459303 2.        
-12.36217499  20.18541718   6.46511793   4.        
 7.07546997 16.55795288  1.21810901  7.        
-5.96637678 -5.31603193  4.08315992  3.        
 7.17591095 19.83386993 -5.12423706  5.        
 2.70587897 20.70439148 -4.13421583  5.        
  1.06182098  24.02558899 -12.36703491   5.        
-1.84368896 -4.37480211  7.9536128   3.        
-10.4718399   19.68798828   2.53463793   4.        
 5.42907715 19.53736877 -2.69522095  5.        
-6.15764618 19.46476746  6.4654851   4.        
 0.67298901 23.97892761 -9.64959717  5.        
 5.72966814 -8.08838654  3.15667701  2.        
 9.06130219 -1.50000799 10.89071655  6.        
13.75302124 -2.28759003 11.09280396  6.        
 4.85952806 22.21195984 -7.49990797  5.        
 7.49807692 18.71501923 -4.60980177  5.        
2.67563605 8.64955139 2.47256494 8.        
 0.045135   -4.1582408   1.97906494  3.        
 2.45700008e-03  2.05722656e+01 -4.89218092e+00  5.00000000e+00
 0.023575   21.31088257 -6.51837206  5.        
-0.63398701 13.18592072  5.29458618  2.        
-2.25052595 16.66937256  5.37435913  4.        
2.72525001 6.44351196 3.80816698 2.        
 5.88285112 21.55657959 -6.63906908  5.        
-7.74320984 19.40254974  1.23696899  4.        
13.77882385 -1.58090198  8.29174805  6.        
  3.31687903  22.84024048 -11.37213135   5.        
-3.96892595 20.20923615  7.96688795  4.        
 5.32344818 15.35112     0.92401099  7.        
 1.54846203 21.83283997 -6.42370605  5.        
 0.77555102 10.80285645  4.86169386  2.        
 6.65629578 15.85949707  1.18927002  7.        
 6.06043196 18.87545776 -4.47958422  5.        
10.48460388 17.57527924  1.95294201  7.        
 4.13902998 -7.50391388  3.14797997  2.        
 5.82914019 -0.66619903  3.98004198  2.        
 6.05150604 -8.63920593  4.11850023  2.        
-9.45217896 19.55504608  1.98147595  4.        
-1.393906   -4.47179413  1.06414795  3.        
 6.42916107 14.14180756 -2.7507019   2.        
 7.49028015 -1.69471705  9.2305603   6.        
2.15286994 7.5498662  4.41061401 2.        
-2.91438293 -4.62354279  4.1053772   3.        
-5.56791687 20.30870056  7.63812304  4.        
4.01122999 1.80995202 3.12167406 2.        
 6.52076721 16.57210541  4.54550219  7.        
 7.84909105 -3.00241899  6.13189697  2.        
 1.692963   -4.99879503  3.82568407  2.        
-3.63854194 17.64860535  4.68020582  4.        
 1.61410499 20.501297   -2.93554711  5.        
 7.55999804 22.74671936 -8.88275146  5.        
 0.96647602 10.01050568  4.13913012  2.        
  0.126846    25.063797   -11.74984741   5.        
11.69098663 -1.60157001 11.3699646   6.        
 6.59896088 -5.0139389   4.74334717  2.        
-12.59771729  20.55738068  10.63018799   4.        
 2.72264099 -5.47403002  3.28189111  2.        
-10.77674866  19.91059875   4.11416578   4.        
2.33321404 7.62310791 3.58630395 8.        
 8.50790405 17.03819275  3.51675391  7.        
-4.59856415 19.93702698  7.42895508  4.        
-0.93644702 13.78977966  4.23629808  2.        
-13.67727661  20.48902893  11.39648438   4.        
-2.99928308 -4.84135389  1.68942297  3.        
 5.79598999 -7.29126692  3.41461205  2.        
 0.923347   21.97145081 -7.11554003  5.        
-2.02609205 20.34593964  8.3833313   4.        
  7.63743591 -16.55214691   3.86749291   2.        
 9.97841644 17.09999847  3.36798096  7.        
 6.04315901 18.09342957 -3.02246094  5.        
  7.73106384 -18.73259735   3.51986694   2.        
 5.28942919 -3.23587799  3.85009789  2.        
-3.64833808 19.17649841  6.87759399  4.        
-13.18057346  20.15154266   4.99758911   4.        
 4.82298279 14.56469727  2.10934496  7.        
 8.19011688 17.28655243 -0.44323701  7.        
 2.66212511 20.31137085 -2.46939111  5.        
-14.30976105  20.18255615   7.6220088    4.        
-13.97094727  20.53923798   9.99609375   4.        
 9.37345123 17.46425629  1.90829504  7.        
12.73570347 -1.66909003  8.51574707  6.        
 6.36889601 22.66720581 -8.92849731  5.        
 5.81267595 -9.61418915  2.71792603  2.        
 8.08043671 -2.40974402  6.78933716  6.        
 7.46525621 21.34399414 -6.52380419  5.        
 5.76166487 -9.69885159  3.50756788  2.        
-3.83843994 -5.10664415  5.32321215  3.        
 6.11235809 15.69071198  3.91177392  7.        
 4.99496508 14.50743866  3.76171899  7.        
-11.05765533  20.39383698   6.32672119   4.        
4.19688416 4.95764208 3.41815209 2.        
 2.42440009 23.286026   -9.22015381  5.        
 6.60386705 15.0274353  -2.12628198  2.        
-0.199402   12.65873718  4.89163208  2.        
 7.0579071  -4.34905195  5.6222229   2.        
-0.054459   -4.69775391  2.58593798  3.        
  7.32750702 -14.3442688    3.5809629    2.        
 5.23348188 19.82118988 -5.52966309  5.        
 3.9541471  11.86395264  2.88796997  2.        
-9.83492279 20.1240921   5.00180006  4.        
-0.62659502 21.96846008 -6.97943115  5.        
 4.76130676 13.34926605  2.81393409  7.        
 9.88948059 17.83463287  0.57058698  7.        
 3.60806298 22.95402527 -8.70117188  5.        
-4.0655818  19.07678223  2.71594191  4.        
-3.76852393 -4.75676012  2.97326708  3.        
  2.97979689  23.08750916 -10.11657715   5.        
 6.45942688 16.79213715 -2.6685791   2.        
 1.54583001 21.01863098 -4.92129517  5.        
 6.73411608 14.02893066 -1.86767602  2.        
 7.01286316 -1.460724   10.29382324  6.        
-3.74991608 21.09514618  9.7003479   4.        
-5.86766815 -6.01046705  7.0310359   3.        
10.368927   -0.78015101  7.41943407  6.        
 7.86718798 -3.72390795  6.32455397  2.        
 6.43468523 -4.71346998  4.06841993  2.        
-0.75122797 24.48886108 -9.45089722  5.        
  3.94564795  22.67176819 -12.43811035   5.        
4.11689806 4.07369184 3.62219191 2.        
 5.04957581 -5.6571579   3.38214111  2.        
 0.052544   10.8766098   4.70587206  2.        
-1.09695399 -4.16699219  3.17745996  3.        
11.05234528 16.53811646  3.93481398  7.        
 0.620682   -4.29789019  3.09194994  3.        
-2.16543603 17.91654205  5.89776611  4.        
4.05634308 2.83535004 3.83544898 2.        
5.10456085 0.04023    2.90212989 2.        
12.97949219 -1.82999396 12.29107666  6.        
 7.99021196 -2.5644381   7.58688307  6.        
 8.94428158 21.66386414 -6.38278198  5.        
  7.12166595 -13.25997162   3.68615699   2.        
3.4535141  4.9781189  3.41381788 2.        
 6.80718184 20.8430481  -6.18273878  5.        
-13.59633636  20.01726532   6.33200121   4.        
-4.75440979 -5.77774811  7.07119799  3.        
-11.2743454   20.19599915   5.04293823   4.        
-0.258064   -3.87645006  3.77093506  3.        
-5.02224684 19.12293243  6.36859083  4.        
 6.56214094 15.77890015  2.52307105  7.        
-10.95874786  20.85531616   8.82028198   4.        
-0.73682398 -3.86758399  4.91976881  3.        
13.88141632 -2.08606696  9.72634888  6.        
11.60316467 -1.481148    9.83294678  6.        
 7.07656908 16.06195068 -3.03915405  2.        
 -0.074051    24.52584839 -10.47094727   5.        
 6.34122515 10.27133179 -0.090759    2.        
 6.68382311 17.36795807  5.88467407  7.        
 4.75939178 22.93032837 -8.92276001  5.        
 7.66683197 22.21179199 -7.6343379   5.        
-7.1023941  19.67917633  5.3873601   4.        
-3.08650208 -4.8418498   5.52410889  3.        
 8.83410645 22.1661377  -7.94284105  5.        
-1.37062097 -4.19041395  7.00173998  3.        
  6.33531189 -13.33563995   3.62762499   2.        
4.72753096 8.34289455 3.48626709 2.        
 3.40112305 22.24786377 -6.97289991  5.        
 4.38560486 20.00543213 -2.39599609  5.        
-10.78089142  21.24940491  11.74581909   4.        
11.49262238 -1.272331    7.91769409  6.        
  7.67929792 -20.36763      3.62039208   2.        
12.82950592 -0.81974     7.15420485  6.        
 3.06858802 20.2935257  -3.206177    5.        
 7.63748217 20.18286133 -5.62362719  5.        
-8.25636959 20.82208252  8.90090942  4.        
10.5671463  17.30677795  2.71936011  7.        
 5.73766279 14.81423187  3.27618408  7.        
11.34477997 -0.268013    6.53665209  6.        
  0.91001898  24.17825317 -11.25820923   5.        
4.43624878 9.90338898 3.81353807 2.        
4.13609314 7.03865814 3.66680908 2.        
 3.09949493 22.67610168 -8.08053589  5.        
 9.08545685 -1.46292102  7.77090502  6.        
-1.14424896 13.35821533  4.80709791  2.        
 5.68827105 -5.75463915  3.71685791  2.        
-9.61488342 21.43431091 12.40252686  4.        
 6.72512102 18.60642242 -4.24081421  5.        
-12.21882629  20.80358887  11.28393555   4.        
 6.34973097 17.16068268 -3.2789309   5.        
 1.45208704 22.73765564 -8.23379517  5.        
13.14060974 -2.04997206 11.38848877  6.        
3.07445502 5.62619781 4.20550489 2.        
-2.11030602 -4.45451403  3.27002001  3.        
5.42449903 3.36215997 1.78613305 2.        
  8.65774536 -24.6285553    4.39764404   2.        
  7.19312286 -16.03652191   3.06060791   2.        
  8.21075439 -24.94825745   3.56655908   2.        
-8.56865692 20.09126282  5.51275587  4.        
-3.57961988 -4.87767792  4.20089722  3.        
-8.97255707 19.69552612  2.99255395  4.        
-11.69944763  20.54188538   7.51428223   4.        
 7.67271423 16.66662598  0.28668201  7.        
 0.085342   -3.58367896  5.13574219  3.        
 7.74514008 17.31904602  5.97937012  7.        
3.94899011 8.37548065 3.58804297 2.        
10.56718445 17.01242828  5.35058594  7.        
 4.52940416 10.99176025  3.73773193  2.        
 0.37809801 22.48153687 -7.51300097  5.        
3.45062995 7.15862989 2.75711107 8.        
11.48162079 16.90567017  3.07928491  7.        
-8.50404358 19.89044189  4.31970215  4.        
 2.20935106 21.51306152 -5.64910889  5.        
 6.46107483  8.97116089 -0.50439501  2.        
-7.1654892  20.75250244  8.33224487  4.        
 7.18501997 21.80990601 -7.33105516  5.        
 5.0477829  19.69174957 -3.58557105  5.        
  7.7252202  -22.12506104   3.50036597   2.        
 6.69029188 17.80220795 -3.75527906  5.        
 5.10597181 -1.17675805  3.58264208  2.        
-6.58889818 21.22471619 10.15698242  4.        
  3.28942895  22.92428589 -12.89901733   5.        
-4.48998308 21.25802612 10.10058594  4.        
-8.0628891  20.12139893  7.01657104  4.        
-7.51000977 19.82673645  4.69622803  4.        
 9.89380741 -1.34399402 11.44915771  6.        
 7.26444197 16.52987671  3.65487695  7.        
11.62100983 -1.51884496 12.59622192  6.        
-9.40657806 21.42184448 11.74328613  4.        
  7.97453308 -19.52050781   3.87048292   2.        
10.71840668 -1.23216295  8.67831421  6.        
-5.50643206 21.47125244 11.08782959  4.        
 8.58459473 22.75944519 -8.62902832  5.        
-3.221802   20.75733185  8.99935913  4.        
-10.32286835  21.02160645   9.91696167   4.        
12.24167633 -1.59251404 13.25137329  6.        
 8.70029545 -2.0904851   8.78500366  6.        
 6.45703077 16.00258636  0.26345801  7.        
 8.55299377 -1.55815101  8.29067993  6.        
3.24523902 8.28407288 2.35458398 8.        
-11.65982056  20.66197968   9.06896973   4.        
5.00701904 1.39453101 3.61276293 2.        
  8.09259033 -21.54502869   3.31497192   2.        
 4.84220886 -2.78183699  3.325104    2.        
  7.09055281  22.88682556 -10.11077881   5.        
-11.30206299  20.99411011  10.16540527   4.        
-9.03961945 21.11284637  9.66943359  4.        
  7.34753418 -14.97649384   3.83825707   2.        
  2.06000495  23.46385193 -11.41363525   5.        
 7.45636702 -2.98454309  6.71585083  2.        
 5.13033295 16.22915649  4.90270996  7.        
 5.13452911 -2.01010895  3.73385596  2.        
-2.55377197 -4.52536821  4.72198486  3.        
 4.48209381 -6.75727081  4.00442505  2.        
-13.86960602  20.34073639   8.73370361   4.        
11.00997162 -1.50955999 11.4100647   6.        
  2.77395606  23.29139709 -12.55612183   5.        
-0.393951   22.42747498 -7.42129517  5.        
4.8261342  5.02220917 2.89205909 2.        
  6.34635878 -12.61205292   3.59384203   2.        
10.42176056 17.86120605  1.00283802  7.        
 1.062042   20.55420685 -4.04693604  5.        
 6.27634382 15.81970215  3.26989698  7.        
-13.36502838  20.45172119  10.80010986   4.        
1.20786297 9.87863159 4.75414991 2.        
-0.28477499 13.52104187  4.81610107  2.        
-13.09098816  20.26766968   7.71914721   4.        
-6.08880615 19.09034729  1.72943103  4.        
  4.17549086  22.82394409 -10.17892456   5.        
 4.36676788 22.71037292 -7.65075684  5.        
  7.73172808 -18.32107544   4.04968309   2.        
  7.50402117 -17.30954742   3.33914208   2.        
-1.82842302 -4.57099915  2.09518409  3.        
 8.77572632 -1.37036097 11.58627319  6.        
-5.86216688 -5.52586412  4.86599684  3.        
 4.47150421 12.50361633  3.50445604  7.        
 5.09194183 14.08348846  2.68572998  7.        
-6.42490387 -5.67654419  5.47158813  3.        
 5.84474182 15.19594574  2.16751099  7.        
 1.815063   -4.96166182  3.12161207  2.        
-8.00894928 21.12610626 10.35913086  4.        
-2.31545305 19.66146088  7.2182312   4.        
 4.07614088 -6.55212402  2.95626807  2.        
 9.90345001 -0.31055501  6.1781311   6.        
 6.34189606 -7.40556288  4.32192993  2.        
-1.13144696 14.40689087  4.52612305  2.        
 7.74693298 -1.66477203 11.43054199  6.        
 8.70552063 17.3694458   0.66906703  7.        
 6.96704912 16.24790955 -0.342529    7.        
11.92932129 -1.51998103 11.98190308  6.        
 6.0353241  22.85734558 -9.52209473  5.        
 8.63792419 17.65371704 -0.126404    7.        
 5.24050093 19.8710022  -4.25064087  5.        
 9.31016541 17.57826996  0.939331    7.        
-10.23784637  21.2857666   11.23739624   4.        
 8.36997986 22.17881775 -7.38226318  5.        
-8.27402496 21.44932556 11.90078735  4.        
-7.07809401 21.56994629 11.77243042  4.        
-10.34829712  20.5823822    7.42437696   4.        
  6.52437592  22.90834045 -10.74597168   5.        
5.79367113 3.89675903 2.16442895 2.        
 1.05754101 23.23989868 -8.70666504  5.        
 4.85127306 15.30932617  4.12976122  7.        
 6.82003021 11.33529663 -0.95578003  2.        
 2.76895905 22.27038574 -6.80142212  5.        
 8.06037903 16.92437744  2.68136597  7.        
5.96191406 5.52565002 1.58300805 2.        
 8.16073608 -1.72747004  9.63201904  6.        
12.55626678 -1.10006702  7.95199585  6.        
 2.19380903 22.98600769 -8.62820435  5.        
-4.42181396 18.7949295   6.16403198  4.        
  1.64809406  23.67146301 -12.22653198   5.        
-1.22049701 22.81758118 -7.80230713  5.        
 6.44243622 14.94454193 -2.81463599  2.        
 8.89575958 -1.15583801  6.39428711  6.        
11.69636536 -0.65327501  6.97723389  6.        
-3.29377794 20.15249634  7.89953613  4.        
 4.47168684 -0.52252197  3.32748389  2.        
-5.16315508 19.24943542  1.93008399  4.        
 5.34096479 15.72303009  4.26660204  7.        
 6.62939501 12.15621853 -0.92431599  2.        
 5.64911604 18.84706879 -3.57342505  5.        
-0.458298   -3.65876794  7.02084303  3.        
  4.82749891  22.45843506 -12.02432346   5.        
-12.16592407  20.09442902   4.60058594   4.        
-2.47447205 -4.8133769   7.49533081  3.        
-1.39239502 15.29547882  5.087677    2.        
 5.89390612 15.40447235  1.21194506  7.        
-4.41685486 18.73707581  3.315521    4.        
 3.17181396 -5.89720201  3.45553589  2.        
6.45433807 8.04589081 0.53716999 2.        
4.08948517 5.74350023 3.3778379  2.        
  8.57922363 -23.3920517    3.91915894   2.        
-5.13117981 -4.92585802  3.13668799  3.        
-9.7631073  20.49021149  6.72906494  4.        
 1.15352595 23.7494812  -9.10394287  5.        
-4.46114397 20.64446259  8.69363403  4.        
-4.13393402 18.11883545  5.6751399   4.        
-2.49821496 -4.74401093  6.74423218  3.        
 3.25988007 21.28250122 -5.13064623  5.        
-13.67378235  20.30118561   7.38873291   4.        
 7.00279999 22.48350525 -8.73010159  5.        
 8.98430634 17.13001251  5.88580322  7.        
-4.83056593 -5.09570312  5.11447096  3.        
 6.46613312 15.79231262 -2.97079492  2.        
-12.04786682  20.81930542   9.99249268   4.        
-11.3514328   19.87584686   3.78939795   4.        
-12.49611664  20.05958557   5.86096191   4.        
 0.30593899 -3.35591888  6.12033081  3.        
 5.16534424 15.46404266  0.31451401  7.        
4.81824493 4.20894623 2.45657396 2.        
-0.76382399 23.90092468 -8.51403809  5.        
-3.15867591 18.82840729  6.56027222  4.        
 4.5463028  -6.94104815  3.106354    2.        
-0.50543201 21.03144073 -6.19326782  5.        
 8.32205963 17.20124054  5.53585815  7.        
 6.07706404 16.69766235  5.03237915  7.        
 4.14090014 23.05851746 -9.05111694  5.        
 9.46783543 -0.88586402  6.67855787  6.        
3.447083   4.44191694 3.73898292 2.        
1.64633203 7.50691223 4.04394484 2.        
  7.45050812 -19.33872223   3.57870507   2.        
 7.50843811 19.32466888 -4.97390795  5.        
-4.07727098 18.33245087  4.13223314  4.        
-12.26166534  20.60438538   8.256073     4.        
-1.61971295 -4.20145416  5.50790405  3.        
  0.53427899  24.32737732 -10.15039062   5.        
11.52957153 -0.73500103  7.57452393  6.        
 4.46908617 21.10087585 -5.91308594  5.        
  5.86977386  22.75083923 -10.90545654   5.        
 4.48182678 11.58194733  3.07980394  2.        
 6.7543788  12.57002258 -1.77398705  2.        
 6.71843004 -7.93826294  4.13345289  2.        
 7.16197205 16.83442688  4.97161913  7.        
1.61040497 8.70516205 4.09298706 2.        
 8.38768005 21.55107117 -6.73809814  5.        
 6.58558607 19.63814545 -5.11621094  5.        
4.66021681 6.97574615 3.99432397 2.        
 8.28977966 17.06743622  4.87347412  7.        
 6.17778778 -9.22803497  3.58956909  2.        
 7.43735504 -3.78527093  5.46209717  2.        
-5.10474396 19.08641815  2.525635    4.        
-1.50662994 -4.23010302  3.65194702  3.        
 3.53697205 21.42549133 -5.87976122  5.        
-3.38458991 -4.71147919  3.63723707  3.        
-3.31561303 17.33621216  5.20541382  4.        
 6.43456316 -6.77490187  4.09988403  2.        
-5.78409576 -5.65907288  6.16021681  3.        
-2.89998603 16.29200745  4.68884277  2.        
 9.83854675 -1.32016003  8.89706421  6.        
5.76226807 5.34892321 0.80230701 2.        
13.71765137 -1.93916297 12.51278687  6.        
 6.63392591 -4.79710388  5.59533691  2.        
12.28111267 -1.28031898  8.88589478  6.        
 9.39517975 17.04415894  4.76147509  7.        
 6.08221388 -6.72448683  3.59158301  2.        
 7.19128418 17.17346954  5.48513794  7.        
  6.81734514 -16.22707367   3.66540504   2.        
2.49871111 7.01561022 3.69900489 8.        
-8.12081909 19.47476196  1.79275501  4.        
-9.98226166 21.18592834 10.51602173  4.        
 8.37394047 17.19607544  1.74520898  7.        
-12.8481369   20.64076996   9.6725769    4.        
-3.306427   -5.39658403  7.55697584  3.        
 8.80088043 17.10788727  4.45095778  7.        
 5.78440094 -3.20365906  4.20553589  2.        
-3.50464606 18.17790222  5.9536128   4.        
 6.59513092 13.41078186 -1.45495605  2.        
11.45411682 17.6346283   1.84277296  7.        
 7.06193495 20.31027985 -5.77627611  5.        
 9.13990021 -1.60694098  9.86740112  6.        
 4.55049086 16.33561707  5.05142212  7.        
 9.72424316 -1.47673798 12.13751221  6.        
 9.25004578 17.26676178  2.46838403  7.        
  7.00311279 -17.92175293   3.63543701   2.        
13.89705658 -1.77065301  8.8553772   6.        
-3.0976491  -4.63586378  2.64565992  3.        
  6.69354296 -14.48806      3.53173804   2.        
 7.72176409 -1.93074799  8.63116455  6.        
 6.99317884 -1.488518    8.95394897  6.        
 6.31014299  8.27112579 -0.043335    2.        
 7.84158278 -1.77348304 10.59082031  6.        
 5.14783478 -4.62138414  2.93530297  2.        
-13.69955444  20.20355225   5.58099413   4.        
 9.39380741 17.04545593  5.38647509  7.        
 8.31142426 -2.24436212  8.23001099  6.        
4.18104506 3.83152795 4.20843506 2.        
4.84731293 0.82514203 3.72982788 2.        
 2.89044189 21.6963501  -6.30392504  5.        
 7.44675398 16.60610199  1.700104    7.        
2.1480031  8.39486694 2.21417189 8.        
-2.56424689 18.76193237  6.33007812  4.        
10.29277039 -1.52047706 10.11587524  6.        
-7.93966722 20.36460114  7.71554613  4.        
6.68881178 9.21669006 0.18457    2.        
 1.12805903 20.98015594 -5.36440992  5.        
  2.82925391  23.20066833 -11.6550293    5.        
 7.96756697 21.04516602 -6.38635302  5.        
-2.05155897 16.18611145  4.96557617  2.        
 4.22824907 14.35482788  2.04126     7.        
-7.09736586 19.27388763  1.67825305  4.        
-4.08387804 19.63022614  7.28292799  4.        
 5.25751495 -7.63966417  3.44296288  2.        
-5.24774218 -5.47625017  5.80773878  3.        
-7.20432281 19.48218536  2.59079003  4.        
 0.99227101 21.28689575 -5.88702393  5.        
-9.07878113 20.54341888  7.83654785  4.        
 6.78346205 -6.26959181  5.24667406  2.        
3.98085809 7.59141493 2.84414697 2.        
11.4524231  -1.13684797  8.49765015  6.        
10.00500488 17.10186768  5.64120483  7.        
-5.85176897 19.13941193  5.43667603  4.        
-3.44570208 -5.32038116  6.82061815  3.        
5.88305712 4.69918823 1.782166   2.        
 6.53037977  9.96322632 -0.83670002  2.        
-8.95584106 19.58058929  2.30773902  4.        
-5.31604004 20.99399567  9.37969971  4.        
-3.06739807 17.8642807   5.68597412  4.        
-12.93977356  20.19754791   6.33050489   4.        
-6.23135424 19.1969223   2.68731689  4.        
-6.91407824 19.5847702   3.55029297  4.        
4.07512712 2.25004601 3.53485107 2.        
  3.84841895  22.80502319 -11.11538696   5.        
 1.76303899 22.53504944 -7.58462477  5.        
-6.92355299 20.37036896  7.44677687  4.        
 6.93524885 13.17708588 -2.12811303  2.        
-4.38234711 -5.09177399  4.1625371   3.        
 0.220222   11.43675232  4.50354004  2.        
 5.39613295 19.25720215 -3.23184204  5.        
 3.2100749  19.89953613 -2.63046288  5.        
12.19804382 -1.70903802 10.03079224  6.        
  7.34123993 -17.03411102   4.03442383   2.        
  6.42655897 -12.37745667   4.12863207   2.        
-14.46407318  20.21714783  10.00485229   4.        
 7.81790876 16.92111206  3.85494995  7.        
  5.79659319  22.65174866 -11.72619629   5.        
-5.08621216 19.58203888  6.91244507  4.        
  4.74360704  22.83686829 -10.3296814    5.        
 4.99188185 21.49472046 -6.42227221  5.        
5.99325609 7.14860487 0.26303101 2.        
-10.6313324   20.39694977   5.87469482   4.        
 6.73100281 -3.87849402  6.27914381  2.        
2.35916901 6.01104021 3.65591407 2.        
12.41672516 -0.41837299  7.03128099  6.        
-9.62944031 21.0004425   9.32156372  4.        
  5.89498901 -10.59269714   3.57275391   2.        
 0.43814099 21.76457214 -6.81747389  5.        
-7.64693499 19.92558289  6.65447998  4.        
 8.93177032 -1.45011103  8.85128784  6.        
 5.87130022 21.77922058 -7.22979689  5.        
 8.19139862 17.04429626  0.94604498  7.        
-0.67881    22.99438477 -8.12796021  5.        
 5.54347992 19.5168457  -4.59909105  5.        
 5.97940779 -8.50362396  3.48272705  2.        
 1.898651   23.54528809 -9.33511353  5.        
 6.23779297 16.22000122  4.11392212  7.        
 7.76277924 22.92507935 -9.39627075  5.        
 2.35552192 22.53961182 -7.48461914  5.        
  6.50891113 -13.91207123   3.59167504   2.        
 7.43073988 -2.18557     8.1697998   6.        
5.26778412 2.24259901 2.83013892 2.        
  7.69486189 -21.36597443   3.69674706   2.        
14.26597595 -2.26580811 11.88275146  6.        
4.67732191 0.58937103 3.22906494 2.        
 6.829216   15.6951828   3.15612793  7.        
 0.347137   24.16444397 -9.20980835  5.        
 9.65164185 -1.49993098 10.94830322  6.        
 3.55837202 -6.46400404  3.19699097  2.        
  6.64477491 -13.04181671   4.15454102   2.        
4.87806702 3.358459   2.71792603 2.        
-5.74050093 21.11943054  9.95983887  4.        
3.68814898 5.63698578 2.96484399 8.        
3.536659   7.26944685 3.80651903 8.        
-2.16629004 19.0093689   6.68060303  4.        
-1.35640705 -4.26812696  7.5725708   3.        
-5.62021589 20.88993073  8.89749146  4.        
-1.24393499 -4.29705095  2.00421095  3.        
 4.57971191 13.01420593  3.25988793  7.        
4.87274885 2.02867889 4.11953688 2.        
 7.23523712 15.03134155 -2.43780494  2.        
 4.92700195 -1.53949702  3.04019189  2.        
 9.60436344 -1.21642303  7.92312622  6.        
-3.09997606 19.51931763  7.14334106  4.        
-10.45246887  20.11120605   4.65200806   4.        
4.35688782 2.9471209  3.35528588 2.        
3.28906989 6.41587782 3.496521   8.        
  7.29039812 -19.92018127   3.45086694   2.        
-7.36280823 20.5671463   7.828125    4.        
  6.85707092 -14.13636017   4.03384399   2.        
10.22116089 -1.25193799  7.80062914  6.        
-2.88442993 16.81138611  4.39849806  4.        
 2.3163681  20.56138611 -3.70913696  5.        
 9.75217438 -1.37894404  9.64572144  6.        
 7.86312914 -2.08429694  6.37405396  6.        
 4.21009779 15.05245209  0.83935499  7.        
 0.44743299 10.49346161  4.46283007  2.        
 3.86223602 21.77626038 -6.70031691  5.        
-5.96240187 19.17946625  3.76312304  4.        
-11.73069763  20.3859024    6.26828003   4.        
 8.89008331 22.18069458 -6.98922682  5.        
-4.03117418 17.75849915  5.12075806  4.        
-4.60555983 18.1353302   5.18341112  4.        
6.34880114 7.49205017 0.61145002 2.        
 7.60034895 22.54566956 -8.33065796  5.        
 4.3218379 15.4145813  4.4498601  7.       
 5.93334198 15.75432587  0.133453    7.        
 6.30867004 -6.21244812  4.5253911   2.        
4.44721985 9.22135162 3.84127808 2.        
  4.68134308  22.62852478 -11.3638916    5.        
 3.993294   10.98644257  3.54013109  2.        
 6.26347303 22.334198   -7.64773607  5.        
4.63425398 6.00641584 3.94168091 2.        
-6.20156908 20.38131714  7.51779222  4.        
  8.44526672 -20.90016174   3.76861596   2.        
 3.94068193 20.48945618 -4.32995605  5.        
2.47940111 6.66712904 4.26538086 2.        
 4.14378405 21.56246948 -5.93096924  5.        
  8.33338165 -23.07334137   3.26638794   2.        
4.86821795 2.46842194 2.47601295 2.        
10.27832031 -1.31504798 13.08666992  6.        
 7.48995209 -2.40770698  6.97161913  6.        
 4.69695997 21.8921814  -6.74810791  5.        
-10.49901581  21.33265686  12.25006104   4.        
-8.58545685 20.20742035  6.81936693  4.        
-6.46417189 21.32095337 10.90536499  4.        
 1.42548394 20.50313568 -3.49691796  5.        
  2.25547004  23.42466736 -10.56204224   5.        
 6.69053698 -5.41448212  5.12817383  2.        
 0.187988   23.16827393 -8.43933105  5.        
 8.30054474 22.90711975 -9.73397827  5.        
-4.16369581 -5.31427813  5.89382887  3.        
13.51526642 -1.80188799  9.3616333   6.        
-4.73663282 21.19621277 10.65127563  4.        
 8.72545624 22.85371399 -7.84973097  5.        
4.61655378 1.38369    3.02987695 2.        
-9.8015213  19.84540558  3.64541602  4.        
-7.90506697 19.80417633  4.30041504  4.        
  8.22989655 -20.30004883   3.6942749    2.        
13.0788269  -1.25267804  8.36782837  6.        
 5.87225294 -4.75159502  3.96835303  2.        
 5.46749115 -4.29644823  3.66741896  2.        
4.58669996 2.27989197 3.30633497 2.        
4.54900408 5.06384993 3.83929396 2.        
 5.13091993 -6.2009201   3.50118995  2.        
-9.27178192 21.22146606 10.56802368  4.        
10.4133606  16.83922577  4.7721858   7.        
  6.75464582 -12.33296967   3.33459496   2.        
 3.89350104 20.97439575 -5.02313185  5.        
 6.22372389 19.38652802 -4.69451904  5.        
  6.78107405 -13.47820282   3.22079492   2.        
-11.74950409  20.95053101  11.71444702   4.        
-5.21978807 19.98886871  7.33264208  4.        
-3.16168189 -5.09056807  6.39913893  3.        
  0.64942199  24.64463806 -12.31039429   5.        
 5.51165819 16.60472107  5.05862379  7.        
12.74650574 -1.50531805  9.09457397  6.        
-1.28560001e-02  2.48927307e+01 -1.12149353e+01  5.00000000e+00
-12.33876801  20.65425873   8.80545044   4.        
  3.74642205  22.81492615 -11.86825562   5.        
 4.38592482 10.42264557  3.51403809  2.        
 4.885849   -3.56998396  3.47549391  2.        
-4.06349897 -4.69582415  2.50720191  3.        
  8.90545559 -24.28767395   4.03134203   2.        
 9.9358902  17.55343628  1.87417603  7.        
 1.05203998 -4.60125685  2.91989112  2.        
 4.70820618 20.41729736 -4.40731812  5.        
 4.05988312 20.09189606 -3.53024292  5.        
 3.61307502 22.89736938 -8.14031982  5.        
  4.37491608  22.53878784 -12.92486572   5.        
  6.57338715 -10.71479797   3.67874193   2.        
-0.397461   12.12734222  4.78552198  2.        
 3.01676893 20.39039612 -3.74856591  5.        
 6.04881287 15.34036255  3.48831201  7.        
 0.27911401 -4.2627182   2.65530396  3.        
 2.6670301  21.3238678  -5.21411085  5.        
-12.8565979   20.48065186   9.10229492   4.        
-4.39173889 -4.93206787  3.22390795  3.        
 6.77576494 -7.09569502  4.49636793  2.        
-11.04124546  20.58861542   8.02346802   4.        
2.9138341  4.75042677 3.67636108 2.        
 2.19101691 -5.25533295  3.39733911  2.        
 8.58533478 20.80055237 -5.88653612  5.        
-11.24604034  20.9640274   10.73895264   4.        
-6.63970184 19.76716614  6.62960815  4.        
 5.18063307 -2.65962195  3.79214501  2.        
-7.42939806 21.30003357 10.6847229   4.        
2.88674212 7.60083818 3.3913269  8.        
12.04799747 -1.61277795 10.94494629  6.        
 8.21208858 -2.45232391  9.14343262  6.        
 6.60169983 22.62207031 -8.38134766  5.        
  7.27713013 -18.42996216   3.58352709   2.        
 5.34748793 -5.11785889  3.09130907  2.        
-7.62192488 21.51724243 11.54159546  4.        
 6.86978912 16.43112946  4.09689283  7.        
 1.949615   21.0535965  -5.29003906  5.        
-2.47184706 15.88317108  4.75350904  2.        
-3.84903693 20.8755722   9.14916992  4.        
-13.26864624  20.63064575  11.76989746   4.        
10.96161747 -1.44553399  9.68170166  6.        
-1.835953   14.94229126  4.81164598  2.        
 0.48896801 -3.62702894  4.25265503  3.        
 5.44724321 -8.38630676  3.5184629   2.        
-0.55014002 -3.83643293  4.25796509  3.        
-7.15167189 19.96009064  6.99240112  4.        
-5.37127686 -5.13330078  3.96752906  3.        
  3.10215807  23.0330658  -10.88888454   5.        
-4.69751692 18.47418213  4.60922194  4.        
 6.08559418 18.18102264 -4.40048218  5.        
6.15547895 6.53022003 0.38882399 2.        
-0.71889502 12.8501358   4.80224609  2.        
 8.76616669 -1.47718799  9.42669678  6.        
-11.099823    20.4748764    6.86859083   4.        
-6.02454376 19.28968811  4.29263306  4.        
-9.09828854 20.26676941  6.26812696  4.        
-11.7688446   20.12562561   5.25909424   4.        
 9.19181061 -1.88509405  9.09011841  6.        
 8.46548462 -2.00778198  6.97006178  6.        
 5.11034393 14.55558014  3.09240699  7.        
 9.35629272 -1.32254004 11.52841187  6.        
 6.1533432  -9.69020844  4.08712816  2.        
10.77815247 -0.55213898  6.57144213  6.        
11.16956329 -1.56913805 10.83120728  6.        
-2.02088189 -4.39347076  4.75729418  3.        
  1.47737098  24.08798218 -12.71606445   5.        
  7.86133623 -24.1725235    3.72112989   2.        
 1.85678899 20.87149811 -4.50088501  5.        
 5.38700104 -3.7197721   3.62139893  2.        
 8.59028625 16.98834991  2.98245192  7.        
 6.9282608  16.49360657 -3.42248511  2.        
 3.91799212 22.97929382 -9.6965332   5.        
-12.68302155  20.1986084    6.91696215   4.        
-5.46395111 21.26087952 10.58987427  4.        
-9.04001617 19.95555878  4.20248413  4.        
12.45832062 -1.757828   12.03460693  6.        
-2.0094831  -4.55616808  6.60571289  3.        
 2.92427802 23.05340576 -9.2833252   5.        
5.26344299 4.15362597 2.0697329  2.        
 4.70346785 14.11149597  3.53466797  7.        
 7.72195387 16.91604614  4.56701708  7.        
 7.45070601 16.64203644  2.787781    7.        
12.87464142 -1.97383106 10.92321777  6.        
-5.20632887 18.70549774  5.54452515  4.        
 5.01785994 13.39009857  3.2884829   7.        
 5.62103987 22.83422852 -8.36203003  5.        
 6.37939501 21.7537384  -6.88946486  5.        
  5.67678785  22.86531067 -10.23730469   5.        
10.29033661 -1.47213805 12.53240967  6.        
14.22631073 -2.34370399 10.83740234  6.        
-7.88178205 19.54254913  2.44909692  4.        
-5.10546112 18.7425766   3.73053002  4.        
-4.09589386 19.0743103   6.59262085  4.        
 4.51325989 12.21682739  3.0214231   2.        
-7.73561096 20.99957275  9.63174438  4.        
  1.26767695  23.85728455 -11.01245117   5.        
 4.86130524 -0.127014    3.36093092  2.        
 5.91227007 -5.21907806  3.65155005  2.        
-2.48728895 -4.53389692  3.78890991  3.        
 7.82160187 16.97447205 -0.129242    7.        
5.77128601 6.51893616 1.12490797 2.        
 2.78712511 20.94895172 -4.60671997  5.        
-0.25029799 -4.08889818  2.42355394  3.        
 5.68404388 22.58889771 -7.86688185  5.        
 2.16977692 20.33950043 -2.681458    5.        
 9.47234344 -1.28482795  8.50695801  6.        
 8.05515289 20.73504639 -5.9223938   5.        
-6.34457397 19.34609985  5.12472486  4.        
  7.03236389 -13.7947998    3.66223097   2.        
-7.04293823 21.02078247  9.02246094  4.        
  6.83446503 -15.38048553   3.61465406   2.        
-5.11926985 18.75606537  4.39068604  4.        
 4.51511383 14.84163666  1.716766    7.        
1.32730103 8.9575119  4.69061279 2.        
-5.50966597 18.93707275  2.891541    4.        
 6.05020094 20.08673859 -5.44360399  5.        
 5.38434601 -5.32254791  3.78723097  2.        
 4.99697113 13.97674561  2.17269897  7.        
 4.85465193 -7.41819811  3.17431593  2.        
10.77078247 -1.43524206 12.27703857  6.        
 9.08154297 17.1550293   3.62927198  7.        
-10.77687836  21.13359833  11.16204834   4.        
 7.33509779 -4.09552002  6.28262281  2.        
-2.04224396 18.47084808  5.76095581  4.        
-5.21939802 -5.41863298  5.27654982  3.        
3.91554308 6.20075178 3.58370996 8.        
 5.00892591 22.97283936 -9.39202881  5.        
 8.08630371 16.92537689  2.0995481   7.        
-6.88179779 19.68366241  5.95825195  4.        
 5.67327881 21.09900665 -6.45535278  5.        
-11.72369385  19.92012787   3.278687     4.        
11.68659973 17.22940063  2.54583693  7.        
4.00527191 3.45780206 3.85250807 2.        
2.73072791 8.85572815 1.41696203 8.        
  1.48303199  23.77909851 -10.26763916   5.        
 1.88126397 21.46011353 -6.06027222  5.        
  2.29322791  23.70513916 -13.34698486   5.        
-0.292694   21.56568909 -6.90789795  5.        
1.186836   9.53362274 4.29296923 2.        
4.28174591 8.70758057 3.28268409 2.        
-3.36262488 21.05545807 10.05657959  4.        
11.78639984 -1.35996199  9.20401001  6.        
-6.90057421 19.50665283  4.22699022  4.        
 4.78720903 22.93305969 -8.34377956  5.        
  2.24307203  23.46287537 -12.55151367   5.        
  8.27052307 -21.98674011   4.36621094   2.        
-3.44371009 18.3351593   3.53475904  4.        
 1.31173694 20.77629089 -4.45217896  5.        
-2.23304009 -4.53904676  6.02508497  3.        
-10.14940643  20.73306274   8.62091064   4.        
 6.47635603 -8.87142181  3.8439641   2.        
-10.00080109  19.5973053    2.32235694   4.        
10.90663147 -0.67851299  7.50503492  6.        
-13.38270569  20.44873047   8.57141113   4.        
  6.43521118 -11.64366055   4.08123779   2.        
 6.17260695 20.50257111 -5.82461596  5.        
 6.52915192 22.83352661 -9.74359131  5.        
 6.12197924 17.06845856  5.59240723  7.        
-0.25011399 12.61174011  4.33837891  2.        
 6.82307386 14.54109955 -1.92962599  2.        
  7.41184998 -19.39377594   3.05969191   2.        
1.93348706 8.03195858 4.46466112 2.        
12.93661499 -1.92255402 10.23925781  6.        
  6.14862108 -12.1569519    3.11706495   2.        
 6.4186101  -8.33253479  3.90701294  2.        
 6.24091291 17.70849609 -3.31600904  5.        
-5.56324816 18.80916595  5.13049316  4.        
  6.6810379  -11.47219753   3.62094092   2.        
2.83645606 8.61297607 1.93118298 8.        
-6.0378418  19.23886108  5.91451979  4.        
-1.28593397 14.74412537  4.90185499  2.        
-8.15423584 19.69789124  3.16940308  4.        
-7.55271196 19.89829254  5.24047899  4.        
 7.04114485 14.74729919 -2.84637499  2.        
5.05974579 0.57641602 2.69754004 2.        
 9.79156494 17.03614044  4.40185499  7.        
  5.97716522 -11.56513977   3.56866503   2.        
 9.66958618 17.19753265  2.9346621   7.        
 5.39854383 16.96478271  5.96542406  7.        
 6.62602997 16.30895233 -2.56695604  2.        
 0.89899403 10.27513885  4.61666918  2.        
-6.6218338  21.51429749 11.50976562  4.        
-10.04238892  20.67511749   8.00939941   4.        
4.68486786 3.82846093 2.83239698 2.        
 5.22509813 20.61157227 -5.78872681  5.        
 7.17221785 16.32826233  2.29672194  7.        
-5.18815613 20.58602905  8.28005981  4.        
-11.70121002  20.72120667   9.61791992   4.        
 4.36114502 21.10315704 -5.20947313  5.        
  0.98376501  24.11946106 -11.81973267   5.        
-3.32164001 20.46243286  8.47290039  4.        
-13.89267731  20.45298767   9.44192505   4.        
-4.86397505 -5.4865799   6.15725708  3.        
  5.25699615  22.2816925  -12.28201294   5.        
-4.86865997 -5.0213089   4.32702589  3.        
-3.92525506 -5.45602417  6.65896606  3.        
-2.51836395 16.66175079  4.92218018  4.        
-4.64312696 19.11032867  2.77621508  4.        
-1.32482898 -4.10845184  6.30004883  3.        
11.92057037 -0.92952698  7.85089111  6.        
-3.72489905 -4.94950914  4.84417677  3.        
4.26074219 7.90184784 3.68536401 2.        
 8.64219666 -1.71048701 10.66046143  6.        
4.81720686 0.051315   3.94531202 2.        
 6.28515577 -5.53787184  4.67831421  2.        
 5.76384687 -6.26160383  3.59079003  2.        
 7.06723022 21.60122681 -6.74234009  5.        
  8.62151337 -24.6627121    3.443573     2.        
 3.89194489 20.01092529 -2.54251099  5.        
 7.34293413 16.45624542 -0.059174    7.        
 8.90866089 -1.85527003 11.22976685  6.        
-11.06684875  20.199646     5.5128479    4.        
-5.70888519 19.24830627  6.34081984  4.        
 1.38121796 22.22721863 -7.17697096  5.        
-9.73628998 20.23503876  5.5878911   4.        
 6.19068193 21.16091919 -6.52874804  5.        
12.74752045 -1.85973406 12.83657837  6.        
 4.59770203 11.50331879  3.57711792  2.        
-12.31591034  19.83522034   4.18560791   4.        
 6.85552216 22.19631958 -7.58355713  5.        
-1.72797406 -4.63089705  1.59411597  3.        
 5.53804016 20.08358765 -5.008636    5.        
-0.067558   20.9913559  -5.93365479  5.        
 6.6546402  17.29560089 -3.66842604  5.        
-0.64463001 -4.0724411   3.39382911  3.        
 7.36658478 -3.43206811  6.41244507  2.        
5.22091722 1.55784595 2.84475708 2.        
-6.11408997 19.11960602  1.20437598  4.        
-9.18035126 20.43614197  7.34939623  4.        
3.67517805 7.19657087 3.21212792 8.        
12.5344162  -1.20365906  8.45175171  6.        
  0.646523    24.22564697 -10.66125488   5.        
-8.65937805 20.00630951  5.01440382  4.        
10.73040009 16.92308044  3.85675001  7.        
  8.36824036 -22.35748291   3.8435359    2.        
  7.11457777 -15.25270844   4.19473314   2.        
-0.048866   23.6967926  -8.81878662  5.        
-13.74236298  20.37541962  10.41845703   4.        
-3.20453596 17.25135803  4.61129808  4.        
 4.73304701 22.54927063 -7.9934082   5.        
 7.28799391 -4.800354    5.82046509  2.        
-12.63650513  20.05578613   4.84301805   4.        
 -0.48497     24.80917358 -10.55682373   5.        
-2.6234591  -4.67569685  5.34857178  3.        
3.91110206 4.637146   3.69229102 2.        
-1.03762805 -3.98483992  4.41449022  3.        
-6.29363298 20.76455688  8.25039673  4.        
  8.02131557 -23.06365967   3.66137695   2.        
 5.42481184 22.05203247 -7.03286695  5.        
-8.42263794 21.28869629 11.01831055  4.        
 4.62168121 -2.09648108  3.24285889  2.        
 4.92460585 15.50387573 -0.125366    7.        
-9.73396301 20.97328186  8.83062744  4.        
 9.78826141 17.04915619  3.8596189   7.        
3.70863295 5.16310883 3.80398607 2.        
2.77902198 8.15908813 2.66662598 8.        
4.44325304 1.21995497 3.76812696 2.        
-10.87627411  19.84244537   3.51428199   4.        
 6.00509596 -6.72740221  4.35305786  2.        
 6.92294312 15.25930786 -2.865448    2.        
-12.84220123  20.0215683    5.38064623   4.        
 5.74260712 15.10224915  2.64804101  7.        
 5.35700989 -0.25180101  3.82699609  2.        
 6.55749512 12.16854095 -1.55059803  2.        
-0.608459   -3.75219703  5.48825121  3.        
3.36821795 3.95233202 3.53118896 2.        
-10.81500244  21.05887604   9.99334717   4.        
 3.8079989  22.22941589 -7.41937304  5.        
 7.98727417 22.78923035 -8.62799072  5.        
 6.07896423 15.86720276  1.24182105  7.        
 4.52712202 19.90471649 -3.546875    5.        
-9.57865906 20.35087585  6.16421509  4.        
 8.84965515 17.27127838  1.87429798  7.        
2.97431207 5.92204285 3.81683302 2.        
2.4817121  7.1651988  4.28778076 2.        
 2.35449195 -5.63587189  2.98718309  2.        
 0.98115498 -4.15961504  3.73602295  2.        
-0.428848   -3.64843798  6.2996521   3.        
 7.29391479 17.7264328   5.9720459   7.        
-2.84122491 -5.1343379   7.65661621  3.        
-10.69456482  19.73834229   3.03564501   4.        
-8.71196842 21.1063385  10.08758545  4.        
 1.98687696 21.93894958 -6.6867981   5.        
10.93913269 -0.175697    6.08377123  6.        
 5.15388489 -7.52377319  3.91412401  2.        
  7.11290693 -17.34778595   3.64175391   2.        
-1.766541   15.3972702   4.33612108  2.        
-8.35771179 20.57627106  7.97961378  4.        
 7.20858002 -1.66536701  9.7321167   6.        
-5.49822187 19.06082153  3.55194092  4.        
 1.87754798 -5.40067291  2.89471412  2.        
 1.05329096 21.88058472 -6.63369799  5.        
 4.92233992 19.75350189 -2.66598511  5.        
10.58712006 17.77033997  1.45806897  7.        
 4.91132307 20.63841248 -4.91824293  5.        
-2.4344101  -4.51329803  2.86480689  3.        
 6.23230696 -9.82039642  3.58526611  2.        
-12.55812073  20.56047821  10.06192017   4.        
  7.13097382 -14.53501129   3.1152041    2.        
-2.23201704 20.16204834  7.97613478  4.        
-6.3349762  -5.88210297  5.90911913  3.        
 4.08457184 -6.31060791  3.38439894  2.        
 5.72451019 -7.89299011  3.67889404  2.        
-2.1247251  17.23778534  5.70126295  4.        
11.46491241 16.62441254  4.18682909  7.        
 6.15248108 15.61277008  2.309448    7.        
-8.06221771 20.01869202  5.47436523  4.        
 5.97116899 18.46810913 -3.33105493  5.        
-3.93247199 17.92835236  4.36987305  4.        
-4.12577105 18.60363007  3.72622705  4.        
-10.5895462   20.9957962    9.46640015   4.        
 5.65223694 15.3337326   0.56152302  7.        
-9.13188171 20.13434601  5.27603197  4.        
  1.80150604  24.13795471 -13.12677002   5.        
 0.43761399 22.69541931 -8.00701904  5.        
-1.62307    -4.25836182  4.31417799  3.        
  4.39319611  22.52331543 -12.30801392   5.        
 6.63024092 -4.51480103  4.47027588  2.        
 6.83098602 -3.96128106  5.42584181  2.        
-2.04016089 15.90774536  4.32711792  2.        
13.93222046 -2.166641   10.48919678  6.        
5.4961319  3.31949592 2.40008497 2.        
-1.16858697 23.62915039 -8.4810791   5.        
  7.52384186 -18.01911926   3.67745996   2.        
  7.60056305  22.88726807 -10.42883301   5.        
-0.94478601 -3.95457506  6.96682692  3.        
 6.99198914 16.17887878  3.32138109  7.        
-0.56824499 -4.14109802  2.79650903  3.        
 0.123665   20.83008575 -5.2871089   5.        
-5.76281691 -5.71738386  6.64315796  3.        
-0.643906   22.78146362 -7.64309692  5.        
-9.40314484 19.72614288  3.21707106  4.        
 8.47660065 -1.655334    7.79516602  6.        
4.63218689 2.91561103 4.02719116 2.        
10.96681213 17.58019257  2.01953101  7.        
 6.47343397 18.0983963  -4.09951782  5.        
-8.95972443 21.23167419 10.97195435  4.        
5.98639679 6.13516998 0.78439301 2.        
10.1011734  -1.34004998 10.70663548  6.        
 9.26546478 -1.62759399 10.37097168  6.        
-5.58010101 18.88909912  4.6472168   4.        
13.23422241 -1.73011804  8.57800293  6.        
10.09117126 -1.00101495  7.0906682   6.        
 7.04369307 12.73464966 -1.42309594  2.        
-7.82429504 19.66752625  3.73455811  4.        
-8.7201767  20.95915222  9.25695801  4.        
  8.42333984 -24.02103424   3.41735792   2.        
 6.08123779 -9.1263504   4.05740404  2.        
12.85296631 -1.92108202 11.7701416   6.        
-6.13293505 20.94565582  8.96877956  4.        
13.36329746 -2.05114007 10.93398952  6.        
  8.19065094 -21.31679535   3.72876      2.        
2.24109602 6.48298597 3.88891602 2.        
3.7081151  8.37316895 2.08261108 8.        
 5.60466814 -2.06169891  3.82659888  2.        
-2.25382209 -4.75621796  1.96496606  3.        
-0.49955699 -4.08863115  1.87872303  3.        
 6.3299942   9.32844543 -0.11676     2.        
4.27649689 7.21092176 4.16592407 2.        
-13.71060944  20.06679535   6.85272217   4.        
  8.20054626 -22.05460358   3.47048903   2.        
 6.74120283 16.32318115  1.47280896  7.        
-12.25616455  20.39511108   7.10848999   4.        
-2.95317101 -4.77753401  2.16333008  3.        
11.35612488 16.66184235  3.51623511  7.        
 5.69252014 20.73906708 -6.01364088  5.        
  7.08454084 -16.32798767   4.1338501    2.        
 0.35723901 21.26635742 -6.05822802  5.        
 5.98188019 -9.33984375  3.07321191  2.        
 4.87543488 15.22344208  0.753021    7.        
 3.15701294 20.58506775 -4.24447584  5.        
 6.01606798 15.89570618 -0.35894799  7.        
 6.05999804 -7.24257708  3.89126611  2.        
 7.02529907 13.5905304  -1.904755    2.        
 5.26344299 14.1120224   3.77572608  7.        
3.8821559  1.51017797 3.47091699 2.        
 0.17739099 -3.49894691  5.62689209  3.        
 5.50524092 -0.98373401  3.83019996  2.        
5.11322784 0.45407099 4.04254103 2.        
  4.91583204  22.70933533 -10.9480896    5.        
 2.49218798 21.74755859 -5.95340014  5.        
 5.39384508 -6.99881697  3.51059008  2.        
 5.14965105 -1.49099004  3.93832397  2.        
-7.61623383 20.88568115  8.5736084   4.        
10.34786987 -0.46199799  6.35827589  6.        
-14.04465485  20.10658264   8.3097229    4.        
 2.59011793 22.64595032 -7.97589111  5.        
 5.79865313 18.83143616 -4.0249939   5.        
-9.79372406 21.24668884 11.51351929  4.        
-3.89287591 -5.65390778  7.71578979  3.        
-2.64730811 16.92087555  5.30029297  4.        
-5.39608002 -5.95745087  7.00405884  3.        
 5.71346998 15.34027863  1.64681995  7.        
3.0358119  5.29793596 3.84759498 2.        
-11.84644318  21.00897217  11.07266235   4.        
 5.45900679 -5.9103241   3.318573    2.        
-6.08813477 19.90893555  6.88803101  4.        
 2.71333289 23.16027832 -9.730896    5.        
-4.35017395 -5.18260193  5.36422682  3.        
-1.15827894 -4.40473223  1.47015405  3.        
 7.87831116 -2.81351495  6.58334303  6.        
 4.73626709 -0.90611303  3.24328589  2.        
-3.61006904 18.80470276  2.95236206  4.        
-4.8312912  -5.89310503  7.52368212  3.        
-1.14702594 13.81217194  4.6739502   2.        
-0.96279103 14.37393188  5.00088501  2.        
-10.92454529  20.1016922    4.63122606   4.        
0.75862098 9.6686554  4.44033813 2.        
 4.67888594 -6.67757416  3.5531621   2.        
  0.47406799  24.65097046 -11.44476318   5.        
-0.70771801 13.63426971  4.64053297  2.        
3.83830309 3.09806108 3.51010108 2.        
-2.24884796 -4.61428118  7.93044996  3.        
 5.05586195 19.53687286 -3.0648191   5.        
5.43346405 4.59530592 1.68881202 2.        
 1.91449702 20.39801788 -3.33926392  5.        
4.09171295 8.04873657 2.84112501 2.        
 8.10185242 -2.12265801  7.727386    6.        
 0.107666   12.30282593  4.88449097  2.        
  7.28273821 -16.35744476   3.44928002   2.        
 8.16439056 -1.81747401  8.52105713  6.        
-0.26618999 24.24832153 -9.35787964  5.        
 6.92219496 -4.57898712  5.23590088  2.        
 7.30464888 16.49900818  0.73251301  7.        
  8.41640472 -24.18232727   4.30413818   2.        
-6.22345686 21.11895752  9.7020874   4.        
-4.86696577 18.76758575  6.021698    4.        
-1.12677801 -4.24081421  2.6690979   3.        
 8.67093658 17.06703186  3.95440698  7.        
-12.08482361  20.25701904   5.96438599   4.        
 9.20343018 17.52477264  1.43032801  7.        
 5.25615692 14.73055267  2.16723609  7.        
 6.39875793 15.66591644  0.78259301  7.        
 1.79718006 23.60664368 -9.96765137  5.        
 1.33898902 21.49061584 -6.12496901  5.        
-10.2128067   20.29867554   5.50259399   4.        
-13.00611877  20.5169754    8.10464478   4.        
-5.91596222 20.51248169  7.87322998  4.        
  2.67220306  23.19654846 -10.55679321   5.        
-6.54423523 19.46006775  6.20449781  4.        
 8.90958405 -1.76033795  7.45782518  6.        
-4.28031206 20.37793732  8.26986694  4.        
 6.54959106 15.82267761  1.76480103  7.        
 4.18559313 11.19425201  3.17025805  2.        
  1.96161699  23.57237244 -11.85549927   5.        
  5.97364807 -10.08750916   3.30541992   2.        
 6.73298597 14.07741547 -2.40420508  2.        
-6.5275569  19.36489105  3.39337206  4.        
4.22975206 9.50028992 3.53927588 2.        
  1.06987798  24.39794922 -12.75656128   5.        
11.23375702 -1.44106305 12.95797729  6.        
-12.72928619  20.76050568  11.74963379   4.        
  6.72423506 -12.09410858   3.86718798   2.        
 1.36299098 -4.83499193  3.24615502  2.        
10.76256561 -1.36012995  8.01025391  6.        
-3.41472602 17.66012573  4.20755005  4.        
10.61660004 -0.58467901  7.05145311  6.        
 7.92993879 21.48246765 -6.73678589  5.        
 7.05018616  9.98767757 -0.44497699  2.        
  7.02219391 -14.60733032   3.83459496   2.        
 5.37567091 15.02810669  3.46838403  7.        
 7.39943695 -1.68112898 10.41897583  6.        
 6.67657518 13.02597046 -1.776245    2.        
 4.12249804 14.93714905  1.27807605  7.        
-5.03354597 20.19446564  7.74471998  4.        
-9.47185516 20.01435089  4.48586988  4.        
  6.65999603 -12.95065308   3.60189795   2.        
-0.73764002 24.15765381 -9.0970459   5.        
 6.74206495 16.17572784  0.86447102  7.        
 6.23933411 17.90187073 -3.75412011  5.        
-4.81814623 21.15856934  9.69238281  4.        
 7.3265152  22.93141174 -9.71798706  5.        
 3.77092695 20.93236542 -4.58151197  5.        
 6.62780809 20.66169739 -5.7772522   5.        
 5.25066423 22.44403076 -7.56613207  5.        
 4.2527771  20.00157166 -2.83593798  5.        
-2.82235003 20.69616699  8.78085327  4.        
 4.9047699  21.22289276 -6.00836182  5.        
 5.25437212 20.47071075 -5.18335009  5.        
 4.99018097 13.77321625  3.00799608  7.        
13.45010376 -1.97525799  9.83648682  6.        
-2.07958198 -4.46458387  2.57818604  3.        
 7.16941118 18.45475006 -4.23986816  5.        
 6.07544708 -7.98451996  4.21780396  2.        
3.62245893 7.8426671  2.69518995 8.        
 4.66073608 22.19902039 -7.08682299  5.        
4.82572889 1.27204895 4.05133104 2.        
-5.9706502  21.47680664 10.98208618  4.        
 0.223656   -4.11820984  3.4025569   3.        
-7.43750811 21.44799805 11.118927    4.        
-14.35041809  20.26811218   8.90924072   4.        
5.99851179 7.78377485 0.65438801 2.        
 6.10548401 22.80271912 -8.55844116  5.        
13.54108429 -1.309448    8.58279419  6.        
  0.97170299  24.06465149 -10.0480957    5.        
 5.23456621 16.59551239  5.45932007  7.        
2.63556695 7.89808607 3.15066504 8.        
2.78276801 7.40917206 3.79327393 8.        
-0.46550801 24.73475647 -9.78112793  5.        
  7.88353682 -19.16165161   3.55978394   2.        
10.83683014 -1.38430798  9.18026733  6.        
 0.37461901 20.72302246 -4.52563477  5.        
4.78203583 1.32591295 2.60784888 2.        
11.927742   -1.62661695 12.91693115  6.        
 7.25873613 -1.88998401  8.88922119  6.        
 8.25551605 -2.31660509  6.36016893  6.        
  6.89054108  22.92247009 -11.03982544   5.        
 7.63466597 -3.50067902  6.00189209  2.        
 7.28172302 -1.89459205  7.82369995  6.        
 7.81244707 16.8083725   0.85443097  7.        
 8.75839233 21.95565796 -7.46517897  5.        
-3.37966204 -5.07616377  5.81979418  3.        
 8.17258358 -2.776649    7.04281616  6.        
 5.06685591 -1.04952204  4.01782179  2.        
 6.16703796 16.71977997 -3.37451196  5.        
-10.00074005  20.55239868   7.13220215   4.        
  8.44358063 -24.77500153   3.91699195   2.        
-9.97621918 21.02353668  9.61517334  4.        
-3.20062304 19.23055267  6.80670214  4.        
-8.69223785 19.72505188  3.34939599  4.        
-0.293365   -3.72993493  4.9312129   3.        
-1.84769404 19.63941193  7.33074903  4.        
 6.48246813 11.05136871 -0.78332502  2.        
-0.69354999 23.42306519 -8.53747559  5.        
-5.90093994 20.14569092  7.27252197  4.        
-9.21903229 20.76857758  8.29577637  4.        
 6.65152693 22.28507996 -8.03866577  5.        
-3.32804894 -4.66090393  3.08871508  3.        
-4.27648878 -5.63822889  6.90515089  3.        
-3.33184099 18.50424194  6.29571486  4.        
-9.97761536 19.71657562  3.13955688  4.        
4.66108704 1.63861096 3.40142798 2.        
 4.32244921 22.2857666  -7.5         5.        
4.36612701 0.60610998 2.90121508 2.        
-12.94444275  20.5477066   10.93536377   4.        
11.33258057 -1.57991803 10.25460815  6.        
12.61122131 -0.91283399  7.54443407  6.        
 4.11620283 20.36421967 -3.93307495  5.        
-3.4029541  20.96665955  9.44140625  4.        
-11.21968842  20.74443817   8.46887207   4.        
-13.83796692  20.37919617  10.94625854   4.        
-6.36958313 19.41925049  4.55246019  4.        
-11.99854279  20.44547272   7.837677     4.        
 2.32730103 22.12316895 -6.91809082  5.        
 5.27097321 -3.76178694  3.09332299  2.        
10.28135681 -1.24245501  8.78756714  6.        
-8.46731567 19.55900574  2.06787109  4.        
11.20146179 17.13685608  2.81301904  7.        
 2.57783508 22.96583557 -8.29748535  5.        
-10.58856201  20.47864532   6.31533813   4.        
-6.48062086 21.04236603  9.237854    4.        
-8.33034515 20.70149231  8.47299194  4.        
14.06663513 -2.30351305 11.41513062  6.        
12.07649994 -1.68993402 10.46417236  6.        
 8.39993954 -1.61177802 11.52981567  6.        
 6.11140394 -5.86315918  4.09658813  2.        
3.88935089 6.19988298 3.08462501 8.        
 5.50844622 -2.91013288  3.61349511  2.        
10.62812042 -1.11111498  7.64694214  6.        
 5.1143651  -2.43140411  3.39657593  2.        
10.36611176 17.02404022  3.58215308  7.        
  7.38030195 -17.83586884   4.13284302   2.        
4.18513489 5.34088898 3.18386793 2.        
  7.32027388 -18.91024017   3.61459303   2.        
-0.213669   -4.52310896  2.01800489  3.        
-6.52225494 19.20687103  1.71792603  4.        
  8.66493988 -23.83202362   3.93868995   2.        
-4.27876997 21.4201355  10.59558105  4.        
11.88128662 16.94673157  3.27887011  7.        
  6.37801409 -11.48155975   3.28433204   2.        
 5.04204607 -5.16019392  3.54754591  2.        
-1.59123194 15.71134853  5.22009277  2.        
 0.79040498 20.7368927  -4.35305786  5.        
 3.08568597 21.70457458 -5.87023878  5.        
12.44463253 -1.81649804 11.03689575  6.        
-1.77494097 19.11982727  6.49252319  4.        
-1.26217699 -4.05676317  5.16418505  3.        
 6.77637482 -6.46503401  4.66351318  2.        
 1.57704198 21.93434143 -6.86605787  5.        
  7.95848083 -20.83895874   3.65411401   2.        
 6.44821215 15.94436646  3.75018311  7.        
 6.86859083 11.77862453 -0.91647297  2.        
10.75006104 -1.36363196 11.74313354  6.        
 1.47046697 23.13064575 -8.44567871  5.        
 3.32113695 22.28872681 -7.55792189  5.        
-1.53255498 -4.26094818  3.2064209   3.        
 0.84059101 22.23794556 -7.49249315  5.        
 5.26221514 -8.08887482  3.23013306  2.        
  6.1953578  -10.60028839   3.2437439    2.        
 8.028862   22.45730591 -7.74182081  5.        
-8.68504333 20.86634064  8.70275879  4.        
 0.56514001 23.40478516 -8.44338989  5.        
  3.10790205  23.23428345 -13.20227146   5.        
10.42905426 -0.166664    6.01010084  6.        
 8.72709656 22.56761169 -8.25384521  5.        
10.64161682 16.7918396   4.38641405  7.        
-13.3896637   20.57313538   9.69760132   4.        
 0.69246697 23.92102051 -9.07269287  5.        
 9.81542206 -1.55864704  8.26394558  6.        
 0.51651001 -3.5910871   5.02065992  3.        
 8.0389328  -1.64839196 10.05895996  6.        
-11.2108078   21.091362    11.76223755   4.        
 6.03349304 17.42336273 -3.04693604  5.        
-11.77133179  19.90716553   4.03134203   4.        
-4.87422895 20.94300842  9.30899143  4.        
3.76192498 5.37883806 3.42053199 8.        
 3.26307702 22.98324585 -9.00643921  5.        
 8.82166958 -1.52658105  6.62536621  6.        
 4.26522112 11.93392181  3.44763207  2.        
-2.4576571  -4.57395887  4.29232788  3.        
-7.23224592 21.1893158   9.68109131  4.        
-6.18122101 -5.4448781   4.48501587  3.        
 6.71048021 16.28778076  0.039734    7.        
 8.75065613 21.29428101 -6.69863892  5.        
5.5826869  5.55037689 1.35708594 2.        
-4.9529109  18.40270233  5.23675489  4.        
  6.58032179 -10.27603912   3.63156104   2.        
  7.01957703 -15.55774689   3.25540209   2.        
  7.89756823 -19.97653961   3.88519311   2.        
-6.96065521 21.29833984 10.68438721  4.        
 0.45642099 11.04940033  4.66522217  2.        
  8.4196167  -22.88776398   3.73077393   2.        
  6.25384521 -11.0177002    3.69171095   2.        
12.17001343 17.32788849  2.55941796  7.        
-7.33286285 19.74880219  6.00271606  4.        
 7.3045578  20.96316528 -6.37368822  5.        
2.83878303 6.00895691 4.22555494 2.        
 5.04503584 15.08153534  1.31652796  7.        
-0.024452   22.40716553 -7.6713872   5.        
 4.9077301  12.47101593  3.53967309  7.        
 3.24186707 22.84733582 -8.45809937  5.        
 8.34234619 21.92922974 -6.95495605  5.        
 9.12682343 -1.18454695  6.78204393  6.        
10.47920227 -1.08756995  8.34115601  6.        
-12.33721924  20.84487152  10.83334446   4.        
 0.75591302 10.39163208  4.09255981  2.        
 6.84159803 -5.46743822  4.69543505  2.        
 5.80310106 19.24951172 -4.36996508  5.        
-2.36778307 18.27642059  6.04226685  4.        
-4.46775818 20.16789246  7.82180786  4.        
 2.01072693 23.14506531 -9.03588867  5.        
-4.00956011 19.89865112  7.66177416  4.        
 5.38119507 19.11308289 -2.78948998  5.        
 2.78688788 -5.84063721  3.05258203  2.        
-8.68312836 19.88601685  3.92111206  4.        
 6.21691895 16.27500916  4.64672899  7.        
-1.62470198 -4.34972382  6.61157179  3.        
  4.06771803  22.79803467 -10.60385132   5.        
 5.81543016 15.87523746  4.17333984  7.        
 4.89460802 13.49542236  2.42474389  7.        
 4.96937609 14.80628204  1.74835205  7.        
-6.19172716 19.19396973  2.14050293  4.        
-6.72856092 20.78274536  8.2774353   4.        
 8.93319702 -1.83541095  7.93905592  6.        
-2.7526021  20.22924042  8.00262356  4.        
 6.82160187 -4.99394178  5.14800978  2.        
4.71323395 9.56645966 3.83123803 2.        
 7.03948212 -5.66077423  5.21307421  2.        
4.16721296 7.45503998 3.79031396 2.        
4.57397509 5.18960619 3.34802198 2.        
-11.762146    20.1505661    4.75231886   4.        
-2.31628394 20.56933594  8.61801147  4.        
 7.03321123 -4.01554918  5.94717407  2.        
 6.47392988 19.00630188 -4.45138502  5.        
4.81252289 3.32197595 3.14599609 2.        
 6.67076111 16.00886536  2.90054297  7.        
 4.12729597 10.07580566  3.56137109  2.        
4.17767286 2.40641809 3.92697096 2.        
3.86113    8.76499939 3.19091797 2.        
  0.084557    24.85224915 -10.70913696   5.        
 0.231186   24.21406555 -9.72781372  5.        
-8.05670166 20.95762634  9.28161621  4.        
4.17716217 4.53605604 3.27877808 2.        
 6.46420288 11.47280884 -1.16223097  2.        
 6.5729599  21.18855286 -6.30059814  5.        
  7.19625807 -15.90898895   4.13324022   2.        
2.0490191  7.76269484 4.00534105 2.        
 7.73847198 17.46190643  6.38839722  7.        
 7.82316589 -2.3436811   7.25381517  6.        
-11.46276855  20.53042603   7.87649488   4.        
 6.54721117 15.37043762 -2.68173194  2.        
 0.72517401 20.87602997 -5.24667406  5.        
 7.3096242  17.29450989  5.96002197  7.        
 3.48445106 20.20896912 -2.75656104  5.        
1.41328394 9.08888245 4.04699707 2.        
 5.55464888 21.47706604 -6.90878296  5.        
-2.22723389 19.30435181  6.99014282  4.        
 9.44533539 17.78618622  0.58575398  7.        
 9.7155838  -0.72257203  6.36514282  6.        
 4.99924517 -0.56745899  3.403687    2.        
 9.98703003 -0.92633802  7.64208984  6.        
-14.07839966  20.12739563   7.2625432    4.        
-0.77951002 -3.83151293  5.90048218  3.        
 3.54443407 20.3189621  -3.31051612  5.        
-2.75335693 19.64123535  7.36837816  4.        
-10.65866089  20.64350891   7.71685791   4.        
 1.48342896 23.49299622 -9.23321533  5.        
 4.68537903 10.0864563   3.51364112  2.        
-2.65204597 17.75914001  5.80065918  4.        
-5.68304396 19.12766266  1.86865199  4.        
12.63071442 -1.76724195  9.91873169  6.        
-5.76829481 -5.2773509   4.46340895  3.        
-7.39370012 19.60256195  3.45098901  4.        
 5.26956177 -4.52084303  3.34796095  2.        
4.27690887 8.78784943 3.82153296 2.        
 9.21581268 -1.18176997  7.25146484  6.        
3.9630971  6.64781189 3.62417603 8.        
-14.41059113  20.42324829   9.61859131   4.        
14.28946686 -2.12746406  9.85281372  6.        
-14.46296692  20.26786804   8.02828979   4.        
 4.49726915 -7.71852922  3.24993896  2.        
 6.62743378 16.6833725  -3.04803491  2.        
 8.46229458 22.46110535 -7.69180298  5.        
5.44741821 3.80058289 1.91052198 2.        
 2.43071008 20.71063232 -4.46261597  5.        
 2.16718292 20.68660736 -4.0906682   5.        
 7.75539398 -1.58712006 11.00946045  6.        
 7.2542882  19.06629944 -4.59137011  5.        
-4.75614214 19.51819611  1.94436705  4.        
  5.4316411   22.71469116 -11.02230835   5.        
-6.74972486 19.32132721  2.58407593  4.        
 9.46054077 -1.391258   12.61206055  6.        
4.22436523 3.36364007 3.47674608 2.        
-13.33359528  19.95684814   5.43405104   4.        
-3.4394989  -4.95812178  5.29718018  3.        
  7.63152313 -18.44351196   3.22259498   2.        
-7.1638341  19.34054565  2.17495704  4.        
 7.97497606 -1.82518005  9.26089478  6.        
 7.54008484 16.67263031  1.18954504  7.        
 5.51821089 14.43338776  3.10784888  7.        
13.46321106 -1.32439399  8.11932373  6.        
-3.47174096 17.05979156  4.9213872   4.        
 0.15938599 11.73683929  4.84634399  2.        
 1.12090302 22.78204346 -7.96978807  5.        
-0.4813     23.77293396 -8.80575562  5.        
 4.39825392 22.93307495 -8.68743896  5.        
-2.70593309 20.86991119  9.31018066  4.        
 0.46441701 22.09266663 -7.35732985  5.        
 4.9382019  14.90673065  4.02548218  7.        
5.48960876 0.16937999 3.73672509 2.        
  3.15323591  22.92098999 -11.79144287   5.        
  2.46122003  23.38301086 -11.54956055   5.        
-0.35271499 21.93611145 -7.30130005  5.        
 5.44907379 22.87483215 -9.37942505  5.        
 8.08653259 17.01216125  3.48123193  7.        
 5.77813005 -6.62418413  3.86880493  2.        
-0.218788   20.58095551 -5.28866577  5.        
13.90362453 -1.95745099  9.29827881  6.        
-3.29103088 -4.59072113  1.894135    3.        
 5.01228285 -1.62296295  3.44601393  2.        
6.1180501  8.33287811 0.32824701 2.        
-4.02880096 -4.86776686  4.10317993  3.        
-3.79618096 -5.09518385  5.7434082   3.        
5.10879517 2.84079695 2.70874    2.        
-6.21446991 -5.586411    5.09088087  3.        
 6.58280182 16.86786652 -3.47415209  5.        
 5.23508501 15.89781189  4.63586378  7.        
12.0406723  -1.32093799  7.953125    6.        
 5.21301985 14.32894135  2.28857398  7.        
 5.21602583 22.82876587 -8.67819214  5.        
-0.19467901 23.15176392 -8.14193726  5.        
 0.73163599 20.6463623  -3.80209303  5.        
10.95388031 -1.09893     8.35519409  6.        
 6.86809492 19.96234894 -5.38153076  5.        
 1.06228602 -4.68138123  2.45053101  2.        
 4.22138214 10.19499207  3.14672899  2.        
2.93216705 6.83152008 3.72134399 8.        
 5.71121216 -3.577034    4.02615404  2.        
 6.79401398 13.66413879 -2.24801612  2.        
-4.3082962  20.88233185  9.07843018  4.        
3.81863403 3.82998705 3.45156908 2.        
 5.317276  19.8553772 -4.703125   5.       
 9.47735596 17.12496948  3.49163795  7.        
-4.09567308 21.20054626  9.96743774  4.        
-1.45920599 -4.33988905  2.36236596  3.        
-5.52467299 19.55686188  6.69424391  4.        
-5.74497986 -5.23470306  3.73571801  3.        
 6.45449781 10.43305969 -0.56732202  2.        
 6.96930695 16.82273102  4.59884596  7.        
 8.34457397 17.38352203  0.056885    7.        
 1.72406805 -4.71239519  3.44674706  2.        
 6.86521912 10.62782288 -0.58377099  2.        
 7.26882887 20.03733826 -5.47979689  5.        
 6.90549517 18.15145874 -4.12060499  5.        
 0.076111   -3.78298211  4.07217407  3.        
 4.33026123 21.85510254 -6.96084595  5.        
  5.34056091  22.47544861 -11.90191746   5.        
10.62808228 -1.39043403 10.55438232  6.        
  7.92881823 -18.84360504   3.87200904   2.        
-6.64323378 19.6065979   5.259552    4.        
-3.71360803 19.45582581  7.1972661   4.        
-7.89304399 19.97850037  6.32083082  4.        
-3.70066094 17.49775696  5.18844604  4.        
13.63040161 -2.12484694 11.5241394   6.        
-1.61834705 14.64147186  4.54580688  2.        
 5.60658979 15.62636566  3.88595605  7.        
  5.16185808  22.87466431 -10.16519165   5.        
 7.46501923 -3.02172899  6.29421997  2.        
 8.23023224 -2.17855096  7.2970891   6.        
-1.75619495 -4.45346785  7.5533452   3.        
3.39620209 6.81075287 3.36883497 8.        
-2.97969103 17.37561035  5.47195387  4.        
 1.07298994 23.91670227 -9.55038357  5.        
 5.78359222 17.09686279  5.83386183  7.        
 3.93597388 21.82594299 -6.29330397  5.        
10.47149658 17.14002228  3.13522291  7.        
 7.42152405 21.50759888 -6.93969679  5.        
 5.51991987 -5.38597918  3.39889503  2.        
 7.33723497 -4.3758769   5.96328688  2.        
3.36834693 7.4742198  3.16897607 8.        
  0.386971    24.75616455 -11.94299316   5.        
 6.75694323 21.86323547 -7.02548218  5.        
4.90266418 2.41355109 2.93225098 2.        
10.66103363 17.45672607  2.34298706  7.        
5.04075623 0.79628801 3.36288404 2.        
11.90365601 -1.17244697  8.74884033  6.        
4.68476105 4.56003618 2.63491797 2.        
5.77726698 4.25737    1.95828199 2.        
-14.20137787  20.24739838  10.32559204   4.        
5.84734297 7.57076979 0.26983601 2.        
 3.50031996 21.25288391 -5.50350904  5.        
 6.42784882 15.44494629  3.17367506  7.        
-9.59277344 19.96286011  4.072052    4.        
-0.84553498 13.21261597  4.55380201  2.        
4.30702209 4.10395813 3.16793799 2.        
  7.8972168  -20.23170471   3.2940371    2.        
-12.19984436  20.76686096  10.44137573   4.        
 7.17939806 17.75241089 -3.85931396  5.        
 2.94881392 21.02053833 -5.04797411  5.        
 7.99359083 -2.48197889  8.10873413  6.        
  2.32269311  23.52793884 -12.97293091   5.        
 8.28713226 17.23220062  1.34109497  7.        
 7.16214705 16.50315857 -0.60485798  7.        
  6.7406621  -13.45264435   3.83480811   2.        
  2.92634606  23.10568237 -11.25692654   5.        
 3.30984497 22.99143982 -9.87597656  5.        
 3.95365906 22.72506714 -7.98031616  5.        
4.35175323 1.93025196 3.32372999 2.        
-5.47463179 -5.32450104  4.95306396  3.        
-9.48703003 20.46248627  7.07287598  4.        
 8.67758179 -1.49150097 11.99655247  6.        
 0.33712    -3.48790693  4.65374804  3.        
 7.38259888 22.81661987 -9.24954224  5.        
 5.36979723 -7.6740489   3.04717994  2.        
  5.82582092  22.70700073 -11.31842041   5.        
 7.70878601 -2.25169396  7.6914978   6.        
-12.89044952  20.20432281   7.27346802   4.        
 7.65382385 -2.71987104  7.18545485  6.        
-2.30808997 19.90505219  7.59527588  4.        
 7.41210222 16.45942688  3.15506005  7.        
-3.88561296 18.33457184  5.9597168   4.        
-4.42367506 -5.01251221  3.62661695  3.        
 5.93597412 22.77879333 -8.97521973  5.        
 6.61510515 13.61255646 -1.87640405  2.        
11.17235565 -1.14498901  7.69241285  6.        
  8.01417542 -22.5226593    3.68325806   2.        
 6.23206282 17.18796539  6.00177002  7.        
-1.92453003 16.43077087  5.45211792  2.        
  6.15068007  22.81210327 -10.60385132   5.        
-4.02285814 18.73987579  3.0561831   4.        
2.22720289 7.87638903 3.19116211 8.        
  6.74893188 -15.78226471   3.62289405   2.        
 4.93412781 19.78018188 -3.99252295  5.        
  6.71298218  22.86021423 -10.27023315   5.        
 7.5944519  19.72766113 -5.08981323  5.        
-4.54774523 19.1594696   6.5123291   4.        
 7.93795776 22.87232971 -9.02688599  5.        
 1.77572596 22.61096191 -8.01568604  5.        
-9.47869873 20.53687286  7.92739916  4.        
  7.35015917 -16.87739563   3.6555481    2.        
-4.80918121 18.70626831  3.43069506  4.        
 5.88847303 19.22114563 -3.93521094  5.        
 6.64222717 16.15666199 -3.54855394  2.        
-2.07888794 -4.43000793  3.67788696  3.        
  2.89051795  23.15899658 -12.0579834    5.        
 6.85356092 15.62049866 -3.04577589  2.        
-7.64838409 19.33052826  1.62875402  4.        
 5.55507708 15.60359955  0.17523199  7.        
 8.92675018 17.16897583  2.69955397  7.        
-5.8860321  21.82510376 11.17944336  4.        
 8.75884342 17.59214783  0.259186    7.        
11.65035152 17.45543671  2.15335107  7.        
4.74507904 1.970451   3.71694994 2.        
12.97998047 -1.40759301  8.75924683  6.        
 6.44992781 22.80151367 -9.34414673  5.        
 5.83348083 -6.85071611  3.29324293  2.        
 6.47733307 -9.57915497  3.85577393  2.        
 2.70424604 20.3316803  -3.39572096  5.        
-4.74580383 -5.20909119  4.73175097  3.        
11.43965054 -1.441414    9.42694092  6.        
 2.24965692 23.46235657 -9.60543823  5.        
-3.74317908 20.40333557  8.32678223  4.        
 3.48490095 -6.15853882  3.45809889  2.        
 9.25717163 -1.43151903  8.13943481  6.        
 4.14592695 -6.54074907  3.78125     2.        
 4.74486494 -3.1776731   3.32217407  2.        
6.06586504 8.78385925 0.50842297 2.        
 7.15491486 16.39691925  1.89547706  7.        
12.34452057 -1.45961797  8.1864624   6.        
-2.9031601  -4.61185503  4.51248217  3.        
-0.66782397 12.6355896   4.4597168   2.        
 0.38215601 20.77749634 -4.97689819  5.        
 6.7652359  -5.94046783  4.40585279  2.        
 3.20820594 22.04910278 -6.57968092  5.        
-10.94821167  21.19922638  12.13418579   4.        
11.52546692 -1.36982703 11.66055298  6.        
 4.29826403 -6.67568207  3.38980103  2.        
-13.97751617  20.09902191   7.89758301   4.        
13.1319809  -0.99128699  7.45391893  6.        
-8.16849518 19.9099884   4.59057617  4.        
 7.20095778 22.11929321 -7.78216505  5.        
-8.06964111 21.08294678  9.9602356   4.        
-2.73341393 -4.75188494  5.74618483  3.        
4.79504395 1.11749303 3.39468408 2.        
-0.400444   21.29983521 -6.47824097  5.        
-5.31967211 -5.13552094  3.56564307  3.        
 2.68320489 21.90428162 -6.58315992  5.        
13.92740631 -2.04316711 12.15756226  6.        
-12.03083038  20.20381165   5.55795288   4.        
  6.36318207 -10.53466797   4.08990479   2.        
 4.6807251  21.38763428 -6.65820312  5.        
 6.8921051  16.00505829  2.46044898  7.        
-0.73685497 22.29304504 -7.25314283  5.        
 6.34441423  9.83583069 -0.229065    2.        
 7.50403595 17.04107666  4.90744019  7.        
 6.94913483 21.23977661 -6.44094896  5.        
 2.35515594 21.07266235 -5.27276611  5.        
-8.08595276 21.65727234 12.19256592  4.        
4.55011702 5.81352997 3.59612989 2.        
 5.28559923 -3.22076392  3.43792701  2.        
