-5.91869307  5.48918915 -1.32263196  4.        
21.17176819  9.30487061 -5.31396484  6.        
 8.69525909 14.77949524 17.92504883  5.        
-20.41330719   3.52276611 -18.81573486   3.        
  1.79473102 -14.98005676   0.262238     2.        
 8.59394073 -2.26026893 -6.87225294  8.        
8.34867096 9.65384674 3.21472192 6.        
 -5.44048309   6.30955505 -16.65646362   3.        
-8.69852448 -6.89266205  5.33056593  7.        
-1.46615601  7.22427416 12.53378296  5.        
-18.40133667   5.30532789  -5.78912306   3.        
 2.17165399 -1.56317902  3.50439501  2.        
 4.45386505  8.10667419 -7.13113403  6.        
-11.35047913   5.29804182   8.24658203   4.        
 13.31244659   8.26564789 -10.349823     6.        
-13.6631546    5.56877089 -13.29519653   3.        
17.21369934 10.18074799  2.53173804  6.        
0.32806399 7.23341417 4.22787523 4.        
 6.57535505  9.86008358 11.49472046  5.        
 2.00896406 10.40019226 19.11907959  5.        
 1.30656397 -3.24839807 -4.12121582  8.        
-7.08277082  5.19815779 -9.05496216  3.        
-11.86533356   4.64874315 -20.58581543   3.        
-5.34606886 -4.8806529  -1.156708    7.        
 4.73320007  3.8877871  -0.985291    2.        
12.44774628  8.93705654 -3.01181006  6.        
-20.8245697    5.07670593 -12.16967773   3.        
 0.850151   -8.28488159  0.455017    2.        
-11.92388916   5.92021179  -4.32809401   3.        
-0.358704    3.01135302 -4.98599195  9.        
-5.40650892  7.78318787  7.36416578  4.        
 6.60841417 -2.07444811 -0.89196801  8.        
-11.12038422   5.33950806   1.98004198   4.        
-1.16528296  2.54283094  0.85086101  2.        
-3.06846595 -4.30750322  4.17681885  7.        
3.12662506 5.929214   9.10705566 5.        
12.85390472 10.38465118  5.84686279  6.        
10.63382721 12.26902008 13.81646729  5.        
16.20761871  9.69109344 -6.44753981  6.        
 7.56281996  7.6084981  -3.01461792  6.        
  8.34954834   7.49453688 -10.25054932   6.        
-5.00064087  1.42967999 -4.11532593  2.        
-15.8155899    4.85328722 -17.62695312   3.        
1.12535095 2.200737   6.43869019 2.        
 2.67052507  9.64476776 14.36593628  5.        
-14.39569855   5.64166307  -8.52731323   3.        
 -8.85325623   5.98260498 -13.3739624    3.        
 -3.70802307   6.59275103 -12.26141357   3.        
-4.17242384  6.17189789  3.01519799  4.        
17.84837914  9.48059845 -2.050354    6.        
4.30632019 7.56648302 1.80477905 6.        
-2.37428308 -1.28641498 -1.42007399  2.        
6.57497406 8.17516327 7.19525194 5.        
 5.54367781 12.89225769 20.54550171  5.        
12.883461   10.02585602  1.35052502  6.        
 6.23152924 11.94380188 15.66140747  5.        
 4.31784105 -3.15348101 -7.25381517  8.        
 2.39100695  0.316208   -0.45929     2.        
 0.74775702 -4.00606489  0.090698    2.        
10.09079742  8.677742   -6.56295776  6.        
-8.68754578  6.53621721  5.09845018  4.        
 -9.45301819   5.58416796 -17.42871284   3.        
-8.27051544 -6.08498383  1.34307897  7.        
-8.04534054  6.64112091 10.15606689  4.        
-8.0643692   5.29338789 -5.17404222  3.        
-1.49127996  8.51957703  7.40228319  4.        
-17.43746948   5.32192993 -14.11846924   3.        
-10.85727692   5.6423192  -10.09893799   3.        
 9.50603485 10.04078674  9.03881836  5.        
-17.99601746   5.21281385  -9.56326294   3.        
 3.85829902  7.50779676 -3.48596191  6.        
-0.69766998  9.01094818 15.76687622  5.        
 9.51243591  8.7996521  -0.115875    6.        
-15.48733521   5.80285597  -3.66650391   3.        
-7.60977888  6.36111498  1.678864    4.        
  1.38089001 -11.64662933  -0.82611102   2.        
 4.78664398 -2.60210395 -3.82867408  8.        
-2.53147101 -4.9799881   0.80334502  7.        
-5.1501689   3.22385406 -7.0531621   2.        
-20.9475708    4.37783813 -15.56088257   3.        
 8.74991608 -1.80158198 -3.49343896  8.        
 1.82142603  7.57241821 11.83593845  5.        
-12.64945984   5.43097687 -16.53424072   3.        
-6.29730988 -5.09230804  3.79702806  7.        
-15.10318756   4.24342299 -20.76504517   3.        
-0.110519    5.74859619  9.9810791   5.        
5.14849091 9.25408173 4.50170898 6.        
 3.80115509 -3.98622894 -1.09646595  8.        
-1.40406001  1.68422699 -2.23709106  9.        
-0.158546    5.49107409  1.55859399  4.        
-11.74057007   5.52223206   5.09875488   4.        
19.1002655   9.73310089 -7.74685717  6.        
-3.10634589  4.91622877  0.04071     4.        
13.21907043  9.11912537 -7.32208204  6.        
 1.71805596  2.44994307 -2.6685791   9.        
 6.50669098  6.54988909 -0.27484101  6.        
-9.18782043  5.41188002 -0.82482898  4.        
14.95389557  9.87197113 -1.01467896  6.        
 9.70478058 10.2641449   5.95861816  6.        
16.11210632  9.70748138 -9.50897217  6.        
-10.55809021   5.50244904  -7.03738403   3.        
-0.33096299 -0.41130799  0.612701    2.        
 7.19075012  8.12226868 -5.96740723  6.        
 4.6590271  11.48294067 18.12182617  5.        
-2.39596605 -0.054413   -4.37402296  2.        
5.10155487 7.99815416 9.69165039 5.        
-16.00228119   5.66694593 -11.60513306   3.        
-3.2083509   7.19818878  5.5219121   4.        
-3.49704003  8.63300323  9.42800903  4.        
 9.16114044 11.02081299 11.68151855  5.        
 -6.43232012   5.97641802 -11.77072144   3.        
-17.85192108   3.77422309 -19.98376465   3.        
15.35638428  9.33478642 -3.77670288  6.        
14.54306793 10.34169006  3.57730103  6.        
18.43350983  9.48715973 -4.77804613  6.        
-18.48108673   4.6219182  -16.84634399   3.        
11.20534515 10.2372818   3.55218506  6.        
 8.82587433 12.93508053 15.800354    5.        
-4.4956131   5.99166918 -9.621521    3.        
2.55997491 2.81324005 0.64407301 2.        
10.852211    8.19651794 -9.16976929  6.        
20.43148804  8.86592865 -2.73043799  6.        
 2.49106598 -6.3371892  -0.71487403  2.        
-6.00950623  6.99425507  4.80667114  4.        
1.24711597 4.23374891 8.20101929 5.        
 -9.2588501    5.03691101 -20.08779907   3.        
 6.26239014 13.65963745 17.99420166  5.        
 5.12008715 10.48181915 13.69104004  5.        
 -7.08758497   5.77580976 -18.66052246   3.        
19.06504059  9.66259766  0.283234    6.        
2.53161597 0.108772   5.51003981 2.        
 9.87754059  8.45394135 -3.95037794  6.        
-14.06056976   5.77784014  -5.93453979   3.        
-5.14185286 -4.85685015  1.44406104  7.        
-8.93639374  6.51855516  7.72442579  4.        
 4.12049103  8.74951935 11.94174194  5.        
-11.23371124   5.84682512 -14.43466187   3.        
6.74367523 8.37705231 1.68701196 6.        
 1.60395801  9.78826141 16.67834473  5.        
 6.08801985  7.70748901 -9.11410522  6.        
4.11679077 6.71154022 6.90557909 5.        
 -6.46183014   6.28291321 -14.33627319   3.        
-20.50788879   5.16117096  -9.57394409   3.        
 7.79091597 11.56220245 13.7321167   5.        
-13.32512665   5.84374189 -10.76299953   3.        
-5.89813185  7.8745122  10.04165554  4.        
 6.44408417 -2.48905206 -5.65261793  8.        
-15.14890289   5.30836487 -15.30151367   3.        
7.2467041  9.93976593 5.57543898 6.        
-16.60139465   5.32437897  -7.52127123   3.        
 0.470375    8.442276   13.67120361  5.        
-1.75205195  6.30446577  3.35986304  4.        
-0.43116    -6.20668793  0.76815802  2.        
-13.46092224   4.77679396 -18.73205566   3.        
-5.29637909  6.0751338   0.89755201  4.        
-18.36130524   5.4605031  -11.89654541   3.        
11.87817383  9.37880707 -0.75811797  6.        
7.1221242  9.26881409 9.2741394  5.        
 4.08610487 10.73910522 15.95727539  5.        
 3.713974   11.32914734 20.44009399  5.        
 -8.61024475   5.76921082 -10.93460083   3.        
 0.89470702 -3.08380103  2.26748705  2.        
 6.45969391 -2.65889001 -8.03649902  8.        
12.05175018  9.03287506 -5.31832886  6.        
15.19955444 10.1266098   1.31912196  6.        
4.32136488 5.76705217 0.35327101 6.        
 1.47446406 -1.77827406  0.29806501  2.        
-7.22389984  4.20165205 -6.99829102  3.        
 8.19979858  8.17594242 -8.07781982  6.        
 2.29264092 -3.29859209 -6.22729492  8.        
 -4.21379089   6.46263123 -14.62362671   3.        
-6.80636597 -5.8272481   5.98465014  7.        
 4.86848497  6.24772596 -1.80670202  6.        
-0.49238601 -2.60462999 -1.15380895  2.        
3.06940508 3.27328491 6.77340698 2.        
 -7.6546402    6.16092682 -16.22424316   3.        
 0.36064899  0.87849402 -1.14486694  9.        
-11.60440826   5.75679779 -12.17108154   3.        
-9.96993256  5.62914991  9.93087769  4.        
 0.184738   -5.60279083 -1.26507604  2.        
-9.32804108  6.16729689  3.06268311  4.        
16.9120636   9.99001312 -0.10434     6.        
10.08404541  9.52365112  1.853333    6.        
-19.50959015   5.17603302  -7.62982178   3.        
-11.26322937   4.98155212 -18.55096436   3.        
-4.79315901 -4.88073683  5.31884813  7.        
-19.55781555   5.07657623 -13.91928101   3.        
 5.81446791  7.85044909 -4.3684082   6.        
-3.52519989  0.83309901 -2.72610497  2.        
-8.96054077 -6.83853912  3.19128394  7.        
-1.95473504  4.42272902  1.82040405  4.        
 6.71644592 -2.18228889 -3.10137892  8.        
-9.19472504  5.21571302 -8.60061646  3.        
-9.82389832  6.0821991  -4.37396193  3.        
-12.32224274   5.82454681  -8.60388184   3.        
14.17380524  9.43886566 -5.49899292  6.        
 9.43226624  7.88534498 -2.00463891  6.        
-7.09796906 -5.66808319 -0.38345301  7.        
 2.92271399 -3.14304399 -2.74987793  8.        
-7.30006409  7.14671278  6.65862989  4.        
8.32386017 9.37474823 7.51751709 5.        
-1.11960602  7.52444506  5.66668701  4.        
-16.29275513   5.5310359   -5.52542114   3.        
-4.04550219  1.88619995 -5.8442688   2.        
 -9.47371674   5.83496094 -15.42318726   3.        
-4.06835222  4.91897583 -1.77310205  4.        
-5.31687212  4.80495501 -8.24072266  3.        
-10.38571167   5.78549194   6.58358812   4.        
 3.40221405  7.2279892  10.70025635  5.        
 3.17484999  2.09912896 -1.09317005  2.        
-3.46382093  8.10999298  7.40930223  4.        
 10.35450745   7.36923981 -10.88439941   6.        
 5.01371002 -2.68919396 -1.873505    8.        
-5.73553514  3.12917304 -5.2121582   2.        
-6.12688494  6.56918287  2.92614698  4.        
-9.37264156  5.57674408  1.089661    4.        
14.30867767  9.28517914 -8.89108276  6.        
7.87652588 7.85055494 0.19519    6.        
-1.270226    7.866745   14.32174683  5.        
  1.43872094 -10.11388397   0.30706799   2.        
 3.88037896  7.95872498 -5.32180786  6.        
-13.51937103   6.18067217  -3.34878492   3.        
-7.45812988  5.80853987 -0.193909    4.        
 1.65529597  6.24290514 10.37521362  5.        
-15.63812256   5.54620409 -13.50674438   3.        
-15.83055115   5.59957123  -9.73895264   3.        
-7.24705505  7.29528809  8.52676392  4.        
-3.52421594 -4.63677216  2.35751295  7.        
17.27875519  9.99401855 -8.0453186   6.        
 0.036026    6.90353394 11.43035889  5.        
-16.89763641   4.91487885 -15.9382019    3.        
-12.27986145   5.74897003  -6.41873217   3.        
 3.07509589 10.51425934 17.51861572  5.        
-0.012886    2.31701708 -3.25494409  9.        
  1.26509905 -13.48971558  -0.65222198   2.        
3.23134589 4.89742994 7.60583496 5.        
 4.02058411 -2.95566607 -5.47958422  8.        
 8.14696503 10.01573944 10.57110596  5.        
-1.73961604 -0.071526   -2.59310889  2.        
 1.52042401 -5.20680189  1.19122303  2.        
 8.15171814 -1.58162701 -1.68084705  8.        
10.51491547 13.31138611 15.30410767  5.        
-16.25189972   4.31721497 -19.38342285   3.        
3.9399569  8.65903473 3.32696509 6.        
-8.7286377   5.13849592 -6.88845778  3.        
 1.07715595 -0.30786899  4.58920288  2.        
-6.8928299  -5.30420685  2.13140893  7.        
0.80526698 6.52352095 2.62155104 4.        
-20.16164398   4.08097076 -17.16098022   3.        
-4.07646894 -4.60561419  0.032043    7.        
6.45877123 9.1580658  3.33078003 6.        
8.48603058 8.83601379 1.51696801 6.        
 7.67271423 13.76305389 16.93395996  5.        
-1.07348597  0.989182   -0.15069599  9.        
17.11001587  9.51556396 -3.63644409  6.        
 8.27846527  8.0901947  -4.53109694  6.        
17.92921448  9.44428158 -6.44937086  6.        
11.55316925  8.76777744 -7.65664721  6.        
12.87465668 10.35488129  4.03842211  6.        
 2.6115799   8.71239471 12.86834717  5.        
-7.74116516  6.65257311  3.54562402  4.        
 1.054901    9.29468536 15.05630493  5.        
 6.26913404  8.0354538  -7.42996216  6.        
 8.08084869 -2.21701789 -5.18383789  8.        
-10.93170929   5.50888777 -16.41384888   3.        
 7.87337494  7.16613817 -1.37963903  6.        
-18.77676392   3.95559692 -18.53201294   3.        
19.677948    9.22468567 -6.15219116  6.        
-7.77468109 -5.89414215  4.11343384  7.        
19.40167236  9.18707275 -1.398193    6.        
13.96876526  9.51848602 -2.50149488  6.        
-3.76140594  5.40674591  1.53631604  4.        
 0.76601398  9.69734859 18.15823364  5.        
10.98495483  8.53320312 -2.24578905  6.        
 5.86434889  7.30025482 -2.69503808  6.        
 9.78042603 14.02114868 16.68817139  5.        
-14.34835815   5.1497798  -16.78427124   3.        
-13.15758514   5.56076002 -14.90927124   3.        
-1.79446399  3.85383606 -0.03241     2.        
5.0611949  7.60071611 7.9803772  5.        
 9.66122437 10.19512939  4.20455885  6.        
 -9.94626617   5.87611389 -11.99621582   3.        
-1.05065894 -1.58151996 -2.43258691  2.        
14.79567719  9.65033722 -7.35516405  6.        
 1.01614404 -6.51852417  0.039581    2.        
10.57904053 11.60948944 12.2833252   5.        
-0.207802   -2.18013     0.41168201  2.        
13.389328    9.73504639 -0.213562    6.        
3.55138397 4.10615492 0.44461101 2.        
-10.94356537   5.66719818   3.57827806   4.        
-4.59115601 -4.60780287  3.64822412  7.        
-13.48213196   4.43453979 -20.45193481   3.        
11.24170685 10.39933777  5.42675781  6.        
 5.59669495 12.36930084 17.12304688  5.        
12.667099    8.54666901 -8.82434082  6.        
 6.55215502 10.76681519 12.84729004  5.        
 5.69552612 12.44236755 18.93103027  5.        
18.99490356  9.49380493 -3.25515795  6.        
16.25106049  9.74697876 -2.14938307  6.        
-4.83713484  7.39937592  5.84152222  4.        
 -5.23004913   6.33473206 -13.2928772    3.        
-7.57025909  5.58000183 -1.78805494  4.        
5.63171387 7.373909   0.90820301 6.        
-19.60018921   5.19883013 -10.89932346   3.        
-18.58136749   4.98780823 -15.29449463   3.        
11.05073547  9.55101013  0.58779901  6.        
 5.55001116  7.99657393 -5.92788696  6.        
 2.88910699 -3.0002749  -4.33081102  8.        
 -4.9779048    6.09486389 -11.12680054   3.        
-14.45162964   5.71080017 -11.93924046   3.        
-4.45612288  6.8772049   4.40655518  4.        
-3.44830298  1.10963404 -4.44549608  2.        
-17.37851524   4.44309187 -18.01046753   3.        
 5.46439409  5.37124586 -0.65429699  6.        
-4.60569    5.4720459 -0.370148   4.       
 11.84688568   7.7507019  -10.64648438   6.        
13.55381775  9.28337097 -4.07794189  6.        
 7.21110487 14.77622223 18.51849365  5.        
16.11420441 10.32661438  3.62091088  6.        
-0.334984   -4.15048981 -1.08883703  2.        
 9.02655029 12.33481598 14.26712036  5.        
-15.10985565   5.53382111  -7.14758301   3.        
-10.22902679   5.99711609   5.06002808   4.        
 3.92097497  9.3351059  13.40249634  5.        
-21.04060364   4.53907013 -14.03012085   3.        
2.15741706 1.33817995 0.82894897 2.        
 6.20428514 13.90253353 19.59140015  5.        
-10.81200409   5.79220581  -5.54946899   3.        
-4.91433001  8.15350342  8.771698    4.        
 -8.63272095   5.33986712 -18.70019531   3.        
 1.00550103  2.85553694 -4.26345778  9.        
19.923172    9.07208347 -4.3971858   6.        
 -6.17195082   5.59303284 -10.21884155   3.        
 5.44547987  9.03562927 10.88235474  5.        
16.9460144   9.36728668 -5.15222216  6.        
 -7.34818316   6.05169678 -12.98748779   3.        
 3.41610003 11.05953979 18.89852715  5.        
 9.78710938 10.84107208 10.30548096  5.        
 -8.15042114   6.20486498 -14.70593262   3.        
1.16694605 5.18795776 9.37939453 5.        
 7.67542982 12.18730164 15.15634155  5.        
-18.04039001   5.27307892  -8.05148315   3.        
5.40414381 8.36573792 2.58856201 6.        
 9.28500366  7.99826813 -9.11602783  6.        
 6.26929522 11.25818634 14.28842163  5.        
 8.63879395  8.30686188 -6.40023804  6.        
2.42697906 1.58680701 5.78595018 2.        
 1.72661602  1.56896996 -0.96954298  9.        
11.51410675 10.00357819  1.97625697  6.        
17.90441895 10.00170135  1.17675805  6.        
4.13039398 7.04993391 9.04660034 5.        
-1.25688899 -5.24762678  1.57711804  7.        
-11.63962555   4.98407698   6.77536011   4.        
 5.31044817  9.60411835 12.26080322  5.        
 2.60815406 -4.73900604 -0.59539801  2.        
-13.44715881   5.61631012  -7.34475708   3.        
3.89075494 2.2955091  0.213043   2.        
 5.15826416 -2.15593696 -0.49298099  8.        
1.89457703 2.86947608 7.58300781 2.        
 4.88749695  2.5119319  -1.51534998  2.        
 2.68170905 10.19007874 15.76052856  5.        
-3.04173994  6.81332397  4.01257277  4.        
 1.01136804 -2.82728601 -0.74639899  2.        
 0.73680902 -1.64482105  3.22186303  2.        
10.61908722  8.77598572 -5.18176317  6.        
-10.74713135   5.57433319  -8.64767456   3.        
14.00547028 10.43357086  4.95080614  6.        
 0.20575701  9.39591217 16.83370972  5.        
 7.79910994 10.74906921 12.10958862  5.        
-9.93468475  5.80220795  8.49411011  4.        
-0.01619     1.67390394  0.96524     2.        
-2.58369493  5.68449402  2.32116699  4.        
-17.0868988    5.4617691  -10.67700195   3.        
-14.83000946   4.57110596 -19.134552     3.        
-14.27053833   5.72512102  -4.48642015   3.        
14.00902557 10.24514771  2.2497859   6.        
-6.34585619 -5.19924212  0.75009203  7.        
1.38011897 1.04139698 4.95752001 2.        
11.36618805  8.81716156 -3.96209693  6.        
 9.12516785 11.69669342 12.9942627   5.        
-12.26690674   5.71588087 -13.45556641   3.        
-2.64450097  8.85112762  8.3225708   4.        
 4.07315111 10.13803864 14.56558228  5.        
-2.256042    7.83513594  6.43478394  4.        
10.01672363  8.43326569 -8.00262356  6.        
 8.55459595 10.12233734  5.10830688  6.        
-10.24911499   5.87226105 -13.38201904   3.        
6.06585693 8.52006531 8.7437439  5.        
15.53982544  9.53860474 -5.21469116  6.        
-8.00901031  4.68338013 -8.09341431  3.        
 5.71861982 -2.60899305 -6.831604    8.        
 0.428635    7.76847076 12.44256592  5.        
-9.45752716  5.50244093 -5.63424683  3.        
-17.12014771   5.52498579 -12.50036621   3.        
 6.53214979  6.60098314 -1.65487695  6.        
 -6.67867994   6.03428698 -17.36807251   3.        
-7.34593201  6.83795214  5.20825195  4.        
5.47171021 7.56544495 6.65154982 5.        
 -3.60261512   6.40764618 -10.90640259   3.        
12.81232452  9.42824459 -1.77038598  6.        
-1.15663898  6.92361498  4.43508911  4.        
 7.23571014 -2.41107202 -6.86465502  8.        
-8.0791626  -5.84371901  2.67245507  7.        
-10.6931839    4.90631914 -19.78659058   3.        
 -5.43020582   6.38180494 -15.29620361   3.        
-14.52908325   5.74597216 -10.11175537   3.        
-3.0016861  -0.152367   -1.94693005  2.        
 4.73156691 11.70181274 19.54049683  5.        
-12.9475708    5.59929705 -12.05630493   3.        
16.55583954 10.12742615  1.29119897  6.        
-12.41158295   5.07765198 -17.82171631   3.        
 0.57851398  1.90303802 -2.00506592  9.        
 7.43616486  7.7457962  -9.23916626  6.        
-19.53338623   5.30562592 -12.5852356    3.        
-0.45414001  6.05387115  2.78207397  4.        
 0.82801098 -0.39995599 -0.084656    2.        
 5.08063507 11.02177429 15.08560181  5.        
-9.2145462   6.42996979  6.33798218  4.        
 -7.98492384   5.71163893 -17.48028564   3.        
 0.26889801 -5.2970891   0.061554    2.        
-9.43065643  5.39441681 -9.93515015  3.        
-12.18969727   5.77346802  -9.93740845   3.        
0.19544999 7.78430891 5.6305542  4.        
-12.98665619   5.75732422  -5.12118483   3.        
7.39830017 9.69846344 4.27062988 6.        
 8.80273438  8.07694244 -3.17269897  6.        
-19.68720245   4.57154799 -15.95480347   3.        
  1.98162103 -12.5508194   -0.032532     2.        
 7.076828   12.66529846 16.39877319  5.        
12.69612885 10.19385529  2.65997291  6.        
2.37855506 4.78271484 8.6439209  5.        
-19.29956818   5.14842987  -9.01083374   3.        
-6.22843885  3.58620501 -6.36074781  2.        
 0.56691003 -4.08414507  1.45462     2.        
 6.08542585 -2.43603492 -4.37374878  8.        
-8.77091217  6.47979689  9.05429077  4.        
-16.85697174   5.3468399   -8.82461643   3.        
 8.31099701 10.14394379  6.40795898  6.        
10.49541473  8.897995   -1.07699597  6.        
18.30890846  9.65834045 -0.82840002  6.        
-5.49787903 -4.89710188  2.71023607  7.        
-19.06407928   3.37450409 -19.68579102   3.        
 9.34425354  8.47389984 -5.21621704  6.        
 1.68491399  8.9088974  13.79302979  5.        
-1.12754095  2.42772698 -3.92596412  9.        
-12.31899261   4.73563385 -19.36782837   3.        
 3.57045698  0.90925598 -0.74710101  2.        
-6.09065294  7.39750719  6.25134277  4.        
-2.30615997  3.12031603  1.08560205  2.        
-6.9667511   4.68558502 -5.82076979  3.        
-6.06366014 -5.24427795  5.06555223  7.        
 1.10959601 -9.16168976 -0.51251203  2.        
-10.64147854   5.07731581  -4.40939283   3.        
-6.63819122  6.16278076  0.74349999  4.        
 -9.90086365   5.09427595 -18.73297119   3.        
 5.21453094  7.92041779 -8.18664455  6.        
 8.69141388  7.99433088 -0.791107    6.        
16.02537537  9.91149139 -7.7635498   6.        
3.74257708 6.02677917 7.94403076 5.        
 4.99416304 11.59931946 16.24111938  5.        
-1.13101196  6.48635912 11.103302    5.        
-13.45220947   5.88730621  -9.4324646    3.        
 7.10026503  7.70413208 -4.21743822  6.        
 1.60852802 -3.13957191 -2.88415504  8.        
-16.288414     5.2157588  -14.73330688   3.        
-0.221642 -1.217026 -0.426025  2.      
 -7.44364882   5.61039686 -10.30255127   3.        
 4.43833923  8.26345062 10.76531982  5.        
15.36140442 10.33388519  2.59487891  6.        
8.35142517 9.58522797 9.33831787 5.        
15.58599091  9.97844696  0.076508    6.        
-15.68158722   5.56539917  -8.35626221   3.        
 3.11587501  7.99657393 11.82366943  5.        
 2.62649488 -3.88874006 -1.78164697  8.        
  0.384644   -10.18348694  -0.37384      2.        
-14.57285309   5.39331102 -14.18786621   3.        
-5.1386261   6.20452881  2.13388109  4.        
-7.01136017  7.36532593  9.75521755  4.        
-6.06172895  7.78364611  8.43447876  4.        
 3.6252141   3.31082106 -0.95077503  2.        
-6.65698195  4.56974792 -8.0479126   3.        
-0.70101202  7.96485901 13.21566772  5.        
0.234596   0.71837598 0.21075401 2.        
 7.33188581 -2.09822106 -4.20077515  8.        
9.98526764 9.94723511 3.01568604 6.        
-18.32320404   5.37710619 -13.25164795   3.        
7.16138506 8.76524353 8.14178467 5.        
 6.56139421  9.23675537 10.38342285  5.        
 14.42060947   8.79337311 -10.18316746   6.        
14.02457428 10.04251862  0.87216198  6.        
 1.96433997 10.14478302 17.91107178  5.        
5.99308014 9.68685055 5.29128981 6.        
 -8.33058929   5.95653486 -12.24795532   3.        
12.18128967  9.00767517 -6.54397583  6.        
 2.13229394 -0.73976099  0.26263401  2.        
-2.35366106 -4.73273516  2.00180006  7.        
-0.33262599  8.65561676 14.57165527  5.        
-11.94531345   5.5894618  -15.54473877   3.        
-17.54099274   5.31846619  -6.73855591   3.        
-1.32694995  5.39878893  2.23596191  4.        
 0.120209   -7.28061724  0.590271    2.        
-14.62191772   4.90115404 -17.97943115   3.        
-0.63050097  7.99086809  6.72403002  4.        
-1.198349   -1.61731696 -1.21237195  2.        
-17.51222229   5.81760406  -5.14065599   3.        
 5.1762538  -2.68997192 -5.72784424  8.        
 -6.60084486   6.25234222 -15.57949829   3.        
-20.88466644   5.04605103 -10.71429443   3.        
-8.26573181  5.89520311  0.733307    4.        
-10.86519623   5.08116198   9.32785034   4.        
 -8.81315613   5.89315796 -16.45635986   3.        
 4.00402117 11.18221283 17.14373779  5.        
 4.6679759  12.09609985 20.76504517  5.        
-8.30870056  5.27304077 -9.52212524  3.        
 -4.04989576   6.51328278 -13.43121338   3.        
  0.76184797 -12.12912846   0.083405     2.        
-5.30767107 -4.9618988   0.039124    7.        
 4.58057404  7.098526   -2.60116601  6.        
4.74264479 6.59323883 1.11245704 6.        
-3.679703   -4.68466997  1.17215002  7.        
-0.25999501 -3.27224708 -0.070068    2.        
 9.11103058 -2.18724799 -5.78579712  8.        
-9.92663574  5.67559814  2.15493703  4.        
 2.19421411e+00 -1.38369904e+01  5.55399992e-03  2.00000000e+00
-12.34484863   6.36308289  -3.2910769    3.        
-10.56053925   5.49646807   0.94180298   4.        
-16.4677124    5.88375092  -4.40274096   3.        
6.81924391 7.65218306 0.70303297 6.        
 3.85934496 -3.21034193 -2.02035499  8.        
-10.90950012   6.26625776  -3.815063     3.        
-7.67569017 -6.2352519   5.28582811  7.        
7.36181593 9.03234863 2.57107496 6.        
-16.32028198   4.05513    -20.53805542   3.        
-11.5830307    5.71553802  -7.68609619   3.        
-1.08875299  3.71462989  0.99688703  2.        
-10.69010925   5.23008013 -17.53817749   3.        
 1.52378094 -3.26059008 -5.28155518  8.        
-15.08943939   5.64272308  -5.37680006   3.        
5.40691423 6.42684889 0.15387    6.        
2.45809889 4.01229095 7.68527222 5.        
12.34476471  9.69075775  0.35836801  6.        
-4.94694519  2.69600701 -6.02096605  2.        
 6.22770691 -2.24404907 -2.03317308  8.        
 7.39954376  8.14858246 -7.12203979  6.        
 2.79151893 10.84085846 19.90353394  5.        
 4.53522491 -3.12975311 -0.78045702  8.        
 4.5993042   4.74735308 -0.14901701  2.        
 0.75655401 -7.33297682 -0.75869799  2.        
-2.23337603  7.0895462   4.84875488  4.        
-0.70821398  1.29524195 -1.387146    9.        
-5.17993879  6.43675995  3.60830688  4.        
16.14355469  9.94694519 -0.977539    6.        
15.11377716  9.66691589 -2.5814209   6.        
-5.42362213  5.44640303 -9.197052    3.        
-3.82160997  7.66625214  6.38333082  4.        
-5.80408478  5.84890795 -0.115845    4.        
-12.20588684   5.70245409 -11.08947754   3.        
-18.40518188   5.30195618 -10.75430298   3.        
 4.66095686  7.82614899 -4.378479    6.        
 3.37213898 -3.10618591 -6.58059692  8.        
-15.73154354   5.07510424 -16.2666626    3.        
-9.43531799  6.28249407  4.26110792  4.        
-10.88959503   5.59648085 -11.24822998   3.        
-2.92277503  4.69787598  1.15249598  4.        
2.84632111 1.74964905 0.009735   2.        
-8.68785095  6.11621904  1.97473097  4.        
 1.521065    8.21039581 12.73672485  5.        
-6.51795197  7.42856598  7.4494319   4.        
-5.00371599  2.23706794 -4.92272902  2.        
-13.96608734   5.37226915 -15.69223022   3.        
  9.47970581   7.64529419 -10.20425415   6.        
 4.6638341   5.13626099 -1.43255603  6.        
 -7.55490112   5.84143782 -11.41278076   3.        
 2.76918006  6.37368011 10.18609619  5.        
 7.80778503 -1.91153705 -2.71044898  8.        
-2.71855903  0.20076799 -3.31729102  2.        
-7.92914581  7.03220415  7.63937378  4.        
15.03612518  9.62458038 -6.22589111  6.        
13.26049042  9.25151825 -6.14160204  6.        
-6.27952623  6.3791728   1.82134998  4.        
 -4.81479597   6.23178101 -12.24581909   3.        
13.83908081  9.6294632  -1.34603906  6.        
-2.66135406 -4.37767792  3.12710595  7.        
-21.17433929   3.98928094 -16.67459106   3.        
15.25605011  9.81166077 -8.59091187  6.        
-0.284309   -0.103188   -0.55877697  9.        
-5.72437286  4.10322618 -7.46649218  2.        
  1.86419702 -11.12967682   0.109772     2.        
 1.20284998  0.63681    -0.44918799  2.        
 0.63851899 -2.898453    0.51477098  2.        
-1.36436498 -0.043457    0.15109301  2.        
-20.01863289   4.77524614 -14.88796997   3.        
 1.840096   -5.46148682 -0.23669399  2.        
-13.46548462   5.10417891 -17.4642334    3.        
 2.0436399  -0.70054603  4.20141602  2.        
 8.6993866  14.19232941 16.88143921  5.        
2.28270006 2.56581092 6.43386793 2.        
 5.55892897 -2.47088599 -3.04244995  8.        
10.13021088 11.3338623  11.24850464  5.        
-8.85706329 -6.60967302  4.27365112  7.        
-17.38716125   4.73101807 -16.9359436    3.        
9.4298172  9.14225006 1.03704798 6.        
-6.71583605  6.67041016  3.94955397  4.        
-9.59215641  5.25765181 -7.56185913  3.        
-1.09832001  1.44599199  0.909302    2.        
-7.20291901 -5.45046997  3.20684791  7.        
-18.74281311   5.36940813  -6.86673021   3.        
 7.0314641   7.99439192 -8.24820042  6.        
-1.76689899  2.27368903 -0.027802    2.        
-5.15064192  5.355721   -2.09555006  4.        
  1.23455799 -14.58535004  -0.651703     2.        
-7.44739485 -5.69249678  0.73584002  7.        
-3.11056495  6.43113708  2.94970703  4.        
 8.98600006 -1.86834705 -4.6819458   8.        
 2.37449598  7.03106689 11.06549072  5.        
-10.63054657   5.66729021 -15.32437134   3.        
-9.87646484  5.54879808  0.095551    4.        
  1.19937897 -14.09268188   0.47241199   2.        
 3.79774499 -2.89324999 -3.34664893  8.        
 -9.31956482   6.01350403 -14.35458374   3.        
-17.36547089   4.16836596 -19.09680176   3.        
 -6.23971605   6.24395704 -12.90948486   3.        
-3.24447608  4.85950518 -1.07232702  4.        
11.17605591  8.87967682 -6.16336107  6.        
7.61009979 8.48303986 7.15228319 5.        
 4.28656006  2.01116204 -0.77041602  2.        
14.54488373  9.42215729 -4.48400879  6.        
 1.26901996  6.88035583 11.15667725  5.        
-3.95016503 -4.97595215  4.65093994  7.        
9.02829742 9.45533752 2.215271   6.        
10.05362701  8.31287384 -2.77468896  6.        
 -9.80256557   5.63925219 -10.95501709   3.        
8.65852356 8.52895355 0.48272699 6.        
-20.38988304   5.04783583 -13.18014526   3.        
-4.1193161   1.27619195 -3.52096605  2.        
-15.06013489   5.7643199  -11.05599976   3.        
-16.07299042   5.55653381  -6.57458496   3.        
 9.088974    8.39572906 -7.36932421  6.        
12.12475586  8.177742   -9.67190456  6.        
-8.21194458  6.78814697  6.23077393  4.        
12.0055542  10.35721588  4.66003418  6.        
5.00900984 8.84377289 3.52652001 6.        
12.50363922  9.07228947 -4.35296583  6.        
20.77288818  9.00176239 -3.75790405  6.        
1.73886096 0.78976399 5.94711304 2.        
-7.88548994  4.77125502 -6.34915209  3.        
 9.98755741 12.60285854 14.63439941  5.        
16.29050446  9.32501984 -4.28595018  6.        
-0.954956   -0.59854102 -2.04000807  2.        
-14.71461487   5.65749407 -12.99761963   3.        
-3.77800012  8.40561676  8.37789917  4.        
-1.04809594  4.87667084  1.35876501  4.        
 1.19218397 -1.32315803  4.1471858   2.        
-9.04320526  6.08940077 10.13049316  4.        
 8.3090744   7.67043304 -2.19476295  6.        
15.03148746  9.47766876 -9.62973022  6.        
 6.41694593  7.97207594 -5.22003222  6.        
 5.12766981  7.60461378 -3.37704492  6.        
 0.64183801  6.15962219 10.63269043  5.        
10.73445892 10.30687046  4.51742506  6.        
-6.20373487 -5.19326019 -0.64221197  7.        
18.23973846  9.74069214 -8.36209106  6.        
2.11703491 5.60430193 9.46975708 5.        
-11.70249176   5.36198378 -17.115448     3.        
11.80397034  9.08055115 -1.91140699  6.        
 7.31940508  7.18693495 -0.50015301  6.        
  0.82010698 -11.07648468  -0.06839      2.        
13.62937927  8.77191162 -9.48687744  6.        
-0.026314   -8.48474884 -0.064087    2.        
-20.84246063   3.65862989 -17.88061523   3.        
-1.31259894  3.16300201 -0.63644397  2.        
17.96582794  9.89839935  0.119324    6.        
 8.98137665 10.26966095  9.99432373  5.        
-9.78713989  6.003479    7.43658495  4.        
7.67670393 8.33760834 1.08578503 6.        
-1.46190596 -2.39158607 -1.84555101  2.        
-19.17071533   4.22807312 -17.50894165   3.        
-18.45061493   5.19245911 -14.27377319   3.        
5.85773516 8.69423676 9.79455566 5.        
-6.99867201 -5.59255219  4.79836988  7.        
 6.40284681 13.09485626 17.05126953  5.        
17.08919525  9.80618286 -1.43273902  6.        
  1.34338403 -10.31263733  -0.730865     2.        
 -9.92877197   5.74075317 -16.46401978   3.        
-11.25921631   5.83178711 -13.18341064   3.        
0.084801   6.6757741  3.39489698 4.        
-3.91073608  5.3626399   0.49368301  4.        
-13.38306427   5.70934296  -8.39074707   3.        
 7.18816423 -1.999084   -1.78561401  8.        
-0.40954599  1.88133204 -2.35784888  9.        
-5.46858215 -4.82218885  4.32827806  7.        
-11.81646729   5.8200531   -5.37167406   3.        
-4.74198914  8.44114685  9.73483276  4.        
 -7.92063904   5.55830383 -19.39434814   3.        
 1.77186596  9.76074219 15.61236572  5.        
 3.01551104 -3.0948329  -5.42736816  8.        
 4.10651398  7.46412706 10.00772095  5.        
13.55653381  8.91741943 -8.25790405  6.        
8.88987732 9.65114594 8.33276367 5.        
 10.96608734   7.86520386 -10.12115479   6.        
6.12851715 9.44531155 4.31646681 6.        
-6.91350603  5.55705309 -1.01681495  4.        
 1.42517805 -2.17410302  2.70227098  2.        
-19.12716675   5.20048523 -10.00494385   3.        
-10.99262238   5.64330292   5.78872681   4.        
 0.29954499  9.16810608 15.75018311  5.        
-7.16036987  6.59213305  2.55288696  4.        
14.3806076   9.89520264 -0.110016    6.        
 7.69799805 14.54374695 17.57180786  5.        
-8.18626404  5.50128889 -0.88580298  4.        
18.87582397  9.5597229  -6.7714839   6.        
3.81443    8.15660095 2.45419312 6.        
10.64982605 10.45027924  6.24426317  6.        
18.01279449  9.55977631 -3.05441308  6.        
 0.83493    -5.88160706  0.90255702  2.        
 -5.233284     6.37810516 -14.29528809   3.        
-2.49011993  8.36849213  7.45803785  4.        
 6.91756392  7.09554291 -2.44494605  6.        
-10.92167664   5.42005205   7.34951782   4.        
 5.38412523 -2.73036194 -7.76654005  8.        
20.68995667  9.08864594 -6.16345215  6.        
 8.08458042 12.98540497 16.4654541   5.        
 9.50907898  8.44364166 -1.13427699  6.        
 3.82674408  8.05558014 -6.30956984  6.        
-1.25900304  8.3575592  15.18429565  5.        
 0.536125   -1.47795904  0.18301401  2.        
-4.47378492  8.05062103  7.56939697  4.        
 8.10297394  8.12047577 -5.5062871   6.        
 7.45074511 -1.51573205 -0.96121198  8.        
-14.40478516   4.38219404 -20.07598877   3.        
 1.86222804 -6.94796705 -0.245941    2.        
-0.37027001  7.37464905  4.92840576  4.        
-0.52466601  7.44254303 12.31851196  5.        
-12.88557434   5.98704481  -4.10491896   3.        
 3.18407393 10.6620636  16.46936035  5.        
 3.03243995  2.81439209 -0.33471701  2.        
-15.56924438   5.67622423 -12.50189209   3.        
13.31037903  9.29245758 -5.03543091  6.        
 4.00571394  3.33614302 -0.040039    2.        
-12.20890808   5.7365489  -14.53826904   3.        
 5.6424408  10.33420563 12.86795044  5.        
-4.1757741   1.71580505 -4.80114698  2.        
 6.58171082  7.47655487 -3.41116309  6.        
 -7.45246077   6.11469316 -14.0196228    3.        
20.16569519  9.39167786 -5.29418898  6.        
 3.85160089 -2.91125488 -4.50122118  8.        
4.27602386 6.84989214 7.96362305 5.        
-0.80757099  0.486031    0.761078    2.        
5.83488512 8.01170254 1.73718297 6.        
 0.168228   -3.31730604 -0.991364    2.        
 0.98001099  2.65640998 -3.30633497  9.        
-17.62820435   5.12687683 -15.05734253   3.        
-14.48700047   6.05069017  -3.38031006   3.        
14.33358002  9.32762146 -3.38699293  6.        
19.60043335  9.30680943 -2.47018409  6.        
10.07508087 12.08283234 13.04144287  5.        
 8.2551651  11.38553619 12.68972778  5.        
11.70944977  8.51642609 -8.65725708  6.        
-2.23609209  4.05945587  0.80737299  4.        
16.17612457  9.49705505 -3.084167    6.        
 8.3433609  10.62113953 11.30377197  5.        
16.89014435  9.82627106 -7.17242384  6.        
14.11494446  9.47511959 -6.53961182  6.        
-10.25495052   5.76261091 -14.43682861   3.        
-1.46166205  1.91325402 -3.17675805  9.        
8.72420502 9.98223114 4.1086731  6.        
-0.336952    3.02797699  0.95416301  2.        
-2.10158491 -0.65091699 -3.27511597  2.        
13.49542999 10.26856995  3.30456495  6.        
 6.97929382 11.87693024 14.56576538  5.        
1.94635797 0.149979   4.74585009 2.        
 2.23227692 -3.21616411 -3.61181593  8.        
-11.31337738   5.69077301  -6.36209106   3.        
16.59536743  9.96640015 -8.72171021  6.        
-16.40646362   4.61210585 -18.3427124    3.        
-16.55574036   5.47175598 -13.77359009   3.        
 5.93539381  6.0799098  -1.11685205  6.        
 0.720581   -4.75400496  0.78775001  2.        
-11.43131256   5.77019501  -9.34356689   3.        
 4.72584486  9.82852173 12.98486328  5.        
 1.86565399  2.14672089 -1.77377295  9.        
 7.93246508 -2.30348206 -6.12332201  8.        
-6.04299879 -5.05310106  1.77615404  7.        
  1.16001904 -12.57064819  -0.91955602   2.        
-15.42018127   4.32263184 -19.84872437   3.        
 7.22766876  9.88909054 10.78775024  5.        
-4.57646179 -4.68582201  2.59262109  7.        
 5.16771698 -2.62487793 -4.70059204  8.        
 9.76699066 13.37733459 15.98754883  5.        
18.01532745  9.69120789 -7.36431885  6.        
 3.00450897  9.17453003 13.60153198  5.        
 2.6413269  10.70616055 18.48117065  5.        
19.20057678  9.21569061 -5.26458693  6.        
 8.99500027e-03  2.62232208e+00 -4.15210009e+00  9.00000000e+00
-19.66687012   3.79673791 -18.24752808   3.        
-16.45506287   4.89749193 -16.91796875   3.        
-8.8339386   5.56728411  0.03952     4.        
-4.46942091 -4.72683716 -0.83605999  7.        
-8.65769196 -6.44464922  2.22643995  7.        
-3.52545905  5.79071808  2.39178491  4.        
-17.96060181   4.87825823 -15.99746704   3.        
3.5136869  6.77677917 9.70733643 5.        
7.90205383 9.27217102 8.43423462 5.        
 5.40060377  8.0071106  -7.06167603  6.        
-12.58813477   5.79888916  -7.68844604   3.        
19.96009827  9.36671543 -3.45111108  6.        
 5.30864716 12.20436859 18.10583496  5.        
-17.41340637   5.50797987 -11.55865479   3.        
 0.63034099 -6.29090881 -0.80328399  2.        
-4.10958099  7.16442919  5.25470018  4.        
-16.15823364   5.59352922 -10.62387085   3.        
 8.33514404  7.96575212 -8.98309326  6.        
10.69263458  8.68031311 -7.29226685  6.        
 4.84552813 11.66693878 17.16464233  5.        
 1.43444097 -0.139725    3.73901391  2.        
-8.59870911  6.54434204  3.90829492  4.        
19.78327942  9.31720734 -7.0788269   6.        
-4.69692993  7.75951385  6.70480299  4.        
13.39415741  9.16161346 -3.14886498  6.        
16.32177734 10.25217438  2.2593081   6.        
-6.66786194  5.66581011 -2.01666307  4.        
 5.67067003 -2.36570692 -1.292786    8.        
-6.19652605  5.10670519 -8.77694702  3.        
-7.99338484  6.9617691   9.23641968  4.        
-9.13241577  5.55500793 -4.71014404  3.        
12.50411987  8.77513123 -7.81097412  6.        
-9.73203278  5.40373182 -6.61947584  3.        
-8.09461975  6.4709239   2.59713793  4.        
10.39447784  9.09137726 -0.158447    6.        
-0.68988001 -2.01966095 -0.39758301  2.        
10.85683441 10.03282166  2.63265991  6.        
  1.29528797 -13.13609314   0.206696     2.        
-10.18639374   5.49179792  -9.40386963   3.        
-13.05194855   5.64833117 -13.98944092   3.        
-6.87641096  3.60089898 -5.69708204  2.        
15.28318024 10.41645813  4.13137817  6.        
 2.47470903 10.22093201 16.87136841  5.        
-13.20657253   5.73072815  -6.41809082   3.        
 -7.24310303   6.28501081 -14.91281128   3.        
-10.94837189   5.69535112   4.56442308   4.        
 3.3303299  10.08666992 15.11257935  5.        
3.02729797 5.41684008 8.34005737 5.        
10.79837036  8.57971191 -3.2476809   6.        
 4.60802507 -2.73529792 -2.6998291   8.        
-18.28755188   4.29315186 -17.76309204   3.        
-3.55782294 -4.52468109  3.28018188  7.        
18.76583099  9.40647125 -2.02853394  6.        
12.14730835 10.27961731  3.47955298  6.        
11.8644104   9.81770325  1.146088    6.        
-0.80087298  6.44829607  3.53747606  4.        
17.04628754  9.62057495 -2.59368896  6.        
 -6.34869385   6.24674177 -16.46310425   3.        
 1.03149402 -3.25177002  1.37460303  2.        
 5.64717102 13.12966919 19.66464233  5.        
17.05627441  9.588974   -6.11450195  6.        
-0.298935    6.30711412 10.76156616  5.        
 -5.27421618   5.77646589 -10.23065186   3.        
 4.58109999 -2.82846808 -6.44015503  8.        
2.27418494 0.936562   5.11856079 2.        
-5.12125397  7.15257978  5.00839186  4.        
-17.08978462   5.36214495  -9.76831055   3.        
 3.8281939  11.04933929 18.08328247  5.        
7.65795898 9.53572083 9.96716309 5.        
 6.38657379  8.05699158 -6.39495897  6.        
-2.16937304 -0.698654   -2.08688307  2.        
 -8.353302     6.09695387 -15.64126587   3.        
-15.41402435   4.6764679  -18.42645264   3.        
 7.33305407 11.2006073  13.02835083  5.        
0.65966803 4.79653215 8.73321533 5.        
 1.36341095 -7.68639421 -0.062073    2.        
-14.31292725   5.6595459   -7.62094116   3.        
 9.64463043 11.59853363 12.19024658  5.        
 9.39225006 14.52812195 17.36346436  5.        
-6.37137604 -5.13250685  2.85501099  7.        
5.91014099 8.07833862 7.9659729  5.        
-17.13452148   5.45131683  -5.88015795   3.        
19.05500031  9.19716644 -4.17080688  6.        
-1.80257404 -5.51663208  0.83700597  7.        
17.49821663  9.30706787 -4.43689013  6.        
12.97359467 10.38581085  4.94927979  6.        
 6.4200058  14.28242493 18.6321106   5.        
10.21440887  8.37827301 -1.79650903  6.        
17.97564697  9.33201599 -5.54312086  6.        
 7.35001421 -2.4992981  -7.75466919  8.        
-4.58698988  5.86600494  1.413239    4.        
 -9.08480835   5.9297328  -11.73651123   3.        
 1.63202703 -0.19378699 -0.43328899  2.        
-19.23867035   5.35255384 -11.72866821   3.        
 6.04047394 12.7936554  17.89801025  5.        
 9.07669067  8.22649384 -8.2696228   6.        
 5.93465424 -2.57613397 -0.33187899  8.        
 6.10853577 13.30516148 18.80377197  5.        
-8.56429958  5.23127794 -5.98626709  3.        
10.10947418  7.91614485 -9.58609009  6.        
7.32064104 9.38973236 3.41125488 6.        
10.88388062  8.52839661 -8.20471191  6.        
-7.92224121  6.70808411  4.53616285  4.        
-10.16600037   5.8599782    2.99719191   4.        
-6.55247498  7.11260223  5.51675415  4.        
 4.67250109  8.00065613 -5.7593379   6.        
4.83099413 7.58230591 8.89324856 5.        
 0.34479499 -1.90218401 -0.57864398  2.        
-5.04688978  5.38335419 -1.16671801  4.        
 6.9222641  13.88899994 17.3991394   5.        
 -4.17935896   6.24994707 -11.56640625   3.        
0.215958   6.05303192 2.1377871  4.        
-14.94207764   5.62556505  -6.25390577   3.        
 1.86560094  9.48426819 14.70870972  5.        
 6.21796417 12.34064484 16.48754883  5.        
 9.20436096 12.80757141 15.00024414  5.        
1.18951404 1.48538196 5.91198683 2.        
 -5.88727617   5.87989807 -11.00637817   3.        
4.83467102 7.20051622 7.14562988 5.        
1.10836005 3.26361108 7.67663622 2.        
 0.54488403  8.81204224 14.51898193  5.        
-6.3548131   7.74842787  9.29553223  4.        
 5.76231384 11.60804653 14.99224854  5.        
-15.21273041   5.06018782 -17.01864624   3.        
-15.52770996   5.67557478  -4.61407518   3.        
 5.34608507 12.29528809 19.93014526  5.        
 7.21495819 -2.36417389 -5.13592482  8.        
-9.50839996  5.98120117  9.24227905  4.        
 0.91867101  7.43006897 11.79653931  5.        
6.52241516 8.79035854 2.487854   6.        
 0.94414502  9.74826145 17.25482178  5.        
-8.76213074  5.06173706 -7.85110521  3.        
-8.33259583 -6.17132616  3.496521    7.        
 0.264267   -4.51422882 -0.43463099  2.        
 -5.68648481   6.16288805 -12.19580078   3.        
-20.13452911   5.18448591  -8.75067139   3.        
 8.12967682 11.94047546 14.44494629  5.        
-3.83837891  6.62992907  3.68023705  4.        
-7.57369184 -5.63671112  1.61874402  7.        
11.98951721 10.31066895  5.94561815  6.        
 2.32440901  8.1479187  12.26785278  5.        
10.13062954 10.37644958  5.20581102  6.        
 4.89743805  8.93250275 11.55245972  5.        
-1.51899004  7.6892848  13.50540161  5.        
-10.94876099   5.91646624  -4.61026001   3.        
-15.48609924   5.29091597 -14.41067505   3.        
-3.37406206  0.70089    -3.58731103  2.        
 2.06172895 -3.23072791 -4.5473938   8.        
-18.20754242   3.97295403 -19.18478394   3.        
-0.45619199 -1.35028803  0.41986099  2.        
 6.10519409  7.92024183 -8.27227783  6.        
10.2400589   9.32230377  0.78707898  6.        
11.59507847  8.72412109 -2.82931495  6.        
15.54338074  9.72911072 -1.651703    6.        
-1.99127197  6.81575012  4.06503296  4.        
-8.31882477  6.82331085  8.38238525  4.        
-9.9812851   6.11097717  5.89385986  4.        
 3.75050402  7.84981489 11.25976562  5.        
-1.77429199  3.03456903  0.41336101  2.        
-1.88937402 -1.74688005 -2.33019996  2.        
 -4.26127577   6.00448608 -10.52667236   3.        
-10.65557861   5.8079381  -12.47851562   3.        
-3.45647407  1.22432005 -5.29818678  2.        
 4.36594391  9.98058319 13.75695801  5.        
 1.11245704 -5.27849579  0.226868    2.        
-13.12002563   4.62210083 -19.65731812   3.        
 9.20035553 10.56000519 10.86657715  5.        
-13.02413177   5.48696089 -15.75469971   3.        
-4.37480211  5.79452515  2.24172997  4.        
 2.63588691  1.14223504 -0.55835003  2.        
-20.29509735   5.17266893 -11.40164185   3.        
 3.87994409 11.5019989  19.61724854  5.        
 6.98059082 10.47537231 11.93222046  5.        
-1.81666601  1.99128699  0.786255    2.        
8.23434544 9.24394226 2.47293091 6.        
 5.93079376 10.73925018 13.60528564  5.        
 5.72578382  9.58132935 11.47668457  5.        
19.12429047  9.49207306 -0.63583398  6.        
 -9.3451376    5.934937   -12.67730713   3.        
14.16822815  9.42707825 -7.94937086  6.        
 8.91614532 13.38804626 16.51846313  5.        
4.62379503 8.32190704 2.94271803 6.        
-2.19343591  7.32206678  5.66824293  4.        
 7.86800385  7.80948591 -3.83847094  6.        
13.76587677 10.36795807  4.13604689  6.        
 7.25766802  7.96081495 -5.08560181  6.        
-17.02869415   3.96890306 -20.07473755   3.        
 0.195961   -6.18208313  0.194061    2.        
 5.67958117  6.50331879 -1.81625402  6.        
9.19409943 9.87039185 3.31790209 6.        
-0.044701   -4.15051985  0.36114499  2.        
5.0882802  7.34055281 1.56008899 6.        
-14.07524109   5.82240295 -11.15789795   3.        
-3.45616889  7.00653791  4.73477221  4.        
-18.90335846   5.17524004  -8.22021484   3.        
7.69860792 8.80722809 1.82943702 6.        
 5.29168701  7.93645477 -5.12567091  6.        
-8.48578644  6.77472687  7.02987719  4.        
18.1707077   9.28118134 -3.83508301  6.        
12.6995697   9.55749512 -0.82925397  6.        
 8.28739929 -2.0251689  -4.23815918  8.        
-0.99429297  6.89218903 11.88803101  5.        
-16.33909607   5.58702087 -12.83056641   3.        
14.56320953  9.73733521 -1.76031494  6.        
 0.95967102  1.57585096 -1.33062696  9.        
 -4.61051893   6.30409193 -15.46536255   3.        
-11.52593994   4.75233507 -19.82394409   3.        
 6.96487379 11.4366684  13.81573486  5.        
-11.61534119   5.43469191   4.02267504   4.        
 3.7054441   7.82456207 -4.51300097  6.        
-19.59088135   3.6108861  -19.07821655   3.        
-3.81918311  5.18455505 -0.39849901  4.        
-4.320786   -4.75322008  1.80004895  7.        
 3.49092102  9.65281677 14.2088623   5.        
6.7723012  9.71498108 4.82281494 6.        
-10.34407806   5.4724431   -7.85143995   3.        
 2.07541704 -3.589607   -2.32980394  8.        
17.20994568 10.05519104  0.72460902  6.        
-6.03993988 -5.36132002  5.88717604  7.        
 3.52603889  8.72442627 12.51956177  5.        
 1.01168799  9.48423767 16.03421021  5.        
 -6.75532484   6.12804413 -13.56069946   3.        
-7.94018602  4.68702698 -7.26944017  3.        
-5.83827209  6.61433411  4.09268188  4.        
-13.47319794   5.25797987 -16.65328979   3.        
-17.21649933   5.34987593  -8.07080078   3.        
1.50413501 0.171791   5.44201708 2.        
-4.61022902 -4.80816603  0.815552    7.        
 6.20163679 10.21832275 12.13516235  5.        
15.58974457  9.78117371 -7.07699585  6.        
 -8.70014191   5.32633209 -19.52246094   3.        
3.7760241  6.35743713 8.69683838 5.        
 5.25515795  4.39994001 -1.36184704  6.        
-13.97957611   4.59987593 -19.34539795   3.        
 -8.72354126   5.6279068  -17.83151245   3.        
 8.58326721 11.77989197 13.71282959  5.        
-1.13989997 -5.92800903  1.13122594  2.        
-2.9431529   5.10100603  1.86825597  4.        
-10.17163754   5.9693532    4.07620192   4.        
0.85943598 5.74724579 9.95703125 5.        
20.82420349  9.06569672 -4.57452393  6.        
 4.32627106  9.11816406 12.72305298  5.        
0.85424    6.9572978  3.43319702 4.        
-11.56557465   5.73789978 -10.58120728   3.        
-5.54656219  7.99006701  9.26425171  4.        
1.60038805 2.80598497 6.82266188 2.        
-13.69635773   5.62921095 -12.48040771   3.        
-7.45384979  6.14919996  0.79107702  4.        
 -6.46179199   5.82775879 -18.13818359   3.        
 1.28770494 -4.62157393  1.71075404  2.        
 1.14025903 -9.04148102  0.29400599  2.        
-7.86717987  4.99985504 -8.83163357  3.        
2.26103997 0.75590497 0.213928   2.        
16.26456451  9.51267242 -5.58413696  6.        
 -5.90305281   6.23178101 -17.50823975   3.        
10.34694672 10.17520142  3.76946998  6.        
-17.39042664   5.47237396 -13.26452637   3.        
10.82859802  9.69965363  1.58203101  6.        
-14.26986694   5.62783003  -6.70739698   3.        
-14.28627777   5.70360613  -9.33929443   3.        
17.47194672  9.90352631 -0.68429601  6.        
 4.37142897  2.95946503 -1.07882702  2.        
-15.06240845   5.61540222  -8.98745728   3.        
-12.6680603    4.53911591 -20.57458496   3.        
-20.48610687   4.24610901 -16.33361816   3.        
 7.90916395 -1.949669   -3.52624512  8.        
11.75778961 10.16134644  2.73208594  6.        
14.78743744 10.01790619  0.60320997  6.        
-16.06233978   5.09654999 -15.52853394   3.        
 7.9102478  -2.70320106 -7.20855713  8.        
 5.93816423  5.97536516 -0.28842199  6.        
10.12611389  8.22128296 -8.81576538  6.        
-11.12257385   5.57041216   2.7966001    4.        
14.81327057 10.41807556  4.78808594  6.        
-10.1295929    5.72880507  -5.0317378    3.        
11.15150547  9.32713318 -0.307648    6.        
 -7.26600599   6.047966   -12.13720703   3.        
2.97480798 3.547333   0.52160603 2.        
-3.0347209   7.60105896  6.22122192  4.        
 4.98302507 11.98771667 18.83026123  5.        
 7.604424   12.71085358 15.76473999  5.        
-1.53517103 -1.09600794 -1.784729    2.        
5.02325392 5.39769697 0.066376   6.        
 9.49598694 12.17913055 13.59280396  5.        
-5.67460585  3.0831151  -6.01351881  2.        
-4.1998291   8.41371059  9.10263062  4.        
18.70855522  9.26248932 -5.89929199  6.        
 7.64394379 10.26686096 11.4836731   5.        
-6.48664093  3.96764398 -7.21758986  3.        
 -7.84635878   5.59012604 -18.47171021   3.        
 0.58842498  2.34583306 -2.67544603  9.        
 -6.72508192   5.85088396 -11.03344727   3.        
-9.24042511  6.19932604  8.42706299  4.        
4.32361603 9.03717804 3.92114305 6.        
-12.55263519   4.93021393 -18.5970459    3.        
-0.416931    0.61463201 -0.88998401  9.        
6.01044512 6.90835619 0.367706   6.        
-1.40508997  8.02537537  6.522614    4.        
 1.28660595 10.08511353 18.62765503  5.        
-3.58494592 -0.030037   -2.48217797  2.        
-14.21867371   5.39783478 -14.93273926   3.        
-19.24239349   4.49267578 -16.63433838   3.        
-5.43745422 -4.75569916  3.5310061   7.        
 5.184021    8.52404785 10.28939819  5.        
  0.76226002 -14.00562954  -0.19210801   2.        
 6.45201111 -2.53600311 -7.14312696  8.        
 1.12501502 -8.29252625 -0.52652001  2.        
-4.64423418  5.75687408  0.56201202  4.        
 4.28828382 10.76135254 15.18432617  5.        
 6.85378981  7.63694    -9.77548218  6.        
 9.36722565  8.52842712 -6.15762281  6.        
-0.31468999  8.37276459 13.80291653  5.        
 0.93094599 -7.22775316  0.428406    2.        
16.32802582 10.02365875  0.43945301  6.        
-19.11973572   5.29227495 -13.28833008   3.        
-17.75565338   5.19589186  -8.80288696   3.        
2.36404395 3.34207106 7.13800097 2.        
-20.82919121   4.59433699 -14.80371094   3.        
-12.24757385   5.70693207 -12.65997314   3.        
-2.94858599 -4.79000092  1.47720301  7.        
 4.27849579 11.37780762 18.81167603  5.        
 4.77507782 10.51044464 14.55493164  5.        
-11.52607727   5.73813581  -8.47833347   3.        
-2.22860003 -0.59702301 -1.05319202  2.        
11.33963776  8.88329315 -4.8656621   6.        
 0.39653     3.067734   -4.72677612  9.        
-11.88433838   5.44063616 -16.32357788   3.        
 -9.36991119   5.43010712 -18.24807739   3.        
 8.57148743  7.53657484 -1.44769299  6.        
-7.08657122 -5.51451111  4.00616503  7.        
  0.70247602 -12.8170166   -0.30578601   2.        
 2.96756005 -4.23206282 -1.15466297  8.        
-18.81297302   4.7411418  -16.01046753   3.        
1.82080805 1.95053101 6.15496778 2.        
-0.011436    1.44710505 -1.73074305  9.        
-10.38728333   5.54419708  -6.19818115   3.        
  0.96312702 -14.73560333   0.077118     2.        
 7.14522505 -2.38319397 -6.00228882  8.        
3.96676612 4.81768799 0.31967199 2.        
 0.429077    0.36715701 -0.54623401  9.        
 -8.64699459   5.60945892 -10.15097046   3.        
 6.97728014 12.24253082 15.66741943  5.        
 0.527031  -3.2427671 -0.185791   2.       
5.40061998 8.09913635 8.70101929 5.        
-6.57419586  5.82798004 -0.35919201  4.        
-11.67942047   5.30576277   5.97576904   4.        
-10.62257385   5.38918304   8.53219604   4.        
-20.34414673   4.89120483 -14.12979126   3.        
-2.90370893  0.69175702 -4.82989502  2.        
-3.37611389 -4.52153778  0.380463    7.        
17.42894745  9.87832642  1.79003894  6.        
0.43344101 7.6727519  4.8901372  4.        
 1.34491003 -0.91769397  0.20138501  2.        
 0.93258703 -2.38146996 -0.105072    2.        
-1.32810998  5.81723022  2.89974999  4.        
 -7.29795122   5.78944397 -17.85095215   3.        
-15.0246582    5.48301697  -7.93624878   3.        
-19.99240112   5.18734694 -10.16339111   3.        
10.03050995  8.67922211 -5.76882887  6.        
4.10225677 6.89790297 1.44516003 6.        
 5.23532104  5.71262407 -1.36782801  6.        
 -9.84672546   4.96034193 -19.50195312   3.        
-6.477211    5.38420105 -9.51391602  3.        
-0.389999    6.94864607  4.10443115  4.        
 7.0450902   6.67268419 -1.02148402  6.        
 -7.404984     5.97197723 -17.02532959   3.        
-15.85681152   5.53720093  -7.37673998   3.        
10.60322571  8.67562866 -4.13613892  6.        
4.99020386 7.94262695 2.07894897 6.        
12.89009094  8.32686615 -9.53970337  6.        
 7.81300306  8.18823242 -6.4344182   6.        
-16.72844696   4.66677904 -17.61178589   3.        
-4.64514923 -4.69257307  4.4379878   7.        
 7.98660994  7.53869581 -0.69482398  6.        
 -5.925529     6.24274397 -13.63015747   3.        
-8.22327423 -6.43808699  4.77114916  7.        
5.72845507 9.08719635 3.69442797 6.        
 8.47079468 -1.65660095 -2.39361596  8.        
-13.80557346   5.5082469  -14.11981201   3.        
14.84733582 10.25826263  2.01681495  6.        
 12.59352112   7.98809099 -10.44750977   6.        
1.62595403 4.81890917 8.87316895 5.        
 -8.11326599   6.13347578 -13.09136963   3.        
-9.48607635  6.28258514  5.03543091  4.        
4.1425252  5.77406311 7.32949781 5.        
 7.6001358   7.36474609 -2.12219191  6.        
2.97779107 4.24411821 7.15850782 2.        
 8.8291254  10.27184296  5.81771803  6.        
 8.9460144   8.27541447 -4.18881178  6.        
 1.26304603 -3.44583893 -0.068817    2.        
2.37149096 2.06767988 0.57372999 2.        
 4.48226881 11.09729004 16.52520752  5.        
 8.34962463  8.28304958 -7.1816411   6.        
-2.63958001 -0.240685   -2.62145996  2.        
-1.88022602  3.67997003  1.40042102  2.        
13.25718689 10.17295837  2.09915209  6.        
 -8.27555084   6.17651415 -13.947052     3.        
-4.1233139   2.62503791 -6.04351807  2.        
-10.6051178   4.928123  -18.9934082   3.       
  1.57236505 -11.90743256   0.05777      2.        
-10.0946579    4.95609283 -20.26422119   3.        
0.38771799 5.11451006 9.37539673 5.        
 8.33593845 12.56420135 15.072052    5.        
 1.42916095 -1.38817596  3.41760302  2.        
 5.28917694  6.90271807 -2.38864112  6.        
 4.36938477  4.03244781 -0.28140301  2.        
 8.03014374 14.97784424 18.23684692  5.        
 2.45552802 -5.53101397 -0.67724597  2.        
1.69596899 3.7319181  7.84845018 2.        
 2.5898211   9.77850342 15.10940647  5.        
-5.26325178  7.9947052   8.11621094  4.        
-6.92634583 -5.39434099  1.20022595  7.        
-5.62514496 -4.97116899  0.81643701  7.        
 4.45424604 -3.09849501 -1.56393397  8.        
-5.69887495  7.28383589  5.61248779  4.        
-0.76837897 -3.12749505 -0.61245698  2.        
6.71579695 7.1940918  0.063629   6.        
-13.53289795   5.87996721  -4.55340576   3.        
-5.69328308  2.50850701 -4.77142286  2.        
11.47667694  8.88213444 -6.85604906  6.        
-7.38891602  4.4420619  -7.73703003  3.        
-4.30907393  5.23075104 -1.12927198  4.        
-10.99433899   4.76153612 -20.46252441   3.        
15.29667664 10.30366516  3.38613892  6.        
 6.14746904 -2.32105303 -3.63140893  8.        
-19.28101349   4.91569519 -14.94833374   3.        
-5.36702013  6.37970686  2.881042    4.        
-2.31995392  6.13468218  2.8630681   4.        
 3.69860792  2.4787221  -0.70983899  2.        
-14.35670471   5.74577284  -5.24426317   3.        
 0.86750001 -5.77961683 -0.30590799  2.        
-11.65966797   6.24730682  -3.70507789   3.        
-9.97525787  5.42977095 -8.6852417   3.        
 8.94146729 11.29921722 12.38354492  5.        
-3.76753211 -4.57955885  4.03936815  7.        
-2.12581611  5.12302399  2.03125     4.        
-6.56547499 -5.36250305  0.048004    7.        
-15.44548798   5.71453094 -10.41470337   3.        
 0.82882702  8.15625763 13.01544189  5.        
5.82210493 7.86128187 7.2562871  5.        
-2.54766107  4.44829607  0.250732    4.        
-7.25772095  4.80570984 -8.4446106   3.        
-17.86049652   5.48499298 -12.56512547   3.        
-14.75543213   5.18385315 -16.16223145   3.        
-0.44837201  7.90971422  5.98141479  4.        
 6.44748688 -2.50682092 -6.40033007  8.        
-0.74787903  2.20457506 -3.32782006  9.        
 4.96369886 -2.82782006 -7.08706713  8.        
-7.19721985  7.26875305  7.70016479  4.        
-12.92012787   5.8769989  -10.00378418   3.        
18.55813599  9.84121704  0.86843902  6.        
-11.81158447   5.61120605  -6.97497606   3.        
16.49863434 10.29792786  2.97622705  6.        
-13.73208618   5.88452911 -10.14685059   3.        
-0.42343101  0.19171099  0.195374    2.        
13.9173584   9.35423279 -7.25793505  6.        
 2.50467706  1.74819195 -0.960724    2.        
-10.19783783   5.60084486   9.15478516   4.        
-12.52423859   5.745049    -5.6968379    3.        
-18.65982819   5.40535021 -12.56958008   3.        
-8.03504181  6.76520491  5.46307421  4.        
2.00836897 4.26859283 8.26480103 5.        
-1.30525994  1.64260101  0.229004    2.        
-0.49515501  2.23984504  0.90530401  2.        
 2.25799608 -3.19740295 -5.2935791   8.        
-11.52015686   5.04171705   7.55355787   4.        
-8.0585556  -6.64375305  5.76461792  7.        
11.17450047  8.89755154 -1.57540905  6.        
 -9.58486938   6.0174408  -13.66754246   3.        
-10.36327362   5.61982012   7.88342285   4.        
 0.77071398 -9.68904114  0.010376    2.        
 4.88694811  4.76314497 -0.83972198  6.        
 -5.16165876   6.38168287 -15.9805603    3.        
-5.46781921  7.59776306  6.58432007  4.        
 8.91188145  7.74028778 -9.7489624   6.        
-15.29080963   5.73638201 -11.82543945   3.        
-17.73628235   5.40557098 -10.33956909   3.        
-2.46998596  6.57555389  3.56338501  4.        
12.23558044 10.00094604  1.84469604  6.        
-16.72380829   5.57460022 -11.31851196   3.        
-6.92679596  6.34653521  1.41464198  4.        
7.97178698 9.94487762 4.65374804 6.        
-17.96685791   4.20531511 -18.53344727   3.        
 5.56089783 11.07636261 14.26226807  5.        
-4.90317488  5.32533312 -8.54620361  3.        
-7.40581512  6.98455095 10.24523926  4.        
 2.19979095  9.8747406  16.21130371  5.        
 5.86916304 -2.57716393 -5.20932007  8.        
-14.19580841   4.74091291 -18.55111694   3.        
-6.83843184  6.647995    3.2064209   4.        
-16.83312988   5.06415606 -15.1960144    3.        
10.71084595 12.69631958 14.59628296  5.        
-1.55414605  7.15309095  5.10818481  4.        
15.60875702 10.19812775  1.91857898  6.        
 9.23542023 10.20763397  4.86123705  6.        
-0.57894099  5.67759705  2.17004395  4.        
-16.17745972   5.46356201  -9.0617981    3.        
 0.81603998 -3.78784204  2.07244897  2.        
  1.68152595 -10.98948669  -0.91973901   2.        
 7.68319702  7.57102203 -9.96621704  6.        
 0.38528401 -3.61338806  0.60006702  2.        
 3.0410769   7.44585419 11.29400635  5.        
-13.42624664   5.73782396 -11.52532959   3.        
-4.63272095  1.89308202 -3.69116211  2.        
 -8.90026855   5.93116808 -14.94381714   3.        
 8.10147858 10.16674805  5.67608595  6.        
-6.81544495  4.0149312  -6.39349413  2.        
-0.26909599  9.0086441  16.44146729  5.        
7.79969788 8.89424896 7.72143602 5.        
 8.44894409  8.20081329 -0.13101199  6.        
-11.58345032   5.11309814 -17.91192627   3.        
-11.15818024   5.49969482   6.60479689   4.        
 7.05199385 14.21544647 18.0340271   5.        
-12.22998047   5.61922407 -11.83059692   3.        
-10.8161087    5.83304596 -13.83255005   3.        
-9.06024933  5.15570784 -9.35928345  3.        
 1.65423596 -6.15210009 -0.35376     2.        
-5.9496541   4.64004517 -7.90844679  3.        
 0.48554999 -8.99481964 -0.016724    2.        
-18.50915527   5.20626116  -9.05264282   3.        
-10.31555939   5.26642609 -18.15594482   3.        
 5.65525103 11.88880157 16.27410889  5.        
 5.87739611  7.62579393 -3.469208    6.        
10.78239441 12.30204773 13.1105957   5.        
-5.20679522  6.86157179  4.34030104  4.        
-15.5880127    4.45424604 -19.13613892   3.        
-7.88141584  4.73210096 -5.6286931   3.        
-1.49169195  3.10243201  1.21240199  2.        
12.77927399  9.18986511 -5.51187086  6.        
-9.99910736  5.51220703  1.43957496  4.        
 9.66790009 10.25588989  9.77661133  5.        
 1.52098095 -0.914886    4.64767504  2.        
-2.08309889 -5.1060791   1.44955397  7.        
 4.7726059  11.07505798 15.80157471  5.        
14.44784546 10.28886414  2.86679101  6.        
6.43772888 8.54982758 8.08810425 5.        
  1.63116503 -14.27128601  -0.09082      2.        
 6.80194092  7.787323   -8.89569092  6.        
-11.69171906   5.77245283 -13.88058472   3.        
2.88698602 2.189255   6.34909105 2.        
-12.9969101    5.66568804 -13.04937744   3.        
-5.31317091  2.09193397 -4.29351807  2.        
-7.48340607 -6.22969818  5.97543287  7.        
-18.2149353    5.23174286  -7.35906982   3.        
 7.20689392 13.19365692 16.86236572  5.        
 9.3355484   8.07661438 -2.69760108  6.        
-7.45365906 -5.51455688  2.51965308  7.        
 5.76976824 -2.56611609 -6.10342407  8.        
6.53794098 8.97827053 9.71917725 5.        
 7.1749568   6.98301697 -1.69567895  6.        
12.95587921  9.06945038 -3.75402808  6.        
 -4.26911879   6.32038879 -12.69561768   3.        
12.3092041  10.37062073  5.31149292  6.        
15.25396729  9.41621399 -4.54672194  6.        
-1.63255298 -0.77481103 -2.61209106  2.        
-4.29727888 -4.46041107  5.01339722  7.        
 3.41847992 -3.70484209 -1.76303101  8.        
-19.99266815   5.24902296 -12.0458374    3.        
-16.76822662   5.41865492  -6.62481689   3.        
13.22741699  9.27444458 -2.467834    6.        
-8.74312592  5.45574903 -5.30291796  3.        
6.62171888 8.9569931  8.68460083 5.        
-0.128975    8.94104004 15.18807983  5.        
 5.33167982 11.60053253 15.55496216  5.        
-12.94378662   5.78498077  -8.94958496   3.        
-14.76790619   5.89086103  -4.01022291   3.        
14.33348846 10.18083954  1.49389601  6.        
-4.7050252   3.46844506 -6.56060791  2.        
 4.50843096 -2.756042   -4.92004395  8.        
-7.16036987  6.7571559   4.5307312   4.        
 0.43685901 -5.16893816 -0.63821399  2.        
 4.24089813 11.7440033  20.21694946  5.        
-8.55271053  4.92967987 -8.67547607  3.        
-1.496086    0.69737202  0.33398399  2.        
-7.56321001  5.40135193 -9.63976955  3.        
 1.161461    2.19299293 -2.29440308  9.        
7.82576799 9.69397736 6.16555786 6.        
-3.0309751   8.76200867  8.91625977  4.        
6.29282379 7.94393206 1.20678699 6.        
 0.69857001 -2.50692797  2.61990404  2.        
-16.34594727   5.33493805  -8.32873535   3.        
-1.12139106 -2.33976007 -0.98288     2.        
 3.05912805 -3.05574012 -3.65057397  8.        
-11.56056213   5.59656477 -11.48779297   3.        
 9.81156921  8.52682495 -7.19000196  6.        
 6.78442383 -2.34159088 -4.58099413  8.        
2.66751099 5.40118408 9.05615234 5.        
-8.43801117  6.47154999  3.22930908  4.        
 8.80065918  8.37080383 -5.72070312  6.        
4.21697998 6.13322401 1.05166602 6.        
-2.91252899  0.46050999 -4.05703688  2.        
-6.03137207  6.17542982  1.19833398  4.        
17.76408386  9.68026733 -1.293823    6.        
-10.0396347    5.51888323 -10.25805664   3.        
 1.98594701  8.64875031 13.21673584  5.        
5.48241377 9.16214657 5.10968018 6.        
-2.81292009 -0.79566199 -1.74706995  2.        
 5.48040009 -2.46520996 -2.34301805  8.        
-12.83530426   5.65741014  -7.00558519   3.        
 9.92422485  8.58129883 -4.84268188  6.        
-1.20143902  0.88803101 -1.10760498  9.        
 9.59819794  8.30427456 -3.30331397  6.        
-10.11450958   5.41258192 -17.18881226   3.        
 10.23091888   7.71237898 -10.24209595   6.        
-8.69083405 -6.14674377  2.85620093  7.        
 -4.50474596   6.40357208 -13.94812012   3.        
-9.26516724 -7.10623884  3.7583921   7.        
-3.82369995  0.34940299 -3.12976098  2.        
-7.57675886  6.94879913  5.95526123  4.        
 2.31866503  9.18039703 13.89413548  5.        
-9.26600647  6.37277985  7.1280818   4.        
-11.34093475   5.68924713 -15.21270847   3.        
-13.89060974   5.92569685  -3.88037109   3.        
15.9046936  10.05789948  0.99130201  6.        
 7.65741682  8.01839447 -8.55221558  6.        
 3.451828   10.47106934 15.85409546  5.        
 3.62920403 -3.05728197 -2.65924096  8.        
 6.27428389  6.90830183 -2.25683594  6.        
 9.81006622 12.94576263 15.3130188   5.        
 -7.32800293   6.18122911 -15.61071777   3.        
 -8.18997955   5.9575119  -16.75756836   3.        
1.876091   0.177315   0.21444701 2.        
11.49568939 10.30504608  4.17925978  6.        
 0.54695898 -6.62248182  0.60009801  2.        
-16.77521515   5.65302992  -5.04156494   3.        
 4.65808105  3.35352302 -1.57305896  2.        
-5.41466522 -5.14647722  5.47604418  7.        
13.30185699  9.97628021  0.79940802  6.        
14.2542038   9.83464146 -0.82974201  6.        
-19.57301331   5.29152679  -8.35690308   3.        
-6.66280413  7.50393677  8.21798706  4.        
 4.70716095  8.01538944 -6.45107985  6.        
8.10914612 9.76885986 3.85449195 6.        
-15.14691925   5.71081495  -9.73028564   3.        
 0.17318    -7.902596    0.29040501  2.        
 0.492035   -3.909096   -0.68261701  2.        
 1.03488898  8.91420746 14.04064941  5.        
 3.55552697 -3.15871406 -7.24612379  8.        
12.33895874  9.14175415 -2.34622192  6.        
-8.28553009  6.0666728   1.41458094  4.        
 -6.16321611   6.27162886 -15.04455566   3.        
-2.8766861   7.93323517  6.80661011  4.        
6.69935608 9.45114136 3.92718506 6.        
 1.20095801 -0.79676801  3.69979906  2.        
-3.13029504  8.44889832  7.91049194  4.        
 -8.24181366   5.92320299 -11.49813843   3.        
-5.30974579  2.6120379  -5.41516113  2.        
13.61380005 10.12696838  1.42031896  6.        
 0.13562    8.1861496 13.125      5.       
15.92855835  9.95520782 -8.53579712  6.        
 -8.76829529   5.63178205 -17.14312744   3.        
-19.81194305   5.17548418  -9.49813843   3.        
-14.25346375   4.28138018 -20.74053955   3.        
-12.38864136   5.31971693 -17.16192627   3.        
-13.4056778    5.68454695  -5.7432251    3.        
-1.61389899 -4.65206194  1.66805995  7.        
11.59564972  9.5603714   0.16729701  6.        
11.50404358  8.26811218 -9.37905884  6.        
5.76089478 8.78046417 3.006042   6.        
-0.575661    1.08290899  0.50976598  2.        
-12.32112122   5.84224701  -4.90502882   3.        
15.34761047  9.80801392 -7.81543016  6.        
-9.74317169  6.12155914  6.65130615  4.        
-8.79494476  6.28741503  2.64679003  4.        
-6.58102417 -5.56030989  5.38751221  7.        
11.95227146  8.86927795 -3.48165894  6.        
-8.16279602  5.68933916 -0.033356    4.        
 2.78119707 10.96411133 19.2288208   5.        
-5.49016619  5.60138702 -0.691315    4.        
 1.29223597 10.02243042 17.85586548  5.        
-5.14989519  5.82911682  0.086578    4.        
-5.96258497  6.07663012  0.52420002  4.        
4.89738512 6.12642717 0.49874899 6.        
-4.54155016  2.26226807 -5.55914307  2.        
12.87511444  9.07484436 -6.67916918  6.        
-9.27477264  5.79983521  1.72900403  4.        
 6.06211901  9.42210388 10.90322876  5.        
 8.51134491 10.96104431 11.9743042   5.        
-12.85942841   5.92688799  -3.42538404   3.        
 0.047455    7.34272003 11.95968628  5.        
 5.04371595 -2.75756097 -1.04238904  8.        
 3.92747498 -2.96651506 -6.15423584  8.        
-11.83766937   4.85839796 -18.90209961   3.        
 5.55570984 -2.47929406 -3.92874193  8.        
 3.56390405  1.86727905 -0.20251501  2.        
13.89884853  9.38327789 -4.69320679  6.        
-5.77415514  6.42733812  2.27392602  4.        
-9.11759186  6.45505524  5.61901903  4.        
  1.74843597 -13.1285553   -0.33895901   2.        
-10.554039     5.57959795   2.3964839    4.        
 -5.86776018   6.29598999 -15.9864502    3.        
 0.944794   -4.66768694 -0.016815    2.        
 8.16355896  7.84967804 -3.21807909  6.        
16.1550293   9.97160339 -0.29254201  6.        
 0.32736999 -0.012283    0.156708    2.        
 1.29840899  8.49375916 13.3678894   5.        
 6.50859118  7.84584808 -4.56161499  6.        
-7.78145599 -5.78288317  3.31762695  7.        
-7.65914106 -5.83461809  0.110077    7.        
11.34073639 10.47770691  6.09020996  6.        
-15.6465683    4.00004578 -20.4465332    3.        
 -7.03295898   6.23880816 -16.52941895   3.        
-12.54167938   5.60186005 -15.22915554   3.        
-5.63386488  3.52275896 -6.68972778  2.        
-11.00045776   5.66442919  -8.02252197   3.        
 6.48907518 11.75807953 15.06619263  5.        
-13.64093018   4.93039703 -18.09146118   3.        
-16.4462738    5.48681593 -10.02389526   3.        
 3.22190905  1.47640204 -0.631989    2.        
-20.19503784   4.58221388 -15.51205444   3.        
 4.54309082  7.96429396 10.12289429  5.        
-3.39312005  5.10071611  0.83535802  4.        
2.90830994 2.40802002 0.18743899 2.        
14.32371521  8.995224   -9.49807739  6.        
-1.71398902  4.39234209  1.19305396  4.        
 1.215271    7.80639601 12.26724243  5.        
 2.33482409 -3.41055298 -2.97747803  8.        
14.90356445  9.53143311 -5.42825317  6.        
-4.50233507  6.55826616  3.74291992  4.        
 2.19223809  6.02254486 10.03912354  5.        
7.36092377 7.42188978 0.189697   6.        
 -5.50513506   6.01831818 -11.53967285   3.        
-4.02525282  1.393013   -4.23306322  2.        
9.74887085 9.68445587 2.41085792 6.        
12.28740692  9.32042694 -1.30114698  6.        
18.53817749  9.59088898 -0.20327801  6.        
-17.79403687   5.51219893  -5.97946215   3.        
3.44215393 3.05474901 0.183685   2.        
-8.47999573  6.59636688  9.65036011  4.        
-1.71818495 -1.74374402 -1.61212206  2.        
  0.89033502 -10.56497192   0.35479701   2.        
  1.42208099 -15.10757446  -0.28064001   2.        
-5.93490601 -5.17286682  0.157074    7.        
 -8.02651978   5.6786418  -10.62011719   3.        
8.29515839 9.88169861 9.93484497 5.        
1.79808795 0.168846   6.18252611 2.        
-14.96985626   5.45632219 -13.65704346   3.        
12.1927948   8.92658997 -7.20458984  6.        
15.60266113  9.62677002 -5.87713623  6.        
-3.10918403 -4.84474182  3.65270996  7.        
-4.70410204 -4.70491791 -0.164093    7.        
-15.57156372   5.57647705  -5.82986498   3.        
 6.76973009 -2.202492   -3.83340406  8.        
-14.23131561   5.04020691 -17.4597168    3.        
2.76648688 5.9234848  9.66583347 5.        
-10.58953094   5.78752899 -11.80874634   3.        
-4.09366608  7.88302612  6.9526062   4.        
 4.73770905  9.2568512  12.1088562   5.        
-0.77798498  2.71343994 -4.41201782  9.        
 0.63887799  6.64362288 11.08612061  5.        
-8.17066193 -5.87381697  1.96359301  7.        
-16.74901581   4.37632799 -18.94882202   3.        
2.70471907 4.60195923 7.87930298 5.        
 2.46802497  7.69449615 11.75753784  5.        
 2.74580407 -3.2912519  -6.71066284  8.        
13.31562042  8.6528616  -8.90386963  6.        
-17.32138062   5.33403778  -7.36254883   3.        
-20.81099701   3.87250495 -17.25570679   3.        
 4.26445818  2.76665497 -0.25399801  2.        
9.43103027 9.29714966 1.67916906 6.        
13.55928802  9.53466797 -1.93670702  6.        
20.0884552   9.15928745 -2.05047607  6.        
 6.1580658  -2.32650805 -2.78030396  8.        
-9.15732574  5.36565399 -6.29766893  3.        
-6.19990492 -5.04944611  4.45022583  7.        
-5.96834612  7.68380022  7.78924608  4.        
-2.86945295 -4.61114502  2.42495704  7.        
14.71308899  9.60977173 -8.27111816  6.        
-10.22624969   5.63569593 -15.88604736   3.        
 2.944695    8.37425232 12.33496094  5.        
 3.87443495 10.84731293 16.5708313   5.        
-4.56243086  8.16343689  8.21130371  4.        
 0.71994001 -7.8216548  -0.070221    2.        
 7.15121508 10.73512268 12.57800293  5.        
18.56496429  9.50605011 -2.70163012  6.        
-1.90976     5.51020813  2.51898193  4.        
-5.94491577  7.56691694  7.03552198  4.        
-4.17988586  7.40297699  5.86315918  4.        
 8.10943604 14.06944275 17.37792969  5.        
4.56026506 7.50860596 9.48718262 5.        
 5.96133423  8.9739151  10.43133545  5.        
12.83889008 10.28671265  3.29699707  6.        
 -9.31990814   5.21326494 -19.20245361   3.        
-14.33259583   5.48384905 -13.50210571   3.        
-11.34432983   5.57419586 -15.85864258   3.        
-0.133293   -5.67392683  0.44577     2.        
 0.86787403  1.10406494 -0.79589802  9.        
-6.94937086  6.02472687  0.18328901  4.        
1.54954505 5.75120497 9.76303101 5.        
11.79103088  9.00016022 -5.971313    6.        
 8.81406403  8.32555389 -4.86093092  6.        
7.7717061  9.32736206 9.07394409 5.        
-2.01557899  8.23863983  7.02557421  4.        
 5.99659681 -1.92978704 -0.41720599  8.        
 7.66443586  7.86295319 -4.51980591  6.        
-18.97975159   5.27531385 -11.09375      3.        
-18.47934723   5.24072981 -10.08892822   3.        
-17.78155518   4.52626801 -17.41622925   3.        
-12.19281769   5.76377916  -9.28317261   3.        
 2.95172906 -3.1818161  -6.08496094  8.        
 3.27207899 10.77317047 18.28878784  5.        
 5.70574903  7.97619581 -7.75668287  6.        
 -6.70883179   6.15385389 -12.462677     3.        
-0.83188599 -0.76413     0.38430801  2.        
6.59966993 9.79273987 5.51119995 6.        
-11.26647854   4.83566999 -19.2192688    3.        
-16.3449707    5.5861659  -12.17687988   3.        
-7.56214905  5.51439714 -1.13794005  4.        
-5.3061142   8.14962769  9.88876343  4.        
 1.81507897  6.69360399 10.85049438  5.        
16.75252533  9.85539341 -0.76040602  6.        
4.54444885 7.31303406 8.33734131 5.        
8.87540436 9.87713623 9.07653809 5.        
 6.50507307 14.49752045 19.24234009  5.        
 8.27230072 13.74032593 16.67767334  5.        
17.42467499  9.6628418  -6.79992723  6.        
 0.130844   -0.98072797  0.29946899  2.        
-18.83374786   5.2486949   -7.56317091   3.        
-20.91741943   4.99494886 -11.47640991   3.        
-1.43751502  1.34074402 -1.68493605  9.        
12.70335388  9.70414734 -0.184174    6.        
-12.24707794   4.65936279 -20.00930786   3.        
 6.77037096  8.1095047  -6.96420288  6.        
-9.93008423  5.47814178  0.77154499  4.        
 4.90342712  7.97671509 -7.58117723  6.        
 4.49012804  7.63754988 -3.55981398  6.        
 11.24739075   7.51587677 -10.72842407   6.        
 2.83472395  0.66723597 -0.076233    2.        
 4.14785004  3.63991499 -0.75213599  2.        
-7.34856415  4.41274977 -6.28643799  3.        
 8.64117432 -2.02876306 -6.26867723  8.        
10.72924042  8.75895691 -6.63973999  6.        
11.19395447  9.16486359 -0.93365502  6.        
-5.52611494  6.12162018  1.621948    4.        
 8.27791595  7.7408371  -9.58728027  6.        
 3.70973992  8.22795105 11.93588257  5.        
-18.43775177   3.47260308 -19.81402588   3.        
20.23062134  9.49706268 -5.95645094  6.        
5.94009399 8.44831085 2.23712206 6.        
14.45877075 10.33654022  4.21771193  6.        
-1.38241601  6.55327606  3.82745409  4.        
 4.56170607  7.97800398 -5.12417603  6.        
-1.47952998  4.88726807  1.87451196  4.        
-14.83778381   5.74150896  -4.79202318   3.        
18.66896057  9.47960663 -1.33142102  6.        
-5.94760895  5.22219086 -1.90725696  4.        
3.72789788 5.30619812 7.61904907 5.        
4.4393692  7.96221209 2.44241309 6.        
-19.7490921    5.16117096 -13.29699707   3.        
 1.80186498  9.98656464 17.30978394  5.        
7.07962799 8.10254669 1.11114502 6.        
-6.63850403  6.84584093  4.89428711  4.        
 3.90031409 -3.4251101  -1.41705298  8.        
-18.09752655   5.41716814 -11.31356812   3.        
 -6.8038559    5.55989122 -10.12063599   3.        
-18.14465332   5.36540985  -6.5307312    3.        
 1.34663403 -5.93978119  0.164764    2.        
-1.92230201  2.99120307 -0.20694     2.        
 9.17480469 13.97943115 16.48895264  5.        
6.97866106 8.5566864  7.51077318 5.        
-0.34899899 -2.56761193 -0.075897    2.        
 9.08498383  8.39186096 -0.48309299  6.        
 3.34450507  9.04290009 13.04193115  5.        
-0.090385   -3.8677671  -0.22399899  2.        
 9.70254517 10.97354126 10.94235229  5.        
-16.96724701   5.25006914 -14.54244995   3.        
 6.99200392  8.05517578 -7.61547899  6.        
 6.52589417  6.28219604 -0.99383497  6.        
 7.75904799 -1.89551497 -2.07641602  8.        
15.48294067  9.66239929 -9.16571045  6.        
 5.3549881  11.89900208 17.55026245  5.        
 0.60222602  2.63529205 -3.82470703  9.        
 -9.96491241   5.95470381 -12.82025146   3.        
-0.87997401  6.17931414 10.53982544  5.        
 1.42612505 -9.63452053 -0.109009    2.        
 3.34059906 11.23468781 19.93539429  5.        
 -9.19498444   5.65275621 -10.71755981   3.        
-7.16129303 -5.90244293  5.45062304  7.        
 9.11467743  8.03487396 -1.41668701  6.        
6.97464705 8.47805023 6.80697584 5.        
 2.47504401 -0.154076   -0.042633    2.        
  1.38353002 -10.68077087  -0.21661399   2.        
 7.67367506  8.1081543  -7.73147583  6.        
13.5022049  9.2729187 -6.7252202  6.       
 1.37717402 -0.83151197 -0.422943    2.        
 0.021141   -3.00402093  0.43988001  2.        
11.55150604  8.05258942 -9.9803772   6.        
 5.37172699 11.83647919 16.86206055  5.        
17.7694397  10.17357635 -8.39672947  6.        
-6.16382599  6.60116577  3.55383301  4.        
-5.02693176 -4.82557678  2.17581201  7.        
-3.1151731   0.29693601 -2.74401903  2.        
-7.91506195  6.96799517  6.75506592  4.        
-2.40502191  4.01020813  1.50411999  4.        
 3.43312812 -3.01463294 -4.96444702  8.        
-2.9030149   4.78200483 -0.55117798  4.        
16.59209442  9.95069885 -8.09417725  6.        
9.71587372 8.99493408 0.444855   6.        
-4.00110579 -4.56550598  2.83810401  7.        
1.84629798 1.41166699 5.62704515 2.        
5.71085405 8.33753204 9.22695923 5.        
-6.69520617  7.33857012  6.85510302  4.        
1.25963604 0.25254101 4.87075806 2.        
 -9.38114166   5.92097521 -16.03671265   3.        
15.09999084  9.44413757 -3.21588111  6.        
-7.53158617 -5.92153883  4.68994093  7.        
15.61924744  9.88833618 -0.60592699  6.        
3.3855741  5.91161299 8.4777832  5.        
-2.13365889  8.7194519   7.83444214  4.        
-0.313934   -6.83060503  0.56164598  2.        
-10.5266571    5.89624023  -4.14385986   3.        
-17.93486786   5.35761976  -5.3757019    3.        
-15.77053833   5.65730286  -5.19021606   3.        
-2.4666059   4.71059418  1.60513306  4.        
-6.32811022  3.30121589 -5.70709181  2.        
4.12035418 3.88771796 0.306427   2.        
 0.84706903 -3.88547492  0.93261701  2.        
-0.57119     6.75763702 11.4460144   5.        
16.89112091  9.45381165 -4.3994751   6.        
-2.81499505  7.01649523  4.63299608  4.        
 1.91990697  0.70858002 -0.57601899  2.        
-1.05107105  7.49146986 12.91549683  5.        
 6.74328613 -2.11143494 -2.35870409  8.        
  1.55011797 -13.64931488  -0.0401       2.        
17.55700684  9.48371124 -5.10348511  6.        
 8.43307495  8.06748962 -3.89617896  6.        
-13.02779388   5.03147078 -18.14630127   3.        
 8.67728424 -2.12406898 -5.33993483  8.        
4.28622389 6.3937912  7.41455078 5.        
5.20396423 6.77325392 0.73385602 6.        
 4.25626421  8.39383698 11.44888306  5.        
  1.27011895 -12.4858551    0.125946     2.        
-0.50311297 -3.37645698 -1.11746204  2.        
-4.79106092  6.16732788  3.07995605  4.        
 4.23594713  7.48915911 -2.94042993  6.        
13.74623108  9.87916565  0.34085101  6.        
16.42990112  9.40659332 -3.64419603  6.        
-7.2736659   7.30913496  9.14743042  4.        
4.54000092 5.15409803 0.37136799 6.        
 1.838974    7.197258   11.34136963  5.        
-0.90601301  1.90310705 -2.80844092  9.        
-19.84918213   4.2953949  -16.67001343   3.        
-6.55202484  7.66952515 10.0397644   4.        
-1.65656996  7.6207428   5.96063185  4.        
 1.126984   -2.72300005  3.01119995  2.        
-11.20236206   5.59051514  -7.215271     3.        
-4.77548981  5.46492004 -9.46029663  3.        
 0.51116902 -2.50437188 -0.53970301  2.        
 3.20764899  6.86698914 10.23843384  5.        
-5.81587982  5.49655914 -9.7237854   3.        
-10.76867676   5.72534895   5.1867981    4.        
 2.46638489 10.37997437 17.46780396  5.        
 4.90395403  8.74782562 10.95318604  5.        
20.15881157  9.2154541  -6.59994507  6.        
-16.05238342   5.70630693  -3.9836731    3.        
-10.59411621   5.49234819   1.59780896   4.        
-16.01571655   5.4395752  -14.13366699   3.        
1.01489997 3.667557   8.13433838 2.        
 2.91088891 -3.54637909 -2.20632911  8.        
-6.55197906  6.54585314  2.47555494  4.        
19.64125061  9.36573029 -4.8626709   6.        
 3.86599708  7.62136078 10.60974121  5.        
8.36284637 8.44420624 1.05950904 6.        
 8.26987457 12.69091034 15.70446777  5.        
 1.56765699 -0.39829999  4.97766113  2.        
7.11333513 8.71890259 2.10443091 6.        
-0.78228003  1.60622394 -1.91183496  9.        
 7.18705702  7.52038622 -3.50576806  6.        
-8.87814331  5.62789917  0.64910901  4.        
 -4.81452894   6.42082977 -14.89807129   3.        
 7.27502394 -2.140167   -3.35266089  8.        
-12.6424942    5.81534576 -10.67288208   3.        
-6.17230177  5.63727617 -0.783539    4.        
 0.44186401 -5.37844896  0.644867    2.        
-0.75957501  5.33885193  1.64129603  4.        
-20.60637665   5.21966505 -10.19656372   3.        
-4.12837982  5.63033295  1.08233595  4.        
 0.67105901 -6.92336321 -0.31118801  2.        
 8.84005737 -1.65258002 -4.08065796  8.        
 5.95216417 -2.61596704 -7.56817579  8.        
 9.34465027 10.27256775  5.46002197  6.        
-5.96431017 -4.94938707  3.28701806  7.        
19.4382782   9.15479279 -3.69012499  6.        
-20.28466797   3.8055501  -18.084198     3.        
-3.81061506  6.81363678  4.27511597  4.        
-15.81626129   4.96810913 -16.98129272   3.        
 -9.31266022   5.75379896 -16.85858154   3.        
-1.02854896  8.42356873  7.01486206  4.        
 0.98138398  9.61688232 16.62988281  5.        
14.98348999  9.93869781 -0.016998    6.        
6.94680786 9.38072205 9.92926025 5.        
-6.86785078  7.17449903  6.03527784  4.        
-14.93144989   5.31389618 -14.7315979    3.        
-12.28411865   6.00125122  -3.84292603   3.        
 0.0858     -4.74285889  0.300262    2.        
-20.94672394   4.824646   -13.28814697   3.        
6.20885515 7.37142897 0.71310401 6.        
-1.75555396  2.56089807  1.00048804  2.        
-9.85910034  6.05396318  3.48614502  4.        
-11.09807587   5.36307478 -17.04312134   3.        
18.42173004  9.88942719 -7.80062914  6.        
-0.85420197  8.34593201 14.61514282  5.        
-19.13192749   5.07817793 -14.38189697   3.        
 0.44744101 -7.73365784  0.82913202  2.        
-17.96389008   5.34694719 -13.74072266   3.        
-12.99123383   5.20257616 -17.09741211   3.        
-20.29611206   5.18759918 -10.76522827   3.        
-2.34907508 -0.146065   -3.65225196  2.        
-10.1869278    5.65481615  -5.63601685   3.        
 1.39368403  2.89612603 -3.79901099  9.        
10.35483646  9.81326294  2.37332106  6.        
-0.483742    2.44960809 -3.84469604  9.        
 5.58723497  7.71923113 -8.77349854  6.        
-10.0154953    5.86074114 -15.15371704   3.        
 9.78060913 12.50031281 14.07461452  5.        
 1.21134996 -2.61604309  2.04949999  2.        
  1.32495904 -10.98613739   0.35476699   2.        
-18.92423248   3.64531708 -19.1633606    3.        
-13.75777435   5.72523499  -8.86526489   3.        
16.8157196  10.07258606  1.83459496  6.        
-1.14452398 -1.78404999 -1.87057495  2.        
-13.78542328   5.6288681   -7.94671583   3.        
-10.37202454   5.53968096 -10.77841187   3.        
-0.37076601 -0.43829301 -0.063324    2.        
11.93132782  8.98039341 -4.52392578  6.        
10.58333588 10.38240147  5.64755201  6.        
-6.77859497  5.28598785 -1.53967297  4.        
13.29750824  9.63957214 -0.80508399  6.        
0.220551   6.38368988 2.67620802 4.        
 1.94246697 10.22963715 18.50820732  5.        
 7.40779877 11.64614868 14.20968628  5.        
-11.57080841   5.87474108  -4.81433105   3.        
13.82312775  9.40740967 -5.99267578  6.        
7.28093004 9.10624695 8.62393188 5.        
 1.31124103  9.2252121  14.51553345  5.        
 6.43610382 11.04621124 13.48953247  5.        
17.21253967  9.97276306 -8.64355469  6.        
10.07497406  8.79880524 -0.65741003  6.        
-4.68832397  5.18202209 -1.75131202  4.        
14.8737793   9.46590424 -8.9927063   6.        
-0.88384998 -0.11068     0.507263    2.        
-0.10688    -1.70069098  0.062134    2.        
-6.90004015 -5.51122284  0.56390399  7.        
-15.65538788   5.681427   -11.03042603   3.        
 7.74496508 -1.96865797 -1.22598302  8.        
-5.48723602 -4.99956512 -0.58425897  7.        
-13.67592621   5.69182587  -6.79406691   3.        
-18.69261932   5.23966217 -13.7258606    3.        
 -5.80768585   6.34114122 -14.46759033   3.        
-0.17090601  7.79699707 12.65014553  5.        
 4.56207991 -2.74122596 -5.62609911  8.        
 3.82049608 10.37774658 15.30123901  5.        
 8.70819759 10.37600708 10.51837158  5.        
16.50600433  9.73959255 -1.55847204  6.        
-8.55315399  6.64582777  5.74169922  4.        
7.36150408 7.90656281 0.61874402 6.        
-0.94727302  8.05230713 13.75595093  5.        
 8.59629059 14.54379272 17.38208008  5.        
 5.75665998  8.03838444 -6.57961988  6.        
-13.73552704   4.49048615 -19.88259888   3.        
-4.87731886 -4.67906904  3.11175489  7.        
  8.94441986   7.5173192  -10.44326782   6.        
12.73388672  9.14569759 -4.90206909  6.        
-11.43997192   5.77736712  -9.94338989   3.        
 7.81808519 -2.30391693 -6.76901197  8.        
-16.01147461   4.18322802 -19.91635132   3.        
 6.34913588  7.69987488 -3.91647291  6.        
-6.90909576  6.5075531   1.99581897  4.        
 4.00745392 -3.01111603 -6.74642897  8.        
-15.68398285   5.21635389 -15.0491333    3.        
 1.64244103 -3.31715393 -3.62512207  8.        
-7.76832581  7.08820295  8.31872559  4.        
8.99998474 9.66954041 2.78985596 6.        
 7.63071394 -2.29490709 -5.56860399  8.        
13.01026917  8.69241333 -8.34411621  6.        
 9.2933197  13.25469971 15.61154175  5.        
 9.19107056  8.4515152  -6.72265577  6.        
-10.4226532    5.34697723   9.66387939   4.        
 -8.72034359   5.99666595 -14.30133057   3.        
  1.41717505 -11.39626312  -0.28607199   2.        
 4.82365417 12.10622406 20.14489746  5.        
 -3.64769006   6.51262712 -11.51113892   3.        
-0.940193    7.25100708  5.04882812  4.        
 3.6482389  10.82331085 17.45864868  5.        
-17.35881042   4.86200714 -16.31069946   3.        
16.16309357  9.49012756 -4.99816895  6.        
 4.18908691 11.40431213 17.76528931  5.        
 0.505135   -2.09892988  0.197418    2.        
14.47636414  9.528862   -6.04833984  6.        
 4.25251818  4.22729492 -1.07287598  2.        
5.32917023 7.58207703 7.43783617 5.        
  1.16156006 -12.08454132  -0.488464     2.        
-4.72381592  1.81809199 -4.59497118  2.        
  9.67759705   7.43019104 -10.72103882   6.        
-15.16009521   4.87600708 -17.58056641   3.        
 13.88550568   8.5484848  -10.26144409   6.        
 7.08348083 10.17530823 11.31140137  5.        
-8.6593399   5.51581621 -0.52856398  4.        
 4.89715576 -2.58316803 -3.19458008  8.        
 5.7675252  12.83844757 18.49612427  5.        
 6.33597612 -2.16289496 -1.41058302  8.        
-15.28015137   5.20613909 -15.8699646    3.        
-7.57471514  7.14383698  9.70080566  4.        
-11.24073792   5.00684404   8.74993896   4.        
 -7.85388994   6.19438219 -15.21777344   3.        
8.47477722 9.58325958 8.74841309 5.        
 5.36231995 12.13388062 19.36154175  5.        
-1.85718501  3.48469496  0.78759801  2.        
8.93605042 8.82540894 0.96502697 6.        
 6.46728516  7.29384613 -2.7718811   6.        
11.31467438 10.35413361  4.84255981  6.        
20.64459229  9.16144562 -5.55136108  6.        
 1.79049695 -1.08702803  3.77377295  2.        
 6.59985399  9.65723419 10.84576416  5.        
 5.44289398 -2.77937293 -0.58593798  8.        
 6.10834503 12.61756897 17.27810669  5.        
2.42960405 1.31729102 0.27316299 2.        
 1.60683405 -0.28700301  4.33230591  2.        
-5.60606384  5.17787886 -8.59280396  3.        
15.87788391 10.26652527  3.08517504  6.        
-12.98291779   4.77941895 -19.07546997   3.        
6.28833008 7.85591888 6.79266405 5.        
-14.51109314   5.798172   -10.76385498   3.        
 4.22817993 -2.7497251  -4.07952881  8.        
8.45156097 9.27446842 8.08236694 5.        
-16.41947174   4.96038818 -16.27685547   3.        
 1.19484699  1.84867895 -1.79501295  9.        
-0.105415    0.65016901  0.685211    2.        
 -6.989326     5.92327881 -11.59112453   3.        
13.56945801 10.24330139  2.72235107  6.        
-16.54058838   5.46700287  -6.08554077   3.        
 1.38850403 -8.58091736 -0.088104    2.        
-7.382164    5.0674901  -5.65856886  3.        
 -8.93658543   6.04508209 -15.6003418    3.        
-8.133255    6.32541704  1.94146705  4.        
 6.69343615 13.35945129 17.50582886  5.        
-8.39949036 -6.29052019  4.09258986  7.        
-8.91215515 -6.91690779  4.78491211  7.        
-16.80258942   5.52557421 -13.1842041    3.        
-10.25279999   5.67183685 -11.34347534   3.        
-11.99443054   5.70527697  -8.12854004   3.        
18.57954407  9.54600525 -7.30868483  6.        
 6.04018402 13.99514008 18.97198486  5.        
14.15561676  9.33141327 -4.05721998  6.        
 7.09024811 12.17566681 15.05505371  5.        
-9.60514069  5.35820007 -8.21060181  3.        
 0.31520799  9.71491241 17.31027222  5.        
10.18048096 11.35540009 11.82943726  5.        
-11.77993774   5.83509111  -5.95321703   3.        
12.63627625  9.07910919 -6.14749193  6.        
20.44078064  9.29350281 -4.13781691  6.        
12.10461426  8.49030304 -9.18069458  6.        
-0.76172602  8.65656281 15.13296509  5.        
-14.60163116   5.30229187 -15.50076294   3.        
8.58435059 9.11092377 2.02731299 6.        
-12.34879303   5.5161128  -15.95681763   3.        
 1.462044   -3.25505805 -4.68133497  8.        
-19.1132431    4.80714417 -15.49404907   3.        
-8.06387329  5.36966705 -1.565521    4.        
16.8968811   9.63091278 -2.03259301  6.        
 4.31672716 -2.90544891 -2.20605493  8.        
-3.06068397 -4.74819994  0.90982097  7.        
14.54512787  9.59120178 -2.66473389  6.        
-15.50102234   5.6373601   -6.4069519    3.        
10.33459473  8.52828979 -3.5914309   6.        
16.31768036  9.78765869 -7.00784302  6.        
-6.06822205 -5.03541613  2.35412598  7.        
12.40287018  9.84330654  0.93588299  6.        
1.78729999 0.65628803 5.25500488 2.        
13.4916153  10.36271667  4.69445801  6.        
-9.58267975  6.10172319  9.80233765  4.        
-17.51125336   4.98802185 -15.65188599   3.        
 2.69929504  6.84976196 10.62457275  5.        
12.31147003  8.72900391 -8.40847778  6.        
-14.171875     5.24404097 -16.21539307   3.        
 1.24145496 -7.1362462  -0.183502    2.        
-3.91744995 -4.67515612  0.58169597  7.        
 5.13093615  3.84886193 -1.47586095  2.        
 -4.86331892   6.29862213 -12.81594753   3.        
-14.59113312   5.63376617  -5.76339722   3.        
-18.81920052   4.16773176 -17.99841118   3.        
-20.39025116   5.07905579 -12.60522461   3.        
-8.6931839   5.56147814 -1.15136695  4.        
 2.4902339  -4.63677216 -1.14910901  2.        
2.55286407 3.024544   6.69711304 2.        
-14.81778717   4.73778486 -18.49475098   3.        
10.10210419 10.29455566  4.55981398  6.        
-9.424263    5.47182512  0.44189501  4.        
15.6217041   9.62762356 -3.00891089  6.        
 8.86867523  7.78726196 -2.13790894  6.        
1.32022095 0.90690601 5.57162523 2.        
-0.57655299  7.61679077  5.40640306  4.        
 3.21307397  2.2070241  -0.53076202  2.        
-14.15570068   5.68478394 -12.81954956   3.        
-9.6991806   6.05865479  8.03829956  4.        
 1.82492805 -3.24372101 -5.76937914  8.        
-1.04807997  1.95843506  0.657166    2.        
-6.86828613  4.24254608 -7.60440111  3.        
12.11029816  9.54813385 -0.26242101  6.        
-5.35562086  3.63533807 -7.39334106  2.        
-10.54759216   5.54397583 -16.83624268   3.        
 5.12997389 -2.70758104 -6.54629517  8.        
-9.06872559  5.1209259  -7.37197924  3.        
19.43939209  9.60470581 -6.68682909  6.        
 1.56568897 -0.30239099  0.196411    2.        
1.76672399 1.16001904 6.38143921 2.        
 9.534935    8.44915771 -4.44604492  6.        
 5.87382507  7.96501923 -5.04348803  6.        
 9.07493591 10.32336426  6.33017015  6.        
 2.28837609  6.44412994 10.48526001  5.        
-5.04201508 -4.63586378  3.99685693  7.        
 0.074997    2.10049391 -2.71353197  9.        
-5.50127411 -4.93368483  4.95407104  7.        
-18.66159821   5.53903198  -6.23947096   3.        
 -6.19467211   6.21887207 -17.0184021    3.        
 0.509781    9.40712738 16.29351807  5.        
-9.43454742  5.43267107 -0.245483    4.        
-10.96831512   5.21959686 -18.03552246   3.        
 3.17895508  1.16050696 -0.15969799  2.        
 9.83111572 10.07465363  3.5491941   6.        
 4.34882307 -2.76422095 -3.41073608  8.        
12.89841461  9.81295013  0.432129    6.        
-17.37991905   5.26777697  -9.22473145   3.        
-5.15671492  3.08129907 -6.38351393  2.        
-3.60161591 -4.69319916  1.73577905  7.        
-17.8633728    4.73147583 -16.6244812    3.        
 5.16936493 10.23860931 13.17904663  5.        
 -7.72233582   5.97787523 -12.56533813   3.        
 5.10129499  7.787323   -4.02059889  6.        
10.97387695  8.85359192 -5.61926317  6.        
 4.29421997 -3.63568902 -0.87521398  8.        
14.7308197   9.29096985 -3.96319604  6.        
 5.69190979 10.09519196 12.35479736  5.        
-3.96278405  8.23062134  7.86984205  4.        
-15.57247162   5.65227509  -9.23562622   3.        
 -8.89984894   5.95340014 -12.32546997   3.        
13.74475098  9.01807404 -8.83416653  6.        
-10.73241425   5.6080699   -9.30059814   3.        
-16.64511871   5.38366699  -9.41610718   3.        
17.86483765  9.97690582 -7.86721802  6.        
-13.67677307   5.70539904  -5.07394409   3.        
 7.30252123 -2.02924395 -2.40594506  8.        
-0.65521199 -1.76821899 -1.15090895  2.        
-12.80202484   5.74776506  -8.31161499   3.        
 7.00360918  7.34008789 -3.00067091  6.        
-17.91347504   5.1979599  -14.45327759   3.        
-9.37889862  5.91172791  2.27429199  4.        
 0.385414   -4.29208422  0.700836    2.        
 5.75225115 12.34857178 17.70004272  5.        
20.4964447   9.10744476 -3.23773193  6.        
 1.52860999  2.590873   -3.18252611  9.        
 8.64163971 12.24687958 14.7175293   5.        
-4.65508986  2.82714105 -6.48727417  2.        
2.10875702 5.15431213 8.97384644 5.        
