-2.32731605  3.22804308 -8.08911133  6.        
 4.59368896  8.41587067 15.35308838  3.        
  5.83643293 -10.78979492  -6.888062     2.        
-2.46990204  5.21862793  4.87426805  3.        
 9.0447464   9.02108002 -8.91003418  5.        
7.39601898 7.51560211 5.49383497 3.        
-8.62459564  2.39119005 -1.55941796  4.        
 3.31475806  1.73188806 -1.26925695  2.        
 -3.25183892   5.95005798 -15.56942654   6.        
 3.2957921  -3.89843011 -6.02914381  2.        
-0.44665501  4.41992188 11.81683254  3.        
  3.13034797   6.16273499 -10.91653442   5.        
 7.58595991  5.00971985 -4.3850708   5.        
-2.68672895  2.07825494 -0.46218899  4.        
3.22788191 8.46929932 9.63366699 3.        
2.8018949  5.58695984 2.81652808 3.        
 3.03820801  2.71929908 -6.65551805  5.        
-7.27880907  2.94229889 -6.54983521  4.        
 -5.01391602   3.48088789 -11.93377686   6.        
-0.444702    1.18769097 -4.24261522  4.        
 -1.04790497   5.42284393 -11.84313965   6.        
7.34128618 7.3299408  9.76049805 3.        
0.036469   6.28961182 8.12814331 3.        
 5.73350477  6.55270386 -7.72970581  5.        
 5.77773285 10.69610596 12.21286011  3.        
  6.32586718   8.31924438 -11.90066528   5.        
-4.21311998  2.50706506 -4.10446215  4.        
 2.47168708  5.47254181 14.22412109  3.        
 3.02558088 -0.42608601 -4.36230516  2.        
3.66067505 7.3489151  6.0305481  3.        
 5.04074907 -7.20691681 -6.06210279  2.        
 0.83313799  4.50949097 -8.87789917  6.        
 8.86656189  7.71295881 -5.89138794  5.        
-5.83663177  1.69602203  0.17981     4.        
-0.40248099  5.11661482  2.43280005  3.        
 5.36259508  2.71803308 -4.47729492  5.        
-2.4268651   4.52374983  8.94522095  3.        
 0.24996901  2.50105309 -1.48956299  4.        
 3.02655792  8.09524536 12.71749878  3.        
5.55484009 6.777946   3.20431495 3.        
0.86428797 6.10536194 5.07391405 3.        
2.06808496 3.8057251  0.516541   2.        
 1.16362     6.75318909 10.79940796  3.        
 0.15402199  2.92268395 -6.65127611  6.        
  1.39985704   3.89052606 -11.55465698   6.        
-6.99745893  2.6151731  -3.77697802  4.        
 -0.70321703   5.68778181 -14.56494141   6.        
 3.36128211  5.21290588 -7.78582811  5.        
 2.76424408  2.278687   -3.94455004  7.        
5.74533081 7.82199097 7.64837694 3.        
-4.59841204  2.51626611 -6.86798096  4.        
 -2.96558404   4.24017286 -10.48788548   6.        
 -3.17394304   4.97958422 -13.16217041   6.        
 5.27002716  4.5603261  -6.21765089  5.        
-2.2137599   2.25817895 -5.70706177  4.        
 6.69160509  8.05033112 -9.46429443  5.        
 5.62098694  9.04546356 10.38204956  3.        
 1.45212495  1.01889002 -5.99771118  2.        
-2.10683393  2.11987305 -2.85751295  4.        
-4.70323896  2.09130907 -1.82635498  4.        
2.10491896 7.15276289 7.76937914 3.        
-1.81396496  5.50879717  7.01593018  3.        
 4.26852417  9.8045578  13.64080811  3.        
  5.20674086   6.76019287 -10.57229614   5.        
 7.30435896  6.11050415 -6.23465014  5.        
-0.74671203  5.43278503  9.9203186   3.        
 3.92321801  1.16107202 -5.49774218  5.        
-9.12857819  2.86119795 -3.56445289  4.        
 1.87632704 -1.87009394 -5.38360596  2.        
 7.76387787  7.58451796 -7.68279982  5.        
  0.72349501   5.37383986 -12.98324585   6.        
7.79269409 7.23934221 7.53555298 3.        
  7.94386292   9.14772034 -10.73394775   5.        
-1.23987603  4.49845886 -9.32778931  6.        
 1.19325995  5.62644196 12.54800415  3.        
 3.91433001  9.50336456 11.48815918  3.        
 0.89820099 -0.30538899 -4.42477417  2.        
 -4.69889116   4.89833784 -14.46630859   6.        
5.44224596 7.48999023 5.10528612 3.        
 5.08786821 -9.18729401 -5.99585009  2.        
 -3.71887207   2.41616106 -10.52825928   6.        
-6.66869307  2.15844703 -1.61825597  4.        
3.86108398 6.81833696 4.16668701 3.        
 3.56485796  6.79607391 15.28051758  3.        
-5.81659698  2.63818407 -5.35363817  4.        
 1.66935003  3.91001105 -7.27410889  5.        
 4.34459686 -5.46972704 -6.41668701  2.        
 1.00151801  1.70649695 -3.04864502  4.        
-0.94494599  2.41653395  0.216858    4.        
3.822083   7.93537903 7.91918898 3.        
 2.91163611  0.73326099 -2.819031    2.        
 2.3821559   5.44780684 -9.36883545  5.        
1.34181201 4.78707123 1.90710402 3.        
 4.31796312  6.18831587 -9.02423096  5.        
  0.257736     5.16551208 -10.50161743   6.        
-0.75681299  5.64384508  4.47723389  3.        
 3.52697802 -1.37940204 -5.79293823  2.        
-0.268143    1.31573498 -5.96350098  4.        
-8.35865021  2.94818902 -5.19262695  4.        
1.05171204 5.50679779 3.43991089 3.        
-4.17715502  1.89107502  0.56759602  4.        
4.17548418 6.58834124 2.21078491 3.        
-0.44770801  3.89454699 -7.92840576  6.        
 2.47673798  7.85460711 11.03482056  3.        
2.17992401 6.47511292 6.08563185 3.        
 6.38503981  3.92805505 -5.04513502  5.        
-0.43905601  6.10716295  6.2530818   3.        
 4.28619385  3.31804705 -5.6532588   5.        
 2.18829298  2.91350603 -0.96295202  2.        
2.41423798 5.93950701 4.50649977 3.        
1.25013006 6.98010302 9.16943359 3.        
3.03410292 4.72332001 1.46167004 2.        
-1.27384996  2.28900099 -7.07723999  4.        
 2.31278992  6.67475891 13.06622314  3.        
5.00246382 8.4047699  8.95968628 3.        
-1.34850299  2.24809289 -1.34426904  4.        
 8.42195129  6.28614807 -5.10848999  5.        
 -2.3417511    5.7627492  -14.26855469   6.        
 3.60202789  8.02381134 14.17492676  3.        
 6.95115709  8.42591095 10.93240356  3.        
  5.09607697   7.3613658  -12.0118103    5.        
-5.58723497  2.45996094 -3.1312871   4.        
-1.27751195  5.42353106  8.47753906  3.        
 -3.66180396   4.30104113 -11.8789978    6.        
6.71148682 7.40810394 4.13589478 3.        
 4.97809601 -8.2202301  -7.18487597  2.        
-0.47347301  2.02246094 -2.728302    4.        
 4.84575701  5.26735687 -7.5062561   5.        
 3.37392402  4.18685198 -6.54992723  5.        
-3.82718706  2.742378   -8.14239502  4.        
0.95414698 6.55927992 6.96734619 3.        
 0.18968999  5.61133623 11.16293335  3.        
  1.79491401   4.29854584 -10.16690063   6.        
-2.72145796  2.31191993 -4.30145311  4.        
 8.95424557  8.45676422 -7.48669386  5.        
-2.7888341   2.5240171  -9.37203979  6.        
 5.56002808  7.07669783 -9.16238403  5.        
 2.62877703  0.98462701 -4.78945923  7.        
 -4.56594896   4.33559418 -13.06088257   6.        
-3.09800005  2.520859   -6.86422682  4.        
-3.70603204  2.42439294 -5.48626709  4.        
 3.45198107 -2.72123003 -5.16482496  2.        
-3.61580706  2.119133   -2.82864404  4.        
 5.07238007  9.81737518 14.84451294  3.        
 2.1174469   2.04635596 -2.11578393  2.        
 -2.39136505   4.99855804 -11.56341553   6.        
-1.51089501  5.03975677  3.33544898  3.        
 5.9151001   5.82501984 -6.40515089  5.        
 6.3900218   9.61553955 11.52175903  3.        
 -1.40550995   5.55046082 -13.22375488   6.        
 2.39818597 -0.193161   -5.61276197  2.        
 1.40652502  2.26905107 -6.64642286  2.        
 5.25995588 10.77214146 13.57403564  3.        
-5.95428514  2.73357391 -7.04336596  4.        
6.37242079 7.90757799 8.96383667 3.        
-2.54646301  4.10446882 -9.13467407  6.        
-7.43715715  2.09010291 -0.47732499  4.        
-7.9621048   2.65721893 -2.73492408  4.        
6.63771105 7.47602081 6.67388916 3.        
5.0547328  7.63015795 6.48574781 3.        
 4.45977783 10.46578217 12.46630859  3.        
 -1.39467597   4.9270401  -10.62643433   6.        
-1.28690302  4.47410583 10.75445557  3.        
 5.15604401 10.04582214 11.17172241  3.        
 7.75392103  8.41947937 -8.73138428  5.        
 4.29259491  9.13398743 10.25244141  3.        
  6.03414106   7.80124712 -10.7036438    5.        
0.30114701 6.25696611 9.87850857 3.        
2.42614007 7.59729815 9.03906155 3.        
 6.63172197  5.2724762  -5.44000196  5.        
 2.07028198  4.80519104 -8.15292358  5.        
-2.75184608  5.13091993  6.15725708  3.        
-1.44868505  1.94055903 -4.68939209  4.        
  0.74165303   5.01256609 -11.71530247   6.        
-3.95873308  1.88465905 -0.72399902  4.        
 0.50450897  4.46272993 12.70101929  3.        
 6.51037598  7.39723206 -8.33691406  5.        
 3.68421197 -0.069221   -5.83517504  2.        
-1.46631598  5.64053297  5.61325121  3.        
 3.12776208  6.6160202  14.06362915  3.        
 1.82850695  6.98124695 11.91772461  3.        
-2.94627404  2.08531189 -1.73532104  4.        
-2.75731707  4.86151886  7.59149218  3.        
 6.76660204  6.92495012 -7.08294678  5.        
  4.07857513   6.8072052  -11.47109985   5.        
 3.98388696 -4.78447723 -5.41107178  2.        
 5.58756304 -9.6003418  -7.24166918  2.        
-7.04679918  2.70022607 -5.07400513  4.        
 0.374863    0.490601   -5.26565599  4.        
-1.653404    4.28961182 -8.09808254  6.        
 7.87852478  7.22750092 -6.46606398  5.        
 -3.52272797   5.26666307 -14.35339355   6.        
 2.69692206  1.65880597 -6.118011    5.        
 4.43317413 -6.70689392 -7.00668287  2.        
 -4.09737396   3.41721296 -11.12857056   6.        
  4.11956787   5.97955322 -10.20333862   5.        
 4.31604004  2.21820092 -5.04983521  5.        
 3.77181196  9.15003967 12.63442993  3.        
-0.91001099  3.45410204 -6.85909986  6.        
 3.31182909  8.7040329  10.82330322  3.        
 1.58534205  4.9635849  13.449646    3.        
 1.34809899 -0.78636199 -5.39633179  2.        
  6.91665697   8.5740509  -10.68850708   5.        
-5.15218306  1.92034101 -0.74615502  4.        
3.25612593 6.67452192 5.16308594 3.        
 5.22188616  3.88717604 -5.24658203  5.        
3.1657331  7.41709089 7.08508301 3.        
 0.59633601  3.60202003 -7.52142286  6.        
 -1.86988103   6.26565599 -15.17993164   6.        
 8.34715271  8.66846466 -9.74234009  5.        
-0.84625202  5.93664598  7.44168091  3.        
-5.33807421  2.5855031  -4.32067919  4.        
7.60162306 7.37673998 8.64801025 3.        
 1.936867    7.39889479 10.04095459  3.        
-0.022514    2.1818769  -0.43829301  4.        
-6.76848602  2.54063392 -2.67401099  4.        
 2.084023    1.42029595 -3.15133691  2.        
 2.86775994  3.55058289 -0.22097801  2.        
-8.1476059   2.7105639  -4.07757616  4.        
 2.39351702  0.051674   -3.57550001  2.        
4.36540222 7.20237684 5.17028809 3.        
 -4.24346924   5.55015612 -15.2449646    6.        
4.90927076 7.18171692 4.16693115 3.        
 4.22151184  8.91644287 14.39724731  3.        
-0.135323    5.43209124  3.46148705  3.        
 3.55148292  5.38897705 -8.98528957  5.        
 6.26821089  3.3975141  -4.08123779  5.        
 4.13386488 -7.68389893 -6.59378099  2.        
-3.266083    3.41542792 -9.82232666  6.        
 4.24489594  4.84375811 -6.67413282  5.        
-1.16998303  1.91564202 -3.62835693  4.        
 4.87232208 -6.17976379 -5.71899414  2.        
3.08699012 3.74535394 0.91555798 2.        
1.11173296 6.75374603 8.03335571 3.        
 -0.415344     5.48269701 -12.76391602   6.        
3.62295508 6.43940687 3.14276099 3.        
-0.19251999  4.79373884 -9.43048096  6.        
6.41014099 8.31994629 9.9927063  3.        
6.76924896 7.47898912 7.8215642  3.        
  0.090714     5.46888685 -13.85372925   6.        
-1.61663103  4.90445709  9.54534912  3.        
-4.75245714  2.48997498 -5.21954393  4.        
 5.21105194  5.97713518 -8.47241211  5.        
 3.8717041   2.30125403 -6.13317919  5.        
 2.43670702  3.59044695 -6.54193115  5.        
-1.22997296  1.94514501 -5.95129395  4.        
2.08680701 5.35650587 3.61639404 3.        
 -2.21571398   5.23987579 -12.57873535   6.        
 7.23981524  3.99394989 -4.43127394  5.        
 7.64343977  5.56394196 -5.39126587  5.        
-0.34266701  5.96338701  9.09963989  3.        
3.95413995 8.45228577 8.81933594 3.        
 0.547638    0.98439801 -4.00237989  4.        
2.36328101 4.77684784 2.33267212 3.        
 2.96498108  1.27717602 -3.70388794  7.        
 1.06890094  6.22316694 11.68557739  3.        
3.55203295 5.58112288 2.10198998 3.        
6.31504822 7.45478821 5.69384813 3.        
-2.12235999  4.58409119 -9.97998047  6.        
 2.58623505  4.36089277 -7.32141113  5.        
-6.34869385  1.99398005 -0.65274     4.        
 2.58605194 -1.27204096 -4.96359205  2.        
-4.57481384  2.27379608 -3.12695289  4.        
-2.22377801  2.42836809 -7.39602709  4.        
-3.07852197  1.85266101  0.441742    4.        
-8.96243954  2.51548791 -2.63031006  4.        
 3.18881202  8.69523621 11.92227173  3.        
  1.06454504   4.5728302  -10.80667114   6.        
 5.35835981 -8.24649811 -6.21414185  2.        
 3.95953393  7.69386292 15.07092285  3.        
 0.95790899  1.82398999 -2.0552671   4.        
4.85327101 8.10047913 8.00750732 3.        
 2.84996796  1.95564306 -4.89105177  7.        
 3.17889404  5.95579481 -9.87023926  5.        
-1.94953203  2.50176191  0.05658     4.        
 3.02613091  1.59810603 -2.21200609  2.        
-5.69199419  2.25183892 -2.165344    4.        
 2.04700494  1.93506598 -1.04531896  2.        
1.20098102 6.33628082 6.0349431  3.        
 3.0357821   7.50563002 13.51116943  3.        
-7.6101532   2.42615509 -1.84115601  4.        
0.56289703 5.14031219 2.66549706 3.        
-0.212494    5.99731398  5.29998779  3.        
-5.33263397  2.56600904 -6.212677    4.        
 8.71305084  7.71163893 -6.88909912  5.        
 4.15660095  5.79012299 -8.13912964  5.        
1.26095605 4.4575119  0.98733503 2.        
 2.69172692 -2.39086199 -5.68685913  2.        
  2.05043793   5.23597717 -10.28219604   5.        
7.47911119 6.90464783 6.67407179 3.        
 1.48894501  4.98819017 -9.41574097  6.        
 0.32150999  5.07253981 11.96334839  3.        
 3.75869012  8.75514221 13.52105713  3.        
-2.16982293  5.4780879   3.8964541   3.        
 3.44184089 -5.12771606 -6.50582886  2.        
 0.061722    1.63980901 -3.48037696  4.        
-0.37847099  1.92214203 -6.71032715  4.        
-6.49421692  2.63790894 -6.04211378  4.        
 7.38781691  8.63671875 -9.82467747  5.        
 5.82645416  4.64327192 -5.43710279  5.        
 -0.183121     5.38357496 -11.32553101   6.        
-0.700562    1.53507197 -5.13037109  4.        
 2.05925798  5.79513502 13.42260742  3.        
4.11769104 7.775177   7.02395582 3.        
 4.99095917  6.34341383 -9.68511963  5.        
4.45576477 6.88400316 3.28948998 3.        
2.909935   7.75700378 8.23226929 3.        
0.57580602 5.70024109 4.24386597 3.        
2.22599792 4.22502899 1.38382006 2.        
-2.406708    5.04257202 -9.08084106  6.        
 -3.95583296   4.77621508 -13.66497803   6.        
 2.25177789  0.1278     -4.62988281  2.        
-1.59499395  3.23058295 -7.47705078  6.        
2.95831299 5.9654851  3.66851807 3.        
 8.57001495  6.77158403 -5.90551805  5.        
 1.25417304  4.2309041  -8.07980442  6.        
-0.045929    6.34168196  7.0776062   3.        
 3.13361406  5.93373108 14.71328735  3.        
1.79830897 6.06137085 5.33050489 3.        
 2.15519691  1.11245    -2.03823805  2.        
 2.55227709  7.68431807 12.02313232  3.        
 3.22172499 -1.33840895 -4.28067017  2.        
 4.2171402   3.78576708 -6.46023607  5.        
  7.301651     8.97899628 -11.43240356   5.        
-0.55791497  4.99874878 10.99194336  3.        
0.457764   6.48961592 8.99731445 3.        
-0.04184     4.19773912 -8.70187378  6.        
1.51448095 5.05738115 2.77871704 3.        
-1.29348004  2.1858139  -2.34832811  4.        
-2.11985803  5.03772688  8.22683716  3.        
1.53543103 5.74471998 4.23672485 3.        
1.93547797 6.70108795 6.93527222 3.        
 1.77076697  0.62570202 -5.22412109  2.        
 5.99003601  7.12584686 -9.96432495  5.        
 5.62054396  5.67714691 -7.25714111  5.        
-0.77774799  2.61994195 -0.69818097  4.        
 0.68724102  4.75859118 -9.80996704  6.        
 2.58703589  2.53341699 -0.23898301  2.        
 3.63902307 -3.01561689 -6.00473022  2.        
 5.07949781 10.0056839  13.12136841  3.        
5.79504395 7.20929003 3.96972704 3.        
 8.66159058  8.3583374  -8.42623901  5.        
0.38022599 4.7654109  1.86377001 3.        
-2.71556091  2.41544294 -8.15432739  6.        
 2.80578589  4.97350311 -8.69146729  5.        
 1.76398504  1.85167694 -5.84289598  2.        
-4.75850677  2.81414795 -7.70452881  4.        
-2.85264611  2.15117693 -3.42434692  4.        
  5.90497589   7.44032288 -11.51681519   5.        
  1.29153395   4.87007093 -12.41140747   6.        
 2.98552704  0.47975901 -4.11242723  7.        
 0.96530902  2.92930603 -7.06130981  6.        
 -1.45250702   5.80005693 -14.07766724   6.        
-2.08914208  2.22473907 -1.92718506  4.        
 2.65130591  7.97479296 10.17129517  3.        
 3.76506805 -3.68505096 -5.30600023  2.        
 -4.31852722   3.77293396 -12.42147827   6.        
 3.548805    3.23433709 -6.13882494  5.        
-2.840873    3.272995   -8.90042114  6.        
-1.61692798  5.42699385  4.58480787  3.        
-3.8300631   2.03580499 -1.90527296  4.        
6.71732283 7.09788513 5.0032959  3.        
 5.07042694  5.36813307 -6.65341187  5.        
 3.12480903 -0.710495   -5.40301514  2.        
-6.16493177  2.57853699 -4.04547119  4.        
 4.92316389 -9.09358215 -6.99475098  2.        
 -0.61624098   5.08354998 -10.26922607   6.        
5.58709002 8.52311707 9.59377956 3.        
 6.85840607  4.73278809 -4.79849195  5.        
-4.91068983  1.73809803  0.066223    4.        
 1.72466302  6.31456804 12.54101562  3.        
 3.31394196 -1.88082898 -5.01251221  2.        
-0.55436701  2.22622705 -1.892151    4.        
 -2.45270491   5.40654802 -13.39099121   6.        
2.66988397 7.09209394 6.43478394 3.        
 -2.970016     4.89746904 -12.19067383   6.        
  4.32885695   6.68654585 -10.64212036   5.        
-3.88151503  2.47400689 -6.32449293  4.        
-5.83907318  2.05588508 -1.33776903  4.        
-7.70521593  2.71338606 -5.69278002  4.        
 3.83759308  4.59255981 -7.38308716  5.        
-1.99907696  2.30107903 -6.58282518  4.        
 6.44710493  7.26376295 -9.25061035  5.        
0.33625001 6.24414778 5.90133715 3.        
 1.96995497  3.16960907 -0.182129    2.        
 4.84859514  3.13494897 -5.04434204  5.        
 -3.73780799   4.23267412 -12.91384888   6.        
 4.80469513 10.23791504 14.16168213  3.        
-8.74153137  3.20094299 -4.42620897  4.        
 3.4155879   1.15332794 -6.17349195  5.        
 3.23951006  2.47215295 -0.77212501  2.        
-1.94026196  2.14537001 -4.02874804  4.        
 1.80867004  7.24894714 11.01260376  3.        
4.37326813 8.62043762 9.52844238 3.        
5.69361877 8.00314331 8.46685791 3.        
 -2.38698602   4.79175615 -10.74972534   6.        
 6.0619278  -9.86838531 -6.60388184  2.        
 2.31019592  0.96948999 -5.84271193  2.        
-2.95250702  2.27210999 -5.15814209  4.        
-3.85412598  2.61591291 -7.23272705  4.        
 6.17233276  8.91991425 10.99499512  3.        
 8.05432129  5.76705217 -4.57003784  5.        
-1.24291205  5.79953814  6.39907789  3.        
 -3.34714508   3.46582794 -10.64611816   6.        
 7.19546509  7.96470594 -8.32247925  5.        
  4.86807299   7.11212921 -11.24005127   5.        
 6.54245806  6.36980391 -6.51196289  5.        
 5.8309021   6.54527283 -8.597229    5.        
5.84147596 7.61242723 6.86041307 3.        
-2.11740088  2.14888811 -1.07934594  4.        
-0.85026598  4.26141405 -8.5958252   6.        
 0.93933898  2.13584089 -5.98919678  2.        
 2.37537408  2.40593004 -6.29693604  5.        
 3.028404   -3.34910607 -5.46264601  2.        
 2.88398004  2.33348107 -1.60766602  2.        
 -3.16352105   4.07324219 -11.25717163   6.        
 4.58429003  4.26728821 -5.89846802  5.        
 5.72696686  3.2293849  -4.99032593  5.        
 0.452553    2.14260101 -2.60348511  4.        
 5.11984205 10.29366302 11.96884155  3.        
 -2.87602997   5.75322723 -14.87567139   6.        
 4.0231781  -4.26965284 -6.03283691  2.        
 6.03797913  5.07678223 -6.12585402  5.        
 5.86804199 10.24025726 11.55187988  3.        
1.092049   6.90331316 9.95782471 3.        
-0.202904    3.48627496 -7.27615404  6.        
 4.11464691 -6.18969011 -6.1340642   2.        
  6.72029114   7.91061401 -11.11257935   5.        
 4.93494415  9.31160736 10.71127319  3.        
-3.02929711  2.41920495 -6.06976318  4.        
 7.85188293  6.36499786 -5.7068181   5.        
-1.98635101  5.44699097  6.19039917  3.        
1.698349   7.10276794 8.45721436 3.        
 3.0061419   0.215431   -4.88079786  7.        
-0.67189801  5.94261885  8.26000977  3.        
  2.52681708   5.84629822 -10.50314331   5.        
 0.70787001  1.85790205 -6.69882202  2.        
 3.39566803  7.15742493 14.59118652  3.        
  0.14475299   5.38985395 -12.08178711   6.        
 7.03743696  7.0639801  -7.81643677  5.        
2.53705597 6.3511281  5.25405884 3.        
-3.54032898  2.43991089 -4.51678514  4.        
3.21403503 8.1084671  8.92913818 3.        
 -0.69952399   5.56478119 -13.58056641   6.        
 4.12334394  9.82472229 12.84832764  3.        
  6.77796221   7.83702803 -10.22027588   5.        
 6.26114607  6.13928986 -7.23638916  5.        
-1.98822796  4.41893005 10.04067993  3.        
-0.113182    5.74854994 10.31274414  3.        
 7.15772295  7.97875214 10.31967163  3.        
-2.87706804  2.11418891 -2.51727295  4.        
 4.76298523 -7.44483185 -6.99502611  2.        
-3.6021421   2.28580499 -3.6035161   4.        
-0.86731702  5.3889308   3.73129296  3.        
3.12748694 6.31327105 4.347229   3.        
4.87303209 7.8060379  7.22403002 3.        
 0.633102    6.18765306 10.88189697  3.        
 8.06547546  8.27498627 -7.87060499  5.        
4.54261017 7.36464691 5.90850782 3.        
 2.64549994  7.42831421 12.81634521  3.        
 0.83598298 -0.219109   -5.28164721  2.        
  1.73317003   3.91120195 -10.83035278   6.        
 5.10582685 10.77933502 12.74127197  3.        
 6.64015198  5.64188385 -6.230896    5.        
-0.066154    1.110695   -5.06570387  4.        
 5.78759003  9.66883755 10.96051025  3.        
 7.31883192  7.84144592 -9.0670166   5.        
 -5.1075592    3.77808404 -12.63082886   6.        
 -1.65791297   5.08732605 -11.32351685   6.        
 5.57875109 -9.21326447 -6.58752394  2.        
 -0.89186901   5.29511309 -11.05819702   6.        
5.03230286 7.09528303 2.75827003 3.        
 4.37242889  9.92263794 11.91854858  3.        
-3.37721992  2.45935106 -9.85653687  6.        
-6.31172895  2.66980696 -4.78637695  4.        
-2.21315789  4.58798981 -8.51416016  6.        
 4.31143188 -5.41760302 -5.66796923  2.        
 -4.39125776   2.79569197 -10.82678223   6.        
 5.03704786  6.01775408 -7.74331713  5.        
 7.4164958   6.71399689 -6.77212477  5.        
6.04083204 7.43137407 4.64315796 3.        
 9.06591034  8.89590454 -8.09515381  5.        
-1.59782398  2.39066291 -0.59500098  4.        
 3.5529561   8.03907776 13.42379761  3.        
-7.74745178  2.78549194 -4.70404005  4.        
 -4.67604113   4.59100294 -13.78591919   6.        
-7.7100749   2.6838069  -3.43627906  4.        
 4.46222687 10.41082001 13.22134399  3.        
-1.00754499  5.50015306  9.2270813   3.        
5.47414398 7.55253601 5.87759399 3.        
 2.6180501   6.19503784 13.72665405  3.        
 3.55359602  1.761024   -5.72601318  5.        
 3.39683509 -2.16530609 -5.70992994  2.        
-2.54777503  5.23305511  6.98870897  3.        
-2.29350305  3.85289788 -8.48022461  6.        
5.03913116 8.95167542 9.9395752  3.        
-4.98021698  2.25529504 -2.51275611  4.        
 7.40035295  7.40530396 -7.06933594  5.        
 0.52884698  4.15273285 -8.16784668  6.        
 6.289711    7.0349431  -7.73794603  5.        
 1.98138404  5.15369415 -8.79244995  5.        
  5.31469011 -10.28521729  -6.99359083   2.        
6.87422895 7.46985579 8.65911865 3.        
-4.94402313  2.53372192 -3.70263696  4.        
-2.146492    2.20671105 -4.98095703  4.        
6.90184021 7.85766602 9.5161438  3.        
-3.21822405  2.68512011 -7.70098877  4.        
  5.4151001    7.44692993 -10.89620972   5.        
 8.32155609  8.82515717 -9.03268433  5.        
-1.71755195  5.40744019  7.72866821  3.        
-7.26026917  2.22855401 -1.20275903  4.        
 0.585922   0.349648  -4.3961792  4.       
-6.29615784  2.563133   -3.24505591  4.        
 1.56272101  1.40424299 -5.30871582  7.        
 5.11773682  6.57578993 -8.8694458   5.        
 1.71655297  3.42851305 -6.74105787  5.        
 3.32083106  1.894104   -6.39404297  5.        
0.51783001 6.54945421 7.66165209 3.        
 4.40483904 -6.92122698 -6.23770094  2.        
 4.01439714  5.39125776 -7.54446411  5.        
-4.44621992  2.47988892 -5.8812561   4.        
 2.3686831   0.85374498 -3.48706102  2.        
 1.05790699  4.96920013 12.80038548  3.        
7.27761793 7.45764208 6.19805908 3.        
-3.23019409  2.03661394 -1.08004797  4.        
  7.61319017   8.5402832  -10.53091431   5.        
 4.46053314  9.58547974 14.32025146  3.        
 -1.34671795   6.10777283 -14.72167969   6.        
-1.15072596  3.82107496 -7.84475708  6.        
 1.895172   -1.12586999 -5.09359694  2.        
 2.51602888 -0.48492399 -4.97586107  2.        
 2.9544301   8.28899384 11.33050537  3.        
 -2.53791094   6.11148119 -15.38708496   6.        
 3.61807203  0.50761402 -5.42898607  2.        
-3.37345099  1.94673896 -0.33044401  4.        
  6.97675323   8.36302185 -11.62567139   5.        
-1.794312    4.99339294  8.8664856   3.        
-8.03726959  2.30000305 -1.17718506  4.        
7.15353394 7.48558807 7.15551805 3.        
-0.07103     5.81684113  4.49917603  3.        
 7.01207685  5.83087206 -5.64096117  5.        
 -1.68666804   5.24576616 -12.08218384   6.        
-0.94606     5.77391815  5.14221191  3.        
 2.67858911  1.56276703 -4.33331299  7.        
-0.89794201  5.05308485  2.99267602  3.        
3.09429908 6.95936584 5.88742113 3.        
 3.83423591  6.07719421 -9.51974487  5.        
-4.56103516  1.97875202 -1.11779797  4.        
 3.96824598 -6.20606184 -6.8526001   2.        
2.92971802 5.17639208 1.98468006 3.        
 -4.04103088   3.56789398 -11.80816746   6.        
-1.19912004  4.90188599 10.20986938  3.        
  8.54785919   9.22299194 -10.11386108   5.        
-2.90771508  4.08109283 -9.81192017  6.        
 3.78066301  8.68167114 10.00091553  3.        
  3.82108307   6.12606812 -11.00027466   5.        
 4.16248322  8.32499695 14.76077271  3.        
2.80181098 7.34998322 7.67532396 3.        
 3.10376     4.56911516 -7.76660204  5.        
-1.97901106  4.52384186 -9.30453491  6.        
 6.70970201  8.99714661 11.42565918  3.        
 -3.06061506   5.26267195 -13.78421021   6.        
2.48091102 7.12049103 7.10024977 3.        
-8.42414093  2.78243995 -3.23251295  4.        
-5.25787306  2.61299109 -7.04702806  4.        
3.48860192 6.10912323 2.54147291 3.        
 8.20096588  8.00293732 -7.24685717  5.        
  1.21289098   4.51907396 -11.81085205   6.        
 1.22991896  0.277527   -5.55163622  2.        
-1.29029906  4.73599195 -9.97323608  6.        
 -1.20895398   5.45410204 -12.5715332    6.        
1.50667596 6.75997877 7.47070312 3.        
-4.10923004  2.43476892 -4.930511    4.        
-2.298141    5.27888489  5.53530884  3.        
 2.49257708  1.31185102 -2.61166406  2.        
 5.16169691  7.03501892 -9.94622803  5.        
1.83917999 7.38449097 9.32070923 3.        
 -4.71135712   3.11302996 -11.34207153   6.        
 7.7682271   8.1734314  -9.46096802  5.        
2.64868903 3.4516139  0.46621701 2.        
6.41802979 7.70165205 7.28164721 3.        
-0.93331897  1.65721905 -4.20764208  4.        
5.04333496 7.15021515 3.50765991 3.        
 4.11099195  2.6889801  -5.49124193  5.        
 1.42722297  4.72014618 -8.64544678  6.        
 1.36960602  1.61623394 -6.32879591  2.        
0.42311099 6.39141893 6.60067701 3.        
2.17344689 5.16031694 2.98519897 3.        
-0.43283799  2.58425903 -1.34362805  4.        
 4.33302307 -4.89437103 -6.08267212  2.        
 1.41172802  6.77131701 11.44345093  3.        
-1.51119196  2.58241296 -7.62487793  6.        
-6.52265215  2.61620307 -6.71884203  4.        
 6.17959595  7.77030897 -9.93869019  5.        
 2.49981689  1.76081896 -1.49710095  2.        
 3.91873908  9.12779236 10.94210815  3.        
 2.42511702  0.481354   -5.16766405  2.        
 -2.94446611   4.69632006 -11.29360962   6.        
  5.83923292 -10.37375641  -7.40200806   2.        
 2.76020789  6.19359589 12.99209595  3.        
-4.17436218  1.95542896 -0.102997    4.        
 3.16857195  5.50283003 -8.45883179  5.        
 2.76921105  6.84583282 13.55865479  3.        
 3.080513    2.43812609 -4.50360107  7.        
  1.25028205   4.67089081 -10.14608765   6.        
 6.70838213  7.82697296 -8.81906128  5.        
-2.60022712  2.30513811  0.453033    4.        
  0.57191497   5.00608778 -11.05767822   6.        
 8.06341457  7.37896013 -7.08947802  5.        
 1.80128503  4.42108917 -7.69134521  5.        
3.86302209 6.92177582 4.81610107 3.        
 3.4491961   8.60354614 12.80645847  3.        
-4.32778883  2.17865705 -2.48962402  4.        
 4.56130219  9.68764496 11.33465576  3.        
 8.79366302  9.12398529 -9.51321411  5.        
 2.95377398  0.27195701 -3.28420997  2.        
 3.76494598  5.19634295 -8.302948    5.        
 3.6649549   9.14935303 11.98086452  3.        
2.75258589 7.9107132  9.51345825 3.        
 6.00669909  7.17835188 -8.69412231  5.        
1.45387304 3.79690504 0.74356103 2.        
 3.71509504 -5.23644304 -5.86587477  2.        
 0.80804402  5.63210297 12.01989746  3.        
-6.35741377  2.30236793 -2.17388892  4.        
 2.41388702  3.10536194 -6.105896    5.        
 -3.16525292   4.46003008 -12.69857788   6.        
 3.19012499  4.56955004 -7.04547119  5.        
-0.09269     5.08691406 11.44085693  3.        
-8.23846436  2.53564501 -2.06445289  4.        
  4.4972229    6.63542891 -10.01611328   5.        
6.39841509 7.74966383 8.31976318 3.        
 3.06642199  5.73088789 -9.24462891  5.        
 3.69050598 -0.72560102 -5.71762085  2.        
 5.18572187  4.44554901 -5.58654785  5.        
  3.49289703   6.54173994 -11.41137695   5.        
 6.55647278  3.89019799 -4.38275194  5.        
 3.4293139   0.51866102 -6.05639601  5.        
 5.00171709 -6.60658312 -6.29397583  2.        
 0.114532    0.88613898 -4.48944092  4.        
 0.63497901  2.41310096 -2.04885888  4.        
4.65831804 6.58085585 2.662292   3.        
 4.63534498  9.00901794 14.8805542   3.        
 7.2202611   5.25226593 -4.91046095  5.        
-1.83988202  3.64599609 -7.90048218  6.        
 5.43079376 -7.6321559  -6.38360596  2.        
 -3.638695     5.60855913 -15.04229736   6.        
 2.61188507 -1.860062   -5.21484423  2.        
-1.53831506  4.35630798 -8.72341919  6.        
  7.89734697   8.93577576 -10.11721802   5.        
 2.62371111  2.44876909 -1.00598097  2.        
-5.7540822   1.96044898 -0.42431599  4.        
 -4.16384888   5.21711016 -14.70709229   6.        
 4.88349915  4.76240492 -6.71817017  5.        
-1.54853106  5.28572893  3.92193604  3.        
 3.0748601   8.47467804 10.25009155  3.        
-1.46549201  2.01348901 -5.31945801  4.        
2.30318403 7.32652998 8.34594727 3.        
 0.266563    1.13924396 -5.60437012  4.        
-0.55851698  1.76318395 -3.69528198  4.        
6.00917816 8.06958771 9.46185303 3.        
  0.122375     5.50895691 -13.12844753   6.        
 -3.85105109   3.11574602 -10.49133301   6.        
-1.50321996  2.01200891 -3.01040697  4.        
 4.16348982  0.342262   -5.84878492  5.        
 1.40251195 -0.64322698 -4.783813    2.        
 2.20088196  7.42107391 11.57031345  3.        
-4.76964617  2.44714403 -4.55514479  4.        
2.72909594 4.24363708 0.77117902 2.        
  5.53151703   7.8164978  -12.02566528   5.        
 6.61486816  4.55477905 -5.350739    5.        
 2.90573096  1.287094   -5.26644897  7.        
 -1.92256904   5.65621185 -13.68545532   6.        
-5.22997284  2.1582489  -1.45471203  4.        
4.46849108 8.26452637 8.51077271 3.        
 1.53010595  5.45145416 13.04754639  3.        
 0.79208398  2.5542829  -6.58935499  2.        
 4.69021606  2.66400909 -4.66159105  5.        
-0.73707598  6.02508497  6.79833984  3.        
 2.05277991  6.84717607 12.52038574  3.        
-0.077133    4.27986908 12.30218506  3.        
1.94538903 4.64096785 1.83029199 3.        
 1.93672204  5.26316786 13.87179565  3.        
 3.27857995  2.4937129  -6.08673096  5.        
 5.78060913  3.84909797 -4.90600586  5.        
 -1.20452905   5.31714582 -14.60861206   6.        
4.22994184 7.51590014 6.46679688 3.        
 4.12525892  3.00117493 -6.18481398  5.        
 4.65328217  5.76911879 -8.70745754  5.        
 3.98210907  4.18824005 -6.87374878  5.        
 4.81689501  3.62804389 -5.74942017  5.        
3.83270311 7.11174822 5.48178101 3.        
 3.80250597  5.89479113 -8.72640991  5.        
 2.79764605  5.04173279 -8.02810669  5.        
 3.02905989  3.66983008 -6.37426805  5.        
 7.62240601  6.78533888 -6.11431885  5.        
3.32061791 7.75530195 7.60257006 3.        
7.34833479 7.50457001 8.03952026 3.        
-0.66491699  1.74819195 -6.16058397  4.        
 5.43870497  5.21099806 -6.04772902  5.        
3.60440803 7.57825518 6.68130493 3.        
-2.62898993  2.55999804 -8.77716064  6.        
 4.70518494  5.51894379 -8.06072998  5.        
 1.01966095  4.07457685 -7.53112793  6.        
 8.78947544  7.22941589 -6.26568604  5.        
-6.42667389  2.67968798 -5.42987108  4.        
4.90026903 7.43127394 5.39178514 3.        
 3.8850019   1.64172399 -5.11569214  5.        
 3.96144104  9.28692627 13.28994846  3.        
-0.064178    2.19128394 -2.26040697  4.        
3.407974   6.42790985 3.81399488 3.        
 3.52070594 -4.60536194 -6.13622999  2.        
-0.30212399  5.84374189  9.69915771  3.        
6.03404188 7.55927277 6.28134203 3.        
-5.98235321  2.64816308 -6.37640381  4.        
 3.25973511  6.5355072  14.81933594  3.        
-7.10306501  2.66542792 -4.37692308  4.        
 -0.458435     5.46669006 -12.03387547   6.        
0.45765701 5.50802612 3.67804003 3.        
3.13480401 6.02604723 3.08898902 3.        
 2.73469496  4.06034803 -6.78839111  5.        
 1.42524695  2.87833405 -6.66622877  2.        
-1.04705799  2.01518989 -6.58389282  4.        
-1.16715205  5.7033391   7.90142822  3.        
 1.86798894  5.41181183 -9.68978882  5.        
4.92470503 7.30048418 4.76147509 3.        
  5.95120192   7.16861677 -10.84933472   5.        
 4.80144501 -8.16572571 -6.60830688  2.        
-0.34017199  6.23013306  7.59689283  3.        
 5.66738081  5.2731781  -6.64337206  5.        
  5.65505219   7.51657104 -10.32867432   5.        
-5.61337996  2.64317298 -3.78585792  4.        
 3.04777503 -0.921875   -4.79727221  2.        
 4.41537523  5.92421007 -9.56796265  5.        
  3.51605201   6.14585114 -10.33245754   5.        
0.88200402 6.74982405 8.6590271  3.        
 3.913445    9.69087219 12.30102539  3.        
 6.18962908  8.51210022 10.51800537  3.        
  0.70132399   5.23940992 -12.27062988   6.        
7.65192413 7.39017487 9.24621582 3.        
 -3.73966193   3.9184649  -11.32418823   6.        
 0.71766698  6.57154083 10.28964233  3.        
6.89861298 7.23162079 5.67144823 3.        
-6.80076599  1.87988305 -0.27569601  4.        
 4.89744616 -8.29992676 -5.83590698  2.        
-0.63777202  4.46241808 -9.20620728  6.        
 0.39773601  3.13026404 -7.2131958   6.        
-7.34264421  2.53806305 -2.50952101  4.        
 8.63484192  8.03792572 -7.76751709  5.        
 -2.92127204   5.52651215 -14.3260498    6.        
 3.79809594  7.3003459  15.49597168  3.        
1.41985297 5.89090014 4.90356398 3.        
-0.642479    5.95409393  5.715271    3.        
 1.03099096  3.59529901 -7.11538696  6.        
-1.81168401  5.45478821  5.14587402  3.        
 5.41484118 -8.45027924 -6.7696228   2.        
 3.07529497 -2.80767798 -5.86392212  2.        
-7.13709307  2.76405311 -5.85388184  4.        
 2.49740601  5.74058485 -9.87039185  5.        
 3.2271421   7.36353302 14.0531311   3.        
-2.24362206  5.15305281  7.55648804  3.        
4.09957886 6.64668989 2.84521508 3.        
 1.957672    1.80954695 -2.63357496  2.        
 5.88843489  7.45180511 -9.48040771  5.        
3.59096503 8.20999146 8.38900757 3.        
 7.82221985  7.88254499 -8.23864841  5.        
 3.94077301  8.51185608 14.07217407  3.        
0.015182   5.21884203 2.86959791 3.        
 3.95079803 -3.61006188 -5.86059618  2.        
 4.50608778 -6.081604   -6.56137085  2.        
-2.20550489  2.15874505 -3.5027771   4.        
 3.06163812 -1.50041997 -5.45306396  2.        
 0.11834     3.75703406 -8.02243042  6.        
-2.7821269   3.61357903 -9.47839355  6.        
-3.87286401  1.95291901 -1.30145299  4.        
 0.128952    5.00286102 -9.87460327  6.        
4.4018631  6.98319197 3.94952393 3.        
  5.29225922   7.53987122 -11.48904419   5.        
 7.81748199  5.30179596 -4.89679003  5.        
2.48268104 5.76071882 3.9529109  3.        
 -2.26505995   5.93959808 -14.82064819   6.        
  7.39375305   8.49879456 -11.07006836   5.        
0.79841602 6.75791216 9.46450806 3.        
2.60517907 5.6029129  3.36557007 3.        
-0.77157599  4.44172716 11.33322144  3.        
2.85346198 3.96063995 0.193115   2.        
-4.59525299  1.84030902 -0.55279499  4.        
 3.46277595  8.90687561 11.34783936  3.        
 5.87553406  3.08860803 -4.37994385  5.        
-5.11081696  2.52368212 -5.67611694  4.        
  6.84378099   8.37520599 -10.01226807   5.        
-2.55058289  2.37609911 -6.39562988  4.        
 2.84417009  8.18540955 12.052948    3.        
 0.42447701  4.6047821  -9.27880859  6.        
-8.70891571  2.84133911 -3.97213793  4.        
-0.719612    5.12698412 10.44976807  3.        
4.35735321 7.12614393 4.59207201 3.        
-7.05544996  2.38682604 -2.00442505  4.        
 -3.98297906   4.3454442  -12.40164185   6.        
-3.34633589  2.49520898 -8.34768677  4.        
  4.55654907   6.54356384 -11.28042603   5.        
 1.47473097  7.12428999 10.33068848  3.        
1.04486799 4.95825195 2.40356398 3.        
0.32913199 5.99954224 4.88525391 3.        
 8.67253113  6.83348083 -5.34106398  5.        
 2.11936903  7.61935377 10.54107666  3.        
-0.21328001  5.411201   10.78561401  3.        
 4.11702681  9.16549683 13.88882446  3.        
 -0.30544999   5.29484606 -10.70513916   6.        
-7.18165588  2.639534   -3.21652198  4.        
  5.5206151  -10.22980499  -6.46136522   2.        
2.55734992 3.09336805 0.028107   2.        
 4.13205004  2.10240197 -5.58007812  5.        
 4.2513051   4.34996796 -6.36624193  5.        
-5.98379517  2.45262909 -2.717834    4.        
-3.71186805  1.84711504  0.23632801  4.        
 4.40948486  5.2772522  -7.13598585  5.        
 7.18866014  7.61384583 -7.76925707  5.        
  0.70804602   4.82121277 -10.42666626   6.        
 2.98257494 -2.31097388 -5.19152784  2.        
-8.36826324  2.80865502 -4.63925219  4.        
-1.757622    2.21678209 -6.04745483  4.        
-2.14495111  4.47779799  9.49517822  3.        
 1.29965198  6.09124804 12.23312378  3.        
  6.38710785   7.7961731  -11.68240356   5.        
-2.07574511  2.95716095 -7.61444092  6.        
 5.87902117  4.05397797 -5.42825317  5.        
 7.87548113  6.03231812 -5.1663208   5.        
4.26447296 7.99921417 7.56841993 3.        
 6.93672895  6.40836287 -6.92098999  5.        
 5.45923615  6.65042877 -9.52288818  5.        
 -0.59254497   5.33725023 -14.13327026   6.        
-0.66277301  4.89415693 -9.73696899  6.        
3.68796492 8.59260559 9.32745361 3.        
-5.2309041   2.57449293 -4.93023682  4.        
 -2.80184889   5.0610199  -12.74545288   6.        
-2.55361891  4.67832184  8.19802856  3.        
  4.43735504   7.1885829  -11.68026733   5.        
 5.61785078 -8.89937592 -6.12106323  2.        
-0.48284101  2.36192298 -0.16802999  4.        
 5.71129608  6.25469208 -7.20303297  5.        
 -5.09507799   4.08272505 -13.1038208    6.        
 0.41838801  1.84967005 -3.08236694  4.        
-1.37461805  5.70714617  7.30499315  3.        
 0.076653    2.35526991 -0.97543299  4.        
 2.58557892  5.59660292 13.68838501  3.        
0.61162603 6.53908491 8.21496582 3.        
 2.76059008  8.22702789 10.72622681  3.        
 2.56777906 -0.88038599 -4.51077318  2.        
5.63548994 8.28248596 8.94793701 3.        
 0.55825001  1.40324402 -3.63198805  4.        
1.57172406 5.28105879 3.28805494 3.        
 5.20643616 -9.75231171 -6.86206102  2.        
 7.2409668   8.32919312 -9.36230469  5.        
1.480492   6.52504683 6.66372681 3.        
2.586555   4.63401794 1.78173804 3.        
 3.81219506  7.53968811 14.55691528  3.        
 0.68254101  5.86298418 11.51046753  3.        
-0.83949298  5.71680498  8.74389553  3.        
 2.84236908  3.42294312 -0.76089501  2.        
 5.45453596 -8.97094727 -7.09808397  2.        
  6.51885986   8.21710205 -10.53005981   5.        
 0.89153302  0.088272   -4.82397509  2.        
 6.50176191  6.54941607 -7.57663012  5.        
1.87603796 4.24146318 0.95529199 2.        
-0.73374897  3.68740106 -7.50268602  6.        
-4.15074205  2.299896   -3.5344851   4.        
5.52544403 7.335495   4.43563795 3.        
3.16163611 7.34438276 6.44387817 3.        
 2.42556     4.71843004 -7.71115112  5.        
-0.18310501  3.43286109 -6.72647095  6.        
 0.29518899  6.09254503 10.4515686   3.        
 3.16339111  1.03505695 -2.43212891  2.        
 2.96688104  1.84610796 -3.67013597  7.        
-2.1337049   2.22454095 -0.533966    4.        
2.61766005 6.71283722 5.66079712 3.        
 6.31829119  4.84038496 -5.71508789  5.        
0.83705902 6.20175219 5.64578295 3.        
 -1.815575     5.93544006 -14.46710205   6.        
0.09375    6.21684313 9.31665039 3.        
 2.02023292  1.42587304 -6.07696486  2.        
1.97467804 5.8758769  4.82958984 3.        
 0.043579    1.31821406 -4.02789307  4.        
 7.09637403  7.47030592 -8.53939819  5.        
 0.586281    4.93959093 12.44189453  3.        
 -4.23133802   4.88294983 -14.12695312   6.        
 5.3442378  10.29920959 12.62756348  3.        
 6.74143982  8.32633209 10.43640137  3.        
 7.32969713  4.53274488 -4.47045898  5.        
-2.61434197  2.06438494 -1.29196203  4.        
3.89461493 6.67604113 3.55429101 3.        
-6.87410021  2.11902595 -0.83123797  4.        
 4.75223494 10.20967865 11.57284546  3.        
 2.10353804  3.79977393 -6.96069288  5.        
-0.19371     5.58349609  3.98355103  3.        
 4.15129089  5.66529799 -9.16558838  5.        
1.79421997 4.90336609 2.28518701 3.        
 3.83694506 -5.82263994 -6.42837477  2.        
 -1.924438     4.74913788 -10.4624939    6.        
 -3.541435     2.99566698 -10.03717041   6.        
 1.26422095  1.50587499 -5.80526686  2.        
1.51424396 7.09282684 9.66992188 3.        
-1.16448998  2.49183607 -0.280334    4.        
-5.56749678  2.75534797 -7.47180223  4.        
 2.07668304  0.459526   -5.64279222  2.        
-4.75836182  2.44483995 -6.32589722  4.        
 5.15251923 -8.76089478 -6.40771484  2.        
 5.08490705  5.72631788 -7.17507887  5.        
-8.76791382  2.41909003 -2.13140893  4.        
 6.16893005  6.60926819 -8.17584229  5.        
 2.30426002  7.24816895 12.23306274  3.        
-0.146111    6.10670519  8.61322021  3.        
 2.76085711  6.00725603 14.21643066  3.        
 4.70181322  6.04712677 -8.18807983  5.        
-3.34036994  2.06372809 -2.13888597  4.        
-3.27629805  2.38666511 -4.02627611  4.        
 3.02878594  0.83562499 -3.33926392  2.        
 5.3680501   6.51405287 -8.31524658  5.        
-3.15313005  3.03833008 -9.44863892  6.        
 2.69004107  5.45243788 -8.91903687  5.        
 1.94099402  4.38484192 -9.65139771  5.        
 3.68751502  3.78025794 -6.34268188  5.        
  0.29356399   5.27853394 -11.56448364   6.        
 -3.22060394   4.68285418 -11.76022339   6.        
2.29640198 3.59407806 0.072845   2.        
1.731354   6.2793808  5.82211304 3.        
7.17031908 7.62397814 9.08551025 3.        
 2.39393592 -0.96684998 -5.36746216  2.        
5.06996107 8.72784424 9.44805908 3.        
-5.80978394  2.5844121  -4.60412598  4.        
0.50901002 5.32998705 3.17001295 3.        
-6.3012538   1.87551105 -0.03067     4.        
-2.10095191  5.21890306  4.4656682   3.        
-2.76181006  2.93150306 -8.40823364  6.        
 4.76028395  4.84092712 -6.19824219  5.        
6.0260849  7.537117   5.24545288 3.        
 4.04844713  7.87766981 15.56942654  3.        
 5.85289812  8.46893311 10.10055542  3.        
2.28778791 7.7396698  9.81716919 3.        
6.25911713 7.76039124 7.79205322 3.        
  0.91774797   4.59637403 -11.36889553   6.        
-2.66918206  2.25288391 -7.64465284  4.        
 1.99045599  1.55108595 -1.41586304  2.        
 6.18959093  5.39771318 -5.71688795  5.        
 1.02397203  4.72508192 -9.36700439  6.        
-0.102547    4.97389221  1.96972704  3.        
-1.68206     2.04433393 -3.51803589  4.        
 1.55928802  6.54145813 12.08453369  3.        
 2.10332489  1.09546697 -5.3649292   2.        
 2.39341688  3.04763007 -0.48623699  2.        
-0.85871899  1.73010302 -5.63116503  4.        
 -0.91661799   5.75418806 -14.04995728   6.        
 -2.40142798   5.0659709  -12.09262085   6.        
 1.98365796  6.24961901 13.00231934  3.        
 6.1469121   3.53594995 -4.58129883  5.        
 4.20785522  3.78461504 -5.92761183  5.        
-7.57772112  2.66640496 -3.95098901  4.        
-0.791565    1.92770398 -3.14282203  4.        
 -2.03712511   5.43656206 -13.06246853   6.        
 7.0176158   6.59551191 -6.431427    5.        
 4.91716814 10.74456024 12.15927124  3.        
-4.26608276  2.59905195 -7.56536913  4.        
 6.29444122  5.83493805 -6.7746892   5.        
  2.6059041    6.14553118 -10.98703003   5.        
-1.08359504  2.18605804 -1.79724097  4.        
 2.4637301   1.65303004 -2.18313599  2.        
 4.77928877 -7.19001818 -6.52023315  2.        
 6.85613298  4.20615387 -4.83093309  5.        
 2.65638709  1.17959595 -3.09530592  2.        
 5.01962996  6.07767487 -9.01220703  5.        
 2.92006707  3.06607795 -6.27691603  5.        
-0.77602398  2.11657    -7.02365112  4.        
 -3.4878459    4.48690796 -13.30044556   6.        
1.299263   6.21608686 5.39602709 3.        
1.61471605 6.99993086 7.92559814 3.        
 -3.53742194   5.05145979 -13.84402466   6.        
1.61396003 4.56106615 1.43151903 2.        
 5.74972486  6.0306778  -7.68362379  5.        
3.51639605 6.61956787 4.56430006 3.        
  0.58962297   5.47085619 -13.48077393   6.        
 5.28197479  9.69750214 10.78530884  3.        
5.80749512 7.17947388 3.42739892 3.        
 3.53073907 -3.20499396 -5.42349195  2.        
 7.85703993  8.7954874  -9.60891724  5.        
 8.38158417  7.15068007 -6.58706713  5.        
 2.10649109  0.95864099 -2.90643311  2.        
 4.42205095  9.41091156 10.68765259  3.        
  0.748245     4.88710785 -12.79464722   6.        
2.02391791 5.56700087 4.11111498 3.        
  7.44349718   8.99988556 -10.75854492   5.        
-5.20158386  2.19066596 -1.97525001  4.        
 4.65429688  2.7077179  -5.27328491  5.        
 2.86396098  0.97772199 -4.21188307  7.        
 7.01504517  4.887321   -5.30844116  5.        
 4.69354296 -6.78523302 -5.8250432   2.        
 -3.25488997   3.8182981  -10.27307129   6.        
 3.65702105  5.67459106 -9.79937744  5.        
-1.09555101  3.19573212 -7.3321228   6.        
  5.31402588 -10.76373291  -7.19915819   2.        
 4.7299962  10.40074921 13.6678772   3.        
 -4.49630022   3.29689002 -11.77908325   6.        
  0.208618     5.4587779  -12.59359741   6.        
 3.76620507  4.88713121 -7.80758715  5.        
 8.14350128  8.51880741 -8.40182495  5.        
2.97206092 6.38093615 4.84179688 3.        
 4.73483992  6.4707489  -9.20428467  5.        
  7.1833272    8.213974   -10.37039185   5.        
 4.70097303 -5.82554579 -6.15396118  2.        
-2.36373901  3.36414289 -8.63851929  6.        
 7.24832201  6.96563721 -7.29772902  5.        
 3.74883294  4.70552778 -6.88549805  5.        
 3.43394494  1.04209101 -5.61791992  5.        
-6.02011919  2.70141602 -5.84481812  4.        
1.94346595 7.40509796 8.81506443 3.        
 -3.47711897   4.62792206 -12.2336731    6.        
-2.52066803  4.37179613 -9.63220215  6.        
-5.40106201  1.88291895 -0.024658    4.        
  1.409073     4.28073883 -11.05441284   6.        
5.47080994 7.76261091 7.21652222 3.        
-2.51200891  2.77287292 -7.81655884  6.        
 -4.69756317   3.79103804 -12.95779419   6.        
 3.75524092 -2.53292108 -5.69287109  2.        
 3.20883894  8.44297791 12.38180542  3.        
 4.21512604  5.25039721 -7.99569702  5.        
 5.44300079  5.74733686 -6.78057909  5.        
  6.07331896   7.85844421 -11.27142334   5.        
-2.35845208  2.2028811  -0.02533     4.        
 3.07520294 -0.42804    -4.93356323  2.        
 8.84688568  8.18814087 -7.02294922  5.        
2.71238708 4.35110521 1.29003894 2.        
0.84155297 4.85964203 1.66516101 3.        
 3.8342669  -4.23485613 -5.56109619  2.        
0.91316998 5.89956713 4.56918287 3.        
-3.4271009   1.95526898 -1.54715002  4.        
 -4.82804108   3.36209106 -12.3921814    6.        
 2.59189606  7.86322784 11.53015137  3.        
 -0.85769701   5.50110579 -13.01351929   6.        
 3.65848494  2.81055403 -6.39624023  5.        
0.96120501 5.20513916 2.97634912 3.        
3.99634504 6.12114716 2.29559302 3.        
 8.21842957  6.76429701 -6.27136183  5.        
-2.73503089  2.31259203 -5.67041016  4.        
1.60466802 5.53847504 3.72393799 3.        
  7.79483795   9.07860565 -11.3739624    5.        
 3.60009003 -1.751701   -5.40960693  2.        
-1.77589405  2.35342407 -7.07260084  4.        
  4.24662018   6.18806505 -10.66696167   5.        
  4.91098022   6.97950697 -11.72579956   5.        
 2.21102905 -1.49301898 -5.35272217  2.        
 6.04960585  6.90959215 -9.11907959  5.        
2.84655809 7.75879717 8.73187256 3.        
-2.39569807  2.16774702 -2.32251     4.        
 4.5029912   5.62612104 -7.59094191  5.        
4.61694288 7.67022705 6.74777222 3.        
-2.18790388  2.17968011 -4.46456909  4.        
 1.28526294 -0.16752601 -5.06286621  2.        
 7.54406691  5.85957289 -5.78491211  5.        
 3.84099603  0.80747998 -5.8442688   5.        
5.24977112 7.90051985 7.65753222 3.        
 4.23745012  4.942276   -7.52276611  5.        
1.053406   5.6443181  4.10067701 3.        
 8.37100983  6.37432909 -5.67248487  5.        
 4.88828993 10.67536926 13.21487427  3.        
 2.62371111  0.13524599 -4.06979418  2.        
 1.98560297  5.00100708 -9.35247803  5.        
 -2.79335809   4.91558123 -13.54220581   6.        
 5.28116608 -6.93165588 -5.72039795  2.        
 0.853302    3.12499189 -7.50781202  6.        
 4.27888489 -6.52699995 -6.55355787  2.        
-1.48736596  1.95761096 -4.1257019   4.        
 5.73788404  4.62014818 -5.92828417  5.        
 2.34182692  2.28594995 -1.38430798  2.        
1.54368603 3.43330407 0.41397101 2.        
-6.16421509  2.12104797 -1.75177002  4.        
2.33401489 3.9201889  0.92211902 2.        
 3.68327308  7.22319794 14.99261475  3.        
-2.9012599   2.06564307  0.027863    4.        
3.766289   7.84449816 7.36908007 3.        
 1.71530199  2.04152703 -6.33017015  2.        
4.41240692 8.4611969  9.01144409 3.        
-0.439262    5.80948591  4.83264208  3.        
-0.429214    4.04564714 -8.43106079  6.        
-0.039551    4.68669891 11.91262817  3.        
 6.6517868   7.54658508 -9.60299683  5.        
 4.5609889  -6.40348816 -6.16412306  2.        
 6.1723938   4.42403412 -5.15777588  5.        
 8.64640808  8.81884003 -8.65826416  5.        
-0.130913    1.64897203 -6.30371094  4.        
-0.072502    1.91275799 -3.06167603  4.        
 8.17381954  8.35426331 -9.06433105  5.        
-8.91697693  2.7089231  -3.14446998  4.        
 3.42166901  4.88314819 -7.42309618  5.        
 2.36526489 -1.94586205 -5.6338501   2.        
-1.20268297  5.45427704  4.31784105  3.        
-0.68743098  1.45738196 -4.58581495  4.        
 8.63312531  8.50086212 -7.93807983  5.        
 -2.14012098   4.97793579 -11.13980103   6.        
-8.49890137  2.68093896 -2.65548706  4.        
-0.347839    1.39527905 -5.48400879  4.        
7.78961897 7.28460693 6.63857985 3.        
4.20429993 8.20743561 8.06713867 3.        
-0.195877    6.15257978  5.77105713  3.        
 3.38849592  4.11434221 -7.03619385  5.        
6.15281677 7.49059296 4.15615797 3.        
-6.62943316  2.64971209 -4.2460022   4.        
  2.07930803   5.70812988 -10.12597656   5.        
-5.60074615  2.58766198 -6.67901611  4.        
 2.76017809  2.61135101 -6.07318115  5.        
3.0444181  5.52128601 2.39559889 3.        
 -1.68788898   5.36656904 -12.62051392   6.        
 2.91790795  0.67105103 -5.03302002  7.        
 6.27116394  6.62459612 -7.15362597  5.        
-1.18105304  4.12564087 -8.26464844  6.        
 8.69126129  7.21269178 -5.7380681   5.        
 4.71058607  6.27954102 -8.69519043  5.        
0.86981201 6.48921204 6.4344182  3.        
 4.26338196  6.08374023 -8.51208496  5.        
  4.85665083   6.44522905 -10.28277588   5.        
-1.11657703  5.17837477  9.73351955  3.        
6.63196611 7.43519592 4.61480713 3.        
 -2.4839251    4.48949385 -10.29067993   6.        
-1.54861498  4.56531477 10.23425293  3.        
 7.51313019  7.98041487 -7.87689209  5.        
 7.08877611  5.35143995 -5.62838697  5.        
-5.11926985  2.37975311 -3.23336792  4.        
-1.69023895  5.17502594  8.41897583  3.        
 1.89189196  4.59214783 -8.59115601  5.        
-2.53961205  2.41546607 -6.878479    4.        
-1.53922296  2.18464708 -6.48425293  4.        
 6.15856218  9.77519989 11.91629028  3.        
-0.58264202  5.30753279  3.32333398  3.        
 5.35461378  3.55456495 -4.92031908  5.        
-5.47643995  2.36594391 -2.66934204  4.        
-2.20137     5.29718018  6.6564641   3.        
 3.99502611  5.45413208 -8.67144775  5.        
 5.12664795  3.43626404 -5.39358521  5.        
 3.998703    1.614151   -5.84451294  5.        
 2.04026008  4.2196579  -7.27774096  5.        
 6.74254608  7.97120714 10.02929688  3.        
6.59358215 7.46138    6.08859205 3.        
-5.59176588  2.03445411 -0.91104102  4.        
-1.77030206  2.11399794 -2.31958008  4.        
 1.574471    4.5906682  -8.11297607  5.        
-2.57531691  2.13761091 -3.02951097  4.        
 2.94293189  1.76877606 -1.68792701  2.        
 1.87836504  3.17807007 -0.70480299  2.        
  0.154816     5.2569809  -11.00650024   6.        
7.45558882 7.1110692  7.17132616 3.        
-6.26945496  2.06752801 -1.12158203  4.        
 4.31226397  4.63986206 -7.10443115  5.        
 -3.99317908   4.56375122 -13.23529053   6.        
-0.82001501  2.11610389 -2.39321899  4.        
5.25962114 8.19503021 8.39556885 3.        
  5.75380707 -10.037323    -7.07083082   2.        
 6.20815277  9.37853241 11.14642334  3.        
-1.092278    5.78554487  5.94390917  3.        
-3.62540388  2.54254198 -6.72369385  4.        
0.337387   6.16826582 5.3336792  3.        
-4.04480696  2.17105103 -3.0853579   4.        
-2.57304406  2.28425598 -4.77752686  4.        
0.96467602 6.6361618  7.43984985 3.        
 4.72087097  4.35488892 -6.4594121   5.        
 8.21056366  7.60276794 -6.69281006  5.        
 6.38256788  7.73792982 -9.25543213  5.        
7.22613478 7.48419905 6.67300415 3.        
 2.77378106  0.49146301 -3.68405104  2.        
-3.2862401   2.16524506 -3.22409105  4.        
 5.13602495  4.16363478 -5.98788404  5.        
 -3.3077929    5.51530504 -14.69992065   6.        
 0.95242298  6.37928009 11.18048096  3.        
  1.38243902   4.3838582  -10.50378418   6.        
 -4.5618968    3.73146796 -11.96514893   6.        
 -3.4471209    3.88026404 -10.86044312   6.        
 4.97492981 -7.72462511 -6.66259813  2.        
-4.26637983  2.48922706 -5.37759399  4.        
 5.14510393  5.16917419 -7.08026123  5.        
  6.8188858    8.37651062 -11.11367798   5.        
 2.95406294 -2.76363397 -5.33599806  2.        
 2.7156601   7.8235631  12.48062134  3.        
-1.37583196  5.58084917  4.96530104  3.        
7.5051651  7.05548096 8.02267456 3.        
 7.14650679  7.94548798 -9.6272583   5.        
 3.77897596  8.99797821 10.5071106   3.        
 0.345222    0.56323999 -4.75018311  2.        
 0.69914198  4.85944414 13.09143066  3.        
 0.25335699  4.62983704 12.3053894   3.        
0.31455201 4.88005114 2.355896   3.        
 3.38143897 -3.8007741  -5.55981398  2.        
1.94104004 6.64294386 6.45922899 3.        
  4.7543869    6.89504194 -10.61621094   5.        
 6.03540802  6.29404497 -6.84939623  5.        
 5.57498884 -9.52875519 -6.2338872   2.        
 8.9118042   7.72076416 -6.45913696  5.        
0.055702   6.24793196 6.28308105 3.        
 -2.599617     5.52249908 -13.95211792   6.        
 2.00814104  1.51003301 -5.57309008  2.        
 1.16636705  4.78855085 13.31588745  3.        
 2.70820594  0.36077899 -4.47686815  7.        
-1.39759099  5.16662598  9.21902466  3.        
2.58764601 5.18144178 2.70733595 3.        
 -0.277542     5.67072296 -14.24197388   6.        
 -3.5828321    4.66901398 -12.82739258   6.        
-1.15779102  2.47213793 -0.97650099  4.        
 2.98574805  5.37599182 -9.54327393  5.        
4.58356524 8.8411026  9.98104858 3.        
4.97280121 7.538239   5.98278809 3.        
 6.54138184  8.63578796 11.05374146  3.        
  8.2861557    8.93102264 -10.37997437   5.        
 6.24278307  5.48870087 -6.42804003  5.        
 2.16154504  2.44520593 -0.92532301  2.        
-3.50733995  2.40105391 -4.98306322  4.        
 0.57485199  2.01534295 -1.80831897  4.        
-6.84897614  2.8009491  -6.42788696  4.        
6.68246508 7.47138214 5.33184814 3.        
-2.12834907  4.24269104 -8.81893921  6.        
 4.10425615  6.28761292 -9.83847046  5.        
 3.26589203  7.82141876 13.76821899  3.        
 2.14722395  0.109962   -5.340271    2.        
 6.64794922  6.90679884 -8.0218811   5.        
-7.75498199  2.26334405 -0.77276599  4.        
-2.49278998  2.19129896 -3.86978197  4.        
 1.05028498  4.35452318 -8.49453735  6.        
 -0.204529     5.54197693 -13.49984741   6.        
 4.97923279 -8.64605713 -6.87518311  2.        
 5.55255079  9.29107666 10.82009888  3.        
 -4.10879517   3.97853088 -12.01889038   6.        
-0.150352    4.61006212 -9.00396729  6.        
-1.94808197  3.42084503 -8.29406738  6.        
  7.2135849    8.72267246 -10.36212158   5.        
 -0.157295     5.16025496 -10.2833252    6.        
 -4.42757416   4.18525696 -12.64266968   6.        
 3.78023505  5.57817793 -7.96588087  5.        
 2.04386902  1.36534905 -2.41241503  2.        
3.37009406 7.92828417 8.03122044 3.        
2.75563788 6.10361481 4.10656691 3.        
 5.37692308  6.30123091 -7.90267897  5.        
-7.60123396  2.79292297 -5.24734497  4.        
 -0.69236797   5.43189192 -11.54476929   6.        
 1.45954895  4.09659576 -7.67733812  5.        
 5.12825823  5.56304884 -7.72445679  5.        
-6.4823842   2.60359192 -3.70886207  4.        
 5.9575119  10.29102325 12.07873535  3.        
 4.24610901  8.12262726 15.23001099  3.        
 6.73831177  7.29821777 -8.77670288  5.        
 -1.984375     5.09198809 -11.76275635   6.        
 3.106148    7.91567993 13.30880737  3.        
 8.75502014  8.76539612 -9.18258667  5.        
 3.15073395  2.07848406 -1.01077294  2.        
 0.40685999  5.42935896 11.68197632  3.        
 3.07763696 -3.34682488 -5.92190599  2.        
-3.66372705  2.07932305  0.63262898  4.        
 0.384857    4.37358093 -8.69699097  6.        
 -3.23802996   4.22426605 -11.71350098   6.        
 4.26317596 -7.008461   -6.66769409  2.        
 5.40841722  3.15501404 -4.6156621   5.        
 7.45815992  4.86785078 -4.82348585  5.        
-1.18177795  5.81112719  6.85479689  3.        
 -4.8977809    4.37018585 -13.44927979   6.        
3.33434296 6.98457289 5.49304199 3.        
-0.974823    4.80644178 10.69747925  3.        
-8.06176758  2.40324402 -1.66156006  4.        
 4.50380707 10.35194397 12.01437378  3.        
 4.66398621  9.50874329 14.72436523  3.        
 5.06040907  6.78395081 -9.34024143  5.        
-3.696594    2.69380903 -7.70645094  4.        
-1.73061395  4.62706804 -9.74728394  6.        
-4.09258318  2.5045321  -6.72918701  4.        
 3.54827094  5.88600922 -9.21826172  5.        
0.093491   6.3847661  7.61731005 3.        
  6.4575119    7.50205994 -10.18295288   5.        
0.33390799 6.37010193 8.57406616 3.        
 5.27163696  4.91030121 -6.51135302  5.        
-2.84284902  2.55387092 -7.34805298  4.        
 2.85159302  2.06480408 -6.25930786  5.        
-7.84424591  2.50164008 -2.29263306  4.        
 4.50472307  6.13088179 -9.99197388  5.        
 6.11460876  7.06233215 -8.16000366  5.        
  5.2712779    7.2084198  -10.51464844   5.        
0.38460499 6.4906621  7.1063838  3.        
1.17145503 4.54001617 1.54159498 2.        
-1.04907203  1.75110602 -4.80181885  4.        
 2.72550201 -0.51494598 -5.50470018  2.        
 -3.78281403   3.50696611 -10.77264404   6.        
 5.5707469  10.54275513 11.83746338  3.        
2.01920295 6.84439087 7.35919189 3.        
 6.77954912  6.05855608 -6.1121521   5.        
-1.82816303  2.19352698 -1.42785597  4.        
  3.00514197   5.97462511 -10.28979492   5.        
 7.22663116  8.10285854 10.75137329  3.        
 2.31172895  5.04828596 -8.45141602  5.        
 5.73416901  6.80081892 -8.23419189  5.        
 5.352386   10.80527496 12.3291626   3.        
7.24841309 7.81494904 9.80667114 3.        
 5.3212738   3.05409193 -5.09387207  5.        
6.39562988 7.91759491 9.64489841 3.        
  4.02841997   6.4200058  -10.34384155   5.        
 3.60068488  8.39541626 13.7472229   3.        
2.53567505 6.74708605 6.15441895 3.        
 0.18225899  3.43802595 -7.60421705  6.        
 3.83928704 -5.271492   -6.34341383  2.        
 3.46786499  8.80489445 12.30114746  3.        
 4.79020691  3.95589399 -5.43920898  5.        
 6.59342194  5.28724718 -5.89019823  5.        
-0.65118402  5.66409302  9.4750061   3.        
-3.31201911  2.38954902 -5.71838379  4.        
 1.63296497  5.86535597 12.89816284  3.        
2.23086596 6.28860521 5.58017015 3.        
 -2.80815101   4.91266584 -11.76937866   6.        
 3.56985497  1.60140204 -6.15716505  5.        
 -2.78720903   4.62117815 -10.86990356   6.        
 6.94117689  7.68397522 -9.28509521  5.        
4.89299011 6.58485413 3.04776001 3.        
 4.1638341  10.07489777 12.28829956  3.        
 4.37799788  3.39453101 -6.08813477  5.        
 2.690063    7.20141602 13.20327759  3.        
-7.50674391  2.92995405 -6.16159105  4.        
 3.04586792  5.22170305 -9.0692749   5.        
 3.58724999  8.4675827  13.22079468  3.        
 3.58756304  5.64750719 -8.38305664  5.        
-3.76163507  2.42866492 -3.99893188  4.        
 6.68973494  7.37686205 -7.92510986  5.        
-0.477364    4.77817488 11.37939453  3.        
 0.935265    2.21024299 -6.8600769   2.        
5.36559296 7.16335297 3.0722661  3.        
 5.3614502   6.05725098 -7.43530321  5.        
-8.20735931  2.75658393 -3.63507104  4.        
 4.93093109  9.63050079 11.0559082   3.        
 -1.07552302   4.98539686 -10.31738281   6.        
-1.89965796  4.07076979 -8.40170288  6.        
  5.53290606   7.38470507 -11.90640259   5.        
 5.6446228  -9.7294693  -6.68890381  2.        
 5.65487719 10.04151154 11.17059326  3.        
 -3.96458411   2.95593309 -10.89398193   6.        
 1.34820604  2.23278093 -6.16043091  2.        
 4.57279205  3.95445991 -6.21679688  5.        
 6.8615799   6.04798889 -6.5508728   5.        
-1.64043403  5.64312696  6.5284729   3.        
 2.54450989  0.086342   -4.99819994  2.        
 3.13165307  7.10446882 13.67974854  3.        
 3.00215197  2.64640808 -4.02633715  7.        
 -1.39746106   5.98178101 -15.14587402   6.        
 3.996521    8.06881046 14.37664795  3.        
  6.5301671    8.20463562 -11.4057312    5.        
-0.33667001  2.38973188 -0.813721    4.        
 2.86238098  2.05483198 -4.31646681  7.        
 4.68715715  3.45146203 -5.32663012  5.        
 2.68712592  2.75099206 -0.68612701  2.        
 1.72206903  1.01952398 -5.64447021  2.        
 4.25195312 -4.93878222 -6.51742506  2.        
 0.83895099  5.30503893 12.45077515  3.        
 7.68473005  7.99334717 -8.83596802  5.        
 -4.12035418   2.67919207 -10.49481201   6.        
 0.61409801  2.92762804 -6.79046583  2.        
-5.57990313  2.64912391 -5.83285522  4.        
 -1.292274     5.29763794 -11.49523926   6.        
 5.20106506  9.17435455 10.32315063  3.        
 -0.77443701   5.48954821 -12.49264526   6.        
  1.08722699   4.16070604 -12.03829956   6.        
 6.37500811  4.95869493 -5.26251221  5.        
 -4.50709486   5.33503723 -14.96200562   6.        
 5.53429413  6.89104509 -8.76150513  5.        
 7.78197479  7.07807922 -6.87115479  5.        
  3.88031006   6.32886505 -11.39413548   5.        
 5.60243177  7.34032393 -9.92651367  5.        
-1.65156603  2.23643494 -1.86438     4.        
 4.59588623  5.10488081 -6.73870897  5.        
 3.46125793 -1.18575299 -5.40121508  2.        
 -1.23106396   5.63950396 -13.73077393   6.        
  5.94515181   7.88988495 -11.88983154   5.        
-0.227364    6.18888092  6.63174391  3.        
 3.84229302  2.78672791 -5.82757616  5.        
-0.45403299  6.1291728   7.12017822  3.        
6.33416796 7.16093397 4.4405818  3.        
 5.51379395  6.49040985 -9.04263306  5.        
-2.02769494  5.06971693  3.98025489  3.        
5.45694685 8.82445526 9.99633789 3.        
 3.81378889  4.27355194 -6.47589111  5.        
 6.8393631   7.19688416 -7.42153883  5.        
 7.13684797  8.08438873 -8.74832058  5.        
 -3.60537696   4.13619184 -12.3163147    6.        
  5.86065722 -10.3157196   -6.72677612   2.        
 3.94806695  3.43847704 -6.44967604  5.        
 4.27354383 -5.76059008 -6.07623291  2.        
-5.12867022  2.74402595 -7.45922899  4.        
 1.335289    4.68070221 -9.71578979  6.        
-3.3532939   2.51377892 -6.38095093  4.        
1.23693097 7.00041199 8.59960938 3.        
7.40438795 7.43000793 7.60571289 3.        
  1.05877697   4.88829803 -12.04095459   6.        
 2.39910889  5.01837921 -9.20950317  5.        
 1.12326002  1.90727198 -6.56958008  2.        
-8.85670471  2.78070807 -4.38519287  4.        
-0.31858101  1.16474199 -4.66073608  4.        
 0.02446     2.3268199  -1.82119799  4.        
-2.42581892  2.29184699 -5.30633497  4.        
-4.51390123  1.87997401  0.182556    4.        
 3.76198602  8.97757721 13.05413818  3.        
 5.49749804  4.29296923 -5.32098389  5.        
 7.08636522  4.36770582 -4.14764404  5.        
 7.6955409   6.36329603 -6.19857788  5.        
0.76737201 4.80231524 2.10488892 3.        
 3.840729    5.02397203 -7.31793213  5.        
 2.35222602  2.99052405 -6.5220952   5.        
-1.44673896  2.89725494 -7.23858595  6.        
-0.61782801  5.53544617  4.07018995  3.        
 5.78376818  6.33908081 -8.2166748   5.        
-7.55577087  2.64952898 -2.891083    4.        
 0.990547    1.65136695 -6.11776686  2.        
 3.42008996  8.75622559 10.40496826  3.        
-2.58841705  2.233742   -9.06228638  6.        
-5.94479418  2.61702704 -3.50518799  4.        
 4.4316411   6.35540819 -9.51257324  5.        
 6.31959486  7.4488678  -8.8274231   5.        
 6.28282213  7.26697493 -9.65289307  5.        
 -4.75479889   3.89559889 -12.40621853   6.        
-5.08440399  1.849998   -0.32019001  4.        
 2.41337609  6.39369202 13.3991394   3.        
4.12311506 7.220047   5.78564501 3.        
  3.978127     6.51019287 -10.82711792   5.        
 5.24861097 -9.2888031  -7.30932617  2.        
-0.41661099  5.23339081  2.90292406  3.        
 7.68191481  8.49368286 -9.18222046  5.        
-3.04779792  2.36807203 -4.58053589  4.        
-2.08879089  4.71637011  9.13818359  3.        
 4.73512983  4.90641022 -7.09860182  5.        
 8.6457901   8.94525146 -8.24414062  5.        
3.84856391 6.37428999 2.61416602 3.        
 5.29958296  5.82978106 -8.03131104  5.        
-5.35425615  2.65428901 -5.34320116  4.        
 2.48533607  2.00945306 -1.85082996  2.        
  5.50536299   7.132164   -11.17889404   5.        
-0.85810101  5.96608686  6.29443407  3.        
 6.21937609  6.80625916 -8.55712891  5.        
 2.61968994  1.41356695 -4.84042406  7.        
  1.70008802   3.99008894 -11.25378418   6.        
 8.12084198  6.04704285 -5.54251099  5.        
 5.39051819  7.08565521 -9.58343506  5.        
2.25474501 6.89791918 6.72149706 3.        
 3.49865699 -3.52986908 -5.93255615  2.        
 3.91322303 -4.7994771  -6.11291504  2.        
 -3.23071289   5.73832703 -15.12084961   6.        
-0.84536701  2.39111304 -1.50192297  4.        
-4.49858093  2.47206903 -3.78308105  4.        
 4.3943181   8.60348511 15.02001953  3.        
 0.06546     0.77928901 -5.34741211  4.        
6.94159698 7.42524719 8.23605442 3.        
 3.70059204 -4.09358215 -5.17703295  2.        
 2.4691999  -2.28572106 -5.33371019  2.        
-3.362427    2.61449409 -7.19070387  4.        
 4.23689318 10.04446411 13.23452759  3.        
-1.97728705  2.55404711 -7.7278142   6.        
-2.71917701  3.68270111 -8.94903564  6.        
 7.36071014  8.20643616 -9.97866821  5.        
  1.09375799   5.19680786 -12.8548584    6.        
2.56658196 3.92964196 0.52673298 2.        
-1.17636096  5.28572893  3.44638109  3.        
 2.80804396  2.04077101 -1.26739502  2.        
 1.82371497  7.31047106 10.58267212  3.        
5.89990187 7.50444794 5.85635424 3.        
  6.22118378   7.44026184 -11.04248047   5.        
  8.37242126   9.32026672 -10.53796387   5.        
3.53332496 8.41135406 8.89089966 3.        
 3.68067193  6.15348816 -9.91259766  5.        
4.83595991 7.05632019 3.137146   3.        
 3.01450396  6.42544603 14.43029785  3.        
 1.14475298  3.68497491 -7.65808105  6.        
 2.94553399  0.106049   -3.78857398  2.        
 4.53768921 -7.54695082 -6.63378906  2.        
 7.38009596  5.90145922 -5.38009596  5.        
 7.75153303  8.30477142 -8.23242188  5.        
 7.24373579  7.10546923 -6.78002882  5.        
 5.22602797 10.31434631 11.55480957  3.        
2.58124495 6.19064283 4.85998487 3.        
 -3.57104492   3.56546807 -11.15112305   6.        
-6.87259722  2.65474701 -5.53695679  4.        
 8.06018829  8.14588165 -8.61480713  5.        
-2.23474097  4.8321991   8.58273315  3.        
 7.40318298  6.2623291  -5.7878418   5.        
 -4.23127794   4.0760498  -13.01092529   6.        
-2.67923689  5.14770508  6.57714796  3.        
 6.05307817  3.50405097 -4.99694777  5.        
-2.61724091  5.06585693  5.75802612  3.        
 1.31539905  4.65992689 -9.0632019   6.        
-3.79457903  2.09899092 -2.44250488  4.        
7.77422285 7.40774488 8.2598877  3.        
-0.32958999  1.519333   -3.9872129   4.        
4.63537598 7.49571991 6.33938599 3.        
 2.94591498 -1.51418304 -5.04394484  2.        
 7.19914198  7.32259417 -8.11288357  5.        
 1.80660999  5.44609785 13.37069702  3.        
 2.87991309 -1.14071703 -5.31710815  2.        
 -2.55409193   4.88606977 -11.1697998    6.        
 2.37790704  7.10632277 12.74353027  3.        
  5.64196014   7.76392412 -11.59783936   5.        
 1.60671997  5.08153486 -9.01849365  5.        
 7.67827606  7.74536896 -7.29968309  5.        
 7.84491682  5.36673689 -4.47854614  5.        
 0.57490498  0.134148   -5.10201979  2.        
  5.78336287   7.63022614 -11.06286621   5.        
 -1.16942596   5.8625412  -14.38684082   6.        
5.98156691 7.83080292 8.20858765 3.        
 5.75180006  5.11923981 -5.77792406  5.        
 5.60733795  5.51732588 -6.28613281  5.        
 7.92097521  8.50300598 -9.90771484  5.        
 3.10406494  4.87042999 -8.26400757  5.        
 1.11987305  2.53564501 -7.06176805  6.        
 -4.91222382   4.87255096 -13.99517822   6.        
 4.05387878  9.5819397  11.87918091  3.        
-4.19967604  2.02117205 -1.70120203  4.        
3.03996301 8.24588776 9.28866577 3.        
  5.32708693   7.11873579 -11.56158447   5.        
 -3.18712592   4.88141584 -12.75186157   6.        
-1.81637597  2.16224694 -5.60226393  4.        
 7.45001984  7.62913513 -8.29778957  5.        
 7.19316101  5.50649309 -5.24591112  5.        
 3.33276391 -0.94375598 -5.765625    2.        
-6.72097778  2.62739611 -4.65707397  4.        
-1.16830397  4.38007307 -8.92434692  6.        
 4.46751404  9.99158478 13.96203613  3.        
-2.83327508  2.83239007 -9.02578735  6.        
5.40262604 7.27706909 3.83200097 3.        
 2.4752121   7.86715698 10.61373901  3.        
-5.33594513  1.64542401  0.317139    4.        
-1.54384601  3.87400794 -8.0949707   6.        
3.27305603 6.19036913 3.45135498 3.        
 3.708565   -4.02159882 -5.90301514  2.        
  3.75150299   5.91666412 -10.59564209   5.        
 4.86071777  6.76036119 -9.71005154  5.        
 0.90736401  1.59533703 -3.44345093  4.        
-5.57585096  2.15493703 -1.69439697  4.        
7.08830976 7.26753187 5.10623217 3.        
 4.16459703  9.54911041 11.15316772  3.        
-6.79681396  2.64865088 -3.38583398  4.        
-4.96678209  2.51623511 -4.13607788  4.        
6.69628906 7.61547089 9.01104736 3.        
 6.5020752   5.70067596 -5.83822584  5.        
-8.06489563  2.70588708 -5.47555494  4.        
-3.78411102  1.88389599 -0.24038699  4.        
 5.16593885  2.74423194 -4.85708618  5.        
 5.18328905  6.34268904 -9.31213379  5.        
 4.46344805  3.07913995 -5.31430006  5.        
 5.85668182  6.909935   -9.49136353  5.        
2.93604994 3.29219794 0.102081   2.        
 8.48643494  7.49784088 -6.37673998  5.        
 1.60291302 -1.39664495 -5.22341919  2.        
 -4.30226088   3.04643989 -11.28076172   6.        
 8.08135223  5.71050978 -4.99481201  5.        
 6.96815491  8.10558319 -9.1368103   5.        
-3.702209    2.44601393 -5.90408278  4.        
5.26021624 7.67845201 6.84689283 3.        
5.61139679 7.93612719 8.02783203 3.        
 6.44331408  4.26620483 -4.80108595  5.        
 3.44901991  6.4017868  15.20632935  3.        
 -3.56103492   3.34436798 -10.29647827   6.        
7.67153215 7.41313887 6.06774902 3.        
 5.68704987  3.70677209 -5.29940796  5.        
 -0.94499999   5.99675798 -14.72296143   6.        
-1.44036901  5.22451782  8.80859375  3.        
4.74166107 8.55979919 9.25418091 3.        
 2.82265496 -0.078484   -4.46975708  2.        
-4.75185394  2.64681196 -7.23223877  4.        
-4.34797716  2.45344496 -6.39477491  4.        
 3.28934503  4.42205095 -7.424438    5.        
 3.44284105 -0.42787901 -5.8684392   2.        
 3.18808699  8.61231995 11.20922947  3.        
-7.65556288  2.31514692 -1.34036195  4.        
-7.16706085  2.28685808 -1.603333    4.        
 3.01723504 -1.904266   -5.53848314  2.        
2.9439621  8.16793823 9.94937134 3.        
  0.209557     5.67932081 -13.51696777   6.        
 7.90786695  8.07004642 -7.5466609   5.        
-1.23230696  3.5730741  -7.52294922  6.        
  1.48599195   4.50487518 -12.12219238   6.        
-5.0390172   2.47753906 -6.62893677  4.        
 3.25457001  5.67324781 -8.82650757  5.        
6.24649811 7.56019592 6.92950392 3.        
-0.87735701  4.59365797 -9.51751709  6.        
  1.18579102   4.28360701 -11.41134644   6.        
-1.67486596  2.23790002 -0.97198498  4.        
 -4.10294294   4.41291809 -12.80828857   6.        
1.60968804 7.2013092  8.94897461 3.        
  7.69271803   8.80255127 -11.02270508   5.        
 4.85495806 10.00541687 14.54785156  3.        
3.27491808 7.9029851  8.43234253 3.        
 5.98490095  8.86714172 10.46176147  3.        
  4.43013811   6.71997786 -11.66952515   5.        
-1.73621404  2.08605194 -4.42925978  4.        
-1.91937304  5.45046997  5.78295898  3.        
-3.31763506  1.99562097  0.137299    4.        
-0.018257    5.97090197  9.97836304  3.        
 -1.75225794   4.94264984 -10.94946289   6.        
 6.3055501   5.8709178  -6.15875196  5.        
-1.59292603  4.48540497 -9.11651611  6.        
 2.80021691  3.11041307 -0.48654199  2.        
 -2.55258203   5.23176622 -13.02493286   6.        
 3.58850098  7.62074995 14.09350586  3.        
-1.084602    5.79196215  5.52893114  3.        
 2.85921502  7.74710083 12.96383667  3.        
 7.46865797  8.20623016 -8.52612305  5.        
 4.80289507  5.39091492 -7.02905321  5.        
0.49501801 6.49209595 9.54241943 3.        
 7.99350691  6.78258514 -5.9281621   5.        
2.532516   7.6584239  8.48791504 3.        
 -3.09658003   4.34680891 -10.86160278   6.        
-1.49591804  5.40588379  8.07345581  3.        
 -0.70657301   5.24109697 -10.64108276   6.        
 -2.419487     5.12849379 -13.69006348   6.        
-1.55746496  2.57179999 -0.038971    4.        
2.82341003 6.6437149  5.26501513 3.        
 -3.07807207   3.813766   -10.64239502   6.        
 -3.52444506   4.8816452  -13.47177124   6.        
-2.4372561   2.17106605 -1.64523304  4.        
 3.00949097  4.72464705 -7.37838697  5.        
 3.30356598  6.97730303 14.16491699  3.        
1.91188002 3.5024569  0.249512   2.        
-1.78363001  5.23158979  3.59158301  3.        
 -0.17482799   5.43955994 -11.73062134   6.        
 5.89323378  5.46247101 -5.99899292  5.        
-0.38465899  6.14868879  8.05453491  3.        
  4.59630585   6.87014818 -11.03765869   5.        
  4.87450409   6.92111206 -10.22628784   5.        
6.01235199 7.75203705 7.2775569  3.        
-3.07866693  2.120399   -2.87286401  4.        
2.17895508 6.08438921 5.18325806 3.        
 6.0644989   6.72895813 -7.56729078  5.        
 -1.31116498   5.10443878 -10.98480225   6.        
-3.99787092  2.43305206 -4.44363403  4.        
-6.37075806  2.525841   -2.82605004  4.        
 5.89265394  5.57433319 -6.80194092  5.        
 0.892838  0.267418 -5.322052  2.      
5.64879608 7.56701708 5.44848585 3.        
 2.442101    0.76178002 -3.02883911  2.        
  7.06795502   8.64315033 -11.34365845   5.        
-2.86666894  2.07740808 -0.89977998  4.        
 3.75657606  1.29644001 -5.92642212  5.        
 8.67170715  7.86213684 -7.40167189  5.        
-0.82820898  4.02975512 -7.98251295  6.        
  6.27617693   7.9106369  -10.30874634   5.        
 4.11599016  2.48575592 -5.84796095  5.        
 4.51350403  4.50247192 -6.7781682   5.        
 -3.80987501   5.06309509 -14.14874268   6.        
 4.79537201  6.07857513 -9.35180664  5.        
5.95413208 8.02975464 8.94839478 3.        
 -0.498878     5.48738909 -13.22463989   6.        
-8.01683044  2.75898695 -3.1247251   4.        
-1.84386396  3.12097907 -7.90527296  6.        
 -1.983742     5.79749298 -14.0793457    6.        
 0.179939    4.04499006 -8.39755154  6.        
 5.21234894  4.75235701 -5.85143995  5.        
-6.80449677  2.13835907 -1.23074305  4.        
5.57255507 7.61249495 6.55670214 3.        
4.17337799 8.78107452 9.98263645 3.        
 7.41661787  6.96169281 -6.44284105  5.        
 4.13265181 -5.05319214 -5.67547607  2.        
 -2.81489611   3.87194109 -10.14639282   6.        
 5.29076385  6.65202284 -9.92068481  5.        
7.18630981 7.14919281 5.95217896 3.        
-0.414505    4.29154205 -8.91488647  6.        
 5.14851379 -7.92055511 -6.35214186  2.        
 -4.40829515   4.59664917 -13.48287964   6.        
 3.9797821   3.30280304 -5.91671705  5.        
 -2.87134504   5.91658783 -15.24539185   6.        
-1.01725805  5.69259596  8.27667236  3.        
 2.797966    5.73377991 -9.55255127  5.        
-1.10701001  1.84133101 -5.19146681  4.        
 6.52820587  8.02136993 -9.83270264  5.        
-2.1572721   5.28706408  7.07717896  3.        
 -3.61686707   5.64679003 -15.44387817   6.        
 3.8652041   7.91832685 14.74880981  3.        
 0.40709701  2.24445295 -1.17926002  4.        
 7.62475586  7.32213593 -7.40930223  5.        
 4.71683502 10.76670837 12.54605103  3.        
-3.57967401  1.93704998 -0.85263097  4.        
-2.6413269   2.16833496 -2.00222802  4.        
 1.78078496  1.64348602 -6.31991577  2.        
-2.15264893  2.30866194 -6.20974684  4.        
2.75876594 6.21827698 4.49874878 3.        
 1.38038599  5.05680799 13.02639771  3.        
 -2.6074369    5.7538681  -14.57199097   6.        
 2.879143    1.39820099 -2.53573608  2.        
 4.46186781 -5.35696411 -6.04788208  2.        
 3.64753008  2.22046709 -5.80819702  5.        
 6.87757111  6.80874586 -7.52288818  5.        
  4.21184492   6.3408742  -11.16555786   5.        
 4.67453814  9.29211426 10.39718628  3.        
 5.55149794  4.28931379 -5.79397583  5.        
1.30196404 6.71952105 7.09204102 3.        
-0.38619199  5.60936022 10.05169678  3.        
 -1.56105006   4.75858307 -10.29034424   6.        
-0.60318798  5.89473009  5.31951904  3.        
 4.3599782   2.94636512 -5.78762817  5.        
 5.60176086  4.9187088  -6.28228807  5.        
0.76576197 6.74074602 9.06439209 3.        
2.37702203 7.67840576 9.42947388 3.        
  3.47957611   6.21946001 -10.72619629   5.        
 6.48523712  6.94278717 -7.39950609  5.        
6.37522078 7.48786211 5.05337477 3.        
 8.3265686   8.94519806 -9.41567993  5.        
 -1.86179399   6.02275896 -14.85614014   6.        
 5.95531511  7.29731798 -9.0758667   5.        
 4.98129988 10.54658508 13.97583008  3.        
-3.04501295  3.38502502 -9.27810669  6.        
  7.97566986   8.72786713 -10.53259277   5.        
-7.27383423  2.748734   -4.73016405  4.        
-2.97993493  2.24189806 -3.79806495  4.        
 2.87813592  5.69470978 14.51766968  3.        
 6.15859222  9.94225311 11.53930664  3.        
 4.24493408  5.45698595 -8.35830688  5.        
 2.40766096  2.09178901 -0.96865797  2.        
 5.05117798  5.16917419 -6.29949903  5.        
 8.27494812  6.00834703 -4.80963087  5.        
-0.086403    1.98036206 -2.6343379   4.        
-0.78707898  2.52822089 -1.11712599  4.        
-7.81478119  2.77835107 -4.30944777  4.        
 3.90843201  6.01357985 -9.09890747  5.        
  0.49478099   5.25099897 -11.92129517   6.        
 3.56224108  3.82030511 -6.72067308  5.        
 8.44694519  7.17014313 -6.05209303  5.        
 1.65298498 -0.77168298 -5.13778687  2.        
 7.86743212  6.78170013 -6.46243286  5.        
-6.72462511  2.41738105 -2.28308105  4.        
-0.35961199  5.05664778 -9.9408884   6.        
 0.23294801  1.32458496 -5.95697021  4.        
 3.4229579   4.87852478 -8.02310181  5.        
2.45063806 7.20839691 7.48901415 3.        
 3.40077209 -2.20302606 -5.23232985  2.        
 6.62059021  6.39385986 -7.164886    5.        
-0.50061798  5.93486786  8.67907715  3.        
-1.00968897  2.0291369  -2.82418799  4.        
 3.33407593 -2.69405389 -5.54513502  2.        
1.98532104 5.82070923 4.41662598 3.        
0.71142602 6.2988658  6.12158203 3.        
 -3.50051093   2.66629004 -10.30715942   6.        
 5.05304003  6.35742998 -8.506073    5.        
 8.40332794  8.35169983 -8.73010159  5.        
 2.0988009   7.51911879 11.05499268  3.        
 3.59520006  1.38990796 -5.50866699  5.        
-1.65946198  4.63311005  9.834198    3.        
2.88251495 7.22406006 6.88189697 3.        
 2.09729004  3.3830111  -6.52108812  5.        
 -3.79753089   3.55958605 -11.48696899   6.        
0.73539001 6.64660597 9.84170532 3.        
 3.460747    5.18566084 -8.55966187  5.        
 3.88804603  5.66070604 -9.46411133  5.        
2.79322791 7.84935808 9.11572266 3.        
-3.27945709  2.10778093 -2.52951097  4.        
 5.27615404 -8.99534607 -6.72583008  2.        
5.42311096 8.48792267 9.23318481 3.        
3.62469506 6.8185811  5.12512207 3.        
 3.87277198  9.52893829 12.76028442  3.        
 0.69738799  2.00766802 -2.29275489  4.        
-0.70298803  6.00705004  7.86340284  3.        
 4.89472198  4.51379395 -5.87042189  5.        
-0.42029601  5.39300489 10.44711304  3.        
 0.33825701  5.92336321 10.85049438  3.        
-2.16234589  4.75393677 -8.95944214  6.        
 8.33448792  8.15020847 -8.3276062   5.        
 0.86187702  6.49621582 10.7746582   3.        
 6.38755798  7.05882978 -8.85806274  5.        
2.66666389 5.03929901 2.34509301 3.        
3.98183393 8.62813568 9.66281128 3.        
 2.37314606  5.24993086 -8.79190063  5.        
-1.098351    5.60403395  4.67553711  3.        
-4.37343597  2.40942407 -4.56988478  4.        
 1.49945796  7.00073195 10.99472046  3.        
-3.02946496  2.67095208 -9.65139771  6.        
2.62316108 7.49359083 7.99932909 3.        
 1.71175396  7.02919006 11.47506714  3.        
-1.46063995  5.65369415  6.01034498  3.        
 -3.97235894   3.92366004 -11.64660645   6.        
 2.44654894  0.48075101 -3.37689209  2.        
 3.42119598  8.52055359 10.04705811  3.        
 4.009377    4.04859877 -6.21438599  5.        
  6.33414507   7.99412489 -10.87689209   5.        
1.659271   6.40647888 6.19067383 3.        
 8.36779785  9.07843781 -9.78668213  5.        
 2.08374     1.74339294 -1.74963403  2.        
 6.838799    4.24584198 -4.4369812   5.        
 0.38393399  0.70903802 -4.23513794  4.        
 6.95822906  5.64971924 -5.98889208  5.        
-2.87812805  5.02858686  7.06503296  3.        
4.53386688 7.32538605 5.5065918  3.        
2.08019304 4.87288713 2.59197998 3.        
-1.12182605  4.40022278 11.10629272  3.        
3.26990509 5.37882185 1.91268897 3.        
 3.40408301  8.97857666 11.73779297  3.        
-0.77124     5.1269908   2.57458496  3.        
 8.19367218  7.7185359  -7.52114916  5.        
 0.93631703  4.04298401 -7.93966722  6.        
 2.77349901  3.38872504 -6.49987793  5.        
-6.65809584  2.61946106 -5.04641724  4.        
  5.10280609   7.20903778 -10.93444824   5.        
 5.37389421  6.24029493 -8.77185059  5.        
3.01061296 3.56995392 0.56720001 2.        
 -2.89033508   4.7118001  -13.10992432   6.        
3.54026008 6.59098005 4.15173292 3.        
4.03684187 7.37250519 6.14349413 3.        
 7.83480787  7.47481489 -6.78393602  5.        
 2.16437507  2.62257409 -1.28482103  2.        
-7.1009059   1.89519501 -0.53643799  4.        
 1.36795795  1.85956597 -5.94164991  2.        
 -3.98871589   3.97347999 -12.52545166   6.        
 3.36024499  5.49040222 -9.52484131  5.        
-2.34487104  4.99778795  7.90139818  3.        
4.03256989 8.25319672 8.4914856  3.        
-2.1801219   2.86187696 -8.00408936  6.        
6.08586121 7.16671705 3.702209   3.        
  7.63182116   8.92837524 -10.42300415   5.        
  2.8583529    6.05591583 -10.65643311   5.        
 7.52654982  5.17500305 -5.14108276  5.        
1.40820301 6.92327881 8.24832058 3.        
 8.09091187  7.89256287 -7.94619799  5.        
 2.83800507  0.87493098 -3.72082496  2.        
 -3.71077704   5.32292891 -14.69076538   6.        
-0.461739    3.32213593 -6.97628784  6.        
-0.063408    5.96643782  4.94088697  3.        
 2.75450897  1.84844196 -4.00360107  7.        
 8.62769318  8.25288391 -7.425354    5.        
-4.40677595  2.12557197 -2.07653809  4.        
 0.435837    3.82237196 -7.79922485  6.        
 2.27283502  5.16591597 -9.61358643  5.        
-2.51982903  5.39120483  5.23605299  3.        
-4.26687622  2.58431196 -7.17666578  4.        
 5.77874804  6.00433397 -6.8145752   5.        
4.49872589 7.79900408 7.12063599 3.        
7.26626587 7.26658583 8.48614502 3.        
 4.07192993  4.99824476 -7.00726318  5.        
6.72138977 7.46324205 7.05249023 3.        
2.34161401 5.27619219 3.31466699 3.        
-4.80878401  2.10188293 -1.38919103  4.        
 3.5271759   2.24696398 -6.30007887  5.        
 8.02178955  8.74591827 -9.26290894  5.        
 4.51626587 -7.93598223 -6.73080397  2.        
 4.48353577  3.78455305 -5.63330078  5.        
  1.02598596   5.29943085 -12.47085571   6.        
  6.61457109   8.56855774 -11.84121704   5.        
-2.37834907  5.28865814  4.16039991  3.        
 1.89109004  4.78567505 -8.9251709   5.        
 5.12953186  3.84288812 -5.677948    5.        
 -3.47151899   4.27124023 -11.409729     6.        
 3.72683692  9.26688385 11.24676514  3.        
 0.59215498  5.30944109 12.10333347  3.        
 3.47983599  6.87881517 14.84463501  3.        
 3.05831909 -0.169884   -4.03362989  2.        
-3.67105889  2.190346   -3.22317505  4.        
-0.47595999  5.43657684  3.67062402  3.        
-7.30734205  2.78083801 -5.49569702  4.        
 5.9272542   9.21186066 10.78344727  3.        
 0.063667    3.17443109 -7.02804613  6.        
7.29567719 7.61703491 9.44876099 3.        
5.79743195 7.44239807 4.94024706 3.        
 1.15805101  6.88285112 10.33572388  3.        
 4.39643908  9.16443634 14.1524353   3.        
 -2.51180291   4.93228912 -13.26202393   6.        
 3.74311805  0.309677   -5.81546021  5.        
  5.56969404 -10.8351593   -6.61617994   2.        
-8.6333847   2.73342896 -3.61203003  4.        
-4.64707994  2.25208306 -2.70257592  4.        
-2.73361993  4.09538317 -9.47079468  6.        
 0.440216    0.85241699 -5.41949511  2.        
-2.91949511  2.67871904 -7.96594191  6.        
-3.06415606  2.03150892 -0.575409    4.        
 6.98529005  8.31561279 -9.64627075  5.        
 -2.80539703   5.23101807 -13.3265686    6.        
 5.11325788 -7.865448   -7.22912598  2.        
 3.43562293  5.41500092 -8.10162354  5.        
 5.68200684  6.91476393 -9.8840332   5.        
1.64432502 4.11760712 0.66168201 2.        
 6.52570295  3.50548506 -4.54589796  5.        
-4.77207184  2.15686011 -2.19595289  4.        
-2.39179993  5.21637678  6.25024414  3.        
-3.0754621   3.73356605 -9.73382568  6.        
 5.36076403 -9.41833496 -6.96206713  2.        
 8.09143066  8.6357193  -8.79519558  5.        
 4.19214582  9.76420593 11.48391724  3.        
 -1.05173504   5.55033112 -13.36535645   6.        
 4.0566411   9.65206242 13.23760986  3.        
 2.79144311  6.43446302 13.41629028  3.        
 4.07929993  8.56586456 14.43731689  3.        
 -0.51076502   5.63165998 -13.90393066   6.        
3.47965193 5.94201708 2.19723511 3.        
 2.14827704  5.28993988 -9.1055603   5.        
-0.16703799  3.57571411 -7.66073608  6.        
 7.34451294  6.47917223 -6.11273193  5.        
 6.01038408  6.34108686 -7.87973022  5.        
 5.12839508 -7.57341814 -6.10287523  2.        
 3.43904901  1.98554206 -6.02035522  5.        
  3.52606201   6.38072205 -11.06604004   5.        
 9.0167923   8.56277466 -7.92233276  5.        
 3.07627892  8.45119476 10.62774658  3.        
 -3.13458991   4.71595001 -13.43041992   6.        
 4.49794006 -6.06533813 -5.94381714  2.        
 4.42167711  4.6866231  -6.34649706  5.        
 -0.50359303   5.37069702 -11.12615967   6.        
 1.03559899  3.250916   -6.87655592  2.        
-1.20391095  1.987625   -3.23913598  4.        
 4.1864171   1.906654   -5.21890306  5.        
-0.348755    1.86251104 -3.31375098  4.        
-7.27288103  2.12218499 -0.84112501  4.        
 2.452492    4.04245806 -7.03793287  5.        
 4.37276506 10.39072418 12.82546997  3.        
 1.22991204  5.33909607 12.78936768  3.        
4.74411011 7.86499786 7.57336378 3.        
3.43174696 6.18772078 2.92343092 3.        
 6.796875    7.1554718  -8.30383301  5.        
 0.81510198  2.24595594 -6.32684278  2.        
 2.79889703  6.57807207 13.82128906  3.        
 4.67650604  2.45932794 -4.97686815  5.        
 5.26656294  5.4189992  -7.33380079  5.        
5.25554705 7.49875593 5.57659912 3.        
 -2.66209412   5.0428009  -12.39703369   6.        
 2.93854499  6.22581482 13.96768188  3.        
 3.31895399  2.94012499 -6.18038893  5.        
2.2835691  4.57302904 1.99514794 3.        
 1.62622094  1.53968096 -5.68627882  2.        
4.051826   8.50867462 9.29092407 3.        
0.167633   5.68357897 3.97702003 3.        
 3.91687012 -4.5368042  -5.79272509  2.        
 0.29164901  2.295151   -2.20645094  4.        
 4.8115921  -6.9163208  -6.20425415  2.        
 -1.18499804   5.42612505 -12.1993103    6.        
 1.765396    5.301826   -9.32275391  5.        
-7.30014801  2.73603797 -3.55783105  4.        
-8.44989014  2.82681298 -4.27493286  4.        
 2.6167829   0.942307   -5.16064501  7.        
 1.59037805  4.54363298 -9.9520874   6.        
 2.92029595  1.29780602 -2.01638794  2.        
 0.76944703  1.72934699 -2.75665307  4.        
-1.82579803  2.11171007 -4.81478882  4.        
 3.6083529   3.20332289 -6.50604296  5.        
 2.77168989  1.629089   -5.19992113  7.        
-0.47317499  2.09240007 -2.25738502  4.        
 6.83871508  6.74776506 -6.76248217  5.        
-1.91987598  5.36444807  4.7936101   3.        
3.66385698 7.63265181 7.07943678 3.        
 7.43998718  8.26120758 -8.92276001  5.        
 3.59791589  8.94030762 10.97512817  3.        
 -4.1451869   2.500633  -10.8213501   6.       
 7.58688307  5.70653486 -5.05148315  5.        
 -2.80404711   4.25919294 -10.15252686   6.        
 5.7215271   2.95037794 -4.74334717  5.        
 5.10012102 -7.02013397 -6.43743896  2.        
0.092033   6.25865889 8.94677734 3.        
 -4.38905287   3.45649695 -11.35635376   6.        
-4.07968903  1.72310603  0.25015301  4.        
 2.71203589 -0.797943   -5.01995897  2.        
 2.44104791  4.87628889 -8.04748535  5.        
3.54183197 7.35980177 6.38696289 3.        
 6.97657824  7.67575121 -8.24072266  5.        
-5.05145311  2.31088305 -2.87457299  4.        
 6.86695099  4.47949982 -5.08227491  5.        
 3.39968109 -4.14780378 -5.68994093  2.        
 4.05490112  2.361763   -5.32565308  5.        
 2.02446008  6.5538559  12.79470825  3.        
4.69134521 7.04435015 3.72650099 3.        
 2.18155694 -1.33971405 -4.99612379  2.        
 3.16893005 -1.31414795 -4.82620192  2.        
3.23120904 5.8428731  2.54019189 3.        
-2.56683302  3.01364112 -8.71209717  6.        
 5.1029048  -8.23789978 -6.81076002  2.        
 3.23297906  1.074646   -3.53482103  7.        
 0.181122    4.85686493 -9.53863525  6.        
-8.62206268  3.04191589 -4.95028687  4.        
3.2245481  7.24385786 6.09359694 3.        
-3.15396094  3.01419806 -9.81765747  6.        
 2.25746894  0.76398498 -5.41897583  2.        
1.44059002 4.91803694 2.39044189 3.        
 6.27345991  3.94756293 -4.69384813  5.        
 3.47061205  4.4861598  -6.78207397  5.        
 3.03489709 -2.30393195 -5.79119921  2.        
 2.18669891  4.39717913 -7.56588697  5.        
-9.03482056  2.67266798 -3.93646193  4.        
-5.00042677  2.03042603 -1.08242798  4.        
6.52978516 7.75122118 9.34457397 3.        
-1.37191796  4.89741516  9.884552    3.        
3.58748603 8.53458405 9.67947388 3.        
1.900406   7.21112823 8.16943359 3.        
-1.23552704  1.84880805 -4.40411377  4.        
  4.85415697   6.74902296 -11.34664917   5.        
 6.47569323  9.08652496 11.1187439   3.        
4.75946808 8.82080841 9.62112427 3.        
 5.84509277  9.78947544 11.35836792  3.        
-2.51409888  2.30699205 -5.96374512  4.        
-4.75689697  2.3640821  -3.43264794  4.        
 1.67246199  1.33486199 -6.15033007  2.        
 5.06121111 10.43585968 12.86196899  3.        
 2.33100891  1.51439703 -2.87121606  2.        
 3.89689589 -5.5511322  -5.91482496  2.        
-4.60633087  2.4544301  -4.88330078  4.        
 4.02521515  4.53931379 -6.71124315  5.        
 -1.76245105   5.54574585 -13.37518311   6.        
 4.07970381  8.92822266 13.55413818  3.        
 1.68596601  4.97215319 -8.58526611  5.        
 4.67865705 10.56369781 12.92816162  3.        
6.43817091 7.65753222 8.70477295 3.        
-8.05987644  2.8049159  -5.03805494  4.        
 6.78220415  4.99636793 -5.03991699  5.        
 1.139305   -0.16581    -4.72796583  2.        
3.46729994 7.09480286 5.85317993 3.        
-0.086861    5.30175781 11.14578247  3.        
 4.01837921  1.606125   -5.48013306  5.        
 4.63987017 -6.55843306 -6.51028395  2.        
 3.1118319   4.17965698 -6.8034668   5.        
 3.70184302  8.04779816 13.79122925  3.        
 -3.95973206   5.42749786 -14.93582153   6.        
 3.193542   6.2145462 15.0256958  3.       
-1.77098095  2.3860631  -7.46112108  4.        
 4.82463121 -7.97188616 -6.92178297  2.        
 -4.5150528    5.19480896 -14.61248779   6.        
 -3.19004107   3.46169996 -10.23535156   6.        
 1.84857202  6.72855377 12.24295044  3.        
 -4.75443983   4.12374115 -12.82202053   6.        
  0.44675401   4.9730072  -10.22415161   6.        
 2.83291698  0.71726203 -4.65109205  7.        
6.29200697 7.51131392 6.53311205 3.        
  5.66883802 -10.64146423  -7.22445679   2.        
-1.829651    5.26247406  8.06289673  3.        
 4.28408813  9.48803711 13.88607788  3.        
 6.58687592  8.58059692 10.69802856  3.        
-2.33792901  5.2926178   5.89550781  3.        
 7.08304596  7.23786879 -7.12161303  5.        
 2.08750892  2.85319495 -0.62002599  2.        
1.17374396 6.96194506 9.60971069 3.        
 7.39552307  7.31771803 -7.74273682  5.        
0.32302901 5.8549962  4.45147705 3.        
 5.51610613 10.17579746 11.72067261  3.        
2.07126594 7.51357317 9.63595581 3.        
2.08300003e-03 5.67693281e+00 1.06479187e+01 3.00000000e+00
 3.14834595  6.76119995 14.4223938   3.        
 2.54873705  0.51798999 -4.76013184  7.        
 3.13885498  4.93647814 -7.71884203  5.        
1.49984002 4.23418379 1.14001501 2.        
-1.20493305  1.91194904 -5.54742384  4.        
 7.23153687  7.47275496 -7.38091993  5.        
-1.25125098  5.10471296  2.94164991  3.        
  4.25535583   6.66904497 -10.99472046   5.        
2.68811798 3.5644989  0.126129   2.        
 5.90509796  4.35428619 -5.63726807  5.        
 3.1127851   1.81633794 -6.11059618  5.        
 2.25304389  5.42990923 13.91360474  3.        
 3.73701501  4.33827209 -7.14892578  5.        
 6.00062609  5.8344121  -7.04147291  5.        
-4.14556885  1.96197498 -1.06665003  4.        
  7.06495714   8.72148132 -10.98138428   5.        
4.84951019 8.38043213 8.63500977 3.        
 0.69481701  4.28334808 -8.45895386  6.        
 -2.079216     5.15769196 -12.22335815   6.        
 1.91805995  3.54962897 -0.106934    2.        
 5.04011488 -7.4237752  -6.43927002  2.        
