3.67690992 5.23291779 0.97976702 4.        
-1.78523195 -7.29070282 -2.45703101  2.        
-6.63073683  4.53869581  4.14129591  5.        
 4.19393921  7.38284302 -6.92022705  3.        
-2.64074707  2.945755   -2.20629907  6.        
3.81323195 5.71224213 6.92022705 4.        
-1.09553504  3.18347907  3.51821899  5.        
-0.90371698 -2.11908007 -1.34924304  2.        
 6.34512281  4.60805511 -3.25061011  3.        
 1.447281    5.29686689 -3.42929101  3.        
-5.26808214  5.4179759   0.20336901  5.        
 0.632339    3.07358599 -0.116669    2.        
5.66293287 4.74845123 3.87969995 4.        
1.83064306 5.13434601 3.97634912 4.        
-3.54924011  3.91517591  5.67434692  5.        
-2.31230211  4.28734589  0.644135    5.        
 3.65135193  4.10482788 -1.78378296  3.        
-3.91992211  5.1844182   2.96639991  5.        
 1.35731494  6.81786299 -5.93145704  3.        
-0.844482    0.844437   -1.13720703  2.        
 3.98129296  6.04788208 -4.36419678  3.        
-1.43342602 -4.47455597 -2.59710693  2.        
 6.454391    6.26233721 -6.065979    3.        
-0.91749603  5.84320116 -4.40197802  3.        
0.091629   4.7286911  1.85473597 4.        
-0.15411399  4.0713582  -2.27829003  3.        
2.08718896 4.27581787 6.03906202 4.        
3.8244319  5.70209503 4.70651197 4.        
-3.61909509  4.85231781 -0.97644001  5.        
-1.44544995  2.52102709  0.035309    2.        
1.71795595 4.68279982 0.56601    4.        
-5.85757494  5.32941389  2.31680298  5.        
5.56372118 5.67679596 5.75375414 4.        
-5.52928209  3.88014197  5.67721605  5.        
 1.75505102  3.66545892 -1.86654699  3.        
 0.27920499  2.242172   -1.83581495  2.        
 5.60997009  4.03478193 -1.58181798  3.        
-2.19734192  4.48007202  2.55169702  5.        
3.52307105 5.31497192 2.88113403 4.        
-0.85441601  3.202461    1.67156994  5.        
-2.32620192  4.14699602  4.36608887  5.        
 4.59197998  5.06608582 -3.01754808  3.        
 5.75195312  5.79853106 -4.41262817  3.        
0.213562   4.49388123 3.71868896 4.        
-3.83154297  5.2352829   1.23187304  5.        
 3.158813    6.90047407 -5.64975023  3.        
-4.72337294  4.67375994  4.40173292  5.        
1.89633203 4.96111298 2.30184889 4.        
 2.22428894  6.19893694 -4.52557421  3.        
 4.82934618  6.59841919 -5.60214186  3.        
 2.92445397  4.99656677 -2.92935205  3.        
4.94937086 4.81734514 2.41790795 4.        
 0.63667297  6.04579878 -4.59414721  3.        
 2.69992089  3.04408312 -0.76892102  3.        
-1.20863295  2.61217499 -1.50817895  6.        
-1.50602698 -5.85928297 -2.00808692  2.        
-0.68782002 -0.62136799 -1.39919996  2.        
1.07873499 4.24817705 4.9720459  4.        
-0.471771    4.92793322 -3.38445997  3.        
-2.47730994  4.046875   -0.766541    5.        
2.99250793 5.38217878 5.8371582  4.        
-0.195831    2.02507806 -0.54000902  2.        
-1.43380702 -3.28984809 -1.87631202  2.        
 4.54936218  3.35021996 -1.01068103  3.        
0.45426899 3.98320007 0.83816499 4.        
-5.63798523  5.12957001  3.59011793  5.        
 1.02413905  4.42446899 -2.57495093  3.        
-3.50399804  4.70509291  4.09210205  5.        
-5.0546422   5.43589783  1.407745    5.        
4.28607178 5.89485216 5.81936693 4.        
4.56234694 5.23345995 3.73526001 4.        
2.55046105 5.10752106 1.30569506 4.        
 0.27874801  6.43849182 -5.64679003  3.        
-3.30217004  4.87683105  0.243256    5.        
2.16494703 5.00465393 5.07559204 4.        
-1.54675305  3.41169     0.76959199  5.        
 1.33132899  2.656883   -1.49685705  3.        
 5.35951185  6.73150587 -6.61758423  3.        
1.08239698 4.93460894 3.10818505 4.        
 2.94665504  7.29525805 -6.70248413  3.        
5.15007019 5.38577986 4.72769213 4.        
3.03204298 5.42945099 3.95342994 4.        
1.17848206 4.46318007 1.60513306 4.        
 2.9072721   5.68956804 -3.80029297  3.        
-3.09780908  4.94464922  2.01519799  5.        
-1.22993505  3.91152191  4.33071899  5.        
-1.24017298  3.70369005  2.57357788  5.        
 6.57363892  5.71080017 -5.10760498  3.        
 4.737854   4.4068222 -2.1812129  3.       
 0.68591303  3.44573998 -2.03692603  3.        
-4.27705383  5.13193512 -0.126862    5.        
-1.78338599  4.06231689  1.65576196  5.        
-0.33096299  2.52174401  0.398193    2.        
 2.60671997  4.24910021 -2.13684106  3.        
2.86015296 4.65725708 6.65478516 4.        
 5.53477478  5.27101898 -3.52569604  3.        
-5.84692383  4.48909807  4.84487915  5.        
 0.128204    1.07638502 -1.469208    2.        
-4.80841112  5.44831085  2.48297095  5.        
-2.69003296  4.66981506  3.44592309  5.        
-4.54957581  4.1387558   5.26947021  5.        
4.04069519 5.10953522 1.93945301 4.        
 0.46070901  5.38283491 -3.67761207  3.        
-1.804703    4.09273481  3.49847388  5.        
-1.72778296  3.66715193 -0.199402    5.        
-2.27786207  2.75701094 -1.28045702  6.        
-1.13699305  1.14019799 -0.228058    2.        
 5.66946411  4.52076006 -2.52941895  3.        
2.3807981  5.19913483 3.15405297 4.        
 3.68115211  3.20606995 -0.571899    3.        
 1.956375    4.73738098 -2.806885    3.        
 2.30575609  6.69095612 -6.09515381  3.        
 3.82130408  5.53645277 -3.55932593  3.        
 4.83595324  5.80538177 -4.01629591  3.        
2.36801195 5.35763502 0.39059401 4.        
2.87794495 5.30619812 2.17297411 4.        
-0.62039202  2.98748803  2.5648191   5.        
 5.66566515  6.23708296 -5.36199903  3.        
0.16539    4.72928619 2.80786109 4.        
 4.01141405  6.96057892 -6.04504395  3.        
 1.49398804  6.46124983 -5.07110596  3.        
-4.70413208  5.16716814  3.466187    5.        
 3.232651    6.3504262  -4.90692091  3.        
 6.48748779  5.24805498 -4.29269409  3.        
-2.59520006  3.87606001  5.20547485  5.        
-2.99594092  4.84326887  1.10040295  5.        
-1.62033105  2.24118805 -2.23053002  6.        
-1.13272095 -4.23922014 -1.77236903  2.        
 1.43356299  5.79772902 -4.23721313  3.        
1.32755995 3.87825799 0.41510001 4.        
 3.65329003  4.66993713 -2.48821998  3.        
 2.74822998  3.6588819  -1.47622705  3.        
-1.19650304 -1.52573395 -1.94894397  2.        
0.98223901 4.67591095 4.20022583 4.        
2.92777991 5.46925306 4.96398878 4.        
-0.16865499  0.271889   -1.33187902  2.        
-3.83137488  4.30194092  4.81686401  5.        
-4.06152296  5.27216291  2.06344604  5.        
-1.87098706  3.38722992  4.56466722  5.        
-1.97395301 -6.6339798  -1.93472302  2.        
-5.77526903  5.31108904  0.962372    5.        
-0.24989299  6.08523607 -4.87854004  3.        
-1.06840503  2.07133508 -0.87222302  6.        
 0.28369099  4.64752197 -2.91696191  3.        
-4.84811401  3.46476698  5.93392897  5.        
4.31803894 5.06317902 2.92941308 4.        
 4.76565599  6.182724   -4.75729418  3.        
-4.49072313  5.29521894  0.662476    5.        
-6.20918322  4.98188019  2.98818994  5.        
-1.50514197 -2.46076202 -1.88391101  2.        
 3.93461609  6.54793596 -5.30548096  3.        
0.85525501 4.73713684 2.31747389 4.        
-2.46298194  4.56404114  1.66842699  5.        
 4.45411682  3.89401293 -1.60510302  3.        
-1.39289904 -5.00321198 -1.76754797  2.        
-0.82431     1.91781604  0.190521    2.        
-2.67881799  4.4665451  -0.062775    5.        
-0.98312402  0.085365   -0.92178297  2.        
-0.78544599 -2.85321808 -2.05127001  2.        
 2.44004798  6.63610077 -5.30801392  3.        
 2.03416395  3.167099   -1.30621302  3.        
-0.98452801  2.80603004  0.757263    5.        
 2.07228088  5.64665985 -3.79547095  3.        
-0.67842102 -1.34613001 -1.08825696  2.        
5.16368103 4.70555115 3.27117896 4.        
-0.45622301  2.38694    -1.49856603  2.        
 0.008652    5.70118713 -4.23025513  3.        
3.80371094 5.53710222 3.92111206 4.        
-0.28469801  1.274948   -0.72744799  2.        
-3.06242394  4.28231096  4.69885302  5.        
5.01733398 6.02010393 6.18188477 4.        
-3.08560205  4.91738892  2.83593798  5.        
 3.80763197  3.57070899 -1.23526001  3.        
5.84762621 5.45797014 5.07644701 4.        
-1.82742298  2.93091607 -1.874084    6.        
-5.0243988   4.92875719 -0.32864401  5.        
-0.69139099  4.42127991 -2.67993212  3.        
4.51806593 5.78987885 5.10702515 4.        
3.58935499 5.73425293 5.53463697 4.        
1.89009094 4.75893402 1.411865   4.        
-1.48510695 -6.51877594 -2.49581909  2.        
3.21632409 5.30423021 6.54992723 4.        
1.71197498 4.43187714 5.41543579 4.        
-1.31405604 -5.20577192 -2.53488207  2.        
 5.12893677  3.8031621  -1.04275501  3.        
 4.71476698  7.02381897 -6.42910814  3.        
 0.34878501  2.53718591 -0.525024    2.        
-5.56396484  4.78196001  4.24054003  5.        
-3.07192993  4.34889984 -1.04208398  5.        
-5.70753479  5.65752411  1.615417    5.        
3.00468397 5.32216597 0.73852497 4.        
1.54217505 4.72238922 4.6497798  4.        
3.35574293 5.27856398 1.61926305 4.        
 1.88320899  4.22814894 -2.28646803  3.        
2.51530504 4.86173201 5.75857496 4.        
-0.84350598  5.30046082 -3.85803199  3.        
5.72587585 4.93458605 4.5560298  4.        
 0.200363    1.75952899 -1.31411695  2.        
4.53341722 5.49346209 4.40792799 4.        
 5.68864393  6.6389308  -6.0036931   3.        
 2.29112196  5.22398376 -3.18566895  3.        
 3.63394189  5.16743517 -2.99459791  3.        
-0.93261701  2.15987396 -1.96377599  6.        
-5.41900587  5.35559797  2.85934496  5.        
 6.34872389  5.25734711 -3.50241089  3.        
 3.622437    7.16735077 -6.58581495  3.        
 0.97676098  4.93077087 -3.07412696  3.        
3.66427588 5.75053406 6.22387695 4.        
4.33795214 5.9898448  6.56628418 4.        
-4.09332323  4.94223022  3.69632006  5.        
-0.57611102  1.68170905 -1.20107996  2.        
-0.91726702 -2.82958198 -1.37548804  2.        
2.42236304 5.28812408 4.50332594 4.        
1.71704102 5.12714386 3.29373193 4.        
 0.82760602  6.41157484 -5.20278883  3.        
-4.18406677  3.69271111  5.77267504  5.        
-0.81909198 -2.07637811 -2.07330298  2.        
0.36236599 4.48927307 1.28192103 4.        
0.73985302 3.55159807 0.35226399 2.        
1.28326404 4.28946686 0.94381702 4.        
-5.30956984  4.18144989  5.10378981  5.        
-6.22471619  4.81499481  3.68542504  5.        
-3.33811903  4.84046221  3.45925903  5.        
-1.32194495  3.57308197  1.37893701  5.        
 5.91293287  3.99006701 -2.212708    3.        
 3.04258704  6.00341797 -4.3685298   3.        
-1.63973999  2.31122589 -1.09924304  6.        
-0.134399    4.27915907  3.20269799  4.        
 0.83007801  2.23909807 -1.42123401  2.        
-1.96121204  3.98850989  4.8876338   5.        
0.287323   2.56009698 0.127441   2.        
 0.756226    2.78764296 -1.78262305  3.        
-1.87980604  3.92304993  1.00384498  5.        
-3.16854906  4.69516802 -0.42352301  5.        
 5.80882311  4.9044342  -3.03390503  3.        
 5.03141785  4.7152791  -2.69424391  3.        
-1.76304603 -4.11322784 -2.17651391  2.        
-2.78205895  4.55841112  4.17471313  5.        
-1.65699804  4.21205902  2.77419996  5.        
 3.17662001  3.3757019  -1.03045702  3.        
 1.26710498  3.95626807 -2.14883399  3.        
-1.48931897  3.56754303  3.83074999  5.        
-5.26878405  5.41925097  2.05218506  5.        
-4.44958496  5.41236877  1.58328199  5.        
-2.13777208  2.57154894 -2.37039208  6.        
 0.46679699  4.04697418 -2.35317993  3.        
-0.69717401 -4.2263031  -2.21639991  2.        
-1.63719201  3.10613298  0.10141     5.        
5.06729078 5.12284088 4.17361498 4.        
2.99949598 5.40744781 3.33700609 4.        
-2.1769259   4.05183411 -0.022369    5.        
5.02386522 5.80477095 5.46044922 4.        
2.08993506 5.07591295 0.898224   4.        
-3.91372705  5.13336897  0.52560401  5.        
 5.36663818  6.07444    -4.818573    3.        
 1.92369103  6.77870893 -5.62335205  3.        
 4.25640917  4.80456495 -2.57879591  3.        
-4.11494493  4.71541595  4.38742113  5.        
3.55001807 5.26299286 2.27441406 4.        
 4.64047194  5.45973206 -3.55389404  3.        
-1.43492103 -5.78983307 -2.65197802  2.        
-0.45074499 -0.22834    -1.00329602  2.        
 1.35055494  3.22532606 -1.769714    3.        
2.38336205 5.27407122 3.77554297 4.        
2.24804711 5.11454821 1.83624303 4.        
 2.84295607  7.07363081 -6.15176392  3.        
 5.33393908  4.21743822 -2.13143897  3.        
-3.58964491  5.08396196  2.47592211  5.        
-0.365356    3.18264008  2.01409888  5.        
-0.80653399  1.55890703 -0.49597201  2.        
-3.72583008  4.89921618 -0.17343099  5.        
-0.96495098  3.33355689  2.95800805  5.        
0.76889002 4.73799896 3.64950609 4.        
-1.23629797  1.99575806 -0.308258    2.        
-6.1061101   4.16680908  5.26858521  5.        
-1.21812403  3.71375299  1.98342896  5.        
-2.81594896  4.64108276  0.484009    5.        
 3.0731051   4.63082886 -2.38977098  3.        
 0.293091    6.22509813 -5.04684401  3.        
-0.26603699  5.36364698 -3.81131005  3.        
-1.38658094  3.61630988  3.24154711  5.        
4.04721117 5.31816912 3.44216895 4.        
2.52885389 4.22507477 6.41156006 4.        
 1.22818005  6.13987684 -4.67300415  3.        
 3.07926893  5.35746002 -3.36163306  3.        
-1.15360999 -1.58857    -1.37869298  2.        
 6.0486908   6.02860308 -4.98922682  3.        
-0.51980603 -1.64287603 -1.55249     2.        
-4.94837904  3.97951508  5.70501709  5.        
-1.90606701  3.85934496  4.09225512  5.        
-1.12580895 -3.75493598 -2.07611108  2.        
-2.64875793  4.65758514  2.22174096  5.        
2.4233861  5.16072083 2.48696899 4.        
 0.814331    5.64183807 -4.04205322  3.        
-1.58529699  4.10637712  2.2190249   5.        
-4.17402697  5.04099989 -0.677948    5.        
-1.68844604  2.84358191 -1.31835902  6.        
1.14535499 3.33396196 0.024017   2.        
 3.42977905  5.82235718 -3.96539307  3.        
 4.17124891  4.23303986 -1.95867896  3.        
 6.04905701  5.40341187 -3.97567797  3.        
-1.30426002 -7.38284302 -2.18002295  2.        
-4.5030818   5.23880816  2.94598389  5.        
-5.29273987  4.5994029   4.69750977  5.        
-0.339661   -0.940956   -1.70284998  2.        
-0.68664598  3.16332197  1.13787794  5.        
0.66923499 4.60823107 1.78787196 4.        
-3.55110192  5.11924696  1.70263696  5.        
 2.27030897  3.88439202 -1.85382104  3.        
-1.83862305  3.72252703  0.346497    5.        
1.47981298 4.70785522 2.03006005 4.        
-5.06196594  5.36154222  0.71868902  5.        
-1.11349499 -0.862198   -1.131042    2.        
-2.30213904  4.41149092  3.87579298  5.        
 0.838898    6.71890306 -5.75158691  3.        
-5.0368042   4.98814392  3.87588501  5.        
2.93934608 5.33168793 2.72619605 4.        
 0.230896    1.23015594 -0.93344098  2.        
-3.26890612  4.03865099  5.20965576  5.        
 4.2484889   5.73575592 -3.85470605  3.        
 3.121948    4.19785309 -1.934448    3.        
-2.60646105  3.00875092 -1.65539598  6.        
 4.46128893  6.429245   -5.15023804  3.        
1.33399999 5.03067017 3.68307495 4.        
1.56237805 4.99689484 2.7406621  4.        
 6.2137599   5.59358215 -4.63641405  3.        
4.12132311 5.18633318 1.398224   4.        
-3.44836402  5.03718615  0.80563402  5.        
-2.23671007  4.50756788  3.10107398  5.        
 5.02693176  3.90158796 -1.57437098  3.        
 2.70205688  6.35900879 -4.76278687  3.        
 6.15173292  4.30362701 -2.67242408  3.        
-4.42159986  4.41320801  4.77658081  5.        
2.63462806 5.20068407 5.33935499 4.        
-0.90148902  3.38205004  2.27984595  5.        
3.43808007 5.58534193 4.32296705 4.        
2.81945801 5.01921082 6.20510912 4.        
 1.36137402  3.10235596 -1.18911695  3.        
 3.2910459   3.82433295 -1.49264503  3.        
 2.42236304  5.93497515 -4.09085083  3.        
 0.112976    5.07704878 -3.39752197  3.        
 5.52804613  5.61827803 -3.95452905  3.        
 5.13429308  6.30729723 -5.26345778  3.        
-1.08106995 -4.6005168  -2.18240404  2.        
0.71386701 4.34166718 4.59014893 4.        
-4.77050781  5.2777791   0.062561    5.        
-6.34178209  4.38188887  4.56427002  5.        
-0.32247901  0.97575402 -1.19781494  2.        
-3.9168241   3.96801805  5.29083204  5.        
 4.02108812  6.29262495 -4.83660889  3.        
-1.61038196 -4.85935211 -2.23278809  2.        
 6.02839708  6.13899994 -5.74035597  3.        
4.53565979 4.9101491  2.09490991 4.        
-2.02629089  4.39267015  2.05468798  5.        
 5.29125977  5.00983381 -3.09854102  3.        
 5.18385315  6.77997589 -6.08236694  3.        
-0.856354    2.42130303  0.35183701  2.        
 2.37384009  7.19599104 -6.36273193  3.        
 2.58679199  4.71277618 -2.57754493  3.        
4.08784485 5.44663191 6.14611816 4.        
-2.26902795  4.330688    1.23828101  5.        
 1.83071899  6.91088104 -6.14379883  3.        
-2.32132006  3.49658203  4.81164598  5.        
 3.36630297  7.07292891 -6.11978197  3.        
 4.18400621  5.28646803 -3.25726295  3.        
 6.04774523  6.43495178 -6.34127808  3.        
1.92077601 5.0509491  4.51080322 4.        
-1.80917394 -5.47317505 -2.17999291  2.        
 1.41749597  4.75249481 -2.8651731   3.        
 4.33422899  6.75009918 -5.63772583  3.        
 6.26759291  4.83189392 -2.78921509  3.        
0.794052   4.21557617 1.20324695 4.        
3.50099206 5.43197584 3.45132494 4.        
3.99642897 5.16618299 2.50494409 4.        
-0.35461399  2.10461402 -1.01538098  2.        
-0.220566    4.60635424 -2.94412208  3.        
 1.74449205  6.29132795 -4.65679884  3.        
-1.22752404 -2.05046797 -1.73165905  2.        
-0.083588    2.92848206  0.22769199  2.        
4.04222107 5.8104248  5.27642822 4.        
4.78568983 4.8730092  2.94897509 4.        
3.39060998 5.65544891 5.01126099 4.        
 2.51225305  5.48490906 -3.57144189  3.        
-2.6781621   3.96327996  4.69930983  5.        
-1.79022205 -6.11630201 -2.52474999  2.        
-0.56166101  5.56375885 -4.19372606  3.        
-2.04412794  3.89539289 -0.57372999  5.        
-1.24682605  2.89977288  0.34491     5.        
-0.87657201 -1.21449304 -1.55392504  2.        
 2.48407006  3.33627295 -1.17852795  3.        
0.92820698 3.83866906 0.71188402 4.        
-6.05734205  4.7740941   4.18023682  5.        
0.57081598 4.77593184 3.19625807 4.        
-0.044662    2.39765191 -0.20343     2.        
0.359833   4.74383497 2.2975769  4.        
-0.692581    0.835495   -0.66690099  2.        
 0.955383    5.28993177 -3.47415209  3.        
1.47471595 4.15370893 5.74682617 4.        
-1.21545398  3.19368005  1.06234705  5.        
0.465561   4.4247508  4.17306519 4.        
5.17127991 4.85262299 3.77679396 4.        
-2.78889489  4.47304487 -0.66097999  5.        
 1.68078601  6.41194916 -5.83786011  3.        
4.82179308 5.62487793 5.86712694 4.        
 0.19932599  3.69213891 -2.15243506  3.        
-4.13958693  5.31390381  2.55127001  5.        
2.03938293 5.06972504 2.79208398 4.        
-1.34172106  2.54228997 -1.97140503  6.        
-0.47872901 -0.119743   -1.47277796  2.        
-0.90637201 -2.46060896 -1.68972802  2.        
 5.29824781  6.51991987 -5.68179321  3.        
5.45574903 5.67289019 5.25601196 4.        
-1.93882799 -6.84088087 -2.37985206  2.        
2.10017395 4.66577101 5.578125   4.        
-5.9125061   5.35565186  2.79434204  5.        
0.35476699 3.218292   0.248322   2.        
 2.68209791  6.89296007 -5.73739576  3.        
 0.125732    4.2940979  -2.59634399  3.        
-5.14468384  5.28105879  3.244385    5.        
-0.67402601  0.39752999 -1.13064599  2.        
-4.48123217  4.98454285  3.9724431   5.        
-1.21769702 -2.83648705 -1.82409704  2.        
 4.102005    3.43570709 -0.87036097  3.        
-4.7020421   5.44313002  1.98593104  5.        
 4.11206102  7.04083204 -6.59924316  3.        
 4.66114807  6.84274292 -5.99471998  3.        
1.48547399 4.93486023 4.23059082 4.        
 1.25479102  5.48105621 -3.81933594  3.        
-2.64978004  4.74196577  2.87652612  5.        
 5.15220594  5.91053009 -4.34845018  3.        
-1.65264904  3.85926795  4.52954102  5.        
-0.87080401  2.23075104 -1.34399402  6.        
 2.17398095  6.49532318 -4.94815111  3.        
 1.88353002  5.91280413 -4.17727709  3.        
 2.90426612  6.58675385 -5.27151489  3.        
-4.60884094  5.33216095  1.11319005  5.        
 4.54472303  5.92958117 -4.35925293  3.        
 1.28695703  6.59811401 -5.46484423  3.        
3.67323303 5.38280487 6.52981615 4.        
-1.088516   -3.32021308 -1.56851196  2.        
-0.30819699 -0.88636798 -1.24588001  2.        
 1.81173694  5.02136183 -3.1378479   3.        
2.98213196 5.25495911 1.25494397 4.        
 3.45996094  6.17491913 -4.54992723  3.        
-3.51135302  4.99082184  3.03839111  5.        
2.40223694 4.62988281 6.13522291 4.        
-1.67448401 -6.30549622 -2.12594604  2.        
2.76181006 5.21857405 1.69302404 4.        
2.90235901 5.4741292  4.5097661  4.        
 3.48884606  6.6343689  -5.32528687  3.        
1.92674303 5.2637248  0.441681   4.        
-4.82955885  4.36490583  4.9960022   5.        
 4.72126818  3.73866296 -1.27682495  3.        
 3.76388597  6.76661682 -5.65975904  3.        
3.19455004 5.55934095 5.40466309 4.        
-3.35868812  5.04477692  1.27188098  5.        
 0.22624201  2.12600708 -0.65603602  2.        
 5.14151001  5.53005981 -3.74600196  3.        
 0.37298599  2.92201996 -1.97042799  3.        
4.28842211 5.43521118 4.02554321 4.        
-1.298172   -6.9463501  -2.27368212  2.        
4.77362108 4.99292803 3.37789893 4.        
 0.094986    5.91144609 -4.61181593  3.        
-2.62385607  4.6186142   1.26031494  5.        
-3.01686096  4.74507904  3.85015893  5.        
1.53028905 4.47323608 1.33834803 4.        
-5.82309008  5.33282518  3.22451806  5.        
-5.65290785  5.18077803  1.95742798  5.        
4.75183105 5.59983778 4.77166796 4.        
5.22640991 5.99274397 5.79907179 4.        
-1.41763306 -5.30514479 -2.08502197  2.        
1.52162194 4.46172285 5.02441406 4.        
 0.54067999  5.0751338  -3.31936693  3.        
-3.53073096  4.5151062   4.58636522  5.        
0.793625   4.79866791 2.74298096 4.        
3.32690406 5.51361084 6.08740187 4.        
3.19912696 4.96943712 6.82550097 4.        
 1.48596203  4.43922377 -2.57278395  3.        
-0.40473899  5.8527298  -4.54849195  3.        
4.44528198 5.14845991 1.68191504 4.        
2.49882507 5.20489502 0.860901   4.        
 5.0149231   5.27354383 -3.29534888  3.        
-0.69064301  4.6114502  -3.06390405  3.        
 6.15571594  5.88966417 -5.37960815  3.        
-2.21893311  2.97717309 -2.03869605  6.        
1.76577795 4.81069994 0.98202503 4.        
 4.3336792   4.49549103 -2.28460693  3.        
-5.48905897  5.36495209  1.39547706  5.        
-1.75672901  2.74119592 -2.24881005  6.        
 1.85385096  5.41181993 -3.48168898  3.        
 4.05320692  3.851372   -1.46850598  3.        
4.55560303 4.90220594 2.55554199 4.        
-2.48356605  4.29766893 -0.40060401  5.        
-4.53921509  3.79888105  5.56546021  5.        
-1.23440599  2.5190351  -1.096313    6.        
 1.08731103  3.56399488 -1.97689795  3.        
-4.17503405  4.19724989  5.04266405  5.        
-0.85980201 -0.214561   -1.19122303  2.        
 3.26647902  4.89284515 -2.70608497  3.        
 2.33203101  3.61079407 -1.539307    3.        
 0.60282898  4.48884583 -2.69256592  3.        
-1.25286901 -4.13942719 -2.18823195  2.        
1.37541199 4.1852951  5.3031311  4.        
2.69917297 5.1013031  0.389191   4.        
-0.27590901  0.818214   -0.695831    2.        
 4.3177948   3.64557695 -1.193542    3.        
4.03282213 5.58631086 4.36444092 4.        
 1.86627197  6.60687304 -5.24789381  3.        
-1.43627906 -4.48594713 -1.91598499  2.        
 3.41107202  5.58753204 -3.61065698  3.        
 3.84452796  5.74160814 -3.95587206  3.        
-4.15101624  5.29115295  0.902435    5.        
 6.48019409  4.78572893 -3.60076904  3.        
 4.00154114  5.00952101 -2.83435106  3.        
-4.62158203  4.97987413 -0.41378799  5.        
 3.64465308  6.38261414 -4.98535204  3.        
5.4294591  4.91354418 4.26708984 4.        
5.60662794 5.22677612 4.82424879 4.        
-0.83105499 -1.89853704 -1.69970703  2.        
 1.24793994  3.58344293 -1.58953905  3.        
-3.76695204  4.84738922 -0.58181798  5.        
3.88098097 5.83727312 5.8770752  4.        
4.52101088 5.92823792 6.20123291 4.        
-5.23149109  5.47489214  2.45953393  5.        
-4.05226088  5.29590607  1.57489002  5.        
3.405334   5.324646   0.64172399 4.        
-5.7033391   4.09333801  5.31433105  5.        
4.09515381 5.91399384 6.24231005 4.        
 2.75720191  3.94152808 -1.77481103  3.        
2.04267907 5.19953918 3.55825806 4.        
-3.83848596  5.01943207  3.33233595  5.        
 3.75393701  4.38587904 -2.06127906  3.        
 0.033585    1.88938904 -1.66305494  2.        
-1.41633606 -6.09272814 -2.35894799  2.        
-1.11787403 -3.77437592 -1.66909802  2.        
 1.67907703  3.17464399 -1.50476098  3.        
-2.78111291  4.75454712  1.83554101  5.        
-2.98750305  3.74691796  5.17791796  5.        
1.828812   4.8057332  1.84759498 4.        
 0.476868    2.01279497 -1.46917701  2.        
-2.94346595  4.86951494  2.45901489  5.        
1.85475194 4.73296404 5.18484497 4.        
-0.82467699 -1.77772498 -1.14642298  2.        
-2.11244202  2.99679589 -1.59491003  6.        
 5.1252141   4.48686981 -2.37417603  3.        
0.101807   4.59164381 3.30004907 4.        
 5.42538404  4.72287798 -2.7810359   3.        
-5.57505798  5.15963697  0.161621    5.        
-5.88798523  4.96947479  3.86273193  5.        
 2.66384912  6.13227797 -4.41564894  3.        
-2.110641    3.72083998  4.55181885  5.        
-2.98794603  4.67777205  0.084381    5.        
 6.03762817  5.08046722 -3.31884789  3.        
-0.71995503 -0.93835402 -1.10794103  2.        
 6.29598999  5.61479998 -4.24404907  3.        
1.38986194 4.84349108 2.3969419  4.        
 4.90419006  4.0765152  -1.91403198  3.        
 3.07260108  3.25730896 -0.66210902  3.        
 0.34878501  2.81790209 -0.23791499  2.        
-2.02943397  4.00476789  0.55721998  5.        
-1.61419702  3.96795702  3.16912794  5.        
-5.12805223  4.83200788  4.23309278  5.        
4.6663208  5.91913605 5.59942579 4.        
 2.71438599  5.25579786 -3.23223901  3.        
 4.51100206  7.16015577 -6.82128906  3.        
-0.091949    0.70680201 -1.38287401  2.        
-2.74916101  4.23870897  4.41925097  5.        
 5.70564318  6.5876689  -6.47888184  3.        
3.90164208 5.22967482 2.97390795 4.        
1.08125305 4.64855194 2.00100708 4.        
-1.19065905  2.47804999 -0.26846299  2.        
-3.29032898  4.64386702 -0.88687098  5.        
-0.036148    1.45604706 -1.41747999  2.        
 1.35617101  5.03121901 -3.14242506  3.        
-2.4138031   4.28171492  0.199799    5.        
2.43496704 5.23610687 4.89770508 4.        
-2.10160804  4.35520887  3.46871996  5.        
-1.88089001  4.26598406  3.14907789  5.        
-1.59811401  3.50981903  4.20852709  5.        
-3.65074205  4.83557892  3.70410204  5.        
 1.06530797  5.86915588 -4.36712694  3.        
 2.3210299   4.47374678 -2.40521193  3.        
-4.37904406  5.22802687  0.244019    5.        
 0.83483899  3.80284095 -2.16763306  3.        
-5.46313477  5.35040998  0.72259498  5.        
 1.96150196  3.46567512 -1.55511498  3.        
-2.65686011  4.59246778  0.86764503  5.        
-0.306564    1.66841102 -0.91378802  2.        
-2.992172    4.83030701  3.20861793  5.        
-1.26719701  3.13963294  0.65570098  5.        
-3.12390089  4.86709595  0.59213299  5.        
-4.42094421  5.41788483  2.30026293  5.        
4.31858778 5.72424316 4.77740479 4.        
 5.67860413  4.21337891 -1.94921899  3.        
 2.39128089  4.90571594 -2.85418701  3.        
 6.15345812  6.27388    -5.31411695  3.        
-4.22351122  5.11975098  3.20211792  5.        
 5.75526381  3.71011305 -1.992432    3.        
3.73481798 5.20634508 1.57107496 4.        
 3.25042701  5.18209124 -3.05081201  3.        
-5.04963684  3.98717499  5.31591797  5.        
 0.621948    6.38706207 -5.81942701  3.        
-5.23196411  5.426826    1.063416    5.        
-4.89175415  5.27790117  2.95101905  5.        
-1.31626904  3.87050605  2.91433692  5.        
-6.36203003  4.96076202  3.34185791  5.        
0.62165803 3.62757897 0.80862403 4.        
 0.283829    5.54201508 -3.97882104  3.        
-3.49552894  5.06557512  2.07855201  5.        
 3.37127709  4.40027618 -2.14398193  3.        
-3.31265306  3.71526289  5.41021681  5.        
-0.36888099  4.27506304 -2.53652906  3.        
1.43760705 4.26174879 0.59555101 4.        
 4.32424879  7.03029585 -6.28268385  3.        
-0.82929999  4.99564409 -3.48928809  3.        
2.53353906 5.3553772  4.11312914 4.        
 1.70214796  5.62769318 -3.86968994  3.        
1.17945898 4.89043379 2.74572802 4.        
-0.52006501  0.115028   -0.86401403  2.        
-5.25193787  5.13430023 -0.109436    5.        
-1.608078    3.75871992  1.21890295  5.        
1.06372094 4.47876692 4.56781006 4.        
-1.60836804 -4.4774251  -2.25030494  2.        
5.10731506 5.64462996 5.11938477 4.        
-1.86009204  4.34951782  2.45163012  5.        
-1.43997204 -3.66094995 -1.82656896  2.        
3.34465003 5.26522779 1.16461205 4.        
-2.1613009   4.34390306  1.68020594  5.        
 3.26728797  7.16803694 -6.47052002  3.        
 3.56692505  3.26709008 -0.92166102  3.        
-3.97789001  4.81690216  4.02807617  5.        
-0.56500202  1.17587996 -0.99966401  2.        
 5.91438293  6.49260712 -5.73291016  3.        
 0.87429798  3.12755609 -1.87539697  3.        
 6.03030396  4.60026503 -2.48471093  3.        
3.2263341  5.29885101 1.96621704 4.        
 0.561005    2.4881289  -1.68807995  2.        
-2.71456909  4.51718903  3.78167701  5.        
-5.79130507  4.69599915  4.54394484  5.        
-6.2071228   4.2699132   4.92904711  5.        
-0.61924702  5.88066912 -4.84719896  3.        
3.25425696 5.33708191 2.48190308 4.        
2.30950904 4.99367523 0.39050299 4.        
 2.29200697  6.8392868  -5.75796509  3.        
 2.256042    4.13558197 -2.1377871   3.        
 3.55828905  5.34155321 -3.3096621   3.        
5.45637512 4.56261396 3.44171095 4.        
-2.31872606  3.86090112  4.86083984  5.        
 3.71510291  7.07112122 -6.23574781  3.        
-2.03639197  4.16614485  3.81246996  5.        
-5.11270094  3.76985192  5.95755005  5.        
-1.44761705  2.89298296 -0.12948599  2.        
-0.148224    4.84784698 -3.21066308  3.        
5.02861023 4.61732483 2.85073805 4.        
-1.20603895  2.24474311  0.023895    2.        
 0.86811799  4.16585493 -2.36944604  3.        
-1.49708605  3.88470507  4.01065111  5.        
2.77916002 5.29914904 3.06845093 4.        
-3.02981591  3.9785161   4.90075684  5.        
-5.48652697  4.96192884  3.93435693  5.        
-0.67474401  1.58702099 -0.83309901  2.        
-5.23408508  5.12260389  3.60278296  5.        
1.05372596 4.94302416 3.47027612 4.        
4.00274706 5.88296509 6.66256714 4.        
 3.07006788  3.605232   -1.28976405  3.        
-6.4003911   4.51995897  3.8001399   5.        
-1.26185596 -1.93256402 -1.34729004  2.        
 1.62785304  3.97995806 -2.13442993  3.        
-1.23007202 -2.57227302 -1.57369995  2.        
-0.14271501  1.86750805 -1.28860497  2.        
0.010117   4.50891113 2.56845093 4.        
 5.91821289  5.25582886 -3.67593408  3.        
-0.438995    0.62103999 -0.97750902  2.        
-0.61555499  2.98480201  1.82601905  5.        
-3.82113695  5.01480103  0.20282     5.        
2.99206495 4.97975922 6.53649902 4.        
-1.50010705 -5.53934479 -2.40811205  2.        
-0.76353502  2.33217597 -1.70309401  6.        
-1.02012599  3.22246599  1.35711706  5.        
4.41241503 5.56519318 6.06640577 4.        
-1.48037696  2.77800012 -1.74774206  6.        
4.73640394 5.23150587 4.04238892 4.        
2.23170495 4.96427107 1.35458398 4.        
 5.97007799  5.83932495 -4.70236206  3.        
-2.7472229   4.21645403 -1.00900304  5.        
-0.75938398 -0.59757203 -1.02932703  2.        
-0.81922901  5.53806305 -4.54641724  3.        
-5.48526001  5.31215715  3.3258059   5.        
 3.46205091  3.625664   -1.20382702  3.        
-1.21476805 -4.92513323 -2.16897607  2.        
 0.488083    5.72109985 -4.20126295  3.        
 4.1672821   5.49173021 -3.59762597  3.        
-1.125229    3.51052904  1.71316504  5.        
-5.4420929   5.40762281  1.74020398  5.        
-0.54801899  3.31529188  2.28204298  5.        
3.70986891 5.73986816 5.12817383 4.        
-6.00714111  5.14383698  3.45373511  5.        
1.11080897 3.55461907 0.29260299 2.        
-2.25799996e-03  2.40938592e+00  3.70543987e-01  2.00000000e+00
-1.40849304  4.00546312  2.53009009  5.        
-1.16445899 -3.24386597 -2.09222388  2.        
 5.69677687  5.96647596 -4.87649488  3.        
 4.50364685  4.18811798 -1.86563098  3.        
4.37400818 5.20201921 3.4156189  4.        
-1.48942602  3.80847192  1.57260096  5.        
-4.84292603  5.32208204  0.39968899  5.        
3.33360291 5.47002411 3.75219703 4.        
3.50495911 5.57126617 6.85086107 4.        
 3.6517179   4.89945221 -2.77679396  3.        
 0.83219898  6.18199921 -4.84463501  3.        
 0.98420697  4.69370985 -2.78738403  3.        
 2.658463    6.79704285 -6.24282789  3.        
 1.433182    3.58129907 -1.95599401  3.        
 0.093063    5.37792206 -3.74478197  3.        
-1.14315796  2.55322289  0.216858    2.        
-1.49397302  3.25052595  0.42382801  5.        
 1.52140796  6.07823896 -4.5067749   3.        
-1.95962501  4.08046722  1.295959    5.        
-0.169662    1.29856896 -1.04766798  2.        
-5.57209778  5.46198988  2.45773292  5.        
-1.80827296  3.759094    0.71395898  5.        
-2.00843811  2.70703101 -1.07830799  6.        
 5.15232897  6.91701508 -6.42169189  3.        
3.21620202 5.356987   3.02130103 4.        
1.47224402 4.53661299 0.80712903 4.        
-1.09088099  2.41333008 -1.78228796  6.        
0.69464099 4.44127703 1.49377406 4.        
-0.55349702  3.21023607  1.51565599  5.        
 1.15762305  6.42084503 -5.13037109  3.        
 1.95606995  4.47345686 -2.50686693  3.        
1.95074499 4.92717695 0.55572498 4.        
 1.59655797  6.72003222 -5.71444702  3.        
 1.384583    4.19969177 -2.35861206  3.        
0.45562699 4.6700058  3.54577589 4.        
-0.89445502  5.4933548  -4.22177076  3.        
0.830643   3.29879808 0.15060399 2.        
-1.63813806  3.43812609  0.028961    5.        
-1.25144994 -4.87623596 -2.53897095  2.        
 2.20030189  5.43227386 -3.43185401  3.        
-3.2532351   5.01295519  1.59246802  5.        
-3.77557397  4.55783081 -1.00567603  5.        
-0.82611102  1.27252197 -0.324402    2.        
-1.70086706  3.83391595  3.75042701  5.        
-2.09890795  2.90466309 -2.34176612  6.        
-1.54545605 -6.8470149  -2.49636793  2.        
1.24943495 4.72124481 4.39480591 4.        
0.71933001 4.62175798 4.00210619 4.        
-1.049667    1.77294898 -0.575562    6.        
4.83444214 5.95620012 5.90118408 4.        
-4.10774183  3.95922089  5.58776903  5.        
 0.19851699  4.86063385 -3.1595149   3.        
2.15553308 5.23887587 4.01361084 4.        
0.37678501 4.48156023 1.69760096 4.        
-0.054947    4.58378601  3.0083921   4.        
 5.445786    6.14503479 -5.13220215  3.        
5.31819201 5.13299608 4.48794603 4.        
0.96386701 4.05253601 0.96142602 4.        
-3.35127306  4.50223494  4.30911303  5.        
 3.63613892  3.91606903 -1.51348901  3.        
1.80867004 4.32186079 5.71106005 4.        
2.56306505 5.26529694 2.08352709 4.        
 0.53302002  6.48352814 -5.33187914  3.        
 0.97018403  2.53085303 -1.48175001  2.        
-0.839966    1.12942505 -0.66473401  2.        
-0.58827198  2.09099603 -1.43707299  2.        
 5.35839796  3.86697412 -1.26922596  3.        
 0.184662    1.46505702 -1.16909802  2.        
 5.82572889  4.72396803 -2.75997901  3.        
-4.96971083  5.47670698  2.19857788  5.        
 2.92752099  4.34222412 -2.15588403  3.        
-2.11622596  4.1475749   0.86700398  5.        
2.8639071  5.4029541  5.45819092 4.        
-2.88641405  4.57949781 -0.28994799  5.        
4.90090895 5.41107893 4.51629591 4.        
-1.06404102 -2.81606293 -2.21963501  2.        
-1.01542699  1.89305902 -0.089478    2.        
-1.17326403 -5.37767792 -2.29473901  2.        
 2.78833008  3.29131293 -1.06719995  3.        
-3.11276293  4.66973114  4.15356398  5.        
3.37861609 5.68140411 5.77813721 4.        
 2.1430819   6.99300385 -6.18994093  3.        
0.50033599 4.11776686 1.30569506 4.        
 0.361588    3.42012    -2.05676293  3.        
-4.58245897  3.68421197  5.86737108  5.        
5.36750793 5.48962402 5.         4.        
-2.3274231   4.51634216  2.05383301  5.        
 5.28503418  4.0283432  -1.87127697  3.        
-0.221039    2.57041907  0.096313    2.        
3.44053602 5.59902191 6.46188307 4.        
-2.39881897  4.54177904  3.59439111  5.        
-1.35653698  3.46003008  3.55523705  5.        
1.59088099 4.63585711 1.70761096 4.        
 2.23103309  4.68946791 -2.64157104  3.        
-5.82125807  5.49970198  1.87448096  5.        
1.98571801 5.12841797 3.11276293 4.        
-0.652771    1.06139398 -1.289276    2.        
-0.67324799 -0.94309998 -1.43005395  2.        
 3.46997094  6.91144609 -5.7348938   3.        
 2.29350305  3.1263659  -1.02618396  3.        
-0.87715101  3.30780005  3.26647902  5.        
2.31202698 4.95037794 5.35620117 4.        
-3.56184411  4.02590895  5.07840014  5.        
-1.00851405 -2.6174469  -1.95071399  2.        
 4.20018005  5.85046387 -4.15048218  3.        
3.70289612 5.34198809 3.19900489 4.        
 6.44293213  4.41558123 -3.01370192  3.        
-0.96916199  3.39342499  1.96685803  5.        
-0.84931898  3.2751689   2.66567993  5.        
 4.99328613  6.25370789 -4.97000122  3.        
 2.69108605  4.47843885 -2.34231591  3.        
-4.88082886  5.4390111   1.67520106  5.        
 0.036209    6.34132385 -5.19592285  3.        
 1.17996204  2.9014051  -1.63467395  3.        
-0.75567597  3.01988196  2.85131788  5.        
1.16508496 4.84643602 4.00320387 4.        
-4.32901001  3.92657495  5.36178589  5.        
-5.88638306  5.02043915  3.18682909  5.        
-2.40788293  4.39949799  0.96075398  5.        
-4.83692884  4.46964312  4.696136    5.        
4.10240221 5.40752411 3.74197412 4.        
2.57699609 5.21768904 2.759094   4.        
-3.35226393  4.80167389 -0.061218    5.        
-4.3394928   5.33935499  1.28128099  5.        
3.70606995 5.76146698 6.62542677 4.        
4.40725708 5.88395691 5.419312   4.        
0.486938   4.78672791 2.6646421  4.        
0.74363703 4.48842621 4.31054688 4.        
-3.23019409  4.94471693  2.34811401  5.        
 3.94560194  7.15526581 -6.84286499  3.        
-4.02383423  4.97930908 -0.40643299  5.        
 4.56193495  4.83065796 -2.65606689  3.        
2.56372094 5.3107152  3.38659692 4.        
 1.12884498  5.67330885 -4.04623413  3.        
-0.52352899  5.11706495 -3.63208008  3.        
 2.84016395  5.87378693 -4.16430712  3.        
-0.69950902 -2.698349   -1.67974901  2.        
 0.80009502  6.54899597 -5.48886108  3.        
2.22305298 4.57975817 5.8808589  4.        
 5.61453295  4.31895494 -2.293823    3.        
-6.17623901  5.11808777  2.70626807  5.        
-2.00730896  4.38087511  2.78210402  5.        
4.36030579 5.03181505 2.32608008 4.        
-3.954041    4.49956512  4.5501399   5.        
 3.87204003  5.31637621 -3.28225708  3.        
3.30111694 5.62518311 4.6031189  4.        
3.72186303 5.23563385 2.64135695 4.        
-2.90928602  4.77116394  0.800385    5.        
-0.25515699  1.56487298 -0.61148101  2.        
 3.82104492  6.17154694 -4.6279912   3.        
-0.95764202 -4.04531908 -2.1429441   2.        
-4.76979113  4.88432312  4.0402832   5.        
-1.20504797  2.20098901 -2.11135888  6.        
-3.96202111  4.70727491 -0.80435199  5.        
2.70877099 5.07807922 5.87408495 4.        
0.45047    4.68264008 1.99783301 4.        
3.0223999  5.24568176 6.275177   4.        
 3.27329993  3.09394789 -0.836487    3.        
-1.56660497 -6.66866302 -2.23504591  2.        
 4.3875432   6.11598206 -4.55319214  3.        
 3.95121789  4.08391619 -1.702209    3.        
-1.48680103  3.50689697  1.05969203  5.        
 1.95216405  6.72073412 -5.92752123  3.        
-0.95985401  3.01951599  1.10208094  5.        
-2.74653602  3.05300093 -1.92880201  6.        
-4.21542406  5.20515394  0.52374297  5.        
 5.85832214  6.34957886 -6.11148119  3.        
-1.98443604  3.86608911 -0.178589    5.        
-0.933716   -1.51267195 -1.61419702  2.        
-5.67800903  4.2749939   4.99105787  5.        
-1.28663599  3.86160302  2.28475904  5.        
3.03132606 5.4498601  3.64495802 4.        
-4.42327881  4.70766401  4.46746778  5.        
-6.17474413  4.56847382  4.37850904  5.        
1.41374195 5.07095289 3.28219604 4.        
-2.56826806  4.46308899  0.530792    5.        
4.73348999 6.05991411 6.38171387 4.        
-0.95120198 -2.42107391 -1.38638306  2.        
4.90226698 5.06018782 3.84753394 4.        
-2.18023705  4.11797285  4.08023119  5.        
2.73097205 5.22233582 1.06192005 4.        
 3.51847792  5.97634077 -4.32250977  3.        
3.96054101 5.58215284 6.39071703 4.        
-1.72633398  4.15447187  1.95044005  5.        
-5.34037781  3.94966888  5.44525194  5.        
3.87384009 5.21221924 1.21835303 4.        
 4.63998413  5.70779419 -3.80114698  3.        
2.68071008 4.76451921 6.30526686 4.        
 5.12390089  5.73017883 -4.08984423  3.        
 0.65046698  4.70706177 -2.90240502  3.        
2.03831506 5.03307295 4.79324293 4.        
 1.91162097  3.90890503 -1.96697998  3.        
-0.257797    5.57347107 -4.1494751   3.        
3.08013892 5.5124588  4.24404907 4.        
-3.4746089   4.34186506  4.83209181  5.        
 4.99964905  6.67599487 -5.86184692  3.        
-2.57231092  4.64697313  3.15628004  5.        
 3.0253911   3.90006304 -1.63476598  3.        
0.338287  3.0010829 0.006165  2.       
2.28442407 5.15878296 2.14746094 4.        
-0.435471    2.35837603  0.142029    2.        
-0.76806599  2.04032111 -1.12911999  2.        
 4.88635302  6.91823578 -6.18569994  3.        
-3.86628699  5.20041704  0.84353602  5.        
 5.56495714  5.14399719 -3.25054908  3.        
0.057114   4.73573303 2.37091088 4.        
-2.97686791  4.69405413  3.55310106  5.        
-1.20719898 -2.36412001 -1.79406703  2.        
 4.36024523  6.87879181 -6.01791382  3.        
-1.32925403 -6.41078186 -2.25845289  2.        
 1.16023195  6.70121002 -5.72094679  3.        
 5.60374498  6.38067579 -5.62234497  3.        
-4.45115709  5.11724806  3.62658691  5.        
 4.75665283  6.35902405 -5.14459181  3.        
 2.96076989  7.11203003 -6.42892504  3.        
 0.94990498  5.48831177 -3.81805396  3.        
-5.58564806  4.52027893  4.69195604  5.        
 0.078445    6.07022905 -4.86984205  3.        
 0.12641899  2.34109497 -0.46096799  2.        
 2.55174303  5.08851624 -3.03506494  3.        
-0.028915    1.947227   -0.78073102  2.        
-4.62591505  5.26774597 -0.203583    5.        
 6.48236084  5.45373487 -4.64758301  3.        
-1.43661499  3.89321899  1.87469494  5.        
 0.32800299  5.86286211 -4.415802    3.        
2.40759301 5.12210083 1.579041   4.        
-6.33476305  4.66415405  3.44714403  5.        
-3.8396759   5.22664595  2.38235497  5.        
-1.49075305 -6.1349721  -2.64926195  2.        
 6.09382582  4.59824419 -2.87097192  3.        
4.81701708 5.72927904 5.11437988 4.        
-4.29534912  5.36826277  1.89758301  5.        
-3.47904992  4.76294708 -0.61904901  5.        
 1.81950402  2.95719099 -1.34002697  3.        
 2.19537401  6.71710205 -5.46514893  3.        
 5.241745    5.34804487 -3.52758789  3.        
 6.15045214  6.27637482 -6.09896803  3.        
 0.50006098  3.6979599  -2.13296509  3.        
 2.97154188  3.07518005 -0.89581299  3.        
 6.38240099  5.61408186 -4.88522291  3.        
2.69065905 5.38426208 3.85775805 4.        
3.51876807 5.25379181 1.91006505 4.        
 3.39167809  7.26734209 -6.75134277  3.        
 1.88824499  6.41220093 -4.9025569   3.        
 2.47126794  6.95596313 -5.96972704  3.        
 4.28611803  5.11168718 -3.03460693  3.        
1.79406703 4.87274885 4.7218318  4.        
-3.7805481   5.16104889  2.06890893  5.        
-4.12272596  4.37441301  4.80203295  5.        
 0.94856298  6.03878784 -4.60742188  3.        
-1.99905396  2.85833001 -1.35354602  6.        
 2.80079699  6.75583696 -5.4972229   3.        
 4.04107714  6.7250371  -5.55200195  3.        
 2.93681312  6.17058611 -4.5944519   3.        
 4.34802198  6.57923889 -5.38442993  3.        
-0.43898001  0.13696299 -1.32214403  2.        
 3.69950891  6.95878601 -5.95791578  3.        
 6.28111315  5.77501678 -5.12475586  3.        
 4.6472168   6.51971388 -5.37304688  3.        
 5.94100904  5.56923723 -4.20098877  3.        
2.63748193 4.50250196 6.44537306 4.        
-0.848755   -1.41622901 -1.33386195  2.        
-4.62046814  5.33553314  2.6875      5.        
-2.28256202  4.12947083 -0.55422997  5.        
1.20274305 3.976753   0.66909802 4.        
 2.06787109  4.93887281 -3.0062871   3.        
 3.15097094  5.84894609 -4.13604689  3.        
-1.52973902 -3.97225904 -2.052917    2.        
-5.24453688  3.78824592  5.68179321  5.        
1.22728002 4.32698822 1.34320104 4.        
 0.025436    4.48703814 -2.80187988  3.        
 4.94026184  4.91112518 -2.900208    3.        
 3.03292894  6.99454498 -5.93569994  3.        
 5.98698378  4.31166792 -2.42321801  3.        
-4.10015917  5.11949921  0.208313    5.        
1.72135901 5.07472992 2.98028588 4.        
-1.22363305  3.76837897  4.03149414  5.        
-2.45686293  4.64480591  2.671417    5.        
 4.38232422  3.52120996 -0.81744403  3.        
-1.20629895  3.53877997  3.01773095  5.        
-5.23498487  4.41858721  4.940063    5.        
 2.66564894  7.14277697 -6.38723803  3.        
1.52305603 5.02710676 3.91287208 4.        
-6.30023193  4.70552111  4.00967407  5.        
3.75854492 5.46199799 3.59649706 4.        
 1.52377295  2.94482398 -1.38168299  3.        
 5.3873291   6.60778809 -5.95269823  3.        
 0.83703601  5.10060883 -3.27923608  3.        
2.27359009 5.2365489  0.643951   4.        
-4.30190992  4.76417494  4.1630249   5.        
 6.32084703  5.19100904 -4.05493212  3.        
-1.59545898  2.59939599 -1.14773595  6.        
3.43769789 5.50830793 4.02566481 4.        
2.0848999  5.18162489 4.29406691 4.        
-2.59173608  4.33356524  4.1654048   5.        
-1.61178601 -3.52117205 -2.02072096  2.        
-3.56414795  5.10065508  2.76879907  5.        
1.605865   5.11612701 3.60940504 4.        
1.37771595 5.0163188  2.9690249  4.        
-1.67744505  3.47532606  0.37475601  5.        
 0.207794    6.25856018 -5.42501783  3.        
-1.00117505 -4.32863617 -2.07809496  2.        
-0.42070001  1.23841095 -1.32308996  2.        
 1.64038098  6.71707201 -5.39987183  3.        
 5.39698792  6.86951494 -6.26651001  3.        
-2.77658105  3.83373308  4.94354296  5.        
-2.10440111  4.034554    0.27514601  5.        
-4.77740479  3.89319611  5.42263794  5.        
-0.39338699 -0.36811101 -1.34262097  2.        
-0.054001    2.11447906 -0.12853999  2.        
-1.10984802  3.63098097  2.24914598  5.        
 3.25047302  6.58167982 -5.16384888  3.        
 3.40527296  4.24638414 -1.87963903  3.        
 4.74723816  3.64916992 -0.99972498  3.        
0.84010297 4.82535505 3.29855394 4.        
 1.97848499  6.13110399 -4.38287306  3.        
-3.30606103  4.77900696  3.87087989  5.        
-1.23977697 -3.49730706 -1.96887195  2.        
-1.81111097  2.94036889 -1.58313     6.        
-2.39094496  3.01982903 -1.33627295  6.        
-5.33064318  4.74571991  4.44836378  5.        
 2.416641    6.30414581 -4.74185181  3.        
-1.39093006 -5.590065   -2.13967896  2.        
-1.44438195 -5.09343719 -2.29977393  2.        
3.01980591 5.26517487 1.56622303 4.        
-3.65066504  4.55826616  4.2963872   5.        
-5.05796814  5.23563385  0.117523    5.        
 4.07727098  6.47104597 -5.06405592  3.        
 4.47239685  5.31702423 -3.23699999  3.        
 4.80860901  6.03486586 -4.51089478  3.        
2.30004907 4.33560896 6.22699022 4.        
 2.66003394  6.50929308 -5.00741577  3.        
 0.182648    2.5639801  -0.27267501  2.        
 4.92852783  5.48470306 -3.532166    3.        
-1.39071703  2.77841997 -1.35577404  6.        
 0.67881799  4.90995789 -3.10739112  3.        
 5.40605211  6.3624568  -5.41159105  3.        
2.70645094 5.26289415 0.62921101 4.        
 3.19632006  6.75190687 -5.40423584  3.        
-1.34678698  2.565521   -2.2598269   6.        
-0.239334    2.22407508 -0.328796    2.        
 0.56776398  6.35694885 -5.07418823  3.        
 1.612885    5.45196486 -3.63638306  3.        
 3.86709595  3.2675631  -0.88085902  3.        
 5.12135315  6.00293016 -4.68399096  3.        
2.66438293 5.40766096 4.86160278 4.        
-3.60678101  5.16560411  1.39883399  5.        
-3.87618995  4.13222504  5.05709791  5.        
-3.6373899   5.14211321  1.00915504  5.        
-3.48849511  5.00528717  0.52191198  5.        
5.36319017 4.82138777 4.00228882 4.        
 1.96716297  5.22215319 -3.29736304  3.        
-1.62808204  3.83505297  3.47235107  5.        
-5.77435303  5.14812517  2.52368212  5.        
-4.86869812  5.34040785  0.92962599  5.        
-0.314392    0.51347399 -1.28060901  2.        
 2.68748498  4.9251399  -2.78466797  3.        
4.03933716 5.73366499 4.8936162  4.        
-1.81784105  3.63877106  4.3397522   5.        
-2.52146912  3.68088508  4.95315599  5.        
-0.65164202  3.14433289  2.07696509  5.        
0.79777497 4.66178894 2.0380249  4.        
 3.87803602  4.55922699 -2.35015893  3.        
 0.58497602  5.56153107 -3.89187598  3.        
-5.26335096  5.39354706  0.487854    5.        
-1.105865   -3.04691291 -1.64810205  2.        
3.62054396 5.73671722 5.93527222 4.        
-1.33772302 -4.5548172  -2.29776001  2.        
4.54418898 4.99916077 3.08969092 4.        
4.09170485 5.12737989 2.76965308 4.        
-6.09164381  4.48410797  4.70101881  5.        
-4.4778142   4.23747206  5.01330614  5.        
1.68714905 4.67103577 4.92849684 4.        
 5.4342351   5.451859   -3.74505591  3.        
-2.80285597  4.7480998   1.43713403  5.        
 4.6343379   6.76818085 -5.72320604  3.        
-2.34588599  3.00163293 -1.78720105  6.        
2.06628394 4.90588379 1.12271094 4.        
3.75138903 5.209198   2.06420898 4.        
 2.16104102  5.862854   -4.01135302  3.        
-0.622253   -0.389725   -1.16271996  2.        
 6.08796692  4.9216609  -3.07241797  3.        
-4.33122206  5.04130507 -0.443665    5.        
3.79124403 5.55796814 4.22177076 4.        
-1.87994397  3.72033691  0.067719    5.        
 6.32237196  5.38317919 -3.75244093  3.        
2.051651   4.93845415 1.73925805 4.        
 5.50116014  5.76516724 -4.19253492  3.        
 5.54264784  6.57839203 -6.23599195  3.        
2.28701806 5.07988024 1.09841895 4.        
-3.22645593  4.95911407  0.98916602  5.        
-0.144989    5.79605913 -4.44494581  3.        
-2.38987708  4.570961    2.32171607  5.        
-0.78080702  0.089012   -1.11587501  2.        
2.65486193 5.37462616 4.37283278 4.        
-1.55613697 -5.85083008 -2.33700609  2.        
4.11009216 5.10673523 1.66818202 4.        
-1.03282201  3.48127007  2.6182251   5.        
-6.44995117  4.60835314  4.40817308  5.        
-0.53379798  1.16951001 -0.656555    2.        
1.279755   4.52619219 4.73846388 4.        
-1.49896204 -3.01937103 -1.85458398  2.        
-0.902542    2.18533301  0.17730699  2.        
 1.71241796  4.56913805 -2.67086792  3.        
1.80352795 4.96642303 2.56469703 4.        
 0.10434     4.03272295 -2.37530494  3.        
-0.100586    1.19413805 -1.34771705  2.        
 1.10766602  3.28311896 -1.89328003  3.        
-1.80744898  3.88694    -0.42709401  5.        
 2.96632409  5.50241089 -3.57077003  3.        
-1.64303601  3.8325119   4.24169922  5.        
 6.24194288  5.89100599 -4.73104906  3.        
5.4160161  4.74461412 3.70114112 4.        
 3.27002001  4.0137558  -1.69992101  3.        
 6.19363403  4.8237462  -3.33685303  3.        
2.16647291 5.20546007 4.57080078 4.        
-5.79640198  3.9470439   5.64611816  5.        
-0.56106597  5.40011597 -3.97009301  3.        
-0.66406202  5.73030806 -4.38998413  3.        
 0.056442    0.47584501 -1.41940296  2.        
5.2580719  5.77689409 5.60525513 4.        
-0.66558802 -1.39352405 -1.54892004  2.        
-0.23921201  5.0564189  -3.46182203  3.        
 5.71391296  5.46274614 -3.82138109  3.        
 2.11282396  3.69022393 -1.68789697  3.        
-0.53918499  1.56955695 -0.56509399  2.        
-0.94023103 -3.08077192 -2.02642798  2.        
4.95106506 4.93552399 3.58157396 4.        
-1.84561205  2.50668311 -2.13427711  6.        
-2.98350501  4.3764801   4.3745122   5.        
0.32110599 4.70199585 3.10766602 4.        
1.74464405 4.81937408 2.12139893 4.        
-4.97805786  5.12033081 -0.13677999  5.        
0.72863799 3.9340589  0.874695   4.        
 4.96192884  4.25435591 -2.13711596  3.        
-5.71128893  5.26556396  1.70309401  5.        
-1.31024206 -4.17620087 -2.45401001  2.        
 1.46096802  6.3469162  -4.82409716  3.        
-2.92334008  3.89636993  5.39862108  5.        
-0.78064001  4.81529999 -3.22341895  3.        
 1.21162403  5.36805677 -3.54934692  3.        
-3.56564307  3.81992292  5.41165209  5.        
-2.71989393  4.72692919  2.52688599  5.        
4.27531385 5.71546221 6.29748487 4.        
3.15479994 5.63310194 4.87439013 4.        
 4.70530701  3.94890594 -1.69802904  3.        
2.92752099 5.33020782 2.44064307 4.        
-1.04986596 -3.50248003 -2.16528296  2.        
 0.43511999  2.67116499 -1.88232398  2.        
 3.17843604  5.65962219 -3.78915405  3.        
 0.049026    2.08198595 -1.85592604  2.        
0.95956397 4.53888702 1.782745   4.        
2.79797411 5.35354614 3.51950097 4.        
-0.98883098 -2.34194994 -1.95587206  2.        
3.2570951  5.31393385 0.91107202 4.        
2.29421997 5.24417877 3.46325707 4.        
 4.02322388  6.84026289 -5.80084181  3.        
 5.59907484  3.95459008 -1.91842699  3.        
 2.16024804  6.61735487 -5.19131517  3.        
-1.12422204 -1.81523895 -1.64120495  2.        
0.40725699 4.54103804 3.93377709 4.        
-3.93417406  3.74943495  5.68060303  5.        
1.65914905 4.91113997 4.43881178 4.        
-1.36949205  2.76613593  0.142151    5.        
-3.53659105  4.91879988  0.112244    5.        
-2.20236206  4.07626295 -0.29183999  5.        
 4.00271606  7.08153486 -6.28817701  3.        
0.150177   4.68669891 2.11636305 4.        
 0.38754299  4.25814819 -2.53482103  3.        
-3.03344703  4.58547211 -0.69278002  5.        
2.56831408 5.04719496 5.55239916 4.        
-1.38211095 -4.77234697 -1.90866101  2.        
-0.040726    5.19701385 -3.594208    3.        
4.32167006 5.6136322  4.52502394 4.        
 0.292725    1.95618403 -1.69744897  2.        
-2.77813697  3.66122389  5.32473803  5.        
-1.25871301 -3.93971992 -1.93154895  2.        
 4.27044678  6.32765198 -4.93267822  3.        
-1.00793505 -1.07768297 -1.25363195  2.        
0.58630401 4.16130114 1.04064906 4.        
 4.57072401  6.26742506 -4.92269897  3.        
-5.66590881  5.42927599  2.15625     5.        
 1.730286    3.39061689 -1.67074597  3.        
-0.444565    4.80110216 -3.14859009  3.        
0.265457   2.96878791 0.29547101 2.        
0.56720001 4.80187988 2.92095995 4.        
-2.52911401  4.30823517 -0.80059803  5.        
-1.12895203 -2.1458509  -1.50088501  2.        
-1.60403395  2.68347907 -2.03573608  6.        
 0.50444001  6.1678009  -4.89172411  3.        
-5.65760803  5.38546705  2.69973707  5.        
4.9394989  4.82076311 3.1807251  4.        
 0.48040801  2.2122879  -1.66168201  2.        
-3.83515906  5.21647596  1.70968604  5.        
 1.65270996  4.83347321 -2.96343994  3.        
2.19113207 5.058815   2.57132006 4.        
-1.41696203 -6.22048998 -2.09277296  2.        
-0.91296399 -1.86213696 -1.42105103  2.        
3.48913598 5.69577789 5.27166796 4.        
4.13551283 5.84968615 5.52325392 4.        
-5.77400208  4.83553314  4.08544922  5.        
-1.06326306  2.33391595 -1.18252599  6.        
 5.39042711  5.83375502 -4.43969679  3.        
-4.86488295  5.2069931   3.20608497  5.        
1.09474194 3.78900099 0.50787401 4.        
4.05069017 5.53754377 4.08682299 4.        
2.65838599 5.25569201 2.4069519  4.        
1.04512    4.8878479  3.73007202 4.        
-4.58061218  5.16865492  3.19021606  5.        
 1.72015405  4.36782122 -2.44293189  3.        
-3.24562097  4.93777514  2.61318994  5.        
-0.439758    0.87763202 -0.90908802  2.        
 0.28840601  4.45091295 -2.73858595  3.        
 3.73225403  5.89346313 -4.18896484  3.        
 5.73828077  6.08597612 -5.10971117  3.        
 2.01136804  6.28848314 -4.65582323  3.        
 2.52081299  3.96508002 -1.89263904  3.        
0.55805999 3.48665595 0.59320098 2.        
-0.449478    0.74451399 -1.22195399  2.        
 0.013123    2.59146094 -0.025696    2.        
-3.69299293  5.08390093  0.67077601  5.        
-5.60430908  5.48623705  1.19018495  5.        
2.65037489 5.35103607 5.11987305 4.        
-0.34811401  0.027542   -1.04531896  2.        
-4.85411119  5.04098511  3.64404297  5.        
 4.49968004  7.10585022 -6.56262207  3.        
1.24093604 4.73009491 2.21029711 4.        
-0.50264001  4.54788208 -2.81469703  3.        
-2.57902503  4.61227417  1.928864    5.        
 2.1764071   3.41346002 -1.41076696  3.        
1.975739   4.92552185 2.0314641  4.        
 0.33679199  5.19799805 -3.46838403  3.        
2.25509596 5.13175201 2.9312129  4.        
-1.52706897 -7.2650218  -2.40777612  2.        
-2.25479102  3.97824907  4.63333082  5.        
-0.25979599 -0.124405   -1.32583594  2.        
1.27760303 4.57059479 1.824615   4.        
0.91389501 4.23885393 4.72757006 4.        
2.42399597 5.14602709 5.14514208 4.        
-4.23455811  5.12106323  3.47662401  5.        
-3.54830909  4.93607283  3.33261108  5.        
 1.421188    5.6315918  -4.03350782  3.        
3.82487512 5.83137512 5.46881104 4.        
 3.97613502  5.14553785 -3.05801392  3.        
-5.02801514  5.44238281  1.94464099  5.        
 1.21580505  5.20704603 -3.34179711  3.        
 1.11503601  6.28398895 -4.91049194  3.        
 2.39831495  6.50430298 -5.08505201  3.        
-2.36529493  2.85277605 -2.21737695  6.        
-2.07972693  3.92225695  4.38659716  5.        
 2.48152208  6.76735687 -5.53131104  3.        
4.53250122 5.95262194 5.88803101 4.        
 1.67007399  5.77872515 -4.1056819   3.        
 3.19154406  6.21547699 -4.68609619  3.        
 1.58654797  5.12226105 -3.22741699  3.        
0.57714802 3.24491096 0.112732   2.        
 4.23994493  5.97469282 -4.37747192  3.        
 5.00845289  3.81507897 -1.32815599  3.        
 4.13224792  6.13787794 -4.60519409  3.        
3.06347704 5.51036119 5.1838069  4.        
-1.95661902  4.23549604  1.80136096  5.        
 5.37110901  3.91702294 -1.52545202  3.        
 4.38278198  5.40895081 -3.46462989  3.        
-5.18417406  5.35656691  2.74475098  5.        
 0.71678197  5.4088521  -3.72091699  3.        
-0.96316499  2.61808801  0.485901    5.        
1.74304199 4.63310194 1.236938   4.        
-4.70298815  5.42583513  1.48498499  5.        
3.16439795 5.55638885 5.69830322 4.        
 1.73707604  6.01435089 -4.37527514  3.        
-3.24735999  4.1073842   4.83801317  5.        
1.64538598 4.87728119 2.3591001  4.        
-0.048737    5.50575304 -4.00973511  3.        
 2.93673706  5.16712189 -3.12979102  3.        
-3.02996802  4.75505114  0.32940701  5.        
-2.87663293  4.77156782  2.16836596  5.        
-1.24171495  2.25115204 -0.94543499  6.        
 0.74333203  5.89212799 -4.413239    3.        
 3.72955298  6.64990997 -5.42974806  3.        
 5.55261183  4.94766188 -3.02011108  3.        
-4.00318909  5.01011705 -0.148926    5.        
 2.49604797  5.33480787 -3.34945703  3.        
 2.7298739   5.41099596 -3.44979906  3.        
 2.42869592  5.66114807 -3.74340796  3.        
1.79971302 5.07093096 4.22659302 4.        
3.19325304 5.34738207 0.49307299 4.        
4.5799408  4.95544386 2.81314111 4.        
 4.93756104  6.43540192 -5.37466383  3.        
1.14001501 4.79312086 2.447083   4.        
 1.29521203  5.96552992 -4.4468379   3.        
4.99029493 5.57592821 4.87142897 4.        
-3.52712989  4.521698   -0.93984997  5.        
2.06420898 4.86347198 5.26849413 4.        
3.22773695 5.4499588  6.31841993 4.        
 5.83209181  4.36148787 -2.159302    3.        
4.80885315 4.83952284 2.69302392 4.        
3.16047692 5.32604218 2.21533203 4.        
-1.03578198  2.431427   -1.42089796  6.        
 4.38330078  4.92254591 -2.81933594  3.        
 3.68618798  6.51667023 -5.2063899   3.        
 6.25958204  6.13387299 -5.85577393  3.        
-1.69073498  3.70755005  3.97555494  5.        
3.01016212 5.25082397 0.98660302 4.        
-5.25398302  4.87451887  4.00457811  5.        
 0.70202601  5.25202179 -3.5058291   3.        
 0.68713403  4.32771301 -2.50939894  3.        
 3.45088196  5.01483107 -2.89562988  3.        
-5.90826416  4.20237017  5.0821228   5.        
-2.8938899   4.09567308  4.64205885  5.        
 2.36526489  6.11828613 -4.32537794  3.        
 4.87846422  4.55622911 -2.40075707  3.        
0.95288098 4.34510803 1.35943604 4.        
2.72650099 5.22594404 5.64904785 4.        
-3.96879601  4.96339417 -0.830109    5.        
-0.129684    4.33797407 -2.60733008  3.        
-6.41165209  5.02249908  3.58654809  5.        
2.30915809 4.84309387 5.58984423 4.        
-4.40548706  5.30583191  0.958435    5.        
-3.32522607  3.97177911  5.45120192  5.        
3.23379493 5.43014479 3.48858595 4.        
 1.10168505  4.08499193 -2.30178809  3.        
 4.98384094  7.08076477 -6.52368212  3.        
 4.56953382  4.57673597 -2.34256005  3.        
 6.31251478  5.40144396 -4.39950609  3.        
 0.963211    2.72913408 -1.64349401  3.        
-1.760391    3.95812201  1.42343104  5.        
-1.30452001  3.72324395  1.736938    5.        
-5.19421387  5.29053497  2.99386597  5.        
-0.652008    5.89738512 -4.59481812  3.        
-0.89839202 -0.845474   -1.26599097  2.        
-1.49998498 -4.27961683 -2.13259912  2.        
 4.13348389  4.63169909 -2.36144996  3.        
-1.21078503  2.8727951   0.59469599  5.        
-0.40803501  1.44368696 -0.97384602  2.        
-1.55500805 -6.30971479 -2.34976196  2.        
 5.97779799  5.6904068  -4.45114088  3.        
0.73178101 3.69912696 0.59271199 4.        
-4.74183607  5.28999281  0.63568097  5.        
-4.13978577  4.09052277  5.33343506  5.        
-4.59866285  5.27210188  0.36343399  5.        
1.88697803 4.88365889 4.98577881 4.        
 0.56547499  3.08203912 -1.94384801  3.        
-2.3001709   4.52667189  2.82897902  5.        
3.11300707 5.32154799 6.0534358  4.        
-1.398193   -5.03390503 -2.03634596  2.        
 6.13583422  4.64462996 -3.11688209  3.        
 5.93499804  6.16913605 -5.24899292  3.        
0.133636   2.85779595 0.027924   2.        
4.33123779 5.03504896 1.87426805 4.        
 6.1165309   5.15044403 -3.54614305  3.        
-0.93991101 -2.08892107 -1.82028198  2.        
 2.09222388  4.35999298 -2.33032203  3.        
3.45455909 5.29258013 6.4494319  4.        
 5.56535292  5.89678192 -4.6758728   3.        
3.57282996 5.27450609 1.26568604 4.        
 4.79107714  5.18759918 -3.22583008  3.        
-4.6991272   5.42027998  2.26034594  5.        
 3.88885498  7.15054321 -6.58071899  3.        
-3.16989112  4.47151995  4.50988817  5.        
3.88334703 5.85158491 6.35775805 4.        
1.90818799 4.58608198 5.37887621 4.        
3.64109802 5.60432386 4.46603394 4.        
-4.38758802  5.31321716  2.57366896  5.        
3.32524109 5.40246582 6.75106812 4.        
4.29641724 5.5249939  4.25744581 4.        
-4.95448303  4.19312286  5.21423292  5.        
3.97790504 5.12524414 2.17929101 4.        
-4.06594896  5.29492998  1.28784204  5.        
4.6894989  5.79669189 6.07614088 4.        
4.19697618 5.80271196 5.0715642  4.        
5.64398193 5.37662506 5.19088697 4.        
-3.22572303  4.89602709  3.03817797  5.        
-1.43060303  3.07014489  0.231262    5.        
-1.09591699  2.18286896 -0.23092701  2.        
-3.80633497  3.98845696  5.51003981  5.        
-2.43699598  4.49783278  1.43283105  5.        
-4.19880676  5.28656006  2.78839111  5.        
-3.5179441   4.81509399 -0.27419999  5.        
3.27979994 5.36092377 2.78387499 4.        
 4.54724121  3.57351708 -1.14279199  3.        
1.72285497 4.96019697 0.64160198 4.        
 3.340729    5.42163897 -3.44360399  3.        
-1.87470996  3.96680403  3.87356591  5.        
-0.751755    3.20525408  3.0123291   5.        
 2.55346704  3.52651191 -1.40692103  3.        
 4.08351088  3.59754896 -1.13876295  3.        
 3.52546692  6.76169586 -5.54864502  3.        
-2.77513099  4.70480299  1.05084205  5.        
-3.8626101   4.65264082  4.1688838   5.        
-4.84333801  5.40919495  1.28479004  5.        
-1.23559594  3.42715406  3.2784729   5.        
2.77442908 5.39418793 4.13061523 4.        
-1.60008204  4.17235613  2.53991699  5.        
-4.52685499  5.44879913  1.81573498  5.        
 4.93934584  5.64402819 -3.86483788  3.        
0.59903002 4.72300005 2.18691993 4.        
5.25610399 4.69733381 3.49664307 4.        
-5.38088989  5.4666748   2.26333594  5.        
-1.66281104  3.65406799  0.878784    5.        
4.85250807 4.90444183 2.21224999 4.        
-3.89205909  5.15851593  2.72613502  5.        
 0.060638    0.89673603 -1.31985497  2.        
-1.97618103  2.78045702 -2.15185595  6.        
 2.60734606  3.04998803 -0.99356103  3.        
 5.85578918  5.19237518 -3.434937    3.        
-1.15721095  2.99493408  0.81689501  5.        
-6.11924696  4.95710802  3.21365404  5.        
 0.57437098  6.47010803 -5.59628296  3.        
 3.98629808  5.66755676 -3.77352905  3.        
1.712677   4.53686523 5.17126513 4.        
2.52839708 5.20641279 1.77120996 4.        
-4.52064514  3.92422509  5.77142286  5.        
-4.27207994  4.87143707  3.92883301  5.        
 1.63501     6.90062714 -6.00250196  3.        
4.05262804 5.68509722 4.58392286 4.        
4.51321411 5.41000414 4.18228197 4.        
 4.42627001  5.8561101  -4.06753492  3.        
1.57138097 4.59638977 1.01824999 4.        
 5.16508484  4.87580109 -2.82195997  3.        
2.56278992 4.84135389 5.99359083 4.        
 4.71400404  4.21440887 -2.03884912  3.        
 4.79333496  4.77172089 -2.63372803  3.        
-0.17262299  5.95330811 -4.62365723  3.        
 5.99293518  6.27532196 -5.49154711  3.        
-1.845245   -6.445786   -1.86215198  2.        
-2.02311707  3.72192407 -0.410339    5.        
-1.59315503  2.82879591 -1.53707898  6.        
 4.55425978  6.97962189 -6.24383497  3.        
-1.08450305 -2.76127601 -1.57189906  2.        
-1.95483398  3.9640429   0.77990699  5.        
2.88508606 5.30069017 0.476044   4.        
-5.07881212  4.25146484  5.0065918   5.        
 0.62097198  3.90324402 -2.19805908  3.        
 4.27919006  7.1764679  -6.70123291  3.        
-2.53625488  4.09764099  4.46691895  5.        
3.77023292 5.22436523 2.35598707 4.        
 4.39962816  3.76985192 -1.409729    3.        
-4.25410509  4.55463409  4.53384399  5.        
-4.07792711  5.26221514  2.32775903  5.        
-4.64358521  4.98933411  3.79980493  5.        
 1.21723902  4.31704712 -2.4785459   3.        
 5.22335815  4.58369493 -2.56689405  3.        
-3.04359388  4.88064623  1.79367101  5.        
-2.39030504  4.56097412  3.28070092  5.        
-5.91805983  5.06425524  2.95690894  5.        
3.49720812 5.31808519 2.64651489 4.        
-1.45892298  3.81770301  4.40127611  5.        
 1.03599596  6.58064318 -5.56057692  3.        
-5.13722181  4.03479815  5.83508301  5.        
-4.99699402  4.62425995  4.61810303  5.        
-5.5112462   5.37080383  0.95223999  5.        
-2.09246802  4.44013214  2.27557397  5.        
 5.45694017  4.62781477 -2.56799293  3.        
 0.31520101  6.3745122  -5.25060987  3.        
1.53364599 4.30848694 5.50595093 4.        
3.39764404 5.40820312 3.24194288 4.        
-4.45401001  5.44131517  2.05435205  5.        
-2.89251709  4.46042585 -0.94134498  5.        
 3.137573    4.44499207 -2.1525569   3.        
-4.95677185  5.12902784  3.45373511  5.        
-5.48857117  4.21419477  5.25        5.        
0.011108   4.53250122 1.952057   4.        
-1.57164001 -5.33666182 -2.31777906  2.        
4.763062   5.80172682 5.32928514 4.        
 2.76228309  4.13917494 -2.00250196  3.        
-5.57841492  5.33840895  3.11377001  5.        
1.35377502 4.38667297 1.15676904 4.        
-1.18199205  2.49633789 -0.005646    2.        
-3.37226892  4.34568787  4.56607103  5.        
-3.67411804  4.2472229   5.04461718  5.        
 3.59684706  5.47022295 -3.53360009  3.        
-3.14892602  4.71108198 -0.12930299  5.        
-0.152191    0.93962097 -1.04370105  2.        
 1.32168603  6.55892897 -5.22018385  3.        
-3.86257911  4.95954895  3.67565894  5.        
2.73228502 5.26009417 1.92453003 4.        
-2.33682203  4.18267822 -0.13519301  5.        
-4.86251783  3.67747498  5.84222412  5.        
4.51324511 5.62624407 4.65490723 4.        
2.75167894 5.20165205 1.37057495 4.        
 5.34242201  5.16533709 -3.3101809   3.        
-2.69224501  4.45868683 -0.32486001  5.        
 3.61503601  6.3117218  -4.76721191  3.        
 5.77088881  5.57597303 -4.04449511  3.        
-6.08047485  4.99247694  3.61224389  5.        
 1.36819506  2.87388611 -1.22305298  3.        
-1.412323    3.931885    2.10430908  5.        
 0.79878199  5.80416918 -4.20718384  3.        
-1.89506495 -6.76045179 -2.16821289  2.        
-5.57047987  4.00375414  5.48007202  5.        
 5.34169006  6.67034912 -6.36831713  3.        
0.232208   4.78715515 2.59524488 4.        
-0.37020901  5.71299696 -4.29354906  3.        
-1.54598999 -4.90964508 -2.44766212  2.        
-0.802719    0.62892199 -1.06909204  2.        
-1.76617396 -6.11469984 -2.21539307  2.        
-0.88632202  3.11385393  3.38906908  5.        
 0.59330702  2.24729896 -1.46490502  2.        
 0.37735     1.75797999 -1.46023595  2.        
1.18290699 4.19963121 5.17913818 4.        
1.48396301 4.61005402 4.84081984 4.        
 4.42491198  4.29327393 -2.0531621   3.        
-5.57437086  4.66702986  4.47699022  5.        
-2.12071204  4.25830793  1.39648402  5.        
 4.27789307  3.42846704 -1.01599097  3.        
-0.366882    1.85559106 -1.24804699  2.        
-1.20042396 -3.17784095 -1.87716699  2.        
 3.59095812  5.6968379  -3.86456299  3.        
 5.74719191  6.44988298 -5.89123487  3.        
3.6698761  5.82060194 5.72952318 4.        
2.09538293 5.0531621  2.36499    4.        
 1.92997706  5.74733019 -3.94146705  3.        
-5.90950012  4.06795502  5.4060359   5.        
-4.04446411  5.28900194  1.80169702  5.        
 2.09993005  5.96878815 -4.21640015  3.        
1.44645703 4.81364393 4.45910597 4.        
-5.724823    5.16532898  2.23370409  5.        
-0.481262    0.33019999 -1.03185999  2.        
-1.22468603 -4.33314514 -2.03985596  2.        
4.318573   5.95533705 6.29904222 4.        
5.10574293 4.95040083 3.97024488 4.        
-2.64837599  4.49259901  0.321381    5.        
4.61027479 4.86788177 2.3041079  4.        
-1.51380897  4.06613922  2.87057495  5.        
2.66914392 5.32837677 0.415497   4.        
-2.89556909  4.82176208  2.75985694  5.        
-0.78955102 -1.12966204 -1.27682495  2.        
 2.56509399  5.81756592 -3.96136498  3.        
 2.48628211  3.82025909 -1.72323596  3.        
-5.47970581  5.01843977  3.71624804  5.        
4.12722778 5.93640089 5.97372389 4.        
-2.04159594  4.11261702  1.07666004  5.        
-2.49586511  4.52075195  3.83462501  5.        
 5.30668592  5.69513702 -3.96359205  3.        
 3.49000597  4.03516388 -1.64395106  3.        
0.91380298 4.76454878 3.86407495 4.        
 4.78266907  5.60383606 -3.66311693  3.        
 3.96765089  3.39622498 -1.04519701  3.        
 3.34324598  6.956779   -5.91393995  3.        
 3.15562391  7.10929918 -6.18569994  3.        
-2.801193    4.78968096  3.03399706  5.        
5.46257019 5.86690521 5.60473585 4.        
 1.43693495  3.04109192 -1.56362903  3.        
 4.73860216  3.8508451  -1.50018299  3.        
5.25524902 4.62713623 3.08325195 4.        
 2.46185303  4.35985613 -2.275635    3.        
4.68884277 5.0837779  3.56256104 4.        
 5.75737     5.0392909  -3.20330811  3.        
5.2902832  5.81868696 5.92215014 4.        
1.987625   4.38154602 5.82836914 4.        
-0.72262597  3.20601702  2.36514306  5.        
0.18364    4.54936981 3.50576806 4.        
 3.77652001  3.7993319  -1.38726795  3.        
 1.84239197  5.55081892 -3.71603394  3.        
 3.3048861   6.03482103 -4.33450317  3.        
4.1217041  5.89967299 6.46163893 4.        
 3.51304603  3.73470306 -1.38961804  3.        
-2.93611097  4.57224321  3.96240211  5.        
3.53479004 5.63425398 4.65780592 4.        
-1.02394104  1.914253   -0.30950901  2.        
-1.67781103  4.17935896  3.14529395  5.        
-5.41130114  5.4044652   2.59713793  5.        
2.126266   5.21952105 3.79620409 4.        
-3.8917079   4.66261292  4.41595507  5.        
-1.42190599  2.40747094 -1.06756604  6.        
 4.39530897  4.65487719 -2.496948    3.        
-5.06715393  4.40659285  4.79867506  5.        
-4.43624878  5.16718292  3.40292406  5.        
 3.32339501  3.31133294 -0.88049299  3.        
-5.29254103  5.20653486  0.149841    5.        
1.44297802 4.55075121 1.56973302 4.        
3.37417603 5.70641279 5.50302076 4.        
-0.82574499  2.912148    0.96594203  5.        
 0.057968    1.30148304 -1.096802    2.        
 5.33932495  4.4450841  -2.35376     3.        
-4.94319201  5.37138414  2.637573    5.        
5.01675415 5.88604689 5.66363478 4.        
 2.898422    4.66712904 -2.51666307  3.        
-0.36602801  1.09816003 -0.827362    2.        
-5.5222168   5.40949202  1.99288905  5.        
 3.4385221   6.48456621 -5.10971117  3.        
2.66198707 5.42491198 4.585114   4.        
 5.21050978  6.45251513 -5.44723511  3.        
-2.08102393  4.44823503  3.24197412  5.        
-2.00727797  4.33240509  3.674438    5.        
-0.70622301  3.10495806  1.40133703  5.        
-3.43409705  5.08152008  2.28692603  5.        
-2.27127099  4.21477509  0.44299299  5.        
2.85273695 5.45593977 5.18890381 4.        
-2.20321703  4.41872406  1.88012695  5.        
-2.82391405  4.03076887  4.85391188  5.        
-0.955643   -1.78561401 -1.837677    2.        
-1.28561401 -3.25946808 -1.63717699  2.        
-0.88262898 -0.41586301 -1.11251795  2.        
-3.30883789  5.04892683  1.79946899  5.        
4.25875807 5.02269697 2.13424706 4.        
5.17668104 5.71336412 5.33615112 4.        
1.50827003 4.70847321 0.615417   4.        
-6.52888489  4.63916779  3.978302    5.        
-1.59309399  3.93554711  1.71450806  5.        
0.482162   4.40876818 1.46514904 4.        
-3.93536401  5.14295197  3.17855811  5.        
-4.78758192  5.09977007 -0.23754901  5.        
-1.70968604 -6.54621887 -2.1287539   2.        
 0.71621698  3.2741549  -1.89151001  3.        
 2.64091492  5.6312871  -3.71530104  3.        
0.91639698 4.86299086 2.98986793 4.        
-5.2976532   5.42272902  1.47729504  5.        
3.92268395 5.19870806 1.72341895 4.        
0.57192999 4.66743517 3.72769189 4.        
0.29623401 4.67267609 3.34643602 4.        
 2.05844092  5.48734283 -3.58447289  3.        
-0.67669702  3.20651293  2.7749331   5.        
-4.7363739   3.80129194  5.65206909  5.        
-1.91706896  3.575737   -0.29302999  5.        
-4.2150569   5.37114716  2.17745996  5.        
-5.2947998   5.19986677  3.37558007  5.        
4.14086914 5.24173021 3.26425195 4.        
-3.04499793  3.96097589  5.23352098  5.        
3.25874305 5.19868517 6.7345891  4.        
 5.94668579  3.90522003 -2.01809692  3.        
 1.66575599  6.59047699 -5.17242384  3.        
-1.79562402  3.89252496  1.22189295  5.        
 4.59716797  6.07499695 -4.53295898  3.        
3.46379089 5.67530107 6.21106005 4.        
-0.68313599 -0.034325   -1.26150501  2.        
 5.15164185  3.75093102 -1.47409105  3.        
1.86038196 5.16618299 3.665802   4.        
1.20770299 5.001266   3.33364892 4.        
-0.362854    4.45247698 -2.68392897  3.        
-1.22035205  3.62589312  2.82293701  5.        
-0.830948    3.28507996  2.10281396  5.        
3.03060889 5.53333282 4.73239088 4.        
4.83381701 5.33503723 4.3286128  4.        
 4.12342787  4.86439514 -2.73449707  3.        
5.53395081 5.13319397 4.64703417 4.        
-0.75804102  2.213135   -1.52645898  6.        
-6.32389784  4.63330078  4.20855713  5.        
-2.552109    2.95609999 -2.01303101  6.        
3.2093811  5.2450099  0.67880201 4.        
1.23027003 4.10364485 0.83749402 4.        
 0.00531     2.08946204 -0.51547199  2.        
 3.63833594  3.40369391 -1.06808496  3.        
5.63653612 4.85146284 4.38195801 4.        
3.91244507 5.82783508 5.66714478 4.        
 3.06237793  4.83461809 -2.7159121   3.        
-0.93312103 -4.57878923 -2.03155494  2.        
-5.9586792   4.7281189   4.36248779  5.        
-2.97058105  4.59856415 -0.48382601  5.        
 4.22122192  4.42800903 -2.11807203  3.        
-1.30003405  2.59931993 -1.69897497  6.        
 5.72499084  4.07932997 -2.1725769   3.        
-2.22903395  3.8446269  -0.66390997  5.        
 3.6968689   7.31607103 -6.71685791  3.        
-3.9919591   5.05108595  3.53530908  5.        
-0.362335    1.11278498 -1.03848302  2.        
-1.70704603  3.5792079   0.55660999  5.        
0.94824201 4.79657698 2.53515601 4.        
 1.281021    3.77219391 -2.04675293  3.        
-5.9261322   5.37175798  2.51165795  5.        
-0.64225799  5.275002   -3.80111694  3.        
 5.09286499  5.06912184 -3.06036401  3.        
-1.17810094  3.42364502  1.414886    5.        
-4.22466993  5.24211884  2.99249291  5.        
3.53984094 5.50576782 3.73046899 4.        
3.22738695 5.24629211 1.33810401 4.        
 1.568344    3.48594689 -1.82656896  3.        
-1.32421899  3.37908912  1.02313197  5.        
-1.67547596  2.85554504 -1.75015295  6.        
3.12811303 5.2918849  1.74377406 4.        
 4.86859083  6.81784821 -5.94314623  3.        
1.93933105 4.46996307 5.64211988 4.        
-3.91693091  5.24940491  1.04150403  5.        
-4.54905701  4.79801178  4.32699585  5.        
-0.223343    1.76665497 -0.56692499  2.        
 3.13766503  4.98999786 -2.83898902  3.        
 5.23878479  6.17455292 -4.95019484  3.        
-5.95432997  4.56533813  4.54510498  5.        
-1.35981703  2.6043849  -1.23986804  6.        
-3.02098107  4.90692091  2.23501611  5.        
-0.771896    3.17346191  1.90899706  5.        
-1.73809803  3.2497251  -0.011292    5.        
-1.24456799 -3.6925509  -1.89569104  2.        
4.80392504 5.89552307 6.27456713 4.        
2.50395203 5.27050781 0.58032203 4.        
 4.22779799  4.13828993 -1.78195202  3.        
 1.28900099  4.88596296 -2.96044898  3.        
4.28640795 5.10948181 1.55322301 4.        
1.887375   5.06034088 0.72036701 4.        
 1.03225696  3.78651404 -2.10427904  3.        
-2.89707899  4.41399384 -1.14401305  5.        
3.01467896 5.35348511 3.13684106 4.        
4.59776306 5.69039917 4.8777771  4.        
-5.04472303  4.69883013  4.36880493  5.        
-5.02442884  5.46490479  2.46713305  5.        
0.90467799 3.67717004 0.34854099 2.        
-0.087631    4.21081495 -2.4160459   3.        
 3.16333008  6.13127899 -4.47723389  3.        
-1.78955102  2.53177595 -1.168823    6.        
 0.138474    5.78510284 -4.39022779  3.        
-0.014343    4.63609314  2.76791406  4.        
-1.905182    4.13945007  3.98239112  5.        
-2.189224    4.43920088  3.63549805  5.        
-4.67575121  5.3274231   0.85839802  5.        
-3.17324805  4.9178009   0.78561401  5.        
0.43508899 3.36584496 0.36755401 2.        
 3.39269996  4.79671478 -2.5748601   3.        
 1.18748498  4.66379499 -2.77856398  3.        
-0.024979    4.74960279 -3.07855201  3.        
3.87498498 5.90197802 6.07189894 4.        
-4.83287096  4.08980608  5.34344482  5.        
 1.92648304  3.29244995 -1.427948    3.        
-1.07663    -2.95984602 -1.93264794  2.        
1.28541601 4.84804487 4.16903687 4.        
-0.92982501 -2.07533312 -1.54769897  2.        
5.58007812 5.36455488 4.97314501 4.        
 4.73123217  3.50856805 -1.20425403  3.        
3.04077101 5.50553083 5.5436101  4.        
-1.21467602 -3.3880229  -1.797943    2.        
-2.47111511  3.84229994  4.72589111  5.        
-2.81962609  4.68426514  3.72863793  5.        
 4.62771606  5.83422089 -4.04199219  3.        
-1.92259204  4.37947083  2.98471093  5.        
-5.35675097  5.26476288  0.360138    5.        
 2.17744493  6.88036299 -5.92163086  3.        
 3.27297902  4.59098005 -2.3847661   3.        
 5.08554077  4.01615095 -1.83169603  3.        
1.63291895 4.75949097 1.90600598 4.        
 2.30522203  5.73028612 -3.88977098  3.        
 1.31471205  6.40373182 -4.9536438   3.        
1.24131799 4.35610199 4.91476393 4.        
 0.21319599  5.29090118 -3.6056819   3.        
0.93766803 4.53460693 4.418396   4.        
-5.87437391  5.26108599  2.98053002  5.        
1.16819799 4.23146105 1.17419398 4.        
5.63165283 4.74803877 4.0802002  4.        
 2.81193495  4.82508802 -2.65945411  3.        
2.26069593 5.26728106 4.18444777 4.        
2.19294691 5.20102692 3.2931819  4.        
-1.52961695 -7.06301117 -2.42062402  2.        
-5.70655823  5.31172895  1.18209803  5.        
 0.99794     5.78170013 -4.17910814  3.        
 0.163773    1.42608595 -1.42211902  2.        
-5.32687378  4.85040283  4.20187378  5.        
-1.80894494  4.30082703  2.26229906  5.        
 0.752029    2.54698205 -1.65859997  2.        
3.15397596 5.54353285 4.49160814 4.        
 3.52065992  7.1082921  -6.27471924  3.        
-3.30169702  4.75273085 -0.25393701  5.        
-5.50875807  4.37837219  5.02673292  5.        
-2.73616004  4.61943817  0.66775501  5.        
 2.11639404  4.05360413 -2.01797509  3.        
3.26173401 5.51415205 5.86932421 4.        
0.132828   4.65042877 3.05892897 4.        
4.9597168  5.48938799 4.69250488 4.        
4.30538893 5.84615278 5.25033617 4.        
 0.017593    6.18237305 -5.07449293  3.        
-2.01203895  3.91110206  0.015228    5.        
-0.71325701 -0.71019697 -1.18908703  2.        
-1.29792798 -1.70800805 -1.30667102  2.        
-0.499268   -0.68986499 -1.39398205  2.        
 0.964661    3.94263506 -2.22976708  3.        
 2.238693    3.25235796 -1.17239404  3.        
-2.149719    2.97879004 -1.82257104  6.        
-1.38482702  3.80814409  3.3001709   5.        
0.211273   4.59476519 1.69278002 4.        
 2.78628492  5.77713823 -3.93405104  3.        
 3.48928809  5.27425385 -3.13397193  3.        
 1.47685206  4.09618378 -2.21395898  3.        
-4.11756897  4.81444502 -0.737885    5.        
 2.96462989  6.53138018 -5.08886719  3.        
2.25421095 5.16281891 4.99142504 4.        
-1.30692995 -4.133636   -1.92269897  2.        
 4.91584778  3.66392493 -1.23562598  3.        
 5.66853285  4.74459791 -2.88180494  3.        
5.14771986 5.23167419 4.45422411 4.        
2.76162696 5.23822021 0.86511201 4.        
-2.93838501  4.62643385 -0.102112    5.        
 0.088135    1.26119196 -1.533234    2.        
1.94152796 5.16654205 3.38943505 4.        
-4.47128296  5.22570801  0.067291    5.        
-1.33622706 -5.47446394 -1.98678601  2.        
-1.24288905 -3.669662   -2.21298194  2.        
-3.96163893  4.48831892  4.7747798   5.        
 5.88725281  6.30025482 -5.68905592  3.        
-3.77326989  4.5825038   4.55560303  5.        
-1.31892395  3.659935    3.42349195  5.        
-0.45341501 -1.05737305 -1.58843994  2.        
4.31236315 5.87445116 5.62322998 4.        
-2.72660804  3.88829803  5.42654419  5.        
 4.13793898  7.15689087 -6.89337206  3.        
-0.91567999 -0.64948303 -1.29318202  2.        
 3.13098097  5.26956892 -3.18310499  3.        
 2.25384498  5.06865692 -3.06781006  3.        
-3.4047389   4.97303009  2.871979    5.        
1.99121106 4.90792799 1.49508703 4.        
 3.01069593  3.37586188 -1.13900805  3.        
-2.37058997  4.28140306  4.00878906  5.        
-2.51159692  4.29615784  4.34274292  5.        
-2.22033691  2.73922706 -2.30456495  6.        
-1.19526696 -2.30122399 -1.60443103  2.        
 6.22273302  4.44855499 -2.88601708  3.        
 2.03289795  3.81667304 -1.84048498  3.        
4.56211901 5.02621508 1.93667603 4.        
-0.50601202 -0.067696   -0.78906202  2.        
-2.72618103  4.52185106  0.121216    5.        
-1.78688002  4.30852509  2.66033912  5.        
-2.94959998  4.56620789  4.27951002  5.        
-2.12733507  4.30930281  3.91418505  5.        
 0.021042    4.92433882 -3.31188989  3.        
-0.36758399  5.23064423 -3.70623803  3.        
 6.1567688   5.27688599 -3.76992798  3.        
 3.70332289  5.62541199 -3.69042993  3.        
 4.68638611  4.87184906 -2.80380297  3.        
-6.05871582  4.7795639   3.98300195  5.        
 2.00318909  6.712677   -5.34249878  3.        
-1.72232103  4.2522049   2.96756005  5.        
-3.72569299  4.7428441   4.0595088   5.        
 2.96398902  6.91353607 -5.67617798  3.        
-0.83692902 -2.27718401 -1.670807    2.        
-5.25413513  5.40380907  0.72836298  5.        
1.47560096 4.34385681 0.847565   4.        
-3.38864112  4.76231384 -0.44406101  5.        
4.33175707 5.93602705 6.10357714 4.        
-3.85678101  4.92172194 -0.318665    5.        
3.6108551  5.53427887 4.115448   4.        
2.30354309 5.13957977 2.71109009 4.        
 0.083679    1.80089605 -1.46694899  2.        
 1.86143506  6.21290588 -4.51773119  3.        
-0.83563203  1.07651496 -0.330841    2.        
 4.36532593  5.65548706 -3.71893311  3.        
 3.77229309  7.11036682 -6.42804003  3.        
-2.0549159   4.01324511  4.21460009  5.        
-3.52552795  4.9187088   3.5783689   5.        
 1.34988403  2.88987708 -1.45336902  3.        
 1.50213599  3.84231591 -2.07431006  3.        
-0.41422999  5.9740448  -4.70190382  3.        
-1.22561705  3.73208594  3.04153395  5.        
-1.98870802  3.54262495  4.58172607  5.        
 5.26907396  5.83197784 -4.21255493  3.        
 6.03393602  4.71373701 -2.724823    3.        
-1.09320104  2.34654188 -2.04370093  6.        
-3.25830102  5.02084303  2.17065406  5.        
-2.37968397  4.54280806  1.86773705  5.        
5.00570679 6.00194502 5.98245192 4.        
4.29159498 5.36383104 3.75869703 4.        
-5.90084791  5.04980516  3.66137695  5.        
-5.36673021  4.42703295  4.79678297  5.        
-2.22355604  4.25440216  1.06488001  5.        
-3.20974708  4.87846422  0.41470301  5.        
4.27182007 5.12314606 3.10885596 4.        
-4.92698717  4.81586504  4.26696777  5.        
1.31292701 4.95121002 3.93191504 4.        
 0.028015    4.61090803 -2.95257592  3.        
-1.06722999  3.24822211  3.33685303  5.        
-3.40811205  4.14494324  5.0869751   5.        
 1.099792    5.44147491 -3.69064307  3.        
 1.809677    6.545578   -5.89596605  3.        
 0.914581    3.63529992 -2.03091407  3.        
-4.10136414  5.24298906  0.72082502  5.        
-4.54315186  4.41687012  4.92807007  5.        
0.37982199 4.78570604 2.87274194 4.        
 2.44996595  7.08874512 -6.21994019  3.        
1.462219   5.08403778 3.46969604 4.        
 6.17521715  5.55755615 -4.38467407  3.        
-3.12419105  4.48925781 -0.91891497  5.        
-0.56214899  3.10903192  1.68707299  5.        
-0.109177    3.94915795 -2.1347661   3.        
-0.82592797  1.58890498 -0.68624902  2.        
-3.55220008  5.12822008  1.18240404  5.        
 5.64640808  5.63817596 -4.20788622  3.        
 2.7414701   3.41590905 -1.20758104  3.        
-3.89160204  4.82672882  3.81326294  5.        
 0.79357898  4.51811218 -2.67959595  3.        
-3.51568604  4.80950212  3.83996606  5.        
4.33317614 5.28375196 3.58773804 4.        
 0.396759    3.85778093 -2.16650391  3.        
-4.86927795  5.27703094 -0.106598    5.        
-1.715927   -5.62437391 -2.25549293  2.        
-1.31712306  3.08487701  0.477539    5.        
 3.88647509  6.48965502 -5.08575392  3.        
3.59686303 5.53155518 6.68600512 4.        
-2.71319604  4.43979597  4.31024218  5.        
-1.48091102  3.60630798  3.53790307  5.        
 3.77710009  3.36135888 -0.63388097  3.        
2.26501489 5.22725677 4.73504591 4.        
4.41784716 5.12741089 3.24337792 4.        
-3.8717649   5.25139618  1.89563     5.        
-5.62002611  5.41931915  2.94393897  5.        
 2.32025099  4.04069519 -1.95477295  3.        
3.78979492 5.88936615 6.84820604 4.        
-5.22669983  4.99586487  3.84448195  5.        
-1.18525696 -4.52165985 -2.0375669   2.        
1.741943   4.75567579 1.53476    4.        
 2.49504089  6.85507202 -5.71237183  3.        
-2.62235999  4.51417494  4.07687378  5.        
 2.75511193  5.54399109 -3.58654809  3.        
-0.68322802 -0.32872    -1.33471704  2.        
-3.63313293  5.07558393  3.16079712  5.        
-1.06088305  3.60613298  2.43341088  5.        
-1.38471997 -5.34717607 -2.27404809  2.        
-1.52304101  3.09896111 -0.053101    5.        
-4.3371582   4.10991716  5.30456495  5.        
3.45809889 5.27329302 1.45672596 4.        
4.51844788 5.30849504 3.90658593 4.        
-5.25787306  4.16893005  5.28839111  5.        
-1.35421801 -4.43744707 -2.13562012  2.        
-1.039505    3.31819892  1.52227795  5.        
-5.45166016  5.17376709  3.57803297  5.        
-5.0783391   5.35436201  0.51962298  5.        
-1.60279906 -4.66744184 -2.225281    2.        
 2.80477905  6.01842499 -4.28506517  3.        
1.52224696 4.43009901 0.560211   4.        
 0.65161097  2.94299293 -1.82336402  3.        
 3.22538805  3.51700592 -1.22064197  3.        
-2.48126197  3.89390612  4.95645094  5.        
 1.75645494  4.10812378 -2.20791698  3.        
-1.11518896  3.57176208  1.90685999  5.        
-0.66293299  2.19094896 -1.78384399  6.        
-1.69943202  4.04333496  3.87115502  5.        
 1.11077905  3.03522491 -1.75247204  3.        
5.69537306 5.15656281 4.97824097 4.        
-4.50099182  3.98021698  5.51919603  5.        
-4.35255384  4.40126801  4.95419312  5.        
2.93891907 5.29442596 1.99249303 4.        
-3.197891    4.66104078 -0.63217199  5.        
1.00737    4.43179321 1.52041602 4.        
 1.54002404  3.18850708 -1.634583    3.        
 2.16873193  6.38173723 -4.70953417  3.        
4.77072096 5.97665405 6.10531616 4.        
4.97813416 4.77098799 2.74740601 4.        
 1.13687098  6.54766083 -5.27102709  3.        
2.60380507 5.260849   2.94268799 4.        
-6.35514784  4.58442688  3.62677002  5.        
 1.66655004  4.70503187 -2.79605103  3.        
0.74693298 4.33035994 1.34762597 4.        
-3.20606995  4.73554182  3.71502709  5.        
-1.36317396 -5.38944197 -2.53247094  2.        
-1.28202796  2.3669281  -2.05236793  6.        
 4.47595215  5.7001338  -3.89682007  3.        
 5.5518651   6.740242   -6.13690186  3.        
-0.879089    1.66025496 -0.35260001  2.        
4.41627502 5.75602007 4.93713379 4.        
3.29696703 5.62589979 5.17376709 4.        
3.26882911 5.47516584 3.94546509 4.        
5.28874207 5.63073683 5.17355299 4.        
-2.81373596  4.74842787  2.34597802  5.        
 0.776474    5.55328417 -3.8596499   3.        
1.33824205 4.93346405 2.65130591 4.        
-0.640396    2.10280609 -1.25463903  2.        
3.82986403 5.19808197 1.88873303 4.        
1.70352197 5.12800598 3.7714541  4.        
 6.05375719  4.76219177 -2.97580004  3.        
2.83760095 5.16747284 5.97997999 4.        
-2.50338793  2.9923861  -1.49761999  6.        
-1.10148597 -2.42940497 -1.500916    2.        
-4.99450684  3.85758209  5.56799316  5.        
-4.25112915  5.02970886  3.75286889  5.        
 1.15080297  5.00275421 -3.0905149   3.        
 1.83921802  4.82817793 -2.93310499  3.        
0.96742201 4.1856842  1.134094   4.        
2.75938392 5.28990889 2.68627906 4.        
2.137604   4.76799822 5.42364502 4.        
 0.54391497  4.19161177 -2.45217896  3.        
4.97602797 5.74337816 5.28830004 4.        
-4.05213881  5.06366682  0.025513    5.        
4.56150818 5.89050293 6.38183594 4.        
1.00267005 3.47213006 0.16156    2.        
1.89520299 4.87710619 0.86157203 4.        
 3.80290198  4.20661879 -1.83209205  3.        
-2.21539307  3.66280389  4.69778395  5.        
-4.65760803  4.87773895  4.19195604  5.        
-1.44862401  3.93348694  2.6998899   5.        
1.62602198 4.24892378 5.6593318  4.        
 2.95571899  3.27460504 -0.98184198  3.        
2.49786401 4.50144196 6.3187871  4.        
-0.52635199  3.15653992  1.33706701  5.        
-1.15164196  2.73740411  0.336945    5.        
-5.66171312  4.48992205  4.8789978   5.        
1.85981703 5.02964783 2.75216699 4.        
0.28916901 4.58035278 4.07489014 4.        
4.04791307 5.22940779 3.10116601 4.        
-3.905792    4.31420088  5.01977491  5.        
-1.41401696 -6.82197618 -2.35403395  2.        
-0.37664801  1.34109497 -1.17193604  2.        
-2.03691101  4.24224806  1.58270299  5.        
-1.83775306  3.55519104 -0.096039    5.        
-4.30873108  3.95861793  5.54577589  5.        
3.57780504 5.71906281 6.38751221 4.        
3.81089807 5.2300868  2.80963111 4.        
2.81106591 4.85083818 6.40893602 4.        
-1.78771996 -7.10314894 -2.45745802  2.        
5.10896301 5.84790802 5.88412523 4.        
-1.01557899 -2.61286902 -1.69152796  2.        
 0.975815    6.41662598 -5.08532715  3.        
2.82684302 5.47023821 4.33840895 4.        
-2.30622911  4.18712616  0.04953     5.        
1.27415502 4.24170685 0.68460101 4.        
 1.01672399  5.10883284 -3.22747803  3.        
 0.30358899  1.58974504 -1.42434704  2.        
5.19903612 4.96460009 4.13168287 4.        
-1.340729   -5.63635302 -2.418854    2.        
-5.63677979  4.97110701  3.82376099  5.        
 5.14215088  4.21470594 -2.10821509  3.        
1.476318   4.31767988 5.21878099 4.        
5.29390001 4.57878923 3.3127141  4.        
2.2267909  5.11241198 0.77703899 4.        
 0.192505    5.69959307 -4.20007277  3.        
 2.60684204  3.744133   -1.603333    3.        
 5.91767883  4.55193281 -2.62493896  3.        
-0.25299099  4.13059187 -2.44583106  3.        
 0.42929101  2.34775496 -1.77871704  2.        
0.866745   4.47960711 1.632599   4.        
3.80616808 5.40067291 3.42739892 4.        
2.46290588 4.67361498 5.96484423 4.        
-5.02073717  5.30545807  0.285889    5.        
3.78515601 5.72362518 4.95889282 4.        
4.21472216 5.09133101 2.63494897 4.        
2.93766809 5.39950609 5.65615797 4.        
 0.54586798  3.25840807 -1.99887097  3.        
 5.95672607  5.38700104 -3.80163598  3.        
-0.99588001 -1.54705799 -1.289886    2.        
2.82170105 5.36982679 3.29913306 4.        
 4.02189589  5.89386702 -4.12249804  3.        
-0.38237     5.44606781 -3.95065308  3.        
-1.115906   -4.18681288 -2.00595093  2.        
-0.813187    5.11175489 -3.63299608  3.        
-1.273651    3.41709089  1.25610399  5.        
-0.18756101  5.71485901 -4.26223803  3.        
-2.22453308  4.50797987  3.34436011  5.        
-2.28872705  4.42180586  1.51382399  5.        
-4.23393202  5.37884521  1.72320604  5.        
 3.41224694  3.501755   -1.07568395  3.        
 3.80419898  6.88458204 -5.82461596  3.        
 5.04734802  5.98394012 -4.48202515  3.        
-0.86543298  3.05646491  1.25677502  5.        
-1.92231703  2.91124701 -2.03161597  6.        
-4.95387316  4.87828779  4.02386522  5.        
 5.45683289  6.49665785 -5.77377319  3.        
3.87594604 5.77780104 5.20275879 4.        
-5.84564209  5.23265123  3.46582007  5.        
-2.85121107  3.90376997  5.09713697  5.        
1.65281701 4.66365099 1.40191698 4.        
0.56768799 4.5354228  4.06210279 4.        
 1.58319104  3.68652296 -1.93472302  3.        
-1.46989405 -5.9510498  -2.16397095  2.        
-3.120682    3.90928602  5.04553223  5.        
-1.33044398 -4.78172302 -2.16299391  2.        
-0.492111   2.0309751 -1.113464   2.       
