-2.54903412  6.16317701  5.2814641   4.        
  1.87628901 -10.91140747   2.80490088   2.        
-0.110481    8.66635132 -8.64031982  3.        
9.51768494 8.95865631 3.91433692 5.        
 1.50853705 -1.55554998  2.14428711  2.        
 1.51832604  7.55786896 -1.12493896  3.        
-9.40546417  5.23790693  2.4412539   4.        
3.9989171  6.72244978 7.09884596 5.        
-4.16570997  4.84787798 -0.83062702  4.        
6.62142897 5.84310198 0.17410301 5.        
1.93515801 3.95606995 2.90374804 5.        
-2.08432794  7.43294477 -4.36080885  3.        
 1.64446998 -6.13127899  3.55746508  2.        
0.235222   5.10340118 8.56692505 6.        
 2.41969299  7.91172791 -5.27572584  3.        
-6.72020006  5.98234606  5.69278002  4.        
5.67832994 7.73960876 3.61477709 5.        
7.08109999 9.43238068 6.80291796 5.        
-1.56378901  4.63926697  1.83846998  4.        
-5.15177107  6.0635829   2.42926002  4.        
-7.33903503e+00  5.75825500e+00  1.34299998e-03  4.00000000e+00
3.46641493 5.55060577 0.556885   5.        
0.038742   1.467888   2.29214501 2.        
1.09774005 5.420784   5.57687378 6.        
 1.17246199 10.92205811 -6.97814894  3.        
-1.50405097  7.10304308 -1.44671595  3.        
-1.66660297  6.68754578 -7.12078905  3.        
3.25135803 6.30849504 3.96588111 5.        
8.26856232 7.26159716 1.97918701 5.        
0.64923102 5.46205902 0.40710399 2.        
-0.16090401  9.02084255 -5.54376221  3.        
 0.123909    8.00969696 -3.222229    3.        
-0.60362202  3.83740211  6.51174879  6.        
 1.059021   -3.75602007  3.21731591  2.        
 1.312958   -8.56317902  3.30175805  2.        
-7.37290192  5.77858686  3.46575904  4.        
 2.83863091  7.48175812 -3.03863502  3.        
5.44654799 8.08647156 5.87295485 5.        
7.32203722 9.14525604 4.50524902 5.        
5.10826111 6.56010389 1.79614305 5.        
-4.7071991   6.37394714  4.74389601  4.        
-3.00753808  5.99881697  2.98455811  4.        
-0.221222    4.41121721  4.13836718  6.        
0.61329699 3.52692389 1.34173596 2.        
-3.627846    5.65956116  1.01333594  4.        
-9.0503006   5.41083479  4.46279907  4.        
1.80286396 5.62516022 7.48822021 6.        
8.7665863  9.76864624 5.62286377 5.        
-3.01371002  7.36904907 -2.61138892  3.        
-5.49694109  5.78101397  0.55252099  4.        
-2.19245195  4.76237488  0.034729    4.        
1.18261695 0.135208   3.02792406 2.        
 2.1078341   9.56767273 -6.0878911   3.        
2.88118696 5.48925018 2.33074999 5.        
2.85742903 5.97696686 5.74459791 5.        
 1.31825995 -7.16162109  2.08200097  2.        
-6.86356306  5.92182207  1.73751795  4.        
-1.414047    5.6998601   3.75805712  4.        
1.58905804 2.25334907 2.60736108 2.        
-0.77823597  3.17260003  2.41595507  2.        
 0.061493    6.54314423 -0.94931     3.        
-0.74347699  8.24128723 -7.08288622  3.        
4.12897491 7.07698822 5.41122389 5.        
1.79658496 5.4285202  3.97329712 5.        
7.36038208 7.99225616 3.20223999 5.        
 0.037476    9.71810055 -7.30633497  3.        
-2.56902289  6.55737305 -5.7182622   3.        
 1.12028503  8.5626297  -4.49752808  3.        
 4.96127319  5.84278917 -0.066254    5.        
-8.53752136  5.38427019  1.05508399  4.        
5.29679918 7.6668849  7.43185377 5.        
-3.87220001  6.32053423  6.19043016  4.        
6.66874695 7.13457489 1.991974   5.        
0.276077  5.0909729 6.9319458 6.       
 0.96652198 -5.21796417  2.5214839   2.        
-1.48402405  7.74327803 -5.74255419  3.        
-5.91416883  6.1219101   3.76498389  4.        
4.48966217 6.91255188 3.1660459  5.        
-1.33903503  7.66836596 -3.07269311  3.        
-5.62126207  5.53505707 -0.92526197  4.        
-5.3759079   6.46044922  6.1413269   4.        
-0.825279    8.18797302 -4.44485521  3.        
0.53483599 3.52275896 2.96169996 2.        
 1.45198798  7.70369005 -2.68316698  3.        
8.92946625 8.10773468 2.93084693 5.        
-0.214966    4.86882782  5.55328417  6.        
-0.2351      7.34278107 -2.0284729   3.        
7.50359297 6.54844713 0.94418299 5.        
6.13913679 8.48767757 4.76995897 5.        
-7.75263977  5.73258209  4.86062622  4.        
 0.720146    9.89335632 -6.02947998  3.        
-8.1289444   5.58369493  2.35690308  4.        
-3.487854    6.25082397  4.26119995  4.        
-0.83703601  7.35085297 -8.03439331  3.        
-0.65221399  4.52017212  7.63559008  6.        
 1.22582197 -7.33729506  3.78524804  2.        
-3.24298096  7.10279083 -3.85598707  3.        
-0.91264302  4.58678389  2.95092797  4.        
-2.56347704  5.44706678  1.74951196  4.        
3.919487   6.06215715 1.83959997 5.        
1.017609   4.38388109 3.777771   6.        
 1.03678894 -2.50823998  2.96447802  2.        
 1.99349201  7.76779222 -4.02200317  3.        
6.07616377 8.60440063 7.1184392  5.        
-4.50145721  6.21153307  3.52410889  4.        
6.75659895 9.15288544 5.62179613 5.        
8.25033569 8.72914124 3.76101708 5.        
 1.65310705 -9.74910736  3.21697998  2.        
5.078125   7.61699677 4.68893385 5.        
 1.885445   -6.12472486  2.35888696  2.        
1.88784802 4.94473314 6.36480713 6.        
-3.8880229   6.0071559   2.16033912  4.        
 1.523422   -3.45980096  2.1499331   2.        
6.07473803 6.44095612 1.05612195 5.        
0.61843097 2.49523211 1.93225098 2.        
1.169312   1.16301    2.43035889 2.        
-3.27969408  5.19751692 -0.057007    4.        
5.68490601 7.19496918 2.59457397 5.        
-1.84639704  5.41411591  2.74081397  4.        
2.5333631  5.11040497 1.31195104 5.        
-8.70724487  5.56156206  3.39169312  4.        
-1.51332903  5.96973419  4.86068678  4.        
-6.29097795  5.97486877  2.70602393  4.        
8.68309021 9.43247986 4.52590895 5.        
-4.44926405  5.50858307  0.034821    4.        
4.20425415 6.95401812 4.24816895 5.        
-5.80166578  6.25968218  4.94436693  4.        
2.13574195 5.47067308 5.05700684 5.        
-4.70101213  5.99143219  1.39355505  4.        
0.89831501 4.20548201 0.50100702 2.        
0.56644398 4.96608019 4.71624804 6.        
1.27946496 5.4562068  8.44781494 6.        
 2.25907898  7.88769484 -1.87063599  3.        
7.7118001  9.6711731  5.91406202 5.        
4.57362413 5.91755676 0.976349   5.        
1.34366596 3.38278198 2.1872859  2.        
2.37303209 4.97805786 3.14987206 5.        
 1.82814801 -5.11336517  3.17919898  2.        
2.837852   6.11820221 6.82287598 5.        
3.51068091 6.18603516 2.87582397 5.        
 1.34761798  9.18332672 -5.35336304  3.        
4.67419386 7.31453705 6.30871582 5.        
-6.78483582  6.04358721  4.51440382  4.        
-2.39772797  6.01001692  4.01312304  4.        
 1.91825104 -7.87794495  2.76251197  2.        
0.56624597 0.36543301 2.07592797 2.        
-6.54541016  5.75219011  0.74182099  4.        
-5.8144989   6.02295685  1.60720801  4.        
 0.75873601 -1.40045202  2.86608911  2.        
6.76571703 8.4613266  3.93054199 5.        
-0.34079     9.07769012 -6.57663012  3.        
 1.00494397  6.74857283 -0.58254999  3.        
 0.76542699  7.48185015 -1.83886695  3.        
 1.24008906 -0.52913702  2.25082397  2.        
3.38983893 6.43625593 4.96978807 5.        
 0.058281    8.66568756 -4.61395311  3.        
-0.010391    5.71083784 -0.37686199  3.        
-2.05836511  7.47099304 -2.29855394  3.        
-2.28314209  7.41630507 -3.31698608  3.        
-2.98332191  6.67787218 -4.72732496  3.        
3.58575392 6.50453901 6.18231201 5.        
-6.57083082  5.47743177 -0.56591803  4.        
2.35915399 4.5049901  2.19830298 5.        
-2.67291999  5.16039324  0.81390399  4.        
 1.05667102  8.02607727 -3.68099999  3.        
-0.82526398  8.43319702 -6.02871704  3.        
-1.31756604  7.52542877 -6.76745605  3.        
-7.61410522  5.65976715  1.14505005  4.        
-3.5027771   6.28321791  5.22219896  4.        
 2.79355597  7.35398102 -4.34921312  3.        
-1.65959203  4.58356524  0.88943499  4.        
 0.240685    9.43881226 -8.20480442  3.        
 1.72773695 10.1297226  -6.7555542   3.        
-0.224243    2.40351105  2.45101905  2.        
1.48033905 4.76436615 5.01059008 6.        
1.15913403 5.46027422 6.67565918 6.        
6.44075012 7.6625371  3.06213403 5.        
 1.12893701 -6.68353319  2.87316895  2.        
 0.93026698 -4.17234802  2.31072998  2.        
 0.58187097 10.43073273 -7.55383301  3.        
-1.84681702  6.93327284 -6.16336107  3.        
-1.03726995  3.87744093  1.81503296  4.        
7.49146318 7.46186781 2.45678711 5.        
0.79425001 5.33025408 7.67614698 6.        
  2.03789496 -10.71963501   3.68920898   2.        
-0.168503    8.69770813 -7.72848511  3.        
-2.09899092  7.18140411 -5.24661303  3.        
 2.253052    8.72222137 -5.6599431   3.        
2.57578301 5.78984785 4.27642822 5.        
0.111198   4.74350023 0.47427401 2.        
 1.02594805 -7.76883698  2.763062    2.        
2.84738898 5.73713684 3.40435791 5.        
-4.58914185  6.34307098  5.66223097  4.        
-0.80084997  6.62747192 -1.15359497  3.        
6.27642822 8.81821442 6.2814641  5.        
4.84779406 7.38172197 3.82339501 5.        
 1.86100805 -4.09419298  3.09832811  2.        
1.64292896 3.13389611 2.97848511 2.        
-7.17164612  5.80885315  2.54791307  4.        
3.27141595 5.57948303 1.53393495 5.        
 1.87899804 -9.11593628  2.68277001  2.        
-8.06997681  5.57983398  3.96530104  4.        
-0.49235499  4.68902588  6.81176805  6.        
4.46832991 6.56604815 2.38586402 5.        
5.60494995 5.99963379 0.49786401 5.        
-1.537094    7.81977081 -4.89559889  3.        
-1.39662898  7.83942413 -3.92019606  3.        
7.92375183 9.56040955 5.10086107 5.        
-0.620125    7.98874712 -3.62594604  3.        
0.37596101 5.24899292 6.01113892 6.        
0.01915    5.03159285 7.75381517 6.        
 0.89661402  6.01378584 -0.20400999  3.        
4.25284576 5.54056501 0.25210601 5.        
8.15814972 7.8297348  2.7971189  5.        
-9.37353516  5.09149885  3.25686693  4.        
4.87935591 7.59554291 5.53125    5.        
-0.476013    7.68938494 -2.75857496  3.        
 0.56494898 10.31916046 -6.73880005  3.        
 0.61438     7.74526215 -2.61828589  3.        
 0.49662799  9.35869598 -6.72775316  3.        
 1.50582099 -1.06117296  2.90008497  2.        
0.62500799 4.47849989 1.22567701 2.        
 1.70302606  8.42539215 -5.05661011  3.        
 0.93072498 -5.93244886  3.21469092  2.        
1.73875403 4.57594299 3.45974708 5.        
-0.68264002  8.47415924 -5.18875122  3.        
-5.11280107  6.22396803  4.05340576  4.        
-8.85253906  5.41118622  1.79855299  4.        
-0.39206699  8.01876068 -8.1262207   3.        
 1.64688098 -3.24201989  3.0154109   2.        
7.42849016 6.98628998 1.61578405 5.        
-0.69043702  4.2434082   5.72662306  6.        
-3.79674506  6.11537886  3.15142798  4.        
-5.31991577  6.08537292  3.21325707  4.        
5.86295319 6.81961107 1.87573195 5.        
-1.09612298  7.37481689 -2.08105493  3.        
-3.3897171   5.03501892 -0.90133703  4.        
6.00668287 8.59220886 5.55187988 5.        
 0.56166798  9.12245178 -5.22128296  3.        
-4.80873108  5.31625414 -0.83151197  4.        
 1.42430103 -2.33796692  2.29113793  2.        
-6.03218794  5.53014421  0.021698    4.        
 1.741081   -7.07195282  3.19284105  2.        
0.27854201 4.56797791 3.5501399  6.        
 0.40334299  8.38330841 -3.93539405  3.        
-7.96434784  5.50011396  0.40182501  4.        
4.66825914 7.24803877 7.21401978 5.        
-0.49957299  4.76907396  4.77841187  6.        
-5.20523787  5.53285217 -0.19284099  4.        
 1.07221997 -4.52445984  3.33129907  2.        
3.87033105 6.66543579 3.5627439  5.        
-6.61051178  5.91194916  3.41790795  4.        
5.32937622 7.85457611 6.68026686 5.        
0.78677398 1.98738897 2.49331689 2.        
-2.24819994  5.80249786  3.27536011  4.        
 2.06807709  7.69299316 -3.14733911  3.        
6.77194214 6.45709181 0.72018403 5.        
 0.56972498  7.04981995 -1.21865797  3.        
2.30517602 5.58097076 6.09585619 5.        
-0.68247998  3.91178107  2.58752394  2.        
-8.46612644  5.29457092  4.94064283  4.        
-6.17080688  5.5789032   5.35617113  4.        
-1.40049696  4.17613983  2.41021705  4.        
9.3221817  9.56480408 4.89700317 5.        
1.04782104 2.80296302 2.668854   2.        
-0.095787    2.89586592  1.90399206  2.        
-3.21357012  5.80422211  1.91629004  4.        
-7.58382416  5.77610779  1.88656604  4.        
1.298195   0.39581299 1.94073498 2.        
-4.37253618  5.77397919  0.76217699  4.        
7.47410583 8.65690613 3.83862305 5.        
0.598167   1.18505895 1.89862096 2.        
5.36395979 6.22697401 1.18786597 5.        
2.82636309 5.90648603 4.96041918 5.        
-2.52282691  5.67567396  2.53771996  4.        
 1.55880702  7.68386793 -1.95227098  3.        
5.69340515 8.05691528 4.3815918  5.        
-1.18666101  5.29187012  3.19882202  4.        
-4.5220108   6.1095891   2.79180908  4.        
6.7389679  8.92868805 4.93154907 5.        
 1.46117401 -5.6938858   2.79025292  2.        
-2.11869097  5.0450592   1.35165405  4.        
-1.13082099  7.06298113 -7.44555712  3.        
 0.068184    9.42662811 -6.08938599  3.        
-7.35842896  5.73024702  4.21871901  4.        
9.28039455 8.3717041  3.49636793 5.        
2.03156996 3.44699907 2.4100039  5.        
-3.16419196  6.17417908  5.84140015  4.        
5.13115692 7.2382741  3.18493605 5.        
-5.89196777  6.26415205  5.65066481  4.        
 1.42421699  9.7885437  -6.02127123  3.        
1.19895196 4.77431488 4.35882616 6.        
-7.3812561   5.78132582  5.53060913  4.        
-2.30075788  6.44473314 -6.40331984  3.        
1.88370502 5.50727081 6.79098511 6.        
-8.08577728  5.62203979  3.06301904  4.        
-0.37741101  8.07659912 -6.50293016  3.        
7.99003601 9.17472076 4.28790283 5.        
-4.18563795  6.31893206  4.26300097  4.        
 1.80752599 -7.66085815  3.5683291   2.        
5.41870117 8.04436493 5.17669678 5.        
6.7878108  6.81852007 1.38128698 5.        
 1.35770404 -4.60887194  2.64373803  2.        
 0.70967102 -1.45755005  2.17599511  2.        
 1.54472303 -2.03673506  2.9649961   2.        
 2.60710907  7.68561506 -3.71127295  3.        
-5.23908997  6.33495283  5.42279005  4.        
8.79368591 7.55756378 2.31948805 5.        
3.92363691 5.79104614 1.20333898 5.        
-1.38556695  4.86036682  2.52984595  4.        
0.96940601 2.97885108 1.58822596 2.        
7.2709198  9.37739563 5.22329712 5.        
 2.34529901  7.62126923 -2.52185106  3.        
1.61089301 4.86782789 5.74002123 6.        
-2.01973009  5.15854597  2.05557203  4.        
-3.78121209  5.46521807  0.328033    4.        
5.09938812 6.87486315 2.45425391 5.        
-2.54603601  7.19257307 -3.90316796  3.        
-4.01087189  5.95667315  1.49539196  4.        
-8.68655396  5.40365601  2.69772291  4.        
4.51433611 7.23375702 4.78051805 5.        
-2.86325788  6.16373396  4.68524218  4.        
 1.10617101 -7.9659729   3.52932692  2.        
  1.62818897 -10.42319489   3.19219995   2.        
-3.93978906  5.26029205 -0.353668    4.        
0.48844901 0.934677   2.51001    2.        
0.932419   3.82515001 3.42053199 2.        
0.48838001 5.15879822 5.35089111 6.        
8.24938965 6.88829803 1.429474   5.        
6.16664124 8.13418579 3.92242408 5.        
 1.13337696 -3.08453393  2.6252141   2.        
4.52483416 6.29462385 1.62890601 5.        
7.96060896 8.29173279 3.35662794 5.        
8.37359619 9.99900818 6.10348511 5.        
6.53939819 9.02030182 6.89315796 5.        
-2.92725396  7.23226881 -3.2901001   3.        
-0.27496299  6.87802076 -1.46447802  3.        
-0.21540099  4.92047119  6.21069288  6.        
 0.73573297 -0.117104    2.49166894  2.        
3.4624331  6.32527924 6.86001587 5.        
-9.36618805  5.3244319   3.8908999   4.        
4.17512512 6.86369324 6.48104906 5.        
 1.09897602 -0.51537299  2.99227905  2.        
-3.040344    5.48609209  1.24761999  4.        
3.23247504 5.96092176 6.32434082 5.        
5.79706621 8.01276398 7.11178589 5.        
-0.27684     8.30718994 -4.11206102  3.        
-8.15574646  5.56755781  1.65811205  4.        
-2.22002411  6.07487488  4.71063185  4.        
 0.93495899 -1.944664    2.53903198  2.        
-4.60803986  6.05847216  2.0788269   4.        
0.018318   5.24384308 0.069611   2.        
8.89044189 9.06018066 4.02676392 5.        
3.60404205 6.64657593 5.54034424 5.        
-2.11052704  7.15921783 -1.73678601  3.        
 1.47681403  8.12294769 -4.19052076  3.        
7.10874891 9.41585541 6.16098022 5.        
2.06809998 2.68593597 2.80181909 5.        
1.12145996 0.85987097 2.99465895 2.        
1.48144495 5.42512512 6.09100294 6.        
-4.06044817  6.30970812  4.90847778  4.        
-1.14584398  7.99121904 -6.36319017  3.        
3.91166711 6.84000397 4.80471802 5.        
 2.24050093  7.80297899 -4.6723938   3.        
-0.236084    9.12135315 -7.25543213  3.        
 1.12905097 10.3655777  -6.44668579  3.        
 1.87962306 -6.66128492  2.69876099  2.        
-0.73433697  7.67470503 -7.49789381  3.        
-2.85555291  4.97962189 -0.56503302  4.        
3.40367103 5.86399078 2.14862108 5.        
2.99488807 5.46408081 0.97628802 5.        
-7.18159485  5.66466522  0.68646199  4.        
-0.25168601  4.27190399  5.07363892  6.        
0.37676999 4.66766405 4.16345215 6.        
-0.47194701  4.14228821  7.16607714  6.        
-5.75812483  6.01676893  2.26977491  4.        
2.3730619  5.44650316 3.72317505 5.        
 1.43650806 -3.884583    2.68695092  2.        
-3.23493195  6.12572479  3.70178199  4.        
0.18369301 2.05626702 2.12609911 2.        
-5.27316284  6.02365923  1.14114404  4.        
-6.67636919  5.56217194  0.044678    4.        
6.74746704 8.03230286 3.47592211 5.        
-0.83718902  7.23903704 -1.53057897  3.        
6.79421186 7.47910309 2.58370996 5.        
 1.51878405 -7.35012817  2.64025903  2.        
 1.09974694 -6.80253601  3.49340796  2.        
 0.35067001  6.21186781 -0.445068    3.        
-6.45513201  6.06135607  5.08840895  4.        
4.02463484 6.53274488 2.90606689 5.        
-1.70858002  5.90988922  4.262146    4.        
 1.902542   -8.56290436  3.10848999  2.        
  2.09953308 -10.31932831   2.80322289   2.        
-1.76360297  7.66476393 -1.42092896  3.        
-5.90773821  5.93907881  0.988159    4.        
6.26884508 6.305161   0.387238   5.        
 0.097145    9.82382965 -6.64483595  3.        
-0.188133    8.49027157 -6.97729492  3.        
0.46898699 2.78760505 2.46032691 2.        
2.63956499 5.03907824 1.91391003 5.        
-1.29806495  4.25571394  1.41387904  4.        
-6.30168915  6.00390577  1.99603295  4.        
-1.09395599  8.14745331 -5.49621582  3.        
-6.179245    6.16185808  4.31121778  4.        
 0.256989   10.01650238 -7.85775805  3.        
5.85055494 8.38855743 6.22207594 5.        
1.02888501 5.25953722 4.99902296 6.        
-2.452667    7.11581421 -4.71612597  3.        
5.01757002 5.89567614 0.57034302 5.        
 1.02856505  7.84535217 -3.08358788  3.        
8.58392334 9.75018311 5.05221605 5.        
 1.76529706 -9.11868286  3.28094506  2.        
3.68592095 6.65701294 4.24124193 5.        
9.40106201 9.0033493  4.49807692 5.        
2.80306196 5.39807081 2.91677904 5.        
0.01107    4.97561693 5.01312304 6.        
-7.0942688   5.94055891  5.01022291  4.        
-5.23729706  6.03072405  1.73034704  4.        
-6.44670916  5.95706177  1.32260096  4.        
-3.25475311  5.35470581  0.56637597  4.        
5.08426714 7.67651415 6.08929396 5.        
-2.65770698  5.08634901  0.190033    4.        
 1.30599999 -5.35875702  3.28897095  2.        
-1.75099194  7.60434723 -3.515625    3.        
 0.84727502 -0.84968603  2.54467797  2.        
-3.96466088  6.34568024  5.57284498  4.        
1.35185206 1.71596503 2.43691993 2.        
-0.44528201  3.52188897  2.09112501  2.        
5.33026123 7.69960022 4.10199022 5.        
0.63283497 5.0694809  0.83261102 2.        
-6.00927687  5.31000519 -0.51339698  4.        
1.08064997 0.533997   2.45880103 2.        
-3.43191504  6.01268816  2.5158391   4.        
-0.57142597  4.36811113  6.2753911   6.        
-2.62737989  6.85887194 -5.23205614  3.        
 0.045769    7.58164978 -2.46884203  3.        
8.72557068 8.51664734 3.47253394 5.        
-2.1013639   4.89671278  0.58499098  4.        
-5.35263109  6.28021193  4.56933594  4.        
0.65418202 5.38938093 8.22610474 6.        
 1.90156603  9.17080688 -5.65258789  3.        
1.52102697 5.69477797 7.99041796 6.        
-0.217232    3.08344293  2.42648292  2.        
-8.62856293  5.51387787  4.04412794  4.        
 1.02905297  7.28447723 -0.98269701  3.        
 0.90375501  9.5763092  -5.59738207  3.        
-3.80685401  6.2567668   3.79336596  4.        
 0.561607    9.86403656 -7.07455397  3.        
-1.943573    7.52026415 -2.8495481   3.        
 0.27075201  7.22167206 -1.75762904  3.        
2.1102519  5.45386505 4.44088697 5.        
 1.45088196 -8.06323242  3.08593798  2.        
-5.87580109  6.07758284  3.13320899  4.        
1.21052504 5.42227221 7.23205614 6.        
1.61967504 2.82885003 2.49850512 2.        
-0.41481     6.26182604 -0.86349499  3.        
2.2333529  4.42749023 2.86254907 5.        
 1.53286695 -6.3237462   3.01519799  2.        
-6.94724989  5.83646393  3.85485792  4.        
3.30244493 6.18060303 3.39022803 5.        
3.88153791 6.20615387 2.37402296 5.        
 1.26931     8.7672348  -4.99108887  3.        
3.13517809 5.81174517 2.71322608 5.        
-1.68044996  5.53742981  3.25573707  4.        
6.30605316 7.24315596 2.39581299 5.        
0.51240498 4.08544207 3.17184496 2.        
 5.82356977e+00  5.90572405e+00 -1.31199998e-03  5.00000000e+00
0.91283399 3.57408094 1.80407703 2.        
5.686409   7.43219805 3.09130907 5.        
-1.95684803  5.82311201  3.73995996  4.        
-0.15473901  4.85082197  8.24124146  6.        
2.362396   5.67205811 5.51361084 5.        
7.70441389 9.75121307 6.45596313 5.        
-7.57340193  5.75630188  2.91644311  4.        
6.76262712 8.75389099 4.39312696 5.        
-0.038292    9.35723877 -7.70907593  3.        
-0.62536597  8.55641937 -6.6529541   3.        
 1.91645098  7.71992493 -1.46090698  3.        
 1.38656604 -1.05577099  2.32372999  2.        
-8.18639374  5.59845686  4.49703979  4.        
1.99693298 5.02341509 3.63186693 5.        
-0.51744801  8.16403961 -7.59710693  3.        
-5.01698303  5.65957594  0.30166599  4.        
-7.05649614  5.79325104  1.24572802  4.        
3.10700202 6.22473907 4.55776978 5.        
4.37914324 7.01487017 3.68655396 5.        
-1.47943103  7.49063921 -2.57263207  3.        
 0.84637499 -7.36949205  2.44552588  2.        
0.89197499 4.01130676 1.28030396 2.        
 0.59304798  8.68574524 -4.54351807  3.        
-1.452721    7.56443024 -6.24972486  3.        
3.92312598 6.83805799 5.92562914 5.        
2.52745104 4.97758484 2.637604   5.        
 1.04810297  7.64982605 -2.32003808  3.        
-0.42612499  8.89540863 -5.99102783  3.        
-1.08957696  8.1177063  -4.90341187  3.        
8.18391418 9.73284912 5.53378296 5.        
-2.51532006  7.29602814 -2.7871089   3.        
 0.32936099  9.39746857 -5.6149292   3.        
2.56373596 6.06988478 6.17974806 5.        
 1.56437695  7.88550615 -3.59924293  3.        
-1.66545904  7.44690704 -1.93942297  3.        
-8.06185913  5.48797607  5.22671509  4.        
1.01683795 3.33319092 2.66305494 2.        
5.00533295 7.43824005 6.74050903 5.        
-2.90553308  6.09038496  4.1443181   4.        
-2.69278693  5.96581984  3.51367211  4.        
6.26566315 6.75914812 1.53790295 5.        
  2.04500604 -10.13707733   3.34664893   2.        
0.49697101 3.01709008 1.82028198 2.        
2.00795794 4.12496185 2.30087304 5.        
0.55446601 1.45729804 2.49441504 2.        
-0.94577801  7.54447889 -2.56906104  3.        
-1.13283503  3.72649407  2.35458398  4.        
-2.48075891  7.18652296 -2.1070559   3.        
-4.49518585  5.17147112 -0.43753099  4.        
-7.05046082  5.8913188   3.0687561   4.        
0.90983599 5.38226318 6.22277784 6.        
1.19831896 0.021957   2.29196191 2.        
-0.232491    4.90117693  7.31524706  6.        
-1.30366504  7.95217896 -4.44827318  3.        
7.26116896 7.21946001 2.056458   5.        
 0.468384    5.76445007 -0.04425     2.        
 2.27793097  9.07698822 -6.11340284  3.        
-1.79673004  7.3325119  -5.80300903  3.        
-0.44129899  8.4447403  -4.68261719  3.        
-4.85778809  6.46522522  6.15826416  4.        
0.92732197 1.62193298 2.15524292 2.        
 1.19511402 -1.46038795  2.58004808  2.        
8.18723297 9.4917984  4.65444994 5.        
-1.57141101  7.08521318 -6.67999315  3.        
0.73985302 5.33365583 7.04696703 6.        
 0.59503198  8.07067108 -3.41531396  3.        
 1.39066303 -4.84903002  3.094208    2.        
 0.55707502  6.68923998 -0.821899    3.        
5.66458893 6.50272417 1.52816796 5.        
 2.14861298  8.36006165 -5.29672194  3.        
4.64118195 7.26332092 4.27392578 5.        
 1.74068403 -6.98808289  3.69528198  2.        
 0.15033001  9.00914764 -6.85861206  3.        
 1.94895899 10.02443695 -6.30956984  3.        
-2.90049005  7.00472307 -4.21807909  3.        
 0.032104    8.87825775 -8.20144558  3.        
-0.70582598  3.82154107  6.00842285  6.        
3.10178399 6.14830017 5.3343811  5.        
 1.74683404  8.15299988 -4.63113403  3.        
-6.72714186  5.9382782   2.26403809  4.        
-6.0981369   5.73529005  0.50524902  4.        
6.24865007 7.86990404 3.48165894 5.        
4.4933548  7.31335402 5.69534302 5.        
-0.135391    8.15821838 -3.65084791  3.        
6.38548279 8.84093475 5.32995605 5.        
 0.212494   10.19004059 -7.27850294  3.        
6.68749189 9.14450836 6.42804003 5.        
 0.73384899 10.64191437 -7.12341309  3.        
 1.16969299 -6.11377001  2.73794603  2.        
-1.22450304  5.64756823  4.22045898  4.        
-2.1091311   7.49944305 -3.86346412  3.        
8.1457901  7.56412506 2.37087989 5.        
0.96996301 2.83147407 2.17404199 2.        
 1.03446198 -3.56092811  2.74389601  2.        
3.95000505 5.66301012 0.72167999 5.        
-2.15242004  6.92672014 -5.671875    3.        
7.16589403 7.69610596 2.83517504 5.        
3.25304389 6.32656908 5.85693407 5.        
-6.48430586  5.99468184  3.94525099  4.        
 0.90146601  9.61345673 -6.59845018  3.        
 1.44609106 -4.26975298  2.293823    2.        
-3.47327399  5.793396    1.463745    4.        
-8.06781769  5.49710083  0.95156902  4.        
 1.48355901 -8.93727875  2.91949511  2.        
0.199303   5.09497118 6.4440608  6.        
0.062508   4.75895691 4.52920485 6.        
-0.48183399  4.95517015  7.78338623  6.        
-2.11189294  6.36779022  5.20352221  4.        
-5.65764618  6.21938276  4.19229078  4.        
-1.72824097  7.54700518 -5.25311279  3.        
-0.226273    8.71598053 -5.02633715  3.        
 1.12038398  7.49189806 -1.50509596  3.        
2.89789605 6.00610399 3.82077003 5.        
-0.98223102  7.83017683 -6.94500685  3.        
-4.84826708  5.87552595  0.76724201  4.        
-5.54319811  6.07378387  2.71594191  4.        
4.50634813 7.07886505 6.78985596 5.        
-0.68613398  7.82479095 -3.17306495  3.        
5.87592316 8.39722443 6.72955322 5.        
 1.20625305 -4.22267914  2.9780879   2.        
 0.91246802  8.31406403 -4.04000807  3.        
 1.55736494 -2.77322412  2.9498899   2.        
 1.46210504 -7.48168898  3.10018897  2.        
2.49928999 5.85062408 6.60317993 5.        
2.48502398 5.62696123 4.71914721 5.        
-0.192307    9.42379761 -6.8850708   3.        
 1.38753498 10.50358582 -6.88336182  3.        
-1.88992298  6.58837891 -6.60504103  3.        
 1.70461297  8.86162567 -5.34347486  3.        
0.71533197 4.63981581 0.63827503 2.        
7.27310896 8.30545044 3.55331397 5.        
 1.41867101 -5.22027588  2.74530005  2.        
-6.46999407  5.44014692  5.70098877  4.        
7.78712511 6.78746796 1.37136805 5.        
 2.5852809   7.55563307 -5.00604296  3.        
3.85742903 6.56451416 6.67098999 5.        
-4.64980316  6.29499006  3.97012305  4.        
7.84393311 7.11096191 1.81085205 5.        
-8.97976685  5.34653521  2.25137305  4.        
-3.93350196  6.06463623  2.62899804  4.        
6.05135393 7.43534803 2.77459693 5.        
-0.124779    1.89014399  2.44424391  2.        
-9.11302185  5.29428911  2.91787696  4.        
2.85656691 5.40522814 1.68005395 5.        
-0.618752    7.02207994 -0.96685803  3.        
-0.244156    4.86897278  4.02444506  6.        
-0.54659998  3.11414289  1.87582397  2.        
5.80931807 8.39452362 5.1713562  5.        
 1.89512599  7.63844299 -2.381073    3.        
0.61637902 5.26856184 6.59753418 6.        
5.45520782 6.83237505 2.11004591 5.        
-0.83352703  4.28279877  6.65658617  6.        
 1.58274102 -3.00279999  2.5153501   2.        
1.14936805 2.27391791 2.40966797 2.        
-6.25921583  5.96563005  5.7781682   4.        
 2.36933088  8.27651215 -5.74771118  3.        
-7.68273878  5.70066118  2.44000196  4.        
1.65635705 5.34911299 4.48440599 5.        
-1.10934401  7.87059784 -3.55239892  3.        
-7.81890917  5.67151594  3.55581689  4.        
6.39411211 8.39842987 4.23345995 5.        
-0.33579299  4.37216997  4.58938599  6.        
6.34918213 8.8891983  5.82723999 5.        
-1.04598999  5.41739607  3.73889208  4.        
-7.16347504  5.83683777  2.08132911  4.        
-4.72897291  6.41268206  5.205688    4.        
-3.33080292  6.24018097  4.69753981  4.        
-1.05269599  4.47562408  2.47720289  4.        
7.26750183 9.49542236 5.73318481 5.        
-0.89675099  4.09772491  2.1972959   4.        
0.42446899 2.97028303 2.88323998 2.        
7.22472382 6.6197052  0.58383203 5.        
0.096642   2.50871301 2.10888696 2.        
0.86156499 5.4838872  8.64031982 6.        
-2.78377509  5.72587585  2.06301904  4.        
-1.66365004  4.69250488  1.33712804  4.        
0.81978601 4.70753479 4.04364014 6.        
-0.201355    6.58385515 -0.57382202  3.        
0.31745899 5.18266296 7.43884277 6.        
-5.46392107  6.11930799  3.64788795  4.        
-5.19284821  5.49707794 -1.08554101  4.        
4.49197388 5.8272171  0.51898199 5.        
 2.37021589  7.58792877 -4.21212816  3.        
-3.46707106  5.20423889 -0.48291001  4.        
4.64732409 7.40393114 5.18426514 5.        
-1.28037298  4.29476881  1.94168103  4.        
7.23430586 6.75276995 1.25054896 5.        
 1.89581299 -9.70600128  2.83581495  2.        
-0.53809398  2.72776008  2.40338111  2.        
4.92640686 6.17492723 1.29611194 5.        
-5.61917114  5.50801086 -0.39453101  4.        
-5.00608778  6.09285021  2.85754395  4.        
0.33235201 4.47185516 0.87957799 2.        
5.43149614 7.89882708 4.71508789 5.        
-5.22401381  5.41413879 -0.62896699  4.        
5.53639984 8.09107971 6.35516405 5.        
1.076805   5.44927216 8.04412842 6.        
-1.75657594  7.67962694 -4.14120483  3.        
0.87232202 0.89498103 2.22112989 2.        
 0.42795601  7.50862122 -2.23999     3.        
7.13541412 8.81026459 4.14523315 5.        
7.68020582 9.3523941  4.68444777 5.        
-2.98250604  6.24021912  5.18524218  4.        
-0.94432098  8.0495224  -3.93258691  3.        
-8.49636841  5.43256378  2.14492798  4.        
-7.63510895  5.56446123  0.70574999  4.        
0.73220801 2.428406   2.56112695 2.        
-2.51893592  5.22047377  1.24780297  4.        
-0.15573899  8.39344025 -8.2003479   3.        
4.27783203 6.02402496 1.36984301 5.        
 1.03584301 -2.58885193  2.52328491  2.        
1.29256403 5.061409   5.30270386 6.        
4.23999786 6.29247999 2.05184889 5.        
-6.94278717  5.50125885 -0.309937    4.        
0.417099   4.11154222 1.37576306 2.        
  1.981812   -10.77651215   3.21810889   2.        
-9.12064362  5.43653107  3.50796509  4.        
 0.425888    9.94135284 -6.36526489  3.        
0.40895101 4.05441999 3.60513306 6.        
 1.89144897 -8.36834717  2.70684791  2.        
-2.99842811  5.9080658   2.52645898  4.        
 1.478966    7.77806091 -3.17483497  3.        
9.13059235 9.76551819 5.36673021 5.        
-0.45704699  8.58909607 -7.31768799  3.        
9.10217285 9.3110733  4.38104296 5.        
5.30602312 7.51655579 3.5188601  5.        
-1.94471705  7.47589922 -4.78005981  3.        
1.57476795 5.32193804 6.51229906 6.        
-1.48053706  5.20344496  2.87567091  4.        
4.32235718 6.98573303 7.29510498 5.        
 0.35723901  8.89463043 -4.85162306  3.        
-3.84932709  5.15242004 -0.86404401  4.        
4.75675201 7.19998217 3.41342211 5.        
0.86194599 3.81722999 2.96453905 2.        
-0.34877801  4.54222107  5.81491089  6.        
-4.93576813  6.18666077  3.58157396  4.        
3.23400903 5.74454498 6.70571899 5.        
-0.63590199  7.51791382 -2.26144409  3.        
0.29712701 5.20956421 8.04040527 6.        
 1.46902502 -8.50408173  2.86358595  2.        
 0.93092299  9.06296539 -4.996521    3.        
7.78779602 8.00549316 3.07650805 5.        
1.335495   5.46495819 7.66973877 6.        
-4.28670502  5.24303389 -0.96923798  4.        
5.97019196 6.21393585 0.69125402 5.        
-4.38955688  6.44112396  6.03613281  4.        
 1.12592304 -0.21701001  2.65499902  2.        
 2.11490607  7.73779297 -3.57696509  3.        
8.6258316  7.83174896 2.61148095 5.        
-2.3774569   5.4704361   2.14096093  4.        
 2.85411096  7.39269304 -3.46286011  3.        
-7.30548096  5.88201904  4.62048292  4.        
9.14470673 8.7483902  3.65673804 5.        
-4.27023315  6.1536479   3.16491699  4.        
5.02204084 7.6818471  5.13391113 5.        
-3.57287598  6.24599504  5.72036695  4.        
7.0220871  6.1698761  0.51995802 5.        
-0.39972699  8.86545563 -6.94595289  3.        
4.84264421 6.63090515 2.12680006 5.        
 2.46061707  7.600739   -3.29562402  3.        
-4.29724121  6.33579302  5.30127001  4.        
-3.37708998  6.1158452   3.2966311   4.        
-4.33249712  6.06959486  2.40756202  4.        
 1.51171899 -6.87480879  2.84286499  2.        
-7.77349091  5.6428299   4.28256178  4.        
 1.684448    9.52587891 -5.7562871   3.        
-6.63949585  5.94543505  2.954041    4.        
-5.62249804  5.59299517  0.131256    4.        
-1.40837896  7.09825897 -7.12167406  3.        
1.39344001 0.36180899 2.69458008 2.        
-0.315651    6.57705688 -1.14773595  3.        
 0.52790803  6.30211592 -0.066681    3.        
-4.791008    5.43547106 -0.27883899  4.        
0.173729   5.13136292 5.63830614 6.        
3.59237695 5.84682512 1.669891   5.        
-0.51154298  3.36823297  2.68496704  2.        
9.29329681 8.11952972 3.15258789 5.        
 1.35257697 -1.93439496  2.45629907  2.        
 0.78113598  6.65477705 -0.23281901  3.        
 1.48463404 -9.34542084  3.05523705  2.        
3.38964796 5.55352783 1.10723901 5.        
7.55805206 8.95054626 4.13427687 5.        
 0.197723    7.81533813 -2.85229492  3.        
-0.048172    6.18910217 -0.59417701  3.        
 4.47087097  5.78214979 -0.018951    5.        
 0.16113301  6.84877777 -1.22494495  3.        
-1.69933295  5.03039598  2.30239892  4.        
 1.12105596 -6.40919495  3.19525099  2.        
-5.34231615  6.29025984  5.0149231   4.        
-8.38168335  5.55823517  3.66174293  4.        
 0.30517599  9.45933533 -7.10580397  3.        
-0.124191    4.88913012  6.75689697  6.        
-9.51768494  5.18855286  2.85781908  4.        
-0.86859101  8.21181488 -6.64919996  3.        
2.10689497 4.57575178 3.25424194 5.        
-4.31138611  6.04272509  1.78012097  4.        
1.80281794 3.51982093 2.75402808 5.        
-0.709167    7.253654   -1.94415295  3.        
-2.20083594  6.7130971  -6.02947998  3.        
-0.69779199  4.65078688  7.23980713  6.        
-1.95103502  4.91337585  0.99182099  4.        
 1.42242396 -3.38665795  2.62667894  2.        
 1.33141303 -2.35188293  2.69970703  2.        
-1.19883704  8.0215683  -5.95010424  3.        
-2.95304108  5.63585711  1.62747204  4.        
8.40323639 9.18141174 4.22891188 5.        
 1.50920105 10.21476746 -6.36431885  3.        
0.70646697 2.1114881  2.06701708 2.        
-0.33592999  2.58513594  2.04110694  2.        
 1.90564001 -5.78574419  2.59884596  2.        
 0.57928503  7.89973497 -3.00271606  3.        
0.84857899 5.65232897 0.095825   2.        
-1.14577496  7.41978407 -7.14105177  3.        
-4.03966522  5.76442719  1.01019299  4.        
-2.83602905  6.13705397  5.5909729   4.        
6.94674683 7.86175489 3.1555481  5.        
-1.76666999  4.95666504  0.34884599  4.        
 1.60571301 -3.70935798  3.02151489  2.        
 1.20153797 -1.69567096  2.92040992  2.        
-6.15698195  6.05658722  3.43600512  4.        
-2.51896691  5.8049159   2.96362305  4.        
5.94940901 7.03308105 2.2180481  5.        
 0.08017     8.48867798 -4.20922899  3.        
-1.93971205  4.91788483  1.70022595  4.        
-3.62945604  5.91424608  1.85351598  4.        
5.18483686 7.87129211 5.54669189 5.        
1.95890796 3.07064795 2.70407104 5.        
 1.69720495 -3.75405097  2.37854004  2.        
0.50420398 3.65061903 3.35116601 2.        
3.70124006 6.41852617 3.15618896 5.        
1.62233698 5.46316481 7.15661621 6.        
-2.42515612  6.41884613  5.57788086  4.        
-0.322815    8.18314362 -8.51086426  3.        
8.22227478 8.09887695 3.10592604 5.        
1.17418694 4.94240618 4.73232985 6.        
-7.49932909  5.53429413  0.31997699  4.        
3.13516212 5.61293793 1.91921997 5.        
7.78655195 7.35645294 2.19284105 5.        
-4.16336823  5.59938002  0.38952601  4.        
-3.73126197  6.28794909  4.58859205  4.        
-6.24156904  6.1519618   4.7159729   4.        
-4.05018616  5.42179108  0.005798    4.        
-1.33446503  7.95092821 -5.2255249   3.        
0.972206   3.26324511 2.0683589  2.        
3.1392591  5.90593004 3.10967994 5.        
6.26547194 8.65794373 6.76257277 5.        
 0.162857    9.04657745 -5.2380681   3.        
 1.61396801 -6.12963915  2.66101098  2.        
6.02978516 8.32240295 4.41549683 5.        
-8.65905762  5.34072924  4.54351807  4.        
 1.51491594  7.62341309 -1.52514601  3.        
  1.733513   -10.07332611   2.89147902   2.        
-0.18725599  7.80691481 -3.01769996  3.        
-2.12184095  6.00580597  4.3097229   4.        
-2.16687799  5.63126421  2.85949707  4.        
 2.05255103  8.15319824 -4.9622798   3.        
-4.62567091  5.66766405  0.40457201  4.        
 1.74287403 -7.79511309  3.16720605  2.        
 1.11570704 10.04860687 -6.04861498  3.        
-7.5171361   5.67262316  3.82824707  4.        
5.35059404 6.03670502 0.80981398 5.        
-6.1323781   6.14523315  5.31628418  4.        
0.81431597 0.295082   2.64565992 2.        
 0.837372   -0.51615101  2.26812696  2.        
8.00241089 9.86257172 6.20846605 5.        
-7.44969893  5.76797485  1.49673498  4.        
8.3414917  8.40987396 3.41101098 5.        
2.60640001 5.39993286 3.26754808 5.        
5.71669817 8.33541107 5.6593318  5.        
-0.69254303  8.56554413 -5.67330885  3.        
0.037872   4.56671095 3.87362695 6.        
6.94065905 9.14961243 5.2033391  5.        
-3.66326904  5.31235504 -0.025757    4.        
-0.94776201  7.02372694 -1.21026599  3.        
-5.86003923  6.23459578  4.54345703  4.        
 1.37613702 -5.53093719  2.43344092  2.        
-0.09552     9.37467194 -6.45159912  3.        
5.33060503 7.13449097 2.77151489 5.        
4.75875807 6.92939806 2.87075806 5.        
-1.34688604  5.63262892  4.60080004  4.        
5.7648468  8.21305084 4.74249315 5.        
-4.3324132   5.89329481  1.26666296  4.        
2.03816199 5.55057478 7.15698195 6.        
-7.05899096  5.57965803  0.223419    4.        
-2.90599799  5.15305281 -0.20864899  4.        
0.507568   5.08902693 0.387054   2.        
8.65138245 8.80622864 3.83215308 5.        
-4.59158278  6.34872389  4.36157179  4.        
-2.15513611  5.46018982  2.47241211  4.        
4.22560883 7.10360718 5.0247798  5.        
-5.16626692  6.31687212  5.81472778  4.        
6.4212718  6.62856293 1.19467199 5.        
4.9980011  7.48803711 4.32037306 5.        
2.85037208 5.98786879 6.44390917 5.        
7.07440901 9.14505768 4.81723022 5.        
 1.42797101 -7.00321198  2.46704102  2.        
 0.235413   10.10900879 -6.88931322  3.        
7.0318222  6.98825788 1.65005505 5.        
5.76567793 7.95798492 3.93591309 5.        
2.1337359  5.19930315 6.82333422 6.        
-2.49991608  4.88867998 -0.184174    4.        
 0.36273199  9.69000244 -6.04333496  3.        
7.70423079 7.69811201 2.69583106 5.        
5.05770922 7.56165314 7.13211107 5.        
-1.65109301  7.76354218 -4.5188899   3.        
7.35979509 9.57977295 6.56069994 5.        
9.05929565 7.86844587 2.64120507 5.        
2.86379194 6.07602692 4.2810359  5.        
3.52692389 6.06164598 2.47973609 5.        
3.69507599 6.6917038  5.1564641  5.        
-1.14112794  4.99935913  2.90325904  4.        
3.4665761  6.49718523 4.58514404 5.        
-7.70005798  5.75196123  5.25357103  4.        
 1.79948401 -8.19080257  3.22634912  2.        
-0.221031    4.66947889  5.11102295  6.        
6.22453308 6.96958923 1.93615699 5.        
-1.82266998  6.21610308  4.84054613  4.        
-0.83889002  3.64741492  2.10205102  2.        
5.48431396 7.74111223 7.02590895 5.        
0.95323199 1.47752404 2.53366089 2.        
 1.324211   -5.87049103  3.11584496  2.        
-6.94977617  6.02492523  5.36746216  4.        
-3.48755693  6.0425868   2.91879296  4.        
 1.11158705 10.59775543 -7.22445679  3.        
8.65520477 8.26195526 3.16702294 5.        
-2.55099511  6.0694499   4.37048292  4.        
4.05757093 6.84823608 3.89913893 5.        
-0.88025701  4.22825623  2.72934008  4.        
 1.64212799 -6.64415693  3.21490502  2.        
1.00633204 2.64485192 1.79199195 2.        
-1.29951501  7.34116411 -1.74688697  3.        
-5.38765717  6.02326202  2.11804199  4.        
-5.69633484  6.29084778  5.99398804  4.        
-0.430161    7.19275713 -1.67697096  3.        
 1.86940002  7.66684723 -2.77005005  3.        
4.21111298 7.02576494 4.63211107 5.        
3.31006598 6.3198781  6.4564209  5.        
 0.79905701 -4.03955078  2.65335107  2.        
1.50872004 2.58212996 2.80145311 2.        
0.58995801 4.46688795 3.76165795 6.        
-6.28244019  5.44574022 -0.27224699  4.        
0.79354101 4.27937317 3.47775292 2.        
0.42536899 1.79797399 2.28713989 2.        
-2.26472497  5.20783997  1.68258703  4.        
 0.99183702  7.72771502 -2.70626807  3.        
 0.792557    6.32315779 -0.43374601  3.        
-4.99285078  6.03138685  2.03890991  4.        
 1.09893799 -3.38171411  3.08169603  2.        
 1.05817401 -1.12798297  2.72525001  2.        
0.974792   3.48393202 3.24261498 2.        
5.24110413 5.82998705 0.262299   5.        
-4.18751478  6.28337908  3.85095191  4.        
 0.774239    7.32543182 -1.47494495  3.        
-0.59825897  7.83797407 -7.81887817  3.        
0.66944098 5.30396318 5.76901197 6.        
 2.5686419   7.52401686 -4.62442017  3.        
-8.53237915  5.35948896  1.43710303  4.        
2.80736494 5.10316515 2.25201392 5.        
4.18373919 7.08904982 5.8036499  5.        
3.76805091 5.70033312 0.377655   5.        
 0.78567499  7.00089979 -0.90765399  3.        
9.02186584 8.39050293 3.21743798 5.        
 0.78369099 10.12145233 -6.32736206  3.        
-0.52790099  7.68052721 -8.23440456  3.        
 2.65711188  7.73522186 -2.3374629   3.        
 1.94318402  7.89617205 -4.43240404  3.        
-5.65121508  6.27242994  5.29244995  4.        
-7.97462511  5.66390991  1.97671497  4.        
0.98651898 5.62206316 0.469147   2.        
2.59520006 5.75239611 3.73873901 5.        
7.10002899 7.36708784 2.39172411 5.        
 1.344818   -7.60569     3.43673706  2.        
1.27227795 1.965675   2.70840406 2.        
1.98632002 3.81037903 2.55957007 5.        
2.58182502 5.69469404 5.15362597 5.        
1.89857495 4.29977417 3.05322289 5.        
-2.58917999  7.24288893 -3.45559692  3.        
6.01773119 7.60582685 3.13284302 5.        
1.21396601 4.60726881 4.00836182 6.        
-3.59568     6.55167389  6.08242798  4.        
0.49152401 3.78236389 1.58892798 2.        
 0.95053101 -1.13655102  2.32550001  2.        
 1.19410706 -0.76248902  2.72625709  2.        
-0.45649001  4.08623505  7.53649902  6.        
 1.61259496 -7.29875183  2.2693181   2.        
-8.91035461  5.36876678  3.84509301  4.        
 2.45189691  7.57818604 -2.9225769   3.        
4.34238386 6.66262102 2.72393799 5.        
-1.40720403  4.60501099  2.17553711  4.        
 1.14493597 -7.69906616  3.81896996  2.        
7.84091997 8.71633244 3.822052   5.        
 1.00770605 10.58241272 -6.72259521  3.        
-2.33766198  5.92007494  3.65802002  4.        
-0.010429    8.86237335 -7.39520311  3.        
-4.95487213  6.33390093  4.43399096  4.        
  1.67328596 -10.70103455   3.43328905   2.        
 0.29300699  8.19857025 -3.58779907  3.        
-1.62867701  7.22969103 -6.20437622  3.        
-6.65048981  5.69389296  0.39157099  4.        
-3.01583099  5.15145111  0.25589001  4.        
-2.87195611  6.60477495 -5.12088013  3.        
-0.56036401  8.69451141 -6.31646681  3.        
-1.62416804  4.27175903  1.24200404  4.        
 1.15652502 -5.49609423  2.84713793  2.        
 1.24711597 -4.18981886  2.60922194  2.        
 1.35240901  9.41816711 -5.64169312  3.        
-7.03513288  5.90248108  4.24124193  4.        
2.47930908 4.93932295 2.26675391 5.        
1.31374395 5.22594404 5.80026197 6.        
6.43745422 7.47796583 2.66809106 5.        
0.64869702 3.24297309 1.57485998 2.        
 1.16802204 -4.95417786  2.76983595  2.        
-3.24057794  6.33577681  5.521698    4.        
0.780159   2.9797821  2.47161889 2.        
-0.43193799  8.76657867 -5.51367188  3.        
-2.04584503  6.02183485  5.10571289  4.        
6.54940796 8.20739841 3.78115797 5.        
-4.1277771   6.24069977  3.48962402  4.        
3.52269006 6.49253082 3.80541992 5.        
1.48503101 4.56913805 4.45465088 6.        
-0.49198899  4.19368696  6.74880981  6.        
7.59234619 6.90044403 0.97997999 5.        
1.71461499 5.05020094 3.86120605 5.        
 1.837044   -7.52733612  2.622437    2.        
7.77990007 9.60029602 5.43331909 5.        
-2.28876495  5.13064623  0.97991902  4.        
6.41876984 6.4494319  0.80960101 5.        
 1.38295805 -7.23394823  3.35461402  2.        
-0.434082    4.0815959   6.09832811  6.        
-0.77806097  8.28987122 -4.82958984  3.        
1.30666304 2.59919691 2.44796705 2.        
 1.03697205 -2.11680603  2.84146094  2.        
7.61699677 8.42020416 3.55239892 5.        
-2.67008209  7.28450012 -2.45974708  3.        
-5.61478376  6.02863312  1.26049805  4.        
-2.49314094  6.47862196 -6.09869385  3.        
0.29643199 5.41916704 0.34127799 2.        
 1.91283405  7.72537994 -1.89269996  3.        
 1.10231805  7.57302094 -1.93179297  3.        
5.63486481 6.23264313 0.94952399 5.        
-0.244232    7.96538496 -3.33590698  3.        
 2.77542901  7.60979509 -2.70831299  3.        
9.38141632 8.5955658  3.87988305 5.        
-5.52428389  6.27679396  5.63360596  4.        
6.48274183 8.618927   4.57342482 5.        
-3.15705895  5.40128279  0.90884399  4.        
 1.30456495 -3.11418104  2.95974708  2.        
6.78149414 6.64292097 1.06875598 5.        
-4.3012619   6.34699202  4.64584303  4.        
0.52953303 0.84561902 2.13143897 2.        
 1.77062201  9.75916958 -6.10534716  3.        
-0.43151101  4.15415907  5.49676514  6.        
 1.41312397 -2.659477    2.4468081   2.        
-8.43682098  5.57905579  3.01251197  4.        
-7.78593397  5.66137695  1.55279505  4.        
 1.52164495 -4.01230621  3.19058204  2.        
-2.23797607  7.42709303 -1.99359095  3.        
-2.50335693  6.15809584  4.91055298  4.        
8.45118046 9.78040314 5.78839111 5.        
-0.223434    9.11460114 -6.18478394  3.        
2.858459   5.88891602 5.32128906 5.        
-1.91461205  7.55208588 -3.20455909  3.        
6.75705719 7.65721083 2.9004209  5.        
-2.39309692  7.28148603 -4.2719121   3.        
-6.43036604  6.13972521  5.5093689   4.        
9.03097534 9.49704742 4.70550489 5.        
2.35118103 4.61661482 2.58648705 5.        
4.20903015 5.79321289 0.92608601 5.        
 1.65590703  7.90840912 -3.97219896  3.        
-0.91877699  7.37779188 -7.44155884  3.        
2.2202301  5.46208191 4.10467482 5.        
 0.81827497  9.27571869 -5.41021681  3.        
6.84105682 9.22950745 6.0244751  5.        
 1.10687304  7.09690905 -0.69351202  3.        
-5.88982391  6.04090881  2.6564641   4.        
 2.23303199  7.66101122 -2.13949609  3.        
-2.39183807  7.06143904 -5.0588069   3.        
0.53742999 1.53189099 1.90152001 2.        
-4.18201494  6.17782593  5.92871094  4.        
-0.99072999  7.66828203 -3.0218811   3.        
 1.81693304 -7.02600098  2.75412011  2.        
-6.23860884  5.99616194  3.09906006  4.        
6.08285522 8.61219025 5.20715284 5.        
0.873703   4.89227295 4.42016602 6.        
 0.14978001  9.67002106 -7.95721388  3.        
 1.52079797 -8.84468842  3.27905297  2.        
0.056969   2.18869805 2.47232103 2.        
 0.018166    9.17992401 -8.00610447  3.        
0.26851699 1.204445   2.4720459  2.        
 1.373528   -2.40463305  3.0431819   2.        
 2.01844001 -6.16336107  2.68011498  2.        
 0.771851    8.54367065 -4.263062    3.        
 0.95117199  8.73853302 -4.74694777  3.        
4.16362    6.81451416 3.44766212 5.        
-3.83148193  6.29276323  4.22714186  4.        
5.87077284 6.1554718  0.33673099 5.        
 0.094803    5.55928802 -0.055054    2.        
0.61363202 3.45474195 2.62997389 2.        
-0.13852701  4.99246216  5.86898804  6.        
-4.73302507  6.038589    1.73632801  4.        
-5.23246813  5.93035889  0.721008    4.        
 1.41754901 -6.88612413  3.32266212  2.        
-8.21039581  5.61631012  4.84176588  4.        
3.11946893 5.73977709 2.31893897 5.        
-0.786484    7.97599792 -7.30020094  3.        
-6.95243788  5.86451721  3.40377808  4.        
2.30583191 4.96585894 1.86279297 5.        
 0.096283    9.20252991 -7.21026611  3.        
-7.42814589  5.85526323  4.99465895  4.        
-0.47496799  4.92105103  5.08709717  6.        
-2.54839301  5.0323329   0.51953101  4.        
 1.30103302  7.09129286 -1.06594801  3.        
4.75250196 5.86003923 0.29708901 5.        
0.80966198 4.38735199 0.85150099 2.        
2.89489794 6.0630722  6.08859205 5.        
-0.33760801  4.68418121  6.50537109  6.        
-6.12210894  5.98853302  1.45898402  4.        
 0.288773    6.40921021 -0.73043799  3.        
 1.41925001  8.23944759 -4.50711107  3.        
 1.49905396  7.68183899 -2.28921509  3.        
0.86776    0.50635499 2.15493703 2.        
0.89141798 0.76668501 2.62274194 2.        
-0.393875    4.63271284  4.37634277  6.        
 1.145401   -2.20591688  2.4533689   2.        
1.65175605 3.20540595 2.640167   2.        
 1.35912299 -4.48822784  3.12719703  2.        
-6.34715319  5.57901812  0.28832999  4.        
0.86352497 5.23649597 5.29562378 6.        
 1.79860699 -8.87958527  3.0344851   2.        
-0.43939999  3.62072802  2.41665697  2.        
-1.72462499  7.40947008 -2.27209496  3.        
 2.71986389  7.42987823 -3.90469408  3.        
  2.03827691 -10.45990753   3.45263696   2.        
-3.10946703  5.21701002 -0.472839    4.        
 1.37015498 -6.50186205  2.71798706  2.        
6.58669996 6.20084381 0.32958999 5.        
-6.20018816  6.00124407  2.31994605  4.        
2.12580109 4.19275713 2.64273095 5.        
6.70135498 7.28955793 2.31848097 5.        
1.62731898 5.05541182 6.17904711 6.        
 1.24085999 -3.70619202  2.47595191  2.        
1.12966895 3.11464691 2.89565992 2.        
0.80316901 0.169586   2.3248291  2.        
0.59131598 5.3960042  0.75402802 2.        
 0.28874999 10.24713898 -7.60317993  3.        
-3.82862091  5.60134077  0.63415498  4.        
8.47681427 8.00163269 2.90612793 5.        
-2.74372911  7.01518202 -4.51718092  3.        
1.96711004 5.34140015 4.72549391 5.        
 1.10259295 -0.83438897  2.32400489  2.        
0.44116199 2.53143311 2.24206495 2.        
 1.41723597 -8.25582886  3.39453101  2.        
 1.34991503 -7.89769697  2.80969191  2.        
-6.69606781  5.65899706  5.57910204  4.        
-4.94075823  5.98325396  1.10082996  4.        
-1.41465795  7.69537306 -3.39968896  3.        
-3.28920698  6.49625397  5.95559692  4.        
5.42966509 8.1036377  5.50741577 5.        
-6.73733521  6.07823896  4.9067688   4.        
1.43512702 5.44743299 6.86532593 6.        
-0.58167303  8.18518829 -4.04550219  3.        
-1.55751002  7.43201494 -1.55459595  3.        
0.77063    1.20011103 2.57092309 2.        
-4.19023085  6.1112442   2.84365797  4.        
2.56765795 5.83534193 5.82952881 5.        
4.42287397 7.11453295 6.39810181 5.        
5.21204376 7.71346283 6.40203905 5.        
 1.21638501 -4.86427307  2.45257592  2.        
-0.55051398  4.65346479  7.92361498  6.        
-2.96768188  7.1697011  -2.87441993  3.        
-1.29755402  5.49647522  3.52136207  4.        
0.71853602 5.12979078 5.01550293 6.        
1.66770899 5.44570923 7.7338872  6.        
 1.33517504  8.46323395 -4.87271118  3.        
 2.19595289  9.08370972 -5.79098511  3.        
3.58548689 6.44197083 3.48281908 5.        
-1.84838104  4.6852951   0.62722802  4.        
-0.58196998  6.93750811 -1.35241699  3.        
 0.03199     9.74726105 -6.97555494  3.        
8.51598358 7.43370819 2.18621802 5.        
-0.399811    4.48549604  5.3215642   6.        
6.42430115 8.88941956 6.58566284 5.        
0.44276401 4.85060883 0.67184401 2.        
 1.21652997 -2.74677992  2.82083106  2.        
-3.56010389  5.97954607  2.19961596  4.        
1.31006598 1.415344   2.59182692 2.        
-2.20735908  7.38365221 -2.70565796  3.        
-0.90095502  7.11619616 -7.81161499  3.        
 0.76513702 10.26255035 -6.99447584  3.        
0.105782   5.061203   5.31692505 6.        
-4.56646013  5.87525177  1.00814795  4.        
-2.95592499  7.0978322  -3.69494605  3.        
-8.16217041  5.58312178  2.74587989  4.        
-0.96757501  8.26543427 -6.27249193  3.        
-5.79988909  6.02522993  1.94427502  4.        
  1.972031   -10.6193924    2.93017602   2.        
-3.82923889  6.31381989  5.23403883  4.        
-1.78575897  5.99268293  4.57003784  4.        
-6.39572906  5.85887194  1.01406896  4.        
4.85562086 7.51176405 4.90536499 5.        
-4.12145996  5.00708818 -0.54772902  4.        
-3.66675591  6.27699995  4.93869019  4.        
4.99959612 7.38718414 3.53362989 5.        
-8.94313145  5.39137316  3.17984009  4.        
-8.24345398  5.4871521   1.22702003  4.        
3.41889191 6.47545624 4.19186401 5.        
-6.87993622  5.8938899   2.66738892  4.        
4.58446503 7.19081879 3.86950707 5.        
-0.221268    7.44546509 -2.3379209   3.        
0.007217   4.94901323 7.04983521 6.        
0.47930899 4.82328796 4.43643188 6.        
1.14180005 3.13297296 2.43823195 2.        
0.080765   5.14882708 6.10626221 6.        
2.757797   5.41175079 1.19320703 5.        
-4.6927948   6.13516998  3.06716895  4.        
 0.096161    8.32496643 -3.84787011  3.        
4.88445282 6.00834703 0.95696998 5.        
0.39596599 4.31349182 3.37094092 6.        
-0.34112501  8.25331879 -7.90847778  3.        
-6.91723585  5.72707415  0.86319     4.        
3.85018206 6.85250092 5.58422899 5.        
5.66635895 8.16265106 6.65246582 5.        
-3.84213996  6.17661285  5.90191603  4.        
 1.34809101 -7.14678192  2.90692091  2.        
-8.47942257  5.51129913  4.33148193  4.        
9.33746338 9.17014313 4.20925903 5.        
-0.15734901  7.6520462  -2.71630907  3.        
-1.69156599  5.8108058   3.95455909  4.        
8.81768036 9.78890991 5.27249193 5.        
7.03209686 9.30964661 5.55773878 5.        
6.94715881 8.98765564 4.56503296 5.        
2.82777405 5.38638306 2.02887011 5.        
-8.45284271  5.42366791  1.74386597  4.        
-0.063736    7.20530701 -1.79129004  3.        
-2.36199999  5.05329084  0.057281    4.        
0.77714503 1.230492   2.16375709 2.        
 1.19610596 -7.36536407  2.64218092  2.        
5.40248919 6.97234297 2.39636207 5.        
 0.057243    7.38742113 -2.15811205  3.        
-0.96004498  8.24822998 -5.16873217  3.        
 0.70034802  8.93704987 -4.7903142   3.        
-1.21562195  7.24217176 -1.40725696  3.        
3.72863007 6.55141401 7.05673218 5.        
 0.82883501 -0.156105    2.18548608  2.        
3.10365295 6.16384888 4.87426805 5.        
6.04878998 8.30633545 6.99908495 5.        
-9.30635834  5.18586016  3.58847094  4.        
4.94483185 7.48390198 6.35180712 5.        
7.46017504 9.4937439  5.47512817 5.        
-7.05709791  5.37572479 -0.036285    4.        
0.60543102 2.80695295 2.03872705 2.        
1.15743303 5.10441589 4.45474195 6.        
0.02552    2.59955597 2.50158691 2.        
 1.98143804  8.87778473 -5.54711914  3.        
-6.58796692  6.03128099  4.26059008  4.        
-7.8092041   5.6678772   3.22012305  4.        
 1.65352595 -7.70964003  2.83221412  2.        
-0.95030999  3.46398902  2.38610792  4.        
 1.84042394 -9.42231846  3.35382104  2.        
-6.73448896  5.88308716  1.20077503  4.        
5.8014369  6.40166521 1.21993995 5.        
 0.398857    7.14596605 -1.47338903  3.        
-2.36655402  6.88088989 -5.41677904  3.        
 0.98012501 -7.68843079  2.45648193  2.        
-0.28758201  6.80435896 -0.92419398  3.        
1.103302   0.44854    2.79769897 2.        
-0.68510401  7.49694109 -7.75912523  3.        
 1.49940503 -2.14946008  2.044312    2.        
-7.16261292  5.83254194  1.62088001  4.        
4.173172   6.87052107 6.87622118 5.        
4.23261976 6.16923523 1.65457201 5.        
1.439201   5.72795105 8.40167236 6.        
6.47033691 8.78015137 5.01651001 5.        
-5.03998613  6.04106903  1.48062098  4.        
-7.3290019   5.70178223  0.966187    4.        
-2.8910749   6.04622698  3.74884009  4.        
 0.109131    9.68846893 -6.35760498  3.        
0.94307703 2.56395698 2.36587501 2.        
7.61918592 9.47792816 5.138062   5.        
 1.14034295 -1.72046697  2.35583496  2.        
-0.633995    3.96496606  6.95825195  6.        
-3.0641861   6.0428772   3.29370093  4.        
6.97418213 8.29885864 3.65924096 5.        
 0.056839    8.82757568 -4.9370122   3.        
-1.12921095  3.99751306  2.5188601   4.        
-0.27001199  8.32067871 -6.67392015  3.        
 0.95378101  7.96270704 -3.38818407  3.        
-1.31971002  7.93004608 -5.54205322  3.        
1.04546404 1.97342706 2.31109595 2.        
1.12298596 1.01426697 2.7059021  2.        
-2.31952691  6.75122118 -6.32009888  3.        
-0.030434    8.7014389  -6.80255079  3.        
7.03875017 6.53179216 0.92230201 5.        
-1.02067602  5.73163605  3.76150489  4.        
 1.71884894 -4.81937408  3.140625    2.        
-7.02972412  5.92131805  5.67764282  4.        
 1.51892805 -5.12574005  3.28115797  2.        
 0.29518101  8.6287384  -4.40850782  3.        
0.487183   5.3788991  8.49377441 6.        
-1.93517303  5.63369799  3.09683299  4.        
 1.91302502 -9.85787964  3.4099431   2.        
5.28675079 7.72713518 4.41278076 5.        
3.79529595 6.67487288 3.90792894 5.        
8.16048431 6.83256483 1.72589099 5.        
-4.87272596  5.52412415  0.057434    4.        
8.10568237 8.9693222  4.08023119 5.        
1.76635003 3.6384201  3.04260302 5.        
-5.64131212  5.9229579   0.82257098  4.        
-0.22126     8.48867798 -4.46295214  3.        
-1.39862096  3.84842706  2.24087501  4.        
 0.46233401  7.41208696 -1.91723597  3.        
-1.81164598  7.23052979 -1.67364502  3.        
-1.68995702  6.73621416 -6.79611206  3.        
0.26827201 4.94110918 4.8372798  6.        
-1.54193902  4.43388414  1.49746704  4.        
2.89765191 5.66578722 3.1035161  5.        
 1.16728997  8.09291077 -3.96630907  3.        
-1.45776403  5.92350006  4.5562439   4.        
4.09337616 6.67605591 3.17617798 5.        
3.17270708 6.17980194 3.69192505 5.        
9.10123444 9.74800873 5.02087402 5.        
 2.38211799  9.41835022 -6.07434082  3.        
4.64711809 6.43704987 1.87878394 5.        
-3.41420007  5.31335402  0.30093399  4.        
-6.39313507  5.98314714  1.62915003  4.        
 1.00130498  9.70333862 -5.86538696  3.        
 0.169861    5.97964478 -0.34091201  3.        
4.84803009 7.23738909 6.95907593 5.        
 0.084312    8.87747955 -7.6939702   3.        
 0.43798101 10.41176605 -7.27764893  3.        
 1.78283703 -9.43318176  3.02941895  2.        
-2.19290209  7.28736115 -4.78509521  3.        
-9.01085663  5.38613081  4.13964796  4.        
-0.0383      4.63304901  4.26260424  6.        
-6.21517181  6.0431819   3.75170898  4.        
1.15034497 0.137024   2.71823096 2.        
3.66802192 6.01866913 2.09271193 5.        
-3.20721412  7.20436907 -3.42309594  3.        
-6.60158491  5.98314714  1.91577101  4.        
-0.451103    4.79742384  7.51696777  6.        
-4.36299086  6.36641693  4.95318604  4.        
1.13815296 0.82696497 2.36749291 2.        
 0.082794    7.0787282  -1.54797399  3.        
-4.86348677  6.40577698  5.53018188  4.        
-3.64007592  6.20386505  3.53646803  4.        
8.80690002 9.25749207 4.30108595 5.        
0.88439202 2.43746996 2.08163404 2.        
-1.783638    6.92262983 -6.52230787  3.        
-6.01296997  5.49443817 -0.76300001  4.        
-0.50747699  3.02790809  2.52124     2.        
1.24405706 5.40401506 6.28976393 6.        
2.49956489 5.09371185 1.61996496 5.        
 1.68121302 -5.48696899  2.86077905  2.        
8.39498138 9.7658844  5.2975769  5.        
 0.77760297 -1.75820196  2.34799194  2.        
-1.51705205  7.85968018 -4.22000122  3.        
-5.8648448   5.62368822  0.33489999  4.        
0.75449401 5.84823608 0.31625399 2.        
8.8387146  9.62433624 4.91174316 5.        
-0.22102401  4.63463593  4.77346802  6.        
-2.26058197  4.92291307  0.32183799  4.        
7.54120588 9.56389618 6.27294922 5.        
4.10175323 5.71617889 0.458588   5.        
-3.19593     6.15531921  4.06369019  4.        
5.38438416 6.53367615 1.66201794 5.        
-0.52073699  8.31057739 -4.41726685  3.        
3.95113397 5.91242981 1.48465002 5.        
5.40145922 7.39144897 3.25469995 5.        
 2.353333    7.86748505 -4.95098877  3.        
4.88523912 6.34332323 1.54971302 5.        
3.65019202 6.6230998  4.79669189 5.        
5.59633589 6.0218811  0.169495   5.        
-2.31342292  7.32193804 -3.60760498  3.        
 0.075989    9.22459412 -5.60186815  3.        
-8.36141968  5.57844496  3.3561399   4.        
-3.08341193  6.20780182  4.89447021  4.        
-0.40213001  4.60412598  7.09249878  6.        
1.04044294 5.42506409 6.95632887 6.        
-4.50394392  5.27558088 -0.75531     4.        
8.55000305 9.58618927 4.75540209 5.        
-0.67588001  4.53569794  6.5847168   6.        
1.80809796 4.80508423 6.1038208  6.        
2.918648   5.55040693 2.62878394 5.        
3.11160302 6.14401197 5.65536499 5.        
3.83878303 6.34797716 2.74707007 5.        
5.15465498 7.58772278 3.87704492 5.        
5.51657915 8.02849579 6.92480516 5.        
 1.71858203  7.76026201 -3.36605811  3.        
0.78545398 3.68802595 1.53710902 2.        
-1.27479506  4.05249023  1.73361194  4.        
2.23271203 5.05287218 3.41134596 5.        
 0.62564898  9.50640869 -5.70404005  3.        
 1.11202204 -4.45510912  2.74163795  2.        
-3.78975701  5.81153917  1.22366297  4.        
-2.74951911  6.58499193 -5.40026903  3.        
-0.238464    2.75029707  2.45922899  2.        
3.04442596 5.46295214 1.28567505 5.        
-5.94728804  6.17776489  4.10452318  4.        
-0.276344    4.30060577  7.33926392  6.        
4.55536604 6.11289978 1.27893102 5.        
-3.19569397  6.01636505  2.73257494  4.        
-2.41027093  7.40263414 -2.35186791  3.        
9.44436646 9.30678558 4.46017504 5.        
1.81174505 5.14436293 6.58554077 6.        
 1.66614497 10.42718506 -6.72799683  3.        
3.51927996 6.53587294 5.81155396 5.        
-0.77969402  7.67623901 -2.78820801  3.        
-1.71977198  7.72438812 -3.84188795  3.        
  1.779526   -10.37193298   2.93136597   2.        
 1.70858002 -8.17476654  2.85437012  2.        
2.67912292 5.8889389  4.00790405 5.        
5.95054579 8.15910339 4.13467407 5.        
3.9312439  6.88295698 5.15365601 5.        
 1.17678797  7.44894409 -1.19122303  3.        
3.99854302 5.68655396 0.172272   5.        
6.48757887 6.97756195 1.78436303 5.        
0.174759   5.00460815 0.333069   2.        
-4.91656494  5.37687683 -0.554443    4.        
8.27124023 7.13511705 1.70340002 5.        
-2.84492493  5.29713392  1.02285802  4.        
1.45564997 5.07051897 5.55798292 6.        
-0.072159    9.47228241 -7.16711378  3.        
0.91117102 5.09189606 4.74874878 6.        
 1.35788703 -3.49145508  2.9034729   2.        
0.45611599 5.21669006 7.78268385 6.        
 0.65822601  9.68421173 -6.76449585  3.        
7.94341993 9.35868835 4.533813   5.        
-2.46419501  7.29937696 -3.08557105  3.        
3.61723304 6.40859222 6.57253981 5.        
-1.07445502  8.07814026 -4.60089111  3.        
7.09126282 9.30361176 6.52914381 5.        
1.63592505 4.76456404 3.67297411 5.        
3.81439996 6.74188185 4.53543091 5.        
1.69902802 2.81741309 2.79800391 5.        
-1.19894397  4.65520477  2.67196703  4.        
3.42457604 6.47875977 5.36380005 5.        
0.43090799 3.80257392 2.91262794 2.        
7.0006938  7.131989   1.91436803 5.        
1.01419103 2.95472693 1.88632202 2.        
-7.59282684  5.77602386  4.60788012  4.        
-7.8877182   5.68231201  4.59515381  4.        
-1.73435199  5.17829084  2.58920288  4.        
5.42343092 7.71420288 3.77450609 5.        
-5.43087816  6.18593597  3.99585009  4.        
5.27954102 7.83268023 4.96740723 5.        
 0.37709001 10.09667969 -6.62307692  3.        
1.13848901 5.36172485 6.00497389 6.        
-7.38081408  5.79213715  3.16442895  4.        
0.95823699 5.40779114 8.36486816 6.        
 1.34768701 -5.91272688  2.60055494  2.        
9.18060303 9.00293732 3.96774292 5.        
 2.33769989  8.1709671  -5.43609619  3.        
3.04399990e-03 5.04321289e+00 7.43878222e+00 6.00000000e+00
 1.40527296 10.40203094 -6.57919312  3.        
0.65417498 0.64118201 2.48577905 2.        
-1.20095098  7.48639679 -2.41970801  3.        
-1.31241596  7.83913422 -6.16342211  3.        
 1.60971105 -5.08393097  2.97384596  2.        
-1.77450597  5.70805407  3.52957106  4.        
8.28220367 9.68487644 5.03042603 5.        
-6.48245192  6.12361097  4.52694702  4.        
-6.90735579  5.66825914  0.54635602  4.        
0.59907502 5.26313782 7.36962891 6.        
7.92375994 9.48092747 4.80810499 5.        
5.16740417 6.307724   1.41793799 5.        
-0.27142301  4.81539106  7.96615601  6.        
8.20362091 9.77023315 5.95895386 5.        
-3.307091    5.56867218  1.13583398  4.        
-3.1059041   6.17084503  4.35369921  4.        
-0.264725    3.00556207  2.13995409  2.        
-1.29669201  7.71992493 -6.45440722  3.        
-1.31228602  7.96905518 -4.74902296  3.        
4.86797285 7.5270462  5.94360399 5.        
7.58521986 8.16040802 3.309479   5.        
 1.65708899 -7.25074816  2.96633911  2.        
-2.77578712  5.40085602  1.36187696  4.        
-1.22795904  7.55763197 -2.72277808  3.        
-0.070824    9.21223354 -5.93145704  3.        
6.040802   6.58972883 1.43319702 5.        
 0.66401702  6.60415697 -0.55441302  3.        
0.121742   5.06866503 8.29104614 6.        
-4.17459106  6.04806519  2.04742408  4.        
1.54554796 1.94342005 2.40679908 2.        
-1.05745697  8.04004669 -4.30072021  3.        
7.43117523 9.3170166  4.84823608 5.        
6.08793592 8.62908936 6.41845703 5.        
 0.16821299  9.93920898 -7.46130419  3.        
 0.75263202  7.60430193 -2.34365797  3.        
2.51572394 5.67402697 6.28799391 5.        
3.19523597 6.12531281 6.07647705 5.        
7.62115479 7.21604204 1.98153698 5.        
-1.94578505  5.26105499  2.39297509  4.        
 1.64650702  9.13488007 -5.49954224  3.        
-1.98584795  5.90076494  4.02786303  4.        
-0.61387599  6.43371582 -1.02242994  3.        
4.4369812  7.14431    4.47515917 5.        
4.378304   7.24199677 5.42736816 5.        
 1.23394001 -7.94218397  3.253052    2.        
1.18331206 0.31014299 2.212219   2.        
3.81535292 6.64793396 6.31002808 5.        
 1.524979   -8.36396027  3.12185693  2.        
-2.68372297  5.91387177  3.18811011  4.        
 2.16880798  7.63000488 -1.74874902  3.        
-2.69706011  6.81501818 -5.63687086  3.        
-2.69635797  6.82952881 -4.94265795  3.        
0.35633099 5.05632019 5.10305786 6.        
6.83621216 9.2618866  6.78567505 5.        
-1.82304394  4.94116211  1.99731505  4.        
 1.20884705 -3.92455292  2.99914598  2.        
6.40247297 8.78422546 7.01498413 5.        
 2.24816108  7.67604113 -3.89559889  3.        
-4.98905182  6.34942579  4.83969116  4.        
-5.33200121  5.68913984  0.32116699  4.        
 1.08761597 -0.291565    2.36843896  2.        
 1.28844404 -1.38727605  2.25537109  2.        
1.31756604 1.24014997 2.18316698 2.        
0.87846398 3.49817705 2.96093798 2.        
2.39624    5.29709578 3.45855689 5.        
-2.96910095  5.29224396  0.705383    4.        
6.03340197 7.2602458  2.53485107 5.        
-0.80364197  4.18935394  5.99609423  6.        
8.39725494 7.67852783 2.49941993 5.        
7.18891096 8.61171722 3.90805006 5.        
9.37401581 8.87545013 4.20581102 5.        
-1.00658405  7.38629103 -1.76373303  3.        
7.59019518 9.13743591 4.3626709  5.        
 1.13898504  8.2334137  -4.22613478  3.        
-8.72812653  5.48523712  2.99822998  4.        
 0.411957    6.80545807 -1.07287598  3.        
-4.27814484  5.37882185 -0.17846701  4.        
-1.618469    7.64196777 -3.19146705  3.        
2.00453901 5.27101088 3.79379296 5.        
 1.83981299  7.81161499 -3.6776731   3.        
-2.86316705  6.41243696  5.69509888  4.        
3.74448395 5.68366194 0.93310499 5.        
0.66101098 4.74819994 0.90783697 2.        
 1.48424494 -4.13571215  2.83532691  2.        
-8.26402283  5.58474016  2.04388404  4.        
5.99614716 7.72454786 3.43267798 5.        
-7.23216295  5.74905396  3.84139991  4.        
-6.78695679  5.25066423 -0.301056    4.        
2.70848894 5.84489393 4.53421021 5.        
-1.43490601  7.39036608 -2.11474609  3.        
0.747154   1.67902398 2.47100806 2.        
0.87993598 5.33178711 7.31286621 6.        
-1.86326599  7.35002089 -5.51672411  3.        
3.27461195 5.51209307 0.83956897 5.        
-1.40732598  6.79985809 -7.20245409  3.        
 2.07239509  8.61846161 -5.44235182  3.        
 0.14465301  9.35505676 -7.47885084  3.        
 0.315063    7.6784358  -2.53509498  3.        
5.61208296 7.61527205 7.25848389 5.        
7.90618086 9.68867493 5.69464111 5.        
1.80622101 5.52458191 6.50830078 6.        
-0.935188    7.63291883 -7.28805494  3.        
-0.65021503  4.49286604  6.98214722  6.        
-2.05555701  7.51882887 -3.47097802  3.        
1.72866797 4.29128981 3.29205298 5.        
 1.68530297 -3.39350104  2.49758911  2.        
5.31200409 5.94092607 0.53573602 5.        
-6.39102888  5.55467176 -0.020386    4.        
1.26874495 4.99128008 5.01959181 6.        
 1.46495104 -6.00382185  2.89663696  2.        
3.59978509 5.6477809  1.28771996 5.        
 1.82205999 10.245224   -6.45318604  3.        
-0.39212     4.54366302  6.10397291  6.        
 5.27207994  5.84369707 -0.027588    5.        
-1.765854    7.53208923 -2.618469    3.        
0.668571   4.24789381 1.43283105 2.        
8.46840668 8.95620728 4.0027771  5.        
-2.0218811   6.7400279  -6.39398193  3.        
 1.15410602  9.00457764 -5.1746521   3.        
-8.32950592  5.46814013  0.82678199  4.        
-6.64399719  5.90671492  3.71813989  4.        
-7.010849    5.95640612  4.73165894  4.        
1.29715705 2.22577691 2.8369751  2.        
-4.86123705  6.0667882   2.41177392  4.        
0.49998501 3.24784803 2.83935499 2.        
5.52108812 7.89054918 4.21026611 5.        
-0.58264202  8.57910919 -6.93960619  3.        
-1.06545305  8.00119019 -6.68612719  3.        
 1.744385  -5.5462718  2.5657959  2.       
5.93412781 7.9174962  3.70272803 5.        
 0.099907    9.62751007 -7.67446899  3.        
 1.33883703 -7.53904676  2.84378004  2.        
4.79624891 7.40044403 4.50942993 5.        
-4.18633318  5.25708818 -0.67919898  4.        
-6.15998793  5.79385424  0.78225702  4.        
-6.59510803  5.93998718  2.64123511  4.        
 0.49401101  8.48283386 -4.20794678  3.        
2.26964593 4.36525679 2.45980811 5.        
 0.54923201  6.02977705 -0.162689    3.        
-0.220955    9.09242153 -6.96466112  3.        
-0.27020299  3.29260302  2.174896    2.        
-4.99211884  6.13881683  3.30203295  4.        
-5.36975908  6.25392914  4.28192091  4.        
4.73133802 7.24318695 6.69470215 5.        
4.71478987 5.9056468  0.685242   5.        
1.91228497 5.31044817 7.00039721 6.        
9.01378632 8.52891541 3.48446703 5.        
-5.54486084  6.26122999  4.78384399  4.        
4.60345507 6.76559401 2.65698195 5.        
-8.35443878  5.52822924  3.95556593  4.        
 0.86937702 10.32549953 -6.56561279  3.        
 0.79296899  8.18217468 -3.81308007  3.        
0.864021   5.40521193 6.65350294 6.        
-3.04745507  5.84128618  2.14892602  4.        
4.72731018 6.69225311 2.39010596 5.        
 1.33269501 -0.379639    2.89285302  2.        
8.223526   9.3259201  4.40127611 5.        
9.28166199 9.52913666 4.54333496 5.        
-7.91065979  5.56941986  1.181427    4.        
-8.39304256  5.48472595  2.41333008  4.        
-0.096687    5.46166992 -0.262207    2.        
5.27713823 7.88427019 6.04147291 5.        
8.49268341 8.60378265 3.61630297 5.        
-0.786789    8.40296936 -6.45123291  3.        
-9.10103607  5.34059095  2.51135302  4.        
 1.53945196  8.64896393 -5.131073    3.        
-9.10466003  5.28495789  1.85095203  4.        
2.22041297 4.27521515 2.09735107 5.        
1.94972205 5.31207323 4.18569994 5.        
-0.344284    8.17001343 -3.84667993  3.        
 1.64959002 -6.53019714  2.80755591  2.        
-0.073555    9.08617401 -7.57803297  3.        
 0.372787   10.32969666 -7.01159716  3.        
2.99866509 6.17247009 4.03030396 5.        
8.0174942  8.58159637 3.64276099 5.        
1.75815594 5.70645905 7.83221388 6.        
3.96118903 6.79940796 4.29769897 5.        
2.62548804 5.19284821 3.00381494 5.        
5.76727295 8.27711487 6.96646118 5.        
0.25402099 1.63741302 2.44815111 2.        
 1.36337996 -6.55248308  3.01766992  2.        
-8.07553101  5.64689589  3.67645311  4.        
6.69422913 9.052948   5.30755615 5.        
-1.49724603  7.54153395 -2.87316895  3.        
-6.18955994  6.13631392  5.01953077  4.        
-1.67447698  5.40805006  3.00271606  4.        
 1.53051805 -6.23982191  3.28674293  2.        
7.92233992 6.96365404 1.58099401 5.        
-8.08169556  5.62671709  3.36459303  4.        
-5.8951869   5.99394989  1.28363001  4.        
 1.55708301  8.32332611 -4.76574707  3.        
-1.90333605  4.85515594  1.26483202  4.        
 1.52559698 -4.71902514  2.84341407  2.        
-3.73956299  5.22571611 -0.61377001  4.        
1.55410004 4.89077806 5.25241089 6.        
-4.31745911  6.33366394  5.5848999   4.        
4.73522902 7.05237579 3.1630249  5.        
 2.19014692  7.62516785 -2.82696509  3.        
 1.57561505 -9.80754089  2.95175195  2.        
-3.48073602  6.18982697  3.8248291   4.        
1.05670905 5.3950119  7.75711107 6.        
-3.89934492  6.00888109  1.878479    4.        
 0.99447602 -3.83842492  2.68389893  2.        
5.7879262  8.35753632 5.93130493 5.        
-5.53327179  6.03643799  1.59365797  4.        
0.47212201 2.25808692 1.97399902 2.        
-6.71403503  6.09922791  5.19278002  4.        
1.64593506 2.54855394 2.49099708 2.        
 1.21393597 -1.75778198  2.64620996  2.        
0.77477998 3.18067193 1.88574195 2.        
 1.45265996 -4.42896986  2.83804297  2.        
6.90679216 9.2778616  6.31292677 5.        
2.33218408 5.64382219 5.79180908 5.        
1.12570202 5.36299086 5.24197388 6.        
0.63573498 5.29309082 6.10919189 6.        
0.77343798 3.96586609 3.23629808 2.        
1.43111396 0.007095   2.99963403 2.        
-5.05524397  6.35067701  5.21106005  4.        
6.26719713 8.45495605 4.49966383 5.        
-0.130394    6.35617781 -0.86599702  3.        
7.50942183 6.79120588 1.33200097 5.        
-0.45410901  8.80957031 -6.54916382  3.        
-0.29518899  4.86357117  6.97763109  6.        
 1.39402795  7.98504591 -3.79836988  3.        
-0.483284    4.09468794  6.37396193  6.        
0.98505402 4.12223005 3.68273902 6.        
-1.08952296  4.31910706  2.24771094  4.        
-2.82562995  7.13995409 -3.9846189   3.        
2.09730506 5.68367004 5.424438   5.        
-2.04829407  5.79541779  3.47112989  4.        
-7.7924881   5.61519623  3.9720149   4.        
4.3600769  7.09822083 7.04171705 5.        
6.67726898 8.80095673 4.65884399 5.        
-2.30706811  6.12624407  5.10726881  4.        
0.64829302 1.64015996 2.16039991 2.        
 1.16690099 -0.503555    2.53256202  2.        
-0.31701699  8.8079834  -7.21469116  3.        
-8.07860565  5.48945618  0.67242402  4.        
 1.00012195 -1.57951403  2.7654109   2.        
 1.131935    9.4128952  -5.47021484  3.        
2.39116693 5.58827209 4.97934008 5.        
4.13529205 6.3297348  2.30807495 5.        
-0.42247     8.67278957 -5.22018385  3.        
6.55632019 7.81938219 3.26178002 5.        
-6.17403412  5.95452118  1.15350294  4.        
-7.32546186  5.79417419  2.79544091  4.        
-7.86309814  5.65550184  2.64727807  4.        
-5.20314789  6.17006683  3.795959    4.        
-1.01545703  8.22618866 -5.99252319  3.        
-0.09819     8.74720001 -7.99380493  3.        
-0.20859499  4.93248701  7.62924194  6.        
 1.11579895 -4.22478485  3.24078393  2.        
0.64331102 3.95943403 1.43801904 2.        
-1.74811494  7.63761902 -4.89120483  3.        
 1.02973902  9.2477951  -5.2322998   3.        
-1.04882002  5.40936995  3.43377709  4.        
 0.97540301 -2.32572198  2.66925001  2.        
3.07497406 6.17357588 6.40814209 5.        
 0.74227101 10.55001068 -6.86175489  3.        
7.34192705 9.53722382 5.99706984 5.        
7.08302307 8.01824856 3.33926392 5.        
 0.89415699  7.2806778  -1.22924805  3.        
6.54349518 9.0280304  5.96765089 5.        
5.49440002 7.95960188 7.19552612 5.        
1.37739599 5.47158813 8.06784058 6.        
 2.04510498  7.99286604 -4.73751783  3.        
-0.102745    9.56031036 -6.66235399  3.        
-2.76913404  6.19700623  4.97396803  4.        
 2.09178901  9.28678894 -5.946136    3.        
-6.01828814  5.52110291 -0.298462    4.        
 0.368561    9.09138489 -6.71127319  3.        
-8.71340942  5.4147191   2.42349195  4.        
-3.76470208  6.04216003  2.4121089   4.        
-4.77037096  6.35089922  5.92349195  4.        
-8.77498627  5.38762712  4.29824781  4.        
-6.07852221  6.20302582  5.84362793  4.        
6.53979492 9.00205231 5.54425097 5.        
 1.339378   -6.14907122  3.10342407  2.        
-8.39878082  5.41294098  4.59588623  4.        
  1.78463805 -10.1973114    3.206146     2.        
-2.68950605  5.82231903  2.74853492  4.        
 1.56725299  9.98990631 -6.14181519  3.        
-3.585495    5.54853821  0.76580799  4.        
3.27712989 5.9960022  2.85907006 5.        
 0.54549402  8.20027924 -3.69567895  3.        
-1.86748505  7.59479523 -4.51483107  3.        
 0.54498303  9.38619232 -5.44561815  3.        
4.15007782 6.98572493 6.05541992 5.        
2.41292596 4.784935   2.79538012 5.        
0.65747797 2.20443702 2.38711596 2.        
 1.32273102 -5.31166077  2.98510695  2.        
-1.44612098  5.83207703  4.27300978  4.        
 1.65832496  7.7094121  -2.93936205  3.        
 2.16564894  7.73968506 -4.40072584  3.        
-0.77366602  3.65528107  2.56097388  2.        
-0.69224501  7.08832502 -1.70684803  3.        
1.20017195 5.61876678 8.24276733 6.        
-6.87081194  5.88877106  1.43765295  4.        
-7.18209791  5.86910295  5.25900316  4.        
4.8369832  7.36656904 4.09597778 5.        
-2.30337501  6.68043518 -5.77853394  3.        
-5.77026415  5.50258589 -0.63842797  4.        
-2.54370093  5.32767487  1.49755895  4.        
-5.3898468   5.35234785 -0.83670002  4.        
-5.60372877  6.08391619  3.11630297  4.        
-5.20008087  6.12298584  3.52746606  4.        
 1.38026404 -5.67077589  3.29251099  2.        
 1.866943    9.53588104 -5.95828295  3.        
-4.05441284  6.31853485  4.53436279  4.        
-0.55005598  7.59798384 -2.51296997  3.        
-7.69674683  5.73557281  2.13098097  4.        
5.93306684 8.395401   4.921875   5.        
-4.41436815  6.31796312  4.1156311   4.        
-3.18600512  5.64997911  1.40850794  4.        
 1.75662994  7.68318892 -2.13888597  3.        
2.03157806 3.89856696 2.15206909 5.        
-1.98679399  4.90378618  0.198212    4.        
7.54152679 7.80391693 2.88619995 5.        
7.06352186 7.52999115 2.64605689 5.        
-7.77106524  5.56876421  0.942963    4.        
-0.15600599  4.87335205  5.27813721  6.        
-2.84120202  5.81314802  2.32309008  4.        
-0.470718    7.75517988 -3.021698    3.        
-0.188492  8.41819  -8.496521  3.      
-1.26438105  4.39174604  2.62420702  4.        
 1.10401905 -8.20381165  3.39941406  2.        
-0.090172    5.9559021  -0.46264601  3.        
-0.51376301  4.27872515  5.93041992  6.        
5.57258606 8.10814667 4.90188599 5.        
-3.58411407  5.44729614  0.51293898  4.        
-3.7688899   5.94278717  1.61624205  4.        
-0.57987201  8.33702087 -7.27621508  3.        
6.76290083 6.9570241  1.64681995 5.        
-6.12451887  6.00047302  1.79147303  4.        
 1.47760797 -6.87663317  3.58630395  2.        
 1.27650404  7.81311798 -2.98022509  3.        
-0.83263397  7.86951494 -3.39605689  3.        
3.46479011 6.23182678 3.13842797 5.        
-0.06028     8.89846039 -5.2010498   3.        
5.25143385 6.71865797 1.97354102 5.        
0.76136798 4.21595001 1.16134596 2.        
-2.69453406  6.03554487  3.93408203  4.        
-0.57260901  8.67749023 -5.88803101  3.        
5.60365295 8.1886673  6.11239576 5.        
-5.75727797  6.07276917  2.89074707  4.        
 1.78785706  9.93437958 -6.50649977  3.        
 0.56584901  7.33374786 -1.64593506  3.        
-5.27161407  6.07650805  2.90176392  4.        
7.86455488 7.59612989 2.50454712 5.        
0.106941   2.71678901 1.93783605 2.        
 2.49578094  7.57041883 -3.956604    3.        
 1.42422497 -7.76239777  3.18896508  2.        
-5.6831212   6.16156816  3.90411401  4.        
-0.95654303  8.29732513 -5.67300415  3.        
6.16672516 8.7251358  6.0536499  5.        
0.143417   5.04077911 6.7029109  6.        
-2.02818298  7.41793108 -1.82501197  3.        
2.64470696 5.77502394 5.43893385 5.        
-0.185188    8.48679256 -7.89459181  3.        
 1.07739997 -7.99372101  2.90136695  2.        
7.3301158  7.56516314 2.64804101 5.        
1.01138306 2.88616896 2.97347999 2.        
 1.74844396  7.67526197 -1.66574097  3.        
  2.12554193 -10.83022308   3.46063209   2.        
7.73726606 9.72621918 6.18722486 5.        
1.68380702 4.79048204 5.49346924 6.        
-0.29701999  4.80062914  5.96972704  6.        
-7.98533583  5.6631012   4.98028612  4.        
5.08256483 6.76525879 2.2098999  5.        
-2.67654395  7.14650679 -4.25982714  3.        
5.55335188 7.55770922 3.4004519  5.        
-0.35036501  4.39542389  5.58123779  6.        
 0.44882199 10.11277771 -8.01855469  3.        
-8.23932743  5.58734083  4.19039917  4.        
0.405884   5.16844893 8.34899902 6.        
-6.30344391  5.46217299 -0.57702601  4.        
-0.71314198  3.90435791  2.22262597  2.        
6.32254791 8.04868317 3.72253394 5.        
-4.96395111  5.78224182  0.54486102  4.        
 1.46774304 -9.93744659  3.17568994  2.        
-6.36505079  5.74602509  0.51821899  4.        
-3.78865099  6.05155182  2.85339403  4.        
-5.33572388  5.57937622  0.077515    4.        
-2.72349501  5.02467299 -0.061615    4.        
 1.30944097  7.92509508 -3.53009009  3.        
 0.218468    9.23983002 -6.97570801  3.        
-7.21658278  5.49948883 -0.210999    4.        
2.29640198 5.59668684 5.22888184 5.        
0.78893298 3.66896796 3.1942749  2.        
-1.44259596  7.29202986 -6.57159424  3.        
-0.077942    2.75093102  2.12683105  2.        
1.138237   1.53244805 2.35009789 2.        
-1.57511103  4.79953814  2.25616503  4.        
1.87873101 4.78590393 3.54421997 5.        
6.68955994 8.58535767 4.15328979 5.        
-3.22367096  5.10107422 -0.70437598  4.        
-1.20088995  5.85051012  3.91674805  4.        
-0.41762501  7.92710876 -8.37451172  3.        
-1.50055695  7.74931288 -3.69277906  3.        
 1.66754198 -9.22531891  2.90447998  2.        
8.05253601 9.64870358 5.31585693 5.        
-8.64742279  5.56188202  3.78347802  4.        
-1.43171704  5.38635302  3.15869093  4.        
5.60791016 6.74864197 1.90942395 5.        
1.88722205 3.17798591 2.47192407 5.        
6.5678792  6.39646196 0.56146199 5.        
 1.84255195 -9.88428497  3.08920288  2.        
0.683685   2.99033403 2.22451806 2.        
3.01378608 5.7936101  6.36624193 5.        
 1.24749005  8.66016388 -4.70913696  3.        
7.95969391 7.25801086 1.99911499 5.        
-0.064186    4.84858704  4.76638794  6.        
 0.97756201 -2.82499695  2.62927198  2.        
-8.03656769  5.54990387  1.42193604  4.        
 1.32750702 -2.85391998  2.60540795  2.        
3.27381897 5.90077209 2.46179199 5.        
-1.97770703  7.52853394 -4.13800097  3.        
1.12137604 5.39504194 7.50039721 6.        
 0.100609    9.21567535 -8.25509644  3.        
-1.92207301  7.4213028  -5.0380249   3.        
5.79334307 7.35027313 2.77938795 5.        
0.45691699 5.60797882 0.168823   2.        
-4.61411285  5.78344679  0.64218098  4.        
-7.31771088  5.75461578  1.26171899  4.        
-4.47853804  6.02481079  1.57595801  4.        
 1.66226196  7.67570496 -2.52526903  3.        
-1.88914502  7.52216291 -1.604828    3.        
-5.46792603  5.56101179 -0.184296    4.        
-0.26754799  8.83059692 -7.47335815  3.        
-1.11269403  7.60038805 -6.95077515  3.        
8.72676086 7.97679901 2.82309008 5.        
-2.57695007  5.57527208  1.99682605  4.        
-2.76197004  5.6106801   1.809479    4.        
3.25685906 6.31054688 5.47897291 5.        
6.16513777 6.37840986 0.79187    5.        
 1.66693902 -8.67733002  2.92758203  2.        
2.20391798 5.49474287 4.80319214 5.        
-0.066063    6.67398787 -1.139557    3.        
-1.16507006  7.96047211 -4.07345581  3.        
-1.53570604  7.54658508 -6.00003099  3.        
 1.10518706 -3.38562799  2.56002808  2.        
-3.5000689   5.2469101  -0.22485401  4.        
-2.31365991  7.31693983 -3.90750098  3.        
5.42484283 6.36370087 1.41076696 5.        
-7.81922197  5.66134596  2.91616797  4.        
6.45465088 7.16910505 2.1912539  5.        
1.793648   2.57841492 2.70709205 5.        
-0.083992    4.99411011  6.42672682  6.        
-0.41856399  3.34114099  2.44009399  2.        
6.38649702 8.27919769 3.99887109 5.        
-3.12108588  7.06998396 -4.09014893  3.        
-3.1287539   6.89933777 -3.69738793  3.        
2.96487498 5.9841609  3.56719995 5.        
-7.09732103  5.80282593  3.62188697  4.        
-9.20772552  5.36975098  3.26876807  4.        
 0.72712702  9.72705078 -5.82565308  3.        
 1.21254003  7.70021105 -2.5657649   3.        
-2.77853394  7.28147888 -3.07876611  3.        
6.31943512 8.44254303 6.90350294 5.        
 1.91922796  8.53588867 -5.24523878  3.        
-3.21082306  5.7560811   1.65783703  4.        
5.24435377 7.75342607 6.91925097 5.        
2.18611097 4.34855604 3.14846802 5.        
3.21596503 6.27645922 5.08505201 5.        
-5.60034895  6.25521803  4.48559618  4.        
7.35811615 7.11814117 1.83178699 5.        
4.48880816 6.44274902 2.08819604 5.        
-3.34768701  6.2330699   4.9594121   4.        
 1.19338202 -3.97122192  3.28411889  2.        
2.34009504 5.57872009 4.46090698 5.        
-0.70217901  8.36422729 -6.84829712  3.        
 1.68980396 -4.29075623  3.07113695  2.        
4.48178101 7.25911713 5.04211378 5.        
4.62354994 7.41529083 5.44479418 5.        
-1.43701196  4.39659882  1.75836205  4.        
-2.60678911  5.67441607  2.24884009  4.        
0.55831099 5.24824476 6.85183716 6.        
0.910851  0.036118  2.6882019 2.       
3.41721296 6.30450392 6.17919922 5.        
 1.73639703  7.96367693 -4.28720093  3.        
0.96359301 2.3163991  2.60922194 2.        
5.60836792 8.22436523 5.17883301 5.        
-8.75123596  5.41054487  2.09085107  4.        
6.08799979e-03 5.04287720e+00 8.01471043e+00 6.00000000e+00
-5.73993683  5.55474806 -0.16745     4.        
4.50257921 7.01142883 3.40759301 5.        
 1.82253301 -7.07360792  3.46234107  2.        
-1.91769397  7.10153198 -5.78610182  3.        
-2.81263709  6.11272383  4.43417406  4.        
-7.31758118  5.77841187  2.33349609  4.        
-2.45441389  5.88716888  3.42678809  4.        
-1.76949298  4.7350688   1.07150304  4.        
5.90034485 6.64624786 1.64587402 5.        
-6.44831896  5.97135878  2.39529395  4.        
 0.92235601 -1.39601099  2.32733202  2.        
-5.49591112  5.45100403 -0.61959797  4.        
5.21077013 6.08895922 1.02386498 5.        
4.26742506 6.98479509 3.97256494 5.        
-3.88700891  6.20528412  3.37912011  4.        
0.47081801 5.2037282  5.63278198 6.        
7.22248077 8.99134827 4.31964111 5.        
6.98339796 7.25501299 2.18707299 5.        
5.70744324 6.89829302 2.09841895 5.        
-0.88092798  7.42102814 -2.22091699  3.        
-0.86005402  8.05873871 -6.91635084  3.        
-1.742172    4.76535797  1.62472498  4.        
-4.38822889  5.69486189  0.51428199  4.        
-4.14643908  5.691154    0.63293499  4.        
 1.10853601 -5.99619293  3.03506494  2.        
3.34307098 5.71956587 1.80377197 5.        
-5.33530378  6.05643511  1.39208996  4.        
1.08321404 1.83406103 2.58666992 2.        
3.28337097 6.35267591 4.7010498  5.        
-7.01874495  5.86047411  2.2966609   4.        
3.96771193 6.16276503 2.13205004 5.        
2.05443597 5.054245   6.55679321 6.        
0.22629499 5.12229919 7.18566895 6.        
-2.33557892  5.18101501  1.43350196  4.        
0.92033398 5.33980608 5.82858276 6.        
-2.16268897  5.33495283  2.19821191  4.        
 1.29463196  7.67576599 -2.12820411  3.        
4.10658312 6.47888184 2.66497803 5.        
-2.30002594  7.17677307 -1.914276    3.        
-2.60675812  6.11763     4.62002611  4.        
0.74683398 5.30853319 7.9310298  6.        
6.52454376 6.77375793 1.38421595 5.        
7.38205004 7.32799482 2.26242089 5.        
-1.15145898  7.94379377 -3.81423903  3.        
 0.22467799  9.47383881 -5.88708496  3.        
-4.2471242   5.2904129  -0.42852801  4.        
3.10956597 6.24889421 4.29882812 5.        
-2.21152496  7.40329695 -4.13113403  3.        
-2.35833693  6.33702087  5.31356812  4.        
6.2020421  7.1005249  2.20492506 5.        
-1.56257606  6.94341993 -6.98080397  3.        
-5.3528142   5.48526001 -0.404755    4.        
 0.27579501  5.74975586 -0.218262    3.        
-6.78268385  5.93245697  4.11950684  4.        
4.4765172  6.82054901 2.92327905 5.        
 0.33094001  8.76258755 -4.62927198  3.        
1.46775806 5.13009596 5.98794603 6.        
-7.30217695  5.81938219  1.86221302  4.        
-3.19950104  5.93551588  2.3374331   4.        
-1.92088306  7.6110611  -3.72259498  3.        
-6.49407196  6.12052107  4.78649902  4.        
8.90162659 8.87601471 3.83584595 5.        
-5.75188494  5.73123884  0.55651897  4.        
-6.86539507  5.92590284  2.04446411  4.        
8.82798004 8.6713028  3.65432692 5.        
-1.541466    5.61656189  3.46032691  4.        
-1.24480402  7.08663177 -1.20144701  3.        
-6.7398448   5.91904497  3.19192505  4.        
 1.33203101  7.61051893 -1.70883203  3.        
 2.63703203  7.42225599 -4.15045214  3.        
-2.27618408  5.30847883  1.96542394  4.        
-4.05590105  6.43428802  6.04690599  4.        
-0.30078101  6.93283081 -1.21252406  3.        
-7.54315901  5.73085785  2.65618896  4.        
-5.79412794  6.10152388  3.37786889  4.        
-0.80605298  8.11152744 -4.15142822  3.        
7.05708313 9.36617279 5.81039381 5.        
 2.47471595  8.40065765 -5.54675293  3.        
-0.59780902  7.58842516 -7.98474121  3.        
-6.24632311  6.07094622  4.01180983  4.        
2.10558295 4.82818604 3.39700294 5.        
1.40573096 1.58106196 2.22308302 2.        
1.67540002 5.35466003 6.79922485 6.        
-1.18415797  7.73209381 -6.68878222  3.        
 0.78037298  6.84489393 -0.70193499  3.        
0.62465698 3.09538293 2.67242408 2.        
6.49588823 7.94422913 3.48266602 5.        
 1.19573998 -1.15857697  2.509094    2.        
7.03323412 6.45726013 0.64312702 5.        
-0.65245801  3.34377289  1.92697096  2.        
-2.16582489  7.37864685 -3.09039307  3.        
-1.05913496  4.13472795  2.00039697  4.        
 1.27996099 10.08295441 -6.24441481  3.        
 2.23789191  8.10773468 -5.13568115  3.        
2.45942712 5.63399506 3.92318702 5.        
  1.91403997 -10.42008209   3.21432495   2.        
-4.05921221  6.0537262   2.40438795  4.        
-1.56291199  7.74424696 -5.24203491  3.        
 0.018906    8.98843384 -7.08972216  3.        
-0.24417099  2.09498596  2.34405494  2.        
-8.88037109  5.52842712  3.64584303  4.        
-6.06317902  6.02126312  2.84509301  4.        
-5.39461517  5.95338392  0.91891497  4.        
 0.058151    9.43067932 -7.94110107  3.        
0.885849   5.91568804 0.106445   2.        
1.29127502 2.06178999 2.43560791 2.        
-2.05963898  7.10633802 -5.51416016  3.        
2.33172607 4.74298096 3.05639601 5.        
 0.59581798 10.14919281 -6.49932909  3.        
8.04356384 7.41638994 2.18212891 5.        
 2.59806108  7.56266022 -2.52963305  3.        
0.86644    1.92154706 2.13543701 2.        
0.43454    5.15997314 0.621948   2.        
-1.97979701  6.15341187  4.64862108  4.        
0.29585299 4.63491106 0.685974   2.        
 0.37571701  9.03701782 -5.06802416  3.        
-1.24574304  4.44061995  1.24527001  4.        
3.71331    5.60987806 0.64117402 5.        
 1.03949702 10.58393097 -6.97607422  3.        
-1.61582196  7.5246048  -5.75106812  3.        
0.363922   4.5501399  3.84655809 6.        
5.23741913 7.872437   5.2280879  5.        
0.009666   2.23563409 2.07571411 2.        
 1.234833   -7.15746307  3.54730201  2.        
-0.103615    8.69956207 -7.09533691  3.        
-0.76141399  4.70163679  6.8878479   6.        
 1.63332403 -8.57476044  3.21460009  2.        
1.39756    2.32003808 2.44143701 2.        
-0.17906199  9.25228882 -6.69778395  3.        
 1.42525494 -6.24588013  2.78552198  2.        
 1.299263   -0.207756    2.25134301  2.        
-6.61009216  5.43209791 -0.281982    4.        
2.83693695 5.31536913 2.57803297 5.        
-4.54622698  6.35156202  5.41235399  4.        
 2.06868005  9.79540157 -6.19244385  3.        
-0.55507702  3.82546997  6.2121892   6.        
-3.68523407  6.34295607  5.51486206  4.        
 1.195328   -6.33488512  2.85922194  2.        
 1.13014197 -5.239151    2.71389794  2.        
-7.21637678  5.61499786  0.44046     4.        
-1.52694702  5.03358507  2.64898705  4.        
-4.90063477  6.23734999  3.82723999  4.        
4.62368822 7.33145905 6.06109619 5.        
-1.33968401  4.33831787  2.21334791  4.        
