0.052292   0.58718902 1.92916906 2.        
 -3.43674493  12.45045471 -13.20193481   3.        
 1.12878394  7.13110399 13.98983765  5.        
 -0.192284   -12.81515503   2.16140795   2.        
9.78443909 8.56091309 3.46911597 4.        
-10.06603241   6.76841688   3.87191796   6.        
-3.64936805  8.07971191 -3.99472094  3.        
-2.67294312  5.69802094  7.2089839   5.        
 5.79512787  4.38945007 -1.44900501  4.        
4.34970903 4.72813416 6.14804077 4.        
 0.63209498  7.61207581 -9.60424805  3.        
 -6.54450178   7.28105879 -10.07131958   3.        
-0.66481    -6.15173292  1.38577294  2.        
-4.51045179  5.37788391  1.41119397  6.        
-0.50247997  4.35996199 -1.80721998  2.        
1.47279406 6.5161972  9.315979   5.        
-3.0838089  10.28487396 -9.00152588  3.        
 0.91210902  7.82529497 -5.00534105  3.        
0.37736499 4.33246613 4.2661128  2.        
-2.2040019   5.76959181 11.54144287  5.        
6.19309998 6.30529022 2.54244995 4.        
-6.6209178   6.85232496  6.21112108  6.        
-7.23066711  7.95240021 -6.05496216  3.        
2.77066803 3.54524207 1.10076904 4.        
 -4.52323103   8.70569611 -13.23336792   3.        
-8.06397343  5.94898176  0.036835    6.        
9.27282715 6.23679399 0.52163702 4.        
 -0.56707799  10.57184601 -11.66729736   3.        
7.01561022 7.18375397 5.94680786 4.        
 0.31841999 -9.41292572  2.07446289  2.        
-0.52903003 -2.69222999  1.07318103  2.        
-2.0814209   3.07298994  0.96249402  6.        
-1.77618396  8.7966156  -6.4813838   3.        
-2.6391449   5.23828077  3.9432981   6.        
-6.96314192  6.41472578  3.09207106  6.        
1.67616999 6.04505205 6.36721802 5.        
 3.06974006  6.68412781 11.78863525  5.        
-4.69007111  8.99602509 -6.91397095  3.        
-4.14032698  4.37568712 -1.22226     6.        
-1.24313295  6.71982622 -3.36560106  3.        
3.86897302 4.75650787 3.39209008 4.        
 -4.98362017   9.31890869 -10.68585205   3.        
-1.10490406  6.20576477  9.19403076  5.        
 0.443214    6.48535204 11.63397217  5.        
 0.018814    2.37136793 -0.25793499  2.        
4.93695784 4.79524994 0.954346   4.        
-4.77041578  6.31899309  4.63171387  6.        
 1.66785395  7.8492198  -7.40026903  3.        
 -2.70864105  11.65032959 -11.01559353   3.        
3.53741503 5.90104723 8.07168579 5.        
-0.64016002  5.67191315  5.97387695  5.        
-1.08911896  9.2898407  -9.74780273  3.        
-0.30362701  2.82022095  2.57086205  2.        
2.51056695 3.64060998 4.95840502 4.        
7.12072802 5.42061615 0.35202    4.        
7.55257416 7.70237684 3.76202393 4.        
-5.89312696  8.423172   -4.24758911  3.        
1.84278095 1.99565101 2.49771094 2.        
 3.67396498  3.7849431  -0.99471998  4.        
5.41752577 5.85990095 4.57269287 4.        
-6.01296186  5.13803101 -0.34091201  6.        
-8.95235443  6.45053911  1.98910499  6.        
-6.31694794  8.21246338 -8.11212158  3.        
-0.79317498  6.23025513 13.37341309  5.        
-8.84835052  6.97913408  5.62606812  6.        
 -3.98946404  10.56565094 -12.35876465   3.        
 0.259323   -4.30513     2.07659888  2.        
-0.35548401  8.47830963 -8.03207397  3.        
 -5.49655914   7.54805803 -11.87771606   3.        
8.79834843 7.42685699 2.12872291 4.        
0.24516299 6.15061188 7.78338623 5.        
 3.44611406  5.93537092 10.03158569  5.        
-2.8398509   4.60709381  2.04180908  6.        
 -1.54291499  12.39726257 -12.38058472   3.        
-1.016945    7.9621048  -4.85909986  3.        
-6.29492998  6.01137495  1.38262904  6.        
-2.80326796  5.58628082  9.69873047  5.        
-4.59806824  6.69567108  6.4621582   6.        
-4.71891022  9.39559937 -8.77346802  3.        
 -0.67736101 -10.96434784   1.940521     2.        
 0.45872501 -1.24525404  1.59564197  2.        
-1.35786402  4.2233429   3.08099389  6.        
-0.71950501 -7.73180389  2.29550195  2.        
2.4738009  3.58189392 3.17810106 4.        
1.75427198 0.095505   1.90979004 2.        
-3.11885095  5.93547821  5.4994812   6.        
-3.360291    8.62680817 -5.71334791  3.        
5.87219191 5.65749407 6.26828003 4.        
-3.43652296  4.14713287  0.444794    6.        
-4.18821001  5.63996887  3.10156202  6.        
0.70361298 3.04521203 1.16766405 2.        
-1.92024195  9.41664124 -8.09487915  3.        
 -4.06617022  11.00794983 -14.00259399   3.        
-1.23859406  1.72151995  1.54089403  2.        
-1.67378998  5.51065111 -2.14508104  2.        
-8.39025879  6.76549482  3.89654493  6.        
 -0.246948     8.70213318 -11.0690918    3.        
 0.03421     8.21141815 -6.36761522  3.        
8.05744934 8.28760529 5.23635912 4.        
 -3.83561707  10.56190491 -10.51742554   3.        
7.55805206 6.25370789 1.66842699 4.        
-1.19776905  4.92033386  4.65460205  6.        
1.29161799 5.67966509 4.84265089 5.        
 -1.88113403  10.6656723  -10.0223999    3.        
-6.41030884  6.53698683  4.64572096  6.        
-1.02081299  3.73573303 -0.45489499  2.        
-0.82202899  5.99314117 10.71875     5.        
 7.45344496  4.78462982 -1.03536999  4.        
 1.68726397  6.97328186 12.45037842  5.        
-3.40370893  9.45549011 -7.66400194  3.        
-5.74376678  8.55548096 -5.76928711  3.        
2.10767388 6.38236189 7.81405592 5.        
4.97109222 5.39559889 2.43985009 4.        
-5.74624586  8.4527359  -9.5428772   3.        
-2.28044891  7.41574907 -4.23562622  3.        
 1.82109106  6.65075684 10.77770996  5.        
-1.28875697  6.065804    7.65536499  5.        
3.70545197 4.36829376 1.93438697 4.        
-0.092323    1.06500196  0.51946998  2.        
-5.58694506  6.02444506  2.68090796  6.        
6.48884583 6.87852478 4.59625196 4.        
3.13681006 5.9753952  6.51760912 5.        
-0.067917    7.56961107 -3.81539893  3.        
3.75184608 4.38053083 4.85946703 4.        
6.07876587 5.56969404 1.31588805 4.        
 5.9417038   4.73143816 -0.08548     4.        
-4.69969893  4.78002882  0.016266    6.        
-4.61052704  8.57537079 -4.8885498   3.        
-7.66729021  6.24609423  1.41598499  6.        
 0.038719   -8.15015411  1.21545398  2.        
-7.30179596  7.44399309 -8.70809937  3.        
 0.36921701  6.35877991 10.12692261  5.        
3.92894006 4.05983686 0.41082799 4.        
-0.97985101 -9.02977657  2.0344851   2.        
 -4.69257307   9.33882141 -11.9937439    3.        
-0.66346002 -0.517479    1.67431605  2.        
-1.55500805  3.15696001  2.23577905  6.        
0.624062   1.83621204 3.00479102 2.        
2.37139893 5.2810359  5.5005188  5.        
-7.66216993  6.73583984  5.03237915  6.        
 0.432327   6.6617198 12.9671936  5.       
10.06602478  7.79827118  2.18475294  4.        
-2.34838891  5.79480696  8.48040771  5.        
-0.16172799  3.18210602  3.82678199  2.        
-1.02831304  6.02921295 12.09771729  5.        
-1.95383406  5.67190599  6.04205322  5.        
 0.22998001 -6.590096    2.23446703  2.        
7.30918884 7.13882494 2.59924293 4.        
-2.3739171   6.71264601 -2.71612501  3.        
0.34221601 1.82047999 1.62017798 2.        
 -1.42610204  11.53455353 -11.20581055   3.        
 -3.50300598  11.79064178 -12.08804321   3.        
-7.33287096  7.69618177 -7.31753492  3.        
 8.30297089  5.48212385 -0.151825    4.        
 1.40956104  8.11545563 -6.15222216  3.        
9.1230011  8.58509827 4.56698608 4.        
2.70872498 6.17037201 9.01037598 5.        
 4.81150103  4.16792297 -0.51040602  4.        
 -4.05078888   9.86249542 -13.44338989   3.        
 -5.63680315   8.19792175 -10.77539062   3.        
-2.85388207  3.7599721  -0.60696399  6.        
 0.41206399 -3.06569695  1.89334095  2.        
 0.73992902  7.93358612 -8.33840942  3.        
 2.61791205  3.62402296 -0.14425699  4.        
8.57255459 8.1332016  3.14211988 4.        
1.72198498 1.29654706 1.47216797 2.        
-2.24615502  8.1867981  -5.37963915  3.        
-5.54981184  6.61669207  5.55139208  6.        
0.237747   5.11904907 5.29272509 5.        
-3.66707611  5.84599304  4.27578688  6.        
-6.90644121  5.64133501  0.37088001  6.        
-0.64017498 -4.78955793  1.376984    2.        
2.65679193 2.830971   2.13378906 4.        
-6.2503891   8.30951691 -6.85058594  3.        
9.82524872 6.95992279 1.32342505 4.        
-0.24601699  8.43001556 -9.59326172  3.        
0.37776199 5.82121992 6.59014893 5.        
 0.473755   -5.45223188  1.82531703  2.        
 -1.00717902  10.13864899 -10.63702393   3.        
0.04644    6.36040497 8.94329834 5.        
-5.45240021  5.44897509  0.65859997  6.        
 -2.68264794  12.67757416 -12.27508545   3.        
5.52765703 5.84163713 3.40206909 4.        
3.21875    4.25797319 5.89315796 4.        
4.53784895 5.14173079 4.29370117 4.        
-8.0777359   6.56121111  2.77279711  6.        
-1.08998895  0.57335699  1.715271    2.        
-5.40119886  8.89109802 -7.90463305  3.        
-0.62319201  6.22434998 -2.52963305  3.        
 -0.79668403 -10.02310181   2.59417701   2.        
-5.25669098  4.63487196 -1.11880505  6.        
-6.78265381  8.2904129  -5.07104492  3.        
-4.07511902  9.98072147 -9.49264526  3.        
5.08395386 5.3469162  5.518188   4.        
-8.69129944  6.0092392   0.96780401  6.        
-1.76101696  5.88825989 10.04910278  5.        
-4.80130005  8.39350891 -3.79745507  3.        
3.13311005 4.00984192 4.01873779 4.        
-9.72081757  6.78471422  2.82333398  6.        
-1.92328596 10.00652313 -9.02734375  3.        
-3.04011512  9.03125763 -6.68362379  3.        
8.66395569 6.55940294 1.37560999 4.        
 2.08032203  7.22887421 13.46179199  5.        
-2.11418104  5.42382002  4.9685359   6.        
-0.842484    8.57782745 -7.06076002  3.        
-6.03272295  6.30773211  3.64913893  6.        
6.70553589 6.91237593 3.47399902 4.        
 -3.61249495  11.33454132 -13.06259155   3.        
-9.6222229   6.92073107  4.8729248   6.        
-2.74774909  3.59204888  1.70788598  6.        
-7.68502808  6.93291521  6.15185499  6.        
-3.19784594  5.26376295  2.98138404  6.        
7.30448103 7.57514191 4.99789381 4.        
 4.57944489  4.01519823 -1.53405797  4.        
-4.13545179  6.32198286  5.58639479  6.        
-2.93308306  7.62380981 -3.36489892  3.        
 -4.37801409  10.06665802 -11.27764893   3.        
-1.02275097  8.3398056  -5.89892578  3.        
-1.03367603  8.93788147 -8.75424194  3.        
-0.33184099 -3.71219611  1.43881202  2.        
1.12472498 6.29045105 7.228302   5.        
-0.14330301 -7.09370422  1.39401305  2.        
6.28530884 6.36494493 5.61477709 4.        
 -4.97994184   8.32439423 -12.37249756   3.        
-4.37068176  8.7829361  -5.91693115  3.        
 0.36557001  8.13492584 -7.3649292   3.        
1.07303596 6.44676208 8.35928345 5.        
 2.88225603  6.42295122 10.8008728   5.        
 -2.86858392  11.02529144 -10.20172119   3.        
-3.54274011  4.74724579  1.28564501  6.        
 -6.2206192    7.2224431  -11.05545044   3.        
-0.425598    2.09794593  0.63851899  2.        
1.93116796 3.59699988 4.06030321 4.        
 -0.935799   11.5749054 -12.2250061   3.       
-0.092728    8.10999298 -5.29440308  3.        
-7.37555695  6.59914398  4.05221605  6.        
 0.68527198 -0.24750499  1.69610596  2.        
-5.04698896  6.05319214  3.55563307  6.        
 0.197868   -8.18141174  2.30392504  2.        
-6.48726606  7.83173418 -9.21609497  3.        
-0.280334    3.49894691 -1.31225598  2.        
-2.24702501  3.89829993  2.53674293  6.        
-0.44279501  1.86019099  2.25460792  2.        
-1.80502295  4.57276201  3.92785597  6.        
-0.059303   -2.08861494  1.79007006  2.        
  0.13820601   7.87937212 -10.43618774   3.        
-3.83320594  5.27889299  2.14529395  6.        
 -3.75563097  10.98744202 -11.41918945   3.        
8.01608276 5.95622206 0.83059698 4.        
-0.47819501  6.02649689  7.05416918  5.        
-3.05406189  8.07907867 -4.83047485  3.        
2.33111596 6.39402008 9.97930908 5.        
 -0.39966601   9.61193085 -11.5513916    3.        
-5.10028076  9.19978333 -9.72134399  3.        
 0.246742    6.6867981  13.92724609  5.        
3.28160095 4.16679382 2.87969995 4.        
-1.08841705  7.40876007 -4.03836107  3.        
 -0.672813   -11.927948     1.80825806   2.        
-1.26579297  5.90644121  5.26849413  5.        
-5.34537506  5.78818512  1.68127406  6.        
8.19668579 8.21279144 4.26934814 4.        
-1.33724999  4.78395081 -1.58505201  2.        
 -0.26001701 -10.19515228   1.55496204   2.        
0.96742201 5.83262587 5.72842407 5.        
 -5.18656921   8.71710205 -11.43893433   3.        
 2.67937493  7.19681501 12.71865845  5.        
-7.00779676  6.3430562   2.09991503  6.        
-2.79454803  3.45871711  0.29379299  6.        
3.5646131  5.77135515 9.10089111 5.        
0.46990201 2.99488807 3.14859009 2.        
-4.41647291  9.36682892 -7.88205004  3.        
3.02424598 3.68531799 2.00595093 4.        
1.29788196 1.25612605 2.31002808 2.        
-0.581451    6.37722015  8.18429565  5.        
 6.50054884  4.6588521  -0.89514202  4.        
-0.16031601  6.26981306 12.34680176  5.        
-2.41700006  4.7411418   2.89416504  6.        
-3.73530602  9.76812744 -8.58303833  3.        
 -2.15384698  12.0255661  -11.78521729   3.        
-0.72507501  2.77553606 -0.64340198  2.        
1.91855597 2.89084601 2.90197802 4.        
-3.544945    6.39732409  6.29830885  6.        
4.71753693 5.23861694 3.31643701 4.        
 2.10602593  6.80339003 11.64086914  5.        
 0.37593099  1.51683795 -0.132324    2.        
-2.52217889  9.39890289 -7.34939623  3.        
5.06879377 5.2457962  6.4439702  4.        
-6.83566284  5.41828918 -0.63818401  6.        
-2.45618391  5.74587202 10.66015625  5.        
-2.72285509  9.86129761 -8.27404785  3.        
2.21630096 2.76058197 1.33584595 4.        
6.08095503 6.39102888 3.8847959  4.        
-1.83669305  2.44923401  1.57360804  6.        
-4.02427721  4.23578596 -0.24826001  6.        
-1.44127703  5.98072815  6.71994019  5.        
  0.03611    -11.39479828   2.28228807   2.        
4.22141981 4.90557098 2.57681298 4.        
-5.48737288  6.78855896  6.50515795  6.        
-4.73426104  5.67116499  2.32366896  6.        
-0.76315302  5.4611969  -2.08834791  2.        
 0.86303699  6.54681396 10.84439087  5.        
-0.861664   -3.08639503  1.799438    2.        
-0.63735199 -6.78875685  2.23043799  2.        
2.32270002 6.17599487 6.97711182 5.        
-0.50317401  7.14408112 -3.12506104  3.        
9.36847687 8.1485672  2.75616503 4.        
6.64066315 6.04929399 1.80178797 4.        
-8.50803375  6.85316515  4.80639601  6.        
-1.60377502  6.15331984 -2.79370093  3.        
4.47718811 4.94373322 1.69149804 4.        
8.04467773 7.61649323 2.64044189 4.        
 -4.402565     9.90447998 -10.38717747   3.        
-1.78548396  5.70386505 12.38980103  5.        
-0.585388    6.23436022  9.91287231  5.        
 0.179665   -4.40592194  1.213287    2.        
-0.36115301  6.19762421 11.42129517  5.        
-0.37534299  4.5067749   4.65103197  2.        
 0.017632    8.25634766 -8.7778616   3.        
-5.46892595  8.71796417 -6.66940308  3.        
 -0.78372997   9.30906677 -10.56719971   3.        
 0.40969801  8.04729462 -4.34240723  3.        
-0.39585099 -1.33655596  1.56533802  2.        
-2.89650702  5.64790297  4.71328688  6.        
-1.66553497  9.0154953  -7.2975769   3.        
-3.41975403 10.50602722 -9.75234985  3.        
7.08668518 5.83950806 1.09796095 4.        
-1.89322698  5.89849091  9.18484497  5.        
4.43371582 4.958076   5.14440918 4.        
-0.433411    0.64415699  1.18862903  2.        
-5.52343798  8.80674744 -8.8102417   3.        
 1.19391596  6.98825121 13.1618042   5.        
 -1.954193    11.26808929 -10.60601807   3.        
-6.79428911  6.78712511  5.39077806  6.        
-5.45540619  8.53939819 -4.97961378  3.        
-9.13759613  6.70825195  3.52261305  6.        
5.75978804 5.67796278 2.08276391 4.        
3.11335802 6.06571198 7.34997606 5.        
-5.60814714  6.39051104  4.45724487  6.        
-2.52189589  8.58941746 -6.05789185  3.        
 1.26262701  6.70269012 11.56112671  5.        
 -4.38456011   9.43946838 -12.80636597   3.        
6.29646301 5.23320007 0.58474702 4.        
-0.62739599  5.31813002  5.22048998  5.        
-1.03379095  3.84844995 -1.33551002  2.        
0.64084601 5.0696559  4.5438838  5.        
 0.162811   -6.18657684  1.51312304  2.        
-2.12326789  6.96820116 -3.55767798  3.        
-0.62803602 -8.37752533  1.66805995  2.        
1.77800003e-03 5.99591112e+00 1.31955566e+01 5.00000000e+00
-3.89643097  9.17060089 -7.05169678  3.        
 0.456184   -3.60746789  1.22698998  2.        
1.87376404 6.42849684 8.60577393 5.        
-1.31947303  2.31148505  2.19100904  6.        
 0.68103802  8.11714172 -5.73214722  3.        
-1.66419995  5.80661821 10.93707275  5.        
 1.25428796  6.53341722 10.09561157  5.        
-4.326828    4.92215014  0.72021502  6.        
-0.56082898  1.24398005  1.74465895  2.        
0.25479099 2.39343309 0.954193   2.        
0.471733   3.65240502 3.66516089 2.        
-6.22302198  6.10970306  2.17837501  6.        
-1.06965601  8.83328247 -7.92944288  3.        
5.71837616 5.87723494 5.31704712 4.        
-2.85915399  3.89801002  0.97430402  6.        
-3.761307    8.45082092 -4.90631104  3.        
 7.10984802  5.08786011 -0.377563    4.        
-1.39463794 10.01554108 -9.89578247  3.        
 0.85555297  7.98859406 -6.74942017  3.        
3.502388   4.0898509  1.08715796 4.        
-0.39223501  3.08035302  0.016113    2.        
 -3.76274109  10.61350346 -13.38198853   3.        
-1.60012805  6.05969191  8.44680786  5.        
-1.85954297  7.79486799 -4.80731201  3.        
1.15015399 0.556786   1.68005395 2.        
2.78679705 6.22370911 8.22314453 5.        
2.15220594 2.07022905 1.71887195 2.        
4.584373   4.48809814 0.29464701 4.        
7.90390015 6.98954821 2.09945703 4.        
 3.39964294  3.73337603 -0.19238301  4.        
-2.45304108 10.54256439 -9.49197388  3.        
5.20710802 5.2432332  1.54519701 4.        
-7.54892683  5.99603987  0.66058302  6.        
 -6.01318407   7.98010302 -10.11407471   3.        
9.00178528 8.44275665 3.72225904 4.        
0.42173001 1.24428594 2.14279199 2.        
0.029938   0.033112   1.33483899 2.        
-0.280388    3.75299096  3.30905104  2.        
0.70133197 6.42808485 9.36520386 5.        
 -0.077766   -10.1359024    2.30825806   2.        
-2.05194807  5.86260986  7.76644897  5.        
-6.52653503  8.27684021 -6.07626295  3.        
 -2.91500092  12.14068604 -11.70111084   3.        
2.44122291 5.85697889 6.01330614 5.        
-0.340408    7.90737915 -4.46899414  3.        
4.2042079  4.44470978 1.17132604 4.        
-6.96629286  7.76242781 -8.09301758  3.        
 -5.44052887   8.78701019 -10.2729187    3.        
 1.27019501  7.48738909 -8.66973877  3.        
6.98449707 7.42589617 4.19702101 4.        
 -1.29232001  10.84309387 -10.73486328   3.        
0.105988   1.19263506 1.25039697 2.        
 -0.38108799   8.71664429 -10.2963562    3.        
-8.16201019  6.41350603  1.97363305  6.        
-3.55162001  5.61885786  3.55825806  6.        
-0.44753301 -9.57016754  1.94018495  2.        
-0.26985201 -5.396873    1.69854701  2.        
 0.975021    6.708076   12.25772095  5.        
 5.686409    4.36570692 -0.69274902  4.        
-9.14268494  6.94246721  4.29376221  6.        
-6.15656996  5.58445692  0.381439    6.        
-4.37345123  6.04204607  4.05645704  6.        
-3.74856591  6.02497101  5.00140381  6.        
-2.69791389  5.44723511  7.92095995  5.        
-0.25033599  3.99179101  4.05200195  2.        
7.06662798 6.45487213 2.25842309 4.        
8.60942078 5.93393707 0.352936   4.        
-7.02711487  7.35455322 -9.39352417  3.        
3.74072289 4.49425507 4.07354689 4.        
0.22998799 2.29103088 2.57263207 2.        
0.304405   5.547966   5.89562988 5.        
 -1.34967804  12.01038361 -11.76806641   3.        
-0.147903    2.58930993  3.38360596  2.        
-4.84367418  6.45822906  5.40142822  6.        
 4.10016584  3.92665911 -0.31585699  4.        
 0.127518   -7.55739594  1.89794898  2.        
-0.131393   -8.91340637  1.74145496  2.        
1.67533898 5.80699205 5.53774977 5.        
-0.648682   -7.62093306  1.44781494  2.        
-6.99798584  6.06870985  1.13436902  6.        
-9.01065826  6.62039995  2.78378296  6.        
-1.24031794  5.95546722 12.86694336  5.        
3.95767999 4.55009508 5.56097412 4.        
 -3.27799201  11.21250916 -10.77261353   3.        
-3.7714839   8.89394379 -6.31329393  3.        
6.29024506 6.23786211 6.39428711 4.        
-7.41507721  5.75947618 -0.227936    6.        
3.10872602 3.97873712 5.23355103 4.        
-6.91281891  8.00421906 -6.81585693  3.        
-5.38096619  5.05203295  0.058533    6.        
7.60866499 7.85098314 5.59588623 4.        
6.69607496 6.93864393 5.28497314 4.        
5.61200714 4.99528503 0.82077003 4.        
 5.17497206  4.07696486 -1.14233398  4.        
9.45999146 7.38612413 1.86120605 4.        
 5.31019592  4.40890503 -0.006439    4.        
-4.66956282  4.45211792 -0.61660802  6.        
-1.09881604  3.66468     2.72100806  6.        
-3.01890612  7.74347687 -4.06161499  3.        
-3.56192803  8.02708435 -3.29016089  3.        
-3.61132789  3.869102   -0.69714397  6.        
-0.534706    0.166595    1.89575195  2.        
-0.101242    6.23059797 10.64450073  5.        
 -0.306885   -12.20765686   2.50875807   2.        
3.04842401 3.65518999 0.45813    4.        
-1.777794    8.47485447 -5.825562    3.        
-2.1130681   3.29942298  1.81912196  6.        
-5.07508087  8.72161865 -5.93853807  3.        
-6.03897095  8.46852875 -7.51434278  3.        
-1.531883    9.42914581 -8.85336304  3.        
-6.03793287  8.33098602 -8.89025879  3.        
 -4.37263489   9.96474457 -12.05056763   3.        
-6.28942919  6.26991987  2.94641089  6.        
-9.08500671  6.50818586  1.26348901  6.        
-1.87359595  5.11057997  4.38986206  6.        
5.9132309  6.30356598 4.79037523 4.        
-2.13162994  5.86996508  6.69833422  5.        
-1.115242    4.53963518  4.03143311  6.        
-1.12928796  5.94258118 11.36376953  5.        
 1.37519801  7.68261003 -8.00427341  3.        
 0.074768   -0.57035798  1.72286999  2.        
-4.23899078  8.31165314 -4.26702881  3.        
-6.70056915  6.41022491  3.78579712  6.        
7.24134111 7.3053441  3.2931211  4.        
6.23828888 6.48098803 3.21169996 4.        
5.45933485 5.79983521 2.70657396 4.        
 7.83095503  5.10092211 -0.47393799  4.        
-7.67797899  6.53425598  3.33016992  6.        
2.30668592 3.48859406 0.599518   4.        
 -1.09832001  11.03657532 -11.83355713   3.        
-2.41868591  5.71012878  5.54745483  6.        
6.76776886 6.68994904 2.82052588 4.        
-8.18681335  6.89914703  5.50225782  6.        
 -3.28275299  12.23933411 -12.54553223   3.        
2.14569092 6.38079119 9.32202053 5.        
2.87836504 6.14015198 9.67306519 5.        
-5.96626997  4.95927382 -0.99066198  6.        
-1.49391198  8.16672516 -5.29605103  3.        
9.29908752 6.61984205 1.07638502 4.        
-4.60076904  9.55062866 -9.43695068  3.        
 -3.41752601  11.56780243 -11.46252441   3.        
-6.12682295  8.39416504 -4.99350023  3.        
-3.28652191  3.77361298 -0.088531    6.        
1.02199602 5.96472883 6.48974609 5.        
 -4.57093096   8.85863495 -12.53622437   3.        
-0.940651    0.02504     1.36715698  2.        
 3.48901391  6.15693712 10.87051392  5.        
-0.27251399  8.40062714 -7.35369921  3.        
-2.37551093  9.04234314 -6.69876099  3.        
 -5.74730682   7.65322113 -11.2718811    3.        
7.78299713 7.95906115 4.72241211 4.        
4.99877214 5.44571686 3.88043189 4.        
-0.24520899 -2.72237396  1.72997999  2.        
-4.93283081  5.88333082  2.92504907  6.        
7.76328993 5.543221   0.249359   4.        
4.90906477 5.40364122 4.88256788 4.        
 -2.0262301   11.76531982 -11.05120754   3.        
-6.64573717  8.11852264 -7.54614305  3.        
-6.18904114  6.68280792  5.70233107  6.        
-7.94719696  6.69437408  4.43994093  6.        
-1.87310004  4.60528612  3.23797607  6.        
2.59346008 3.6571269  3.88952589 4.        
-2.74084496  5.80181122  9.00714111  5.        
-3.23064399  5.06851196  2.30047607  6.        
-7.06381178  6.58827209  4.64245605  6.        
 -4.18543196  10.06748199 -12.73687744   3.        
-7.45301819  6.44199419  2.61477709  6.        
7.96044922 7.86972809 3.27737403 4.        
 -0.049194   -10.78150177   1.96823096   2.        
 -3.74542189  11.14868927 -12.18865967   3.        
 -0.73223901 -12.57466888   1.73348999   2.        
 2.32056403  6.87691498 12.25396729  5.        
0.109169   1.74734497 0.90469402 2.        
2.69595289 3.19967604 2.69711304 4.        
 -2.13387299  12.71784973 -12.62335205   3.        
-1.25676     5.8682251   6.02749586  5.        
 -5.30321503   8.14835358 -11.73202515   3.        
1.46733105 6.45664978 7.76397705 5.        
 -4.79106903   9.48748779 -11.27957153   3.        
-0.432686    2.03923798 -0.57959002  2.        
 0.17681099 -3.009727    1.29455602  2.        
-5.21583605  8.37454987 -4.29119921  3.        
-0.239296    1.57731605  0.15685999  2.        
10.00190735  8.23958588  2.83300805  4.        
0.47808799 6.06659698 7.17681885 5.        
-1.08139002  4.42024183 -1.04437304  2.        
-0.41613799 -0.85092902  1.14602697  2.        
-0.50197601  3.40763092 -0.71682698  2.        
-0.84419298 -8.56719971  2.45736694  2.        
-0.035469    6.32676697  9.59835815  5.        
6.62818193 6.69260406 6.09634399 4.        
3.36896491 4.37416792 3.49987793 4.        
 0.50340998  7.9368968  -9.04190063  3.        
-5.21514893  8.94075775 -7.27151489  3.        
-5.74179077  5.79971313  1.14944506  6.        
1.65992701 1.712479   1.94979894 2.        
-5.44148302  4.80580091 -0.52468902  6.        
 0.23380999  8.23822021 -8.10299683  3.        
-0.40799001 -1.89256299  1.26010096  2.        
 0.80478698  6.52111006 13.67532253  5.        
-2.22541809  3.4989779   0.016663    6.        
 4.3109889   3.90830994 -0.97067302  4.        
 6.52730608  4.97294617 -0.16198701  4.        
-1.19882202  6.09879303  9.80914307  5.        
-6.10324097  6.51045179  6.32702589  6.        
8.53084564 8.3165741  4.79400587 4.        
-4.05661821  4.47449493  0.33441201  6.        
-8.51596832  6.68647814  3.28799391  6.        
1.89901698 3.46002197 3.44992089 4.        
0.438988   6.29922485 8.46026611 5.        
 0.16221599 -4.86183214  1.80920398  2.        
-4.91768694  5.18193817  0.47628799  6.        
-1.16361201  5.79674482 -2.53115797  3.        
-0.55436701 -5.50440216  1.15329003  2.        
-1.68632495  7.1388092  -3.96948195  3.        
2.88525391 3.98725891 3.42449999 4.        
 1.04637206  7.86582184 -7.41744995  3.        
8.81342316 7.92080688 2.59338403 4.        
-0.62571698  6.37639618  8.83779907  5.        
-2.92658997  4.28387403  1.51931798  6.        
-9.56271362  6.36421204  1.92071497  6.        
3.69406891 4.56510878 2.52218604 4.        
-2.78533196  3.96347094  2.23791504  6.        
-0.69153601  6.55926514 -3.04901099  3.        
0.76627398 5.42179108 5.04232788 5.        
-0.865677   -7.07387495  1.73336804  2.        
3.00048089 3.82238793 4.59115601 4.        
-0.37277201  8.27075958 -5.90814209  3.        
0.71279103 0.48111001 2.10467505 2.        
 -4.24214888   9.27753353 -13.38085938   3.        
4.13837385 4.77044678 4.57406616 4.        
1.676826   6.23664904 6.96697998 5.        
 -6.15376997   7.58114576 -10.55789185   3.        
0.44598401 2.55209303 3.57174706 2.        
-1.39857495  1.10055494  1.76190197  2.        
-2.68576789  5.06115007  3.34066796  6.        
-0.66123998  8.43781281 -6.49426317  3.        
 1.250404    8.16127014 -5.51922607  3.        
 0.172058   -3.73218489  1.78106701  2.        
-6.56869507  5.42203522 -0.090393    6.        
2.57708001 3.286026   1.73654199 4.        
-6.48799086  7.82774401 -4.8069458   3.        
 -0.73300898   9.84608459 -11.1003418    3.        
3.26997399 6.02967787 8.63659668 5.        
 1.45201898  7.87751818 -6.78039598  3.        
0.818932   6.39199781 7.74316406 5.        
 -0.904549    10.74903107 -11.19494629   3.        
8.54177856 6.98529005 1.80227697 4.        
-8.57252502  6.32894897  1.53210402  6.        
-1.57414305  5.77166796 11.82632446  5.        
2.08326006 2.48699188 2.23815894 4.        
-5.79335785  6.590065    4.99786377  6.        
-8.05591583  6.12661695  0.96826202  6.        
-0.208206    5.77622986  6.44744921  5.        
-0.68734002  8.18052673 -5.3782649   3.        
8.66944885 6.18096209 0.90152001 4.        
-2.4750669  10.09960938 -8.80053711  3.        
-0.96199     3.09133911  2.59735107  2.        
-2.81143999  8.3274231  -5.53225708  3.        
-0.69641101  8.83656311 -9.6960144   3.        
 -4.0043869   10.25170898 -10.03018188   3.        
-0.518372    8.61058807 -8.59545898  3.        
 0.18598901  8.0124054  -9.64633179  3.        
-4.98920393  5.370224    1.04855299  6.        
-1.68512702  3.80611396  2.72451806  6.        
-0.088699    3.209656    3.15081811  2.        
-7.15908813  6.82414198  5.86203003  6.        
-0.315247   -6.39874983  1.80148304  2.        
-6.76637316  7.76647186 -8.65365601  3.        
-6.4785161   5.82119799  0.82171601  6.        
-5.06510878  6.56000519  5.94268799  6.        
-0.27772501 -4.05416918  2.08978295  2.        
-2.18541002  4.95395708  3.63891602  6.        
 -2.6475451   12.80227661 -12.90435791   3.        
8.04841614 6.36491394 1.36050403 4.        
 -4.04985809  10.5509491  -11.68310547   3.        
 2.36196899  6.58383894 11.02478027  5.        
-0.68706501  6.14549303 12.80114746  5.        
-0.35971799  6.19207811  7.605896    5.        
-1.73692298  5.63757277  5.49505615  6.        
-0.20964099  5.00062609  4.92288208  5.        
0.57724798 2.47329712 1.43847704 2.        
 -1.99451399  12.5927887  -12.06011963   3.        
-5.76406097  8.64868164 -8.29760742  3.        
 -0.57437903 -10.44441986   2.190552     2.        
-1.84925103  6.61391401 -3.05822802  3.        
-2.56912208  7.79564714 -4.57379103  3.        
-0.87823498  5.889359    6.59240723  5.        
-3.59274292  6.17928314  5.7497859   6.        
-1.81156898 10.27381134 -9.57870483  3.        
-0.43200701 -8.23007965  2.20324707  2.        
-3.61951494 10.10806274 -9.14682007  3.        
5.48972321 5.86295319 3.99502611 4.        
-4.1761322   6.36716509  6.23223877  6.        
-3.43202209  7.54373884 -3.65377808  3.        
3.10371399 3.9524231  1.48757899 4.        
-4.2102809   6.10997009  4.61032104  6.        
-5.04444122  9.15582275 -8.27679443  3.        
-3.15807295  5.60002899  4.14901686  6.        
-0.82420301  4.95812178 -1.78845203  2.        
4.25910997 4.97029877 3.81646705 4.        
-3.83512902  9.56171417 -8.05194092  3.        
 -3.48260498  11.89719391 -13.03253174   3.        
2.00626397 3.26168108 1.13845801 4.        
2.93738604 3.72296095 2.74792504 4.        
-5.57276201  6.13003492  3.33377099  6.        
 2.05036902  7.08761597 12.87991333  5.        
0.128258   1.80728102 2.2442019  2.        
-0.606049    3.91744208 -0.95773298  2.        
-3.85897112  5.13160706  1.56991601  6.        
-0.472588    2.07991004  0.014984    2.        
-5.06508589  6.12532806  4.12274218  6.        
 0.40645599 -2.55895209  1.62875402  2.        
-0.26326799 -4.35855103  1.569489    2.        
3.78379107 4.3871541  6.07888794 4.        
 2.80369592  6.24041796 10.26675415  5.        
 -1.09542799   9.6536026  -10.21661377   3.        
 2.928581    6.92073822 12.28564453  5.        
-0.61634803  7.44509077 -3.72573805  3.        
 -1.38288105  10.42778015 -10.32537842   3.        
-1.83995795  5.94210005  7.17800903  5.        
 -4.97132921   8.76585388 -11.96008301   3.        
-2.28736901  5.81150818  9.6440134   5.        
-4.35122681  8.88838196 -6.47219896  3.        
-0.246994    2.59423804  0.26528901  2.        
-4.23629808  9.65684509 -8.90835571  3.        
 -3.94610596  10.56077576 -11.10150146   3.        
-6.87328291  8.17390442 -5.64236498  3.        
-2.48586297  3.49264503  1.09808302  6.        
6.39990187 6.87696791 4.03906202 4.        
4.64024401 5.00543213 5.66638184 4.        
 -2.65943193  11.99616241 -12.18145847   3.        
-1.39389002  9.15140533 -8.37908936  3.        
-4.08869886  8.28369904 -3.70977807  3.        
-2.43695807  5.35817719  4.51357985  6.        
6.6988678  5.48658705 0.88296503 4.        
-0.482346   -3.17046404  1.36248803  2.        
5.21588087 4.69732714 0.47790501 4.        
1.80438995 5.55151415 5.028687   5.        
9.44158936 7.77349091 2.26437402 4.        
-4.77256012  8.67346191 -5.41482496  3.        
-2.49347711  7.35601807 -3.71679711  3.        
-1.25939202  8.58535767 -6.50079393  3.        
 0.35208899  6.4178009  12.18081665  5.        
1.59040105 0.98240697 1.91445899 2.        
 1.586761    7.37162018 13.78259277  5.        
9.46808624 8.65466309 3.94140601 4.        
 0.173691   -8.93862915  2.32830811  2.        
-0.202415    5.38323212  5.73376513  5.        
-9.35024261  6.98025513  5.35497999  6.        
8.48539734 8.2441864  3.78286695 4.        
9.16423035 8.46208191 3.19064307 4.        
3.42848206 3.85998511 2.34536695 4.        
 -3.39266992  10.83185577 -10.32003784   3.        
-3.28273797  4.86170197  1.78860497  6.        
-3.263901    9.75970459 -8.20864868  3.        
-3.68828607  5.39961195  2.76208496  6.        
 3.2402339   6.47450304 11.25036621  5.        
-3.13819909  6.08792114  6.05304003  6.        
-5.91729689  8.51998138 -6.41268921  3.        
-3.07070208  9.29248047 -7.17041016  3.        
-1.32241094  2.42198896  1.37136805  2.        
-1.05168104  6.27256012  8.50256443  5.        
2.64631701 6.20895386 7.60668898 5.        
-1.58384705  5.30627394  5.06359911  6.        
 1.78843701  6.52558899 10.22988892  5.        
 -3.79935503  10.81079102 -12.86911011   3.        
-6.37578583  8.33463287 -4.49737597  3.        
-5.70136976  5.93739319  2.14190698  6.        
-3.36939192  4.33895111  0.95626801  6.        
-7.54991198  6.38526917  2.0158999   6.        
0.24655899 4.64475298 4.6991272  5.        
-4.02059889  8.64498901 -5.51696777  3.        
 0.40099299  8.13208008 -5.05554199  3.        
0.109596   0.57608002 1.33789098 2.        
 -3.89057207  11.19606781 -13.51818848   3.        
-4.41594696  6.33527422  5.08169603  6.        
 6.95599413  4.56346083 -1.18435705  4.        
-8.51687622  6.6089859   2.44888306  6.        
-9.74495697  6.86885786  4.34173584  6.        
 -4.72241211   9.5558548  -10.11138916   3.        
9.04209137 6.96794891 1.58047497 4.        
-5.15669298  9.10426331 -9.08694458  3.        
5.1242981  5.55239105 3.06121802 4.        
-5.19238281  6.46073914  4.94952393  6.        
3.41636705 4.16027784 4.4822998  4.        
-0.83011597  3.23581696 -0.31463599  2.        
 -0.07399      8.25042725 -10.07989502   3.        
 0.905586    7.54202318 -9.0730896   3.        
 0.35942799  6.44654083 11.09585571  5.        
-2.38365889 10.87408447 -9.98321533  3.        
 0.225449   -6.73094893  1.56488001  2.        
-6.22170305  6.42053986  4.14819288  6.        
-5.55211592  6.20015717  3.89096093  6.        
2.41056108 3.61467004 4.42376709 4.        
 -5.38861799   8.66471863 -10.90518188   3.        
-0.255867   -7.91957903  1.76345801  2.        
-7.81199988e-03  6.47225904e+00  1.34969177e+01  5.00000000e+00
5.87903595 6.1111908  3.03860497 4.        
-4.05228376  5.82655287  3.59649706  6.        
0.36406699 0.94008601 1.658234   2.        
-4.9382782   9.11184692 -7.72564697  3.        
4.27459717 4.9864502  3.11413598 4.        
-9.74285126  6.79294586  3.43685889  6.        
-2.16979194  9.77307892 -8.41888428  3.        
-3.22548699  8.78335571 -6.23822021  3.        
-7.39173079  7.76902008 -6.71841383  3.        
7.60567522 7.51242113 2.94949293 4.        
-2.49794006  9.61521912 -7.84695387  3.        
-0.56854999  6.35456896  9.37582397  5.        
-7.86341095  6.66630507  3.82238793  6.        
-0.009369    8.2522049  -6.90527296  3.        
 -0.58243603  11.19384766 -11.79840088   3.        
0.96537799 6.42137909 8.88824463 5.        
-7.41808319  7.59742689 -7.8470459   3.        
6.57006788 5.80293322 1.32623303 4.        
 0.31707001 -1.70488703  1.84292603  2.        
-1.93950701  4.30012512  2.72546411  6.        
-4.50760603  9.22885132 -7.36816406  3.        
 0.65165699  8.0344696  -7.81143188  3.        
-6.65412903  6.30496216  2.50570703  6.        
 0.62233698  8.06168365 -6.26449585  3.        
8.74186707 8.40916443 4.22985792 4.        
-4.32322693  5.47102404  2.03320289  6.        
7.37172699 7.71721697 4.47561693 4.        
-2.34972405  3.89285994  1.90481603  6.        
-5.49729919  8.38227081 -3.83566308  3.        
-0.41910601 -7.3370738   1.86752295  2.        
-1.24271405  5.26729584 -1.91180396  2.        
-6.33335114  7.73274183 -9.76452637  3.        
 -5.2506938    7.88609314 -12.21057129   3.        
 0.17569    -5.90804291  1.96786499  2.        
 -0.47408301 -11.43838501   2.07617211   2.        
-0.064461    3.30038404  2.62618995  2.        
-2.92150903 10.7310791  -9.76068115  3.        
-1.40767705  5.93436384 10.44491577  5.        
7.55315399 7.32411194 5.64624023 4.        
-6.19796705  8.38828278 -5.52056885  3.        
-4.32691193  9.49047089 -8.39148045  3.        
 -4.16822815  10.19966125 -10.7817688    3.        
 3.13309503  3.80596209 -0.64541602  4.        
-0.034454    6.30097198  8.20831299  5.        
-1.52165198  9.82300568 -9.41824341  3.        
-2.39755297  7.06654406 -3.11032104  3.        
0.365776   2.45598602 3.05712891 2.        
-0.71478999  8.62380981 -7.57220507  3.        
-3.08965302  5.3261342   3.55661011  6.        
-4.94498396  8.83828735 -6.478302    3.        
-0.065178    1.22269404  1.92614698  2.        
2.3951261  2.75128198 2.58560205 4.        
-1.56056201  9.11396027 -7.85684204  3.        
-1.20014906  9.18513489 -9.18875122  3.        
-7.15675306  6.56160688  3.57040405  6.        
-0.97217602  6.09237719  7.22317505  5.        
6.21099091 5.94081879 2.14553809 4.        
 -3.61113691  11.6082077  -12.56930542   3.        
5.33367205 5.42710876 6.02749586 4.        
-1.27797699  7.72329712 -4.41439819  3.        
 2.31178999  6.5231781  10.5055542   5.        
 -4.65502214   9.71292114 -10.82598877   3.        
-0.242378    2.21068597  2.78396606  2.        
-4.79833221  5.60961914  1.782166    6.        
-9.01483059  6.9272542   4.91033888  6.        
-0.026169    6.31381178 11.83551025  5.        
 -4.74597883   8.34951782 -12.92367554   3.        
4.86348677 5.1521759  1.990906   4.        
-1.16936505  8.80941772 -7.39520311  3.        
-2.49179792  4.38841295  2.36315894  6.        
-6.47031403  5.10915422 -0.84582502  6.        
6.01280212 5.99169922 5.85604906 4.        
-2.10345507  2.90943909  1.47338903  6.        
 -1.73731196  12.00323486 -11.41360474   3.        
5.31945801 5.40401506 2.03884912 4.        
7.96970415 8.01103973 3.799927   4.        
-2.83522797  4.83185577  2.54138207  6.        
 0.675529   -0.77497101  1.64269996  2.        
-6.29400587  6.68792009  5.1940918   6.        
-1.87200201  6.48114014 -2.49505591  3.        
-4.59757996  5.85954285  3.38497901  6.        
-9.39382172  6.49642897  2.45776391  6.        
-1.34434497  4.48294783  3.52914405  6.        
2.28807807 6.03776503 6.47964478 5.        
-2.44779992  3.25221992  0.617432    6.        
0.319756   0.09523    1.82452404 2.        
6.93070221 7.325562   4.74273682 4.        
-5.69543505  6.73513794  6.03549194  6.        
7.55876207 5.66101122 0.70867902 4.        
-2.52761102  5.86985016  6.02618408  5.        
-7.69795179  6.81639099  5.64331102  6.        
-1.74142504  7.49865723 -4.3994751   3.        
-3.92855096  9.38850403 -7.57611084  3.        
 -2.71471405  11.31565857 -10.59713745   3.        
 -0.56268299   9.23601532 -11.02545166   3.        
-2.58198595  5.74523211 10.1343689   5.        
 1.60386705  6.80529022 11.97235107  5.        
 -2.43129706  11.98388672 -11.29034424   3.        
-5.65571594  8.70272827 -7.15982103  3.        
 2.59332299  6.6746521  11.54495239  5.        
-0.78784198  8.83140564 -9.19155884  3.        
 -1.14634705  12.07317448 -12.39099121   3.        
7.06220198 7.26438093 5.43395996 4.        
6.33794403 6.59678698 5.15594482 4.        
4.63836718 5.19553423 2.7723999  4.        
-0.498642   -8.7993927   2.07794189  2.        
-1.54848504  2.70706201  1.96350098  6.        
 -2.45871711  12.43228054 -11.83221436   3.        
-4.12361097  5.50416613  2.51797509  6.        
 0.095177   -5.63637495  1.43554699  2.        
3.43350196 3.9900589  0.592682   4.        
-7.26113081  6.84519196  6.41982985  6.        
-2.03637695  9.28374481 -7.52041578  3.        
-1.88742101  3.54163408  2.21194506  6.        
 -3.83921099  10.56771088 -13.88598633   3.        
3.42060089 5.87546492 6.92755079 5.        
-0.57710999  6.14532518 11.89593506  5.        
-6.80149794  6.18422699  1.58801305  6.        
3.59116411 4.25641584 5.36932421 4.        
-1.03839898  7.10324097 -3.63674903  3.        
1.12354302 5.21262407 4.74737597 5.        
-1.668221    1.94797504  1.40100098  2.        
 -5.68602705   8.3465271  -10.24569702   3.        
 0.046654    6.350739   12.83905029  5.        
 0.18144201  8.18391418 -5.71731615  3.        
 -1.10631597  11.58004761 -11.66973877   3.        
 -5.44493103   8.22034359 -11.25390625   3.        
-1.14467597  6.34892321 -2.85668898  3.        
6.09025621 6.56710005 4.40029907 4.        
-0.03463     7.99962616 -4.07284498  3.        
7.53685808 6.6459198  1.98150599 4.        
-0.74855798  4.6029892  -1.44180298  2.        
4.2009511  4.41520691 0.63580298 4.        
-4.09516096  4.17865705 -0.764099    6.        
5.05434418 5.52285814 4.41848803 4.        
2.83104706 6.0978241  6.89434814 5.        
2.31565905 6.34320116 8.34039307 5.        
1.79299903 6.49179792 9.73120117 5.        
-3.40651703  8.42791653 -5.25814819  3.        
8.04476929 6.60275316 1.79901099 4.        
0.82372302 6.52853394 9.84408569 5.        
-5.33296204  8.58951569 -5.48907518  3.        
 1.34410906  6.62806702 10.57641602  5.        
-6.57516479  6.35378981  6.30554199  6.        
 -0.73214    -10.12698364   1.84191895   2.        
 -5.08600616   9.06947327 -11.10317993   3.        
-5.23639679  5.78966522  2.233917    6.        
3.76602197 4.36291504 1.44198596 4.        
-3.783813    4.596138    0.87515301  6.        
 0.429214    6.75389099 13.45562744  5.        
5.61502123 5.34085083 1.28543103 4.        
 1.26770794  6.860641   12.68359375  5.        
0.64853698 5.82363892 6.17822313 5.        
-1.46286798  4.90918016  4.2062068   6.        
-6.13469696  8.07504272 -9.45947266  3.        
-5.41708422  8.84468079 -9.41464233  3.        
0.59220898 5.61313581 5.50003099 5.        
3.18418908 6.03825378 9.25866699 5.        
-4.57578278  6.52899885  5.96276903  6.        
-1.04283094  1.48133099  1.92053199  2.        
-7.01999990e-04 -1.16603100e+00  1.79833996e+00  2.00000000e+00
 -0.194572     8.43257141 -10.64807129   3.        
 6.14553118  4.69495392 -0.561432    4.        
 -0.57337201  10.11228943 -11.4772644    3.        
-0.235558   -5.93227386  1.63891602  2.        
4.79449511 4.96980286 6.14950609 4.        
 1.45794702  6.71469879 11.1149292   5.        
-2.59539008  8.07803345 -5.05801392  3.        
-0.79244202 -6.13050079  1.85525501  2.        
 1.65916395  7.20536804 13.21850586  5.        
-1.95854199  5.79206896 10.4831543   5.        
3.09095001 6.12894392 7.85555983 5.        
 -5.95558214   7.52760315 -11.71817017   3.        
-0.81509399  6.26150513  7.7616272   5.        
4.21917009 4.75379181 2.05725098 4.        
-3.68608093  8.30979919 -4.4472661   3.        
-0.80093402  7.78111315 -4.34207201  3.        
 0.038315   -1.56589496  1.472839    2.        
-1.44484699  8.81526947 -6.91665697  3.        
 4.41812086  4.21524811 -0.093994    4.        
-2.9280169   3.46504998 -0.184174    6.        
-4.07797194  5.05418396  1.14730799  6.        
5.69750977 4.7226181  0.33026099 4.        
2.3977201  2.48013306 1.78369105 4.        
-3.17203498 10.02178192 -8.60851955  3.        
 -3.06253791  12.47827053 -12.89962769   3.        
0.007301   2.76104689 2.96115088 2.        
-0.88680297  5.65795088  5.4380188   5.        
1.396469   5.94638777 5.9102478  5.        
  0.33317599   7.66731977 -10.05291653   3.        
2.00116706 2.40443397 2.703125   4.        
7.55354309 5.91901398 1.16915905 4.        
-8.24393463  6.96464491  5.97265577  6.        
 -1.69755495  10.87458038 -10.41027832   3.        
-6.4077611   8.10491943 -8.56787109  3.        
5.74913788 6.21812391 4.35076904 4.        
 -3.0223999   12.39161682 -12.09207153   3.        
-2.21846008  5.69001818 11.07180786  5.        
-0.84925801  5.29235077  4.79977417  2.        
-0.49101299  6.12583208 10.36682129  5.        
1.90025306 6.32736206 7.38916016 5.        
 -0.75712597   9.04784393 -10.11816406   3.        
2.28296709 3.18446398 2.98864698 4.        
 -0.496788   -12.39188385   2.10443091   2.        
1.91254401 5.93173218 5.93069506 5.        
 0.30054501 -2.02577996  1.48577905  2.        
-0.26030701  2.39679694  2.34811401  2.        
 0.0037     -3.26128411  1.75311303  2.        
-5.74529314  5.31774092  0.20309401  6.        
-0.34471101  2.9917829  -0.87972999  2.        
0.28488201 4.01785994 3.92462206 2.        
-7.26252794  6.79466295  5.27810717  6.        
7.08660889 6.15319109 1.68395996 4.        
 0.043159   -8.48931885  1.98040795  2.        
0.36370099 1.09195697 0.073944   2.        
8.38761902 7.31372786 2.33157396 4.        
-8.09603882  5.9510498   0.507568    6.        
-1.70028698  2.79569197  1.25692701  6.        
5.64736891 5.70507002 5.77621508 4.        
-0.48694599  2.47245789 -0.24493399  2.        
-0.464241   -6.35304308  2.275177    2.        
-2.69492292  5.69496918  5.13562012  6.        
2.3066709  6.33135986 8.82806396 5.        
-2.95298791  9.59533691 -7.73324585  3.        
-2.76757097  5.58432817  8.4786377   5.        
-5.53661299  8.66997528 -6.18374586  3.        
-0.312141   -2.352844    1.31317103  2.        
-0.021736    6.04016113  7.32080078  5.        
 0.42686501  6.38492584 10.63739014  5.        
7.65781403 7.93389893 4.15423584 4.        
0.98381799 0.108337   1.74688697 2.        
-1.29267097  6.18447924  8.11221313  5.        
3.63253808 4.58608198 3.02722192 4.        
-0.70848799 -5.32289886  1.55938697  2.        
1.17581904 5.79095507 5.31384277 5.        
8.19694519 5.71871185 0.35525501 4.        
-0.091896    3.64015198  3.78588891  2.        
-1.95166004  9.0318222  -6.88851881  3.        
2.91085792 3.21598792 2.081604   4.        
-0.35308099 -0.19046     1.47183204  2.        
-3.59804511  9.03881836 -6.71862793  3.        
-0.67417097  3.9622879  -1.60437     2.        
-3.40422797  5.84765577  4.74786377  6.        
3.43654609 3.92610908 1.80807495 4.        
6.19800615 4.93000793 0.24456801 4.        
-0.72932398 -7.9823761   1.88549805  2.        
 0.70644403  6.94364882 13.98294067  5.        
 4.33300016e-03  8.05583191e+00 -4.73855591e+00  3.00000000e+00
-5.00962114  4.65341187 -0.37735     6.        
-1.51014698  6.0630188   9.38189697  5.        
-1.94326794  5.97528076 -2.53784204  3.        
 -4.51009417   9.79634094 -11.62585354   3.        
-0.148415    6.22609711 10.05459595  5.        
 6.0919342   4.49325609 -1.11419702  4.        
 0.69537401  8.11440277 -4.69558716  3.        
6.63759613 6.48166704 2.43328905 4.        
 -1.03724694  11.22776794 -11.38461304   3.        
-6.75759077  6.46361494  4.23739576  6.        
 1.96037304  6.72088623 11.20861816  5.        
 0.44648701  8.11927032 -6.9090271   3.        
-0.061783    4.45229292  4.31674194  2.        
-5.77320099  5.93128204  1.60320997  6.        
-7.34014082  5.77680206  0.31472799  6.        
3.40598297 5.77194214 7.54364014 5.        
-8.44632721  6.82575178  4.34649706  6.        
4.11804199 4.66025496 1.56536901 4.        
-0.163467  0.931786  0.957214  2.      
6.85673523 5.24094391 0.007507   4.        
0.77905297 6.1434021  6.83255005 5.        
2.67938209 3.84161401 5.33172607 4.        
 2.43385291  7.14572096 13.18579102  5.        
 0.86853802  6.94191694 13.51126099  5.        
 7.00925398  4.82924604 -0.81768799  4.        
 5.25820208  4.25894213 -0.58035302  4.        
 -4.95508623   9.07781982 -11.59234619   3.        
-0.45760301 -6.87303209  1.73883104  2.        
-0.243683   -4.83395386  1.60629296  2.        
 0.90618098  6.52502394 10.39300537  5.        
-7.01927185  7.84416199 -7.64962816  3.        
7.00457811 6.9980011  3.05743408 4.        
 0.074081   -6.98100996  2.06478906  2.        
 0.30561101 -9.02659607  1.78607202  2.        
 -0.44776899   8.92251587 -10.71844482   3.        
-0.369385    6.27811384 13.22155762  5.        
-1.73167396  6.74455309 -3.518646    3.        
 -3.67993212  11.30449677 -11.76895142   3.        
6.19281006 5.74923706 1.73648095 4.        
1.52243805 6.47045088 8.32095337 5.        
2.04721808 5.58348799 5.41333008 5.        
-7.01117706  5.57585096 -0.145569    6.        
 4.02999878  3.91757989 -1.32348597  4.        
9.63809204 8.30032253 3.13134789 4.        
5.82457018 6.1122818  3.64102197 4.        
-4.83982086  4.48140717 -1.03250098  6.        
7.17292786 7.34309387 3.73651099 4.        
5.82019806 5.98982191 2.5158689  4.        
 -5.16461182   9.14242458 -10.26324463   3.        
-3.33895111  8.0406189  -4.34942579  3.        
3.90844703 4.2194519  0.91473401 4.        
-0.91233802  0.89789599  1.96893299  2.        
-0.195595    5.23618317  5.30758715  5.        
 -4.42521715   9.71938324 -12.42111206   3.        
-1.76077998  5.72631121 11.36608887  5.        
 -3.78482795  10.15266418 -13.65527344   3.        
-6.56614685  6.36496019  3.29141212  6.        
 4.73516083  4.04841614 -0.98266602  4.        
 -3.61643195  10.99716187 -10.96865845   3.        
-5.32462311  5.63967085  1.16769397  6.        
-9.57021332  6.79152679  3.84844995  6.        
 -3.95716906  10.22557068 -13.08630371   3.        
7.79637194 7.920578   5.19708204 4.        
-4.36498308  9.88863373 -9.81915283  3.        
 0.163574   -4.20506287  1.65261805  2.        
3.61457109 5.79250288 9.54351807 5.        
0.043678   5.92321014 6.86663818 5.        
 0.38822201  8.13085938 -8.5267334   3.        
-1.34011102  2.07502007  1.81454504  6.        
 7.30649614  5.32663679 -0.058655    4.        
-2.93859911  8.61265564 -5.90615797  3.        
-2.09221697  8.72916412 -6.17782593  3.        
-8.54998779  6.90286303  5.24844408  6.        
-6.11888123  8.43567657 -6.00830078  3.        
-0.64628601  6.03961182 11.12219238  5.        
-5.07566786  8.47019958 -4.69976807  3.        
-2.98497701 10.47845459 -9.38674927  3.        
6.03185987 6.2299962  5.2784729  4.        
-0.65073401  2.73914289  0.126862    2.        
2.46919298 3.2680819  1.30862403 4.        
0.254417   3.39780402 3.35537696 2.        
-7.12740278  5.89283705  0.74154699  6.        
-7.51207018  6.69632006  4.61926317  6.        
-0.52509302 -9.7416687   2.3899231   2.        
-7.21842194  6.26973009  1.71935999  6.        
-9.31108093  6.67309618  3.10223389  6.        
-0.69815803 -8.83830261  1.68676805  2.        
 3.28757501  6.0983429  10.40750122  5.        
7.73520708 7.33221388 2.51251197 4.        
-0.16433699 -8.40910339  1.60244799  2.        
 0.041245    8.27789307 -7.63375807  3.        
-5.06047821  6.71685791  6.4379878   6.        
4.45340014 5.07804918 2.23519897 4.        
-6.67346191  7.87273407 -5.20071411  3.        
-3.81868005  8.69001007 -5.90252686  3.        
-3.66519904  4.09380293 -0.043091    6.        
-3.86870599  6.05229998  6.06332397  6.        
 -3.473351    11.10314941 -13.43069458   3.        
-6.04716492  5.77231598  0.77862501  6.        
 -5.81516981   7.80649614 -10.84674072   3.        
 -3.16862512  11.53314209 -11.10644531   3.        
 -0.25503501 -11.80808258   2.14865088   2.        
-5.80043793  8.6169281  -7.86453295  3.        
 0.60829198  6.64285994 12.57009888  5.        
 -0.28060901 -11.13652802   1.830688     2.        
-0.55538899  4.23144484 -1.25372303  2.        
-0.60606402  0.292633    1.48614502  2.        
-1.46343195  8.52680969 -6.1217351   3.        
4.41029406 5.07914019 4.71356201 4.        
 0.070198    8.17489624 -9.2605896   3.        
-1.43905604  5.94928694 12.29919434  5.        
-8.111763    6.77718306  4.9654541   6.        
-1.41178894  6.0101552   7.18859911  5.        
-8.10044098  6.25434113  1.39770496  6.        
 0.83787501  8.1453476  -5.32907104  3.        
8.36718845 7.8552928  2.88049293 4.        
 -4.38057709   9.02877045 -12.98217773   3.        
-1.64816999  5.85036516  6.29202318  5.        
3.14402795 3.89089203 0.94668603 4.        
-4.38484192  4.50465393 -0.096344    6.        
6.69597578 5.3674469  0.413239   4.        
1.63964105 1.62019396 2.42962599 2.        
-0.96864301  4.30254412 -1.66119397  2.        
 -1.76469398  12.32241058 -11.81356812   3.        
-6.65248919  7.54581404 -9.49450684  3.        
3.55912805 3.89960504 0.189514   4.        
-0.90769202  6.07394409 10.26605225  5.        
 -1.57426405  11.25087738 -10.81051636   3.        
 0.32305899 -2.1898191   1.96295094  2.        
 1.28966498  7.11168718 13.56369019  5.        
1.507851   6.46502686 8.88934326 5.        
0.497612   6.36946917 8.88156128 5.        
-7.88721514  6.503685    2.29247999  6.        
 -0.71654499 -11.3868866    1.72439599   2.        
-1.91693902  5.89208984  8.20883179  5.        
-7.36652422  7.50572205 -8.28759766  3.        
-0.085403    8.37032318 -8.37673855  3.        
-0.409363   -0.86048901  1.71917701  2.        
6.82714081 7.12875414 3.9302671  4.        
-1.43741596  3.50575304  2.45608497  6.        
-0.065559   -9.36444092  1.89044201  2.        
-0.32345599  2.85897112 -0.34289601  2.        
-0.162163   -9.88519955  1.83224499  2.        
-2.6829989   3.87628889  1.362885    6.        
-6.59159803  8.19896698 -6.61273193  3.        
 0.06752    -3.48924303  1.35794103  2.        
5.45889282 5.77989197 4.98974609 4.        
-1.73786199  9.48674011 -8.47409058  3.        
0.44222999 1.87767005 2.62118506 2.        
-0.158714    1.61834002  0.57354701  2.        
-0.052795   -7.8777771   2.13601708  2.        
 0.80966902  6.59039307 11.88323975  5.        
-5.4720149   8.77416229 -9.83081055  3.        
 -0.95563501   9.72108459 -10.70117188   3.        
-0.84359002 -9.42112732  2.12948608  2.        
4.59671783 5.22772217 3.79544091 4.        
0.33187899 5.02653503 4.88900805 5.        
-0.59960198  7.99372101 -4.92925978  3.        
 0.241638   -3.96449995  1.31198096  2.        
9.79940033 7.98926497 2.45346093 4.        
2.68007708 3.52509308 0.293488   4.        
-0.71812397  2.33158898 -0.69152802  2.        
-1.26207697  5.9223628  10.87197876  5.        
-9.0545578   6.24275208  1.59133899  6.        
-4.59686279  8.45067596 -4.44360399  3.        
2.93921709 3.42457604 1.56893897 4.        
-0.19652601  0.77851897  1.545807    2.        
-2.32601905  5.8224721   9.07989502  5.        
-0.85651398 -7.33491516  2.06433105  2.        
 -1.88616896  11.71445465 -11.69064331   3.        
2.76487708 5.85012102 6.28271484 5.        
2.3711009  2.89983392 1.79574597 4.        
-2.70711493  3.59093499  0.68344098  6.        
4.06505585 4.72770691 4.98605299 4.        
-0.034294   -0.97051197  1.42742896  2.        
-1.47063506  6.07429504  8.84655762  5.        
-1.47103906  7.92705488 -4.89834595  3.        
 -4.5219121    9.25767517 -12.41387939   3.        
 7.84800005  5.371521   -0.124725    4.        
-6.75105286  7.16656494 -9.64852905  3.        
 3.68009901  3.83136702 -0.57727098  4.        
-8.80442142  6.82985687  4.07189894  6.        
6.78130293 6.89137983 5.75732422 4.        
-6.6148448   6.18249512  2.04635596  6.        
3.03766608 3.92713904 5.70895386 4.        
-0.44631201  8.4207077  -6.85434008  3.        
4.54885101 4.61357117 0.760773   4.        
-2.2937851   5.83223677  7.08328295  5.        
9.36688995 8.56681824 3.5440979  4.        
1.41027105 1.34476495 1.80575597 2.        
3.36112189 4.09030104 4.91961718 4.        
-2.18914008  5.12566423  4.01965284  6.        
6.37434387 6.67836809 3.6725769  4.        
8.13502502 8.18260193 4.7001338  4.        
 0.84115601  7.73030806 -8.70596313  3.        
4.90882111 4.29503584 0.009918   4.        
3.06079888 3.63404894 0.028503   4.        
0.44329801 6.3713069  9.68701172 5.        
-2.0321269   5.89553118  8.73150635  5.        
-6.64665222  6.71316481  4.97494507  6.        
-2.13484192  4.25711107  3.09002709  6.        
-4.45488691  4.24423981 -0.98419201  6.        
-2.63597894  7.62333679 -4.17013502  3.        
-6.10822296  5.37824202  0.010437    6.        
9.41026306 6.95731306 1.31002796 4.        
2.20503211 3.44371796 3.78872705 4.        
-4.60035706  4.90650892  0.398743    6.        
 -0.69790602 -12.76340485   2.10137892   2.        
 0.30001101 -4.74327803  1.42263806  2.        
-2.46215796  5.67969513  7.56567383  5.        
-2.2406919   7.9318161  -4.89642286  3.        
-3.62495399  5.50099182  3.15893602  6.        
-5.14505005  8.89630127 -6.85653687  3.        
 0.34498599 -5.30619812  1.44726598  2.        
-0.993141    6.00769806 12.53875732  5.        
-1.29375505  3.68087006 -0.76144397  2.        
 1.06169903  6.6305542  11.20059204  5.        
-5.83094788  6.14176178  3.01034594  6.        
-6.98384094  7.39588881 -8.96820068  3.        
-2.2140429   5.73288679 11.95327759  5.        
-2.70173597  9.14463043 -6.93100023  3.        
 2.69066596  6.80109406 11.96957397  5.        
-0.21994001  6.37248993  8.57052612  5.        
-1.85982502  2.96466804  1.87930298  6.        
 5.63523102  4.44021606 -0.25882     4.        
 -3.0188601   11.84387207 -11.43408203   3.        
2.17522407 3.87748003 4.63757277 4.        
-6.38954878  5.25131989 -0.46804801  6.        
-4.57477617  5.17778778  0.92617798  6.        
-1.74838996  4.06446123  3.03826904  6.        
-0.74726897 -6.51354218  1.56265295  2.        
 6.67797089  4.9103241  -0.58825701  4.        
-5.66272688  8.60884094 -9.17214966  3.        
 0.91272002  6.73727417 12.84899902  5.        
-2.2528379  10.30229855 -9.22601318  3.        
-1.56520796  5.10300398  4.66372681  6.        
 -4.17822313   9.6237793  -13.13491821   3.        
-4.3083272   9.12223816 -6.99456787  3.        
-5.12280321  9.15912628 -8.67919922  3.        
-0.82212102  6.91149902 -3.23495507  3.        
-1.68911004  5.99958801  7.6000371   5.        
-5.72520494  8.4261322  -4.62097216  3.        
-4.22878313  8.45687103 -4.80023193  3.        
-0.40406799  7.75814819 -3.95324707  3.        
-4.75463104  6.07038879  3.86199999  6.        
-5.07519484  8.5652771  -5.16168213  3.        
-3.03954291  3.90615797  0.60748303  6.        
5.82302094 5.50443983 1.628021   4.        
 0.086655   -6.38051605  1.873505    2.        
-2.36982012  5.67905378  7.99551392  5.        
5.26999712 5.12449694 1.15942395 4.        
 2.74934411  6.58969879 11.15249634  5.        
9.02130127 6.04982805 0.26055899 4.        
-2.23957109  4.83304596  3.25338793  6.        
5.20922089 5.63574982 3.58764601 4.        
8.90468597 8.26204681 2.94430494 4.        
2.94570208 3.53407311 2.38720703 4.        
-6.16911316  6.12898302  2.58401489  6.        
 -3.87446594  10.81717682 -11.99105835   3.        
-0.57422602  2.41060591  0.424622    2.        
 5.55510712  4.22006989 -1.16677904  4.        
-3.77835798 10.27357483 -9.69281006  3.        
 -2.36388397  11.55295563 -10.82327271   3.        
 -1.50051904  11.54998016 -11.76147461   3.        
3.93329597 4.81911516 2.88601708 4.        
6.27102709 5.44312286 0.981659   4.        
4.88482714 5.00514221 1.60909998 4.        
 1.02703094  7.93921709 -5.84695387  3.        
0.74809998 2.1667099  1.641541   2.        
 -4.28465986  10.17506409 -11.65689087   3.        
 1.010185    7.98560286 -6.37493896  3.        
-1.59345996  5.91051483 -2.34442091  3.        
-4.34981489  8.63108826 -5.28201294  3.        
-2.74394298  8.84737396 -6.47845507  3.        
-2.397331    3.50444007  1.52581799  6.        
9.11172485 8.55742741 4.16085815 4.        
-4.45651197  6.14311218  5.94543505  6.        
0.402565   2.02127099 1.27462804 2.        
 1.00798798  7.84989882 -7.98242188  3.        
 -1.26070404  11.14962006 -11.05722046   3.        
-0.737854    6.09585619 11.52871704  5.        
-7.78200012e-03  6.26650190e+00  1.12385559e+01  5.00000000e+00
-0.032516    2.185776    0.66528302  2.        
 -1.00183904  11.88793182 -11.97885132   3.        
1.23666406 6.15599823 6.77294922 5.        
-5.98681593  6.86378479  6.48321486  6.        
9.03929138 6.34133101 0.88626099 4.        
-1.85674298  8.26776123 -5.44583082  3.        
-0.136452    1.94471705  0.28716999  2.        
2.85690308 6.17214203 8.61669922 5.        
-5.42709303  8.89820862 -8.42977905  3.        
-5.31146193  6.00541687  2.98873901  6.        
0.24382    1.62476397 1.28225696 2.        
-1.42253101  8.32676697 -5.65853882  3.        
0.13912199 5.68055677 6.26824903 5.        
7.07022905 6.7509079  2.56231689 4.        
 -2.38153791  11.19812775 -10.40472412   3.        
-7.38145494  6.48108721  3.06368995  6.        
-1.00147998  3.98586297 -0.93542498  2.        
3.23997498 5.95791578 9.68740845 5.        
-2.17655206  8.49884796 -5.78387403  3.        
 -1.20597804  10.07181454 -10.26828003   3.        
-2.82515001  5.48504591  4.34182692  6.        
5.44355822 5.64346313 2.33624291 4.        
-1.07649195  5.43691301 -2.37631202  3.        
-7.02923584  7.93309021 -7.20507812  3.        
-3.49636793  6.0608058   5.37893677  6.        
-6.0111618   6.51528215  4.61367798  6.        
0.67031902 6.390625   8.11541653 5.        
-7.10961914  7.94990492 -6.47094679  3.        
-2.74893188  4.96023607  2.9433589   6.        
4.64061022 4.72672987 1.21514904 4.        
-7.0735321   6.40787506  2.49087501  6.        
-2.61353302  4.275383    1.99859595  6.        
-0.62650299  6.08718109 12.39929199  5.        
7.60979509 7.68062592 3.31408691 4.        
 -3.28676605  11.92205811 -11.77835083   3.        
 1.66096497  6.73728895 11.56933594  5.        
-0.42167699  8.63054657 -9.90075684  3.        
-2.29905701  9.22854614 -7.06512403  3.        
-0.056999    1.32794905  0.911713    2.        
 -5.85634613   7.96758986 -10.48120117   3.        
-7.73632002  5.8023448   0.211853    6.        
-3.22016907  4.58258104  1.50994897  6.        
-1.68930805  4.29679918  3.45364404  6.        
-4.17907715  5.36222076  1.63320899  6.        
-2.81169105  5.65657806  5.59140015  6.        
-3.75343299  5.78184509  3.891541    6.        
-0.368927    2.1627121   2.00512695  2.        
0.63062298 4.57216597 4.45999193 2.        
-0.78244001 -8.14881134  2.375458    2.        
-8.72029114  6.76839495  3.62027001  6.        
-0.78896302  0.64569098  1.46151698  2.        
6.42147779 6.49642181 2.85827589 4.        
2.07534003 1.73616803 1.92150903 2.        
1.49289703 0.435341   1.84234595 2.        
6.67992401 7.06541395 4.29455614 4.        
-3.18441796  3.95226312 -0.49670401  6.        
4.05500793 4.71400404 4.17981005 4.        
-8.59059143  6.63655806  2.83892798  6.        
4.75235701 5.17144823 5.24969482 4.        
-5.22485399  6.27843523  4.45315599  6.        
-0.14843801 -1.52904499  1.12383997  2.        
3.64097595 5.79972076 8.71179199 5.        
-4.68267822  6.18773603  4.2593689   6.        
 -4.21579695  10.19373322 -12.33514404   3.        
-5.02182007  5.56867981  1.45599401  6.        
-2.64808607 10.36755371 -9.19314575  3.        
3.42970991 4.27069807 3.96749902 4.        
-5.83007812  6.35662079  4.12908888  6.        
-1.89965796  5.88393402  9.59674072  5.        
-5.63646698  5.01228285 -0.242981    6.        
-8.07073212  6.58950806  3.35165405  6.        
-3.44868493  9.30461884 -7.29144287  3.        
-5.71888685  8.49030304 -5.27258301  3.        
-3.83232093  5.96754503  4.61575317  6.        
-6.32925415  6.06848907  1.79516602  6.        
7.14659882 5.56290388 0.72171003 4.        
 0.73412299  8.01222992 -7.16076708  3.        
-4.04785919  5.97473097  4.27444506  6.        
3.38774109 4.25472307 2.34530592 4.        
-0.241096    8.42241669 -9.19656372  3.        
1.39140296 6.52806091 9.70385742 5.        
0.162209   1.334396   0.31430101 2.        
2.81642199 3.74535394 4.24887085 4.        
-2.21658301  7.61498308 -4.57452393  3.        
-0.23587     5.55204821  6.12225294  5.        
1.23461902 0.84068298 2.01455688 2.        
-1.52652001  6.40314484 -3.14779711  3.        
-6.33582306  8.26422119 -7.23422194  3.        
-6.07427979  8.3595047  -8.49755859  3.        
 -0.96409601  10.41868591 -10.91262817   3.        
 1.13291204  7.65396118 -8.33868408  3.        
-1.06929004  8.22038269 -5.51733398  3.        
2.686867   3.48677802 0.70425397 4.        
-6.55921888  6.80378008  5.76339722  6.        
-5.55731201  4.78186798 -0.910492    6.        
-0.36706501  7.27649689 -3.46993995  3.        
9.00483704 7.6968379  2.32727098 4.        
4.34036303 4.76791382 5.75631714 4.        
-0.60219598  4.99449921  4.90850782  2.        
0.441811   1.44861603 1.80807495 2.        
-1.14589703  0.89199799  1.49304199  2.        
-0.866539    4.53631592 -1.95925903  2.        
2.28189111 6.25422716 7.43707323 5.        
 3.08476305  6.08583784 10.02905273  5.        
6.70235395 6.18818712 2.1625061  4.        
-2.13942003  5.8133769  10.11523438  5.        
 -0.327301   -10.41468811   1.87167394   2.        
-1.28157794  9.62898159 -9.71679688  3.        
1.971596   6.1412282  6.72839403 5.        
 7.34183502  5.032547   -0.68701202  4.        
-5.92372894  6.65967607  5.41684008  6.        
-2.34017897  3.65116906  2.21121192  6.        
-2.24934411  5.78774977  6.28716993  5.        
-8.56420135  6.41751909  2.01095605  6.        
 1.35813105  7.67976379 -7.23440599  3.        
-0.57414198  5.91266584 13.09295654  5.        
0.333298   6.36773682 9.25186157 5.        
2.19165802 2.12014794 2.16638207 2.        
5.38207197 5.63256121 5.34152222 4.        
-8.42218781  6.09203291  0.69985998  6.        
 -3.7245791   11.24111176 -12.62747192   3.        
-4.65128279  5.72347307  2.71057105  6.        
-1.63050795  5.77742815  5.84124804  5.        
-2.82186103  7.55522203 -3.77310205  3.        
5.00271606 5.22230482 5.94091797 4.        
 0.055664   -2.49423194  1.81921399  2.        
-2.15602112  7.26742506 -3.89941406  3.        
-3.38510108  8.25580597 -4.68600512  3.        
9.76467133 7.59573412 2.04827905 4.        
-0.79688299  3.52456689 -0.94000202  2.        
-3.9110949   9.85544586 -8.97937012  3.        
-0.063286    0.078407    1.76882899  2.        
-1.46556902  7.0349431  -3.66854906  3.        
-0.34641299  3.011307    2.94036889  2.        
8.57925415 7.63734388 2.42153907 4.        
9.79379272 7.24703217 1.57998705 4.        
1.06137896 6.50777388 9.50421143 5.        
 0.34696999  6.322258   13.47232056  5.        
-4.70523787  9.33576965 -8.31585693  3.        
3.43480706 4.16651917 1.46298206 4.        
-1.83825696  4.94802904  4.00939894  6.        
5.39608002 5.47253418 6.40508986 4.        
-0.30671701  6.25737    12.71746826  5.        
8.76787567 8.31837463 3.41757202 4.        
 -3.95905304  10.47045135 -12.73068237   3.        
-0.68409002  5.08955383 -2.14981103  2.        
-0.245148   -1.76848602  1.63632202  2.        
2.57879591 3.20458198 2.27529907 4.        
 0.534904    7.80406904 -4.85507202  3.        
 1.56840503  7.0564189  12.82019043  5.        
7.31005096 7.55792189 4.04226685 4.        
 1.96787298  6.89144087 12.10409546  5.        
6.51905107 6.65918016 5.53872681 4.        
2.85795593 3.80227709 4.96343994 4.        
 -3.42622399  11.53717804 -13.32919312   3.        
-1.77360499  9.72366333 -8.81307983  3.        
 -2.15058899  11.62732697 -11.42749023   3.        
8.36100769 5.9646678  0.665649   4.        
-3.0638051   3.72404504  0.236389    6.        
-0.546112   -9.13413239  1.89944506  2.        
-0.43349499  6.07388306 10.75012207  5.        
0.447723   2.80504608 1.01632702 2.        
-0.34664899  8.33309174 -6.30429077  3.        
 4.95619202  4.04421186 -1.47876     4.        
 -0.28051001 -10.87982941   2.25494409   2.        
5.99868822 5.13003492 0.799164   4.        
 -2.95352888  12.53702545 -12.50338745   3.        
 -4.16982985   8.9145813  -13.29000854   3.        
-0.91815197  8.78887177 -8.27612305  3.        
 0.093391   -5.47508192  1.78173804  2.        
-2.10864305 10.54499817 -9.65405273  3.        
-0.442711    3.28360796 -0.30120799  2.        
-1.416412    4.70211792  3.83126807  6.        
-0.26882899 -0.62760901  1.45370495  2.        
0.76375598 6.29449511 7.3467412  5.        
-1.05189502  4.21389008  3.30551195  6.        
 0.189125   -2.45790911  1.33453405  2.        
-0.92019701  5.82359314  6.19647217  5.        
-0.73998302 -2.79396796  1.59091198  2.        
-3.337044    7.88199615 -3.79525805  3.        
-6.27581787  6.7849431   6.07089186  6.        
2.45989299 2.52212501 2.24111891 4.        
 -4.17215681  10.34657288 -11.99212646   3.        
-0.52054602  5.55152082  5.61883497  5.        
 -3.70870996  10.48326111 -10.07070923   3.        
-9.17684937  6.58709717  1.68692005  6.        
-7.86549377  6.35401201  1.74752796  6.        
 -5.22052813   9.02507019 -10.68609619   3.        
3.82731605 4.56581879 4.51260424 4.        
-0.80893701 -0.115303    1.69119298  2.        
0.45842001 1.64325702 2.32162499 2.        
-2.12662506  3.26367903  0.42172199  6.        
7.65767717 6.96012878 2.38171411 4.        
2.14776611 5.68066406 5.77996778 5.        
-5.0176158   5.80451202  2.56784105  6.        
-4.88028717  9.35953522 -9.27523804  3.        
-6.66976881  7.92699385 -8.32870483  3.        
4.05300903 4.10856581 0.008759   4.        
 -6.28843689   7.6328578  -10.12283325   3.        
-1.42053199  1.70127106  1.21402001  2.        
8.9977417  7.21205091 1.86099195 4.        
-5.83512878  8.25925541 -9.85092163  3.        
-1.79432702  8.01132202 -5.13543701  3.        
 -0.82139599  10.94899654 -11.59735107   3.        
-2.61362505  7.24175978 -3.3812871   3.        
 2.92472792  3.74507093 -0.34057599  4.        
-0.068565   -7.15600586  1.75451696  2.        
3.22477698 6.12490082 8.20401001 5.        
6.9257431  5.91099596 1.44998205 4.        
1.82067096 6.42667389 8.04797363 5.        
 -5.67250776   7.29102278 -11.66479492   3.        
8.85519409 6.08322906 0.59249902 4.        
-6.44264984  8.29072571 -5.22289991  3.        
-0.84533697  6.24971819  9.6010437   5.        
-7.31629181  6.13888502  1.35577404  6.        
-0.88902301  5.82241821 -2.281708    3.        
-1.297279    3.97632599  2.76272607  6.        
-3.90794396  6.17033386  5.33444214  6.        
 4.47667694  4.05509186 -0.62612897  4.        
-8.88097382  6.56841993  2.38577294  6.        
-5.82305908  5.50495911  0.523987    6.        
-0.62177998 -5.86926317  1.62277198  2.        
 -2.10823107  10.97417355 -10.21066284   3.        
-0.92206597  1.19069695  1.680511    2.        
-5.90578508  8.05741882 -4.30670214  3.        
0.55729699 3.11504412 0.83432001 2.        
 -3.20545197  12.16448975 -13.03552246   3.        
1.94712806 6.41967821 9.01156616 5.        
 -2.3012619   12.69727325 -12.23922729   3.        
-2.39048791  5.47779083 11.41088867  5.        
7.31238604 6.35241699 1.96423304 4.        
 0.45784    -3.95369697  1.70425403  2.        
-0.93663001  5.80740404  5.79956102  5.        
6.20639801 5.90653992 6.25463915 4.        
-6.91720581  6.6339798   6.18518114  6.        
-0.33048201  6.36251116  9.09509277  5.        
-3.96495795  9.02387238 -6.69580078  3.        
 3.73020911  3.89329505 -0.177856    4.        
6.40233612 6.43317413 5.96758986 4.        
3.92293501 4.71553802 3.83712792 4.        
-2.95457506  7.94064283 -4.50534105  3.        
-0.70841998  8.63705444 -7.93887281  3.        
-1.12017798  8.13620758 -5.16427612  3.        
-0.096252   -9.0657959   2.11654711  2.        
-7.76023102  6.49108124  2.940521    6.        
-0.027679   -8.4912262   2.33926392  2.        
-4.43551588  8.33935547 -3.95977807  3.        
8.60968018 5.63954878 0.135895   4.        
3.57755995 6.06041718 8.44143677 5.        
-8.85816193  6.90210009  4.51968384  6.        
-5.19533491  6.53632307  5.60195923  6.        
-2.55310106  3.33938599  0.041046    6.        
-0.74524701  0.464737    1.90536499  2.        
-1.86952996  3.89485192  2.42217994  6.        
-6.65652514  5.98722076  1.23382604  6.        
-5.08423615  4.58827209 -0.78356898  6.        
2.74198198 3.79566193 3.05358911 4.        
2.48059106 6.27809906 7.92425489 5.        
 0.32486701 -0.83866102  1.56674194  2.        
6.69282484 6.96992493 4.92245483 4.        
-2.61825609  4.0810318   2.53857398  6.        
4.26071215 4.33240509 0.240143   4.        
 -5.47229815   7.93013811 -11.47067261   3.        
-3.33036804  5.74362183  5.72354078  6.        
-0.20171399  3.39471412  3.53604102  2.        
 0.196358   -0.32357001  1.48699999  2.        
-6.11855316  6.24453688  3.264709    6.        
-1.61675298  6.03565216  8.04956055  5.        
-7.04090881  7.61473799 -8.41506958  3.        
-5.8503108   8.55879974 -6.89065599  3.        
5.09059906 5.61225891 2.70397902 4.        
-5.70912886  8.6713028  -7.51629591  3.        
8.41352844 6.67871094 1.65979004 4.        
 -3.52201104  11.23459625 -11.2244873    3.        
3.83541894 4.47549391 5.19818115 4.        
-6.30400896  8.27770233 -7.66915894  3.        
-1.11939204  5.96093798  6.88275194  5.        
 -0.83575398  11.43629456 -11.9067688    3.        
-7.52651215  6.63575697  3.69567895  6.        
 -0.69720501 -10.59156799   1.88445997   2.        
0.338669   0.82465398 1.99929798 2.        
-2.6139071   3.58715796 -0.31310999  6.        
-2.06307197  5.52182007  5.39334106  6.        
-6.55265808  5.64951277  0.43859899  6.        
 -0.88402599 -10.06877136   2.24777198   2.        
 0.288048    8.15264893 -6.05960083  3.        
 -1.39667499  11.79837036 -11.48156738   3.        
 4.0169301   3.82885003 -0.702667    4.        
-3.12987494  4.25788879  1.22433496  6.        
-0.071678   -4.50458479  1.83547997  2.        
0.63119501 0.321053   1.79437304 2.        
 1.24639106  6.80932617 11.99768066  5.        
-0.806274   -9.60414124  1.82363904  2.        
 -5.52099609   8.51669312 -10.5144043    3.        
 0.46109799  8.15237427 -5.45153809  3.        
 -3.24817705  10.73910522 -10.00567627   3.        
8.79759216 8.43676758 4.58706713 4.        
1.75533295 1.32298303 1.89889503 2.        
-1.09461999  4.97642517 -2.05831909  2.        
-4.31435394  4.37506104 -0.42211899  6.        
 0.68799597  6.75334883 13.19958496  5.        
 -3.27198792  12.13630676 -12.10269165   3.        
-0.115044   -3.0063169   1.50027502  2.        
-4.97930193  4.95743608  0.149231    6.        
8.20677185 6.17863512 1.03387499 4.        
 1.32617998  7.78305006 -7.62210083  3.        
-1.33161199  5.66764784 -2.24459791  3.        
 0.67983198  6.51821089 11.23440647  5.        
6.52635193 6.76921082 3.07006788 4.        
-5.9416728   8.31266785 -9.277771    3.        
2.01433611 2.39825392 1.70788598 4.        
 -1.38407099  12.2416153  -12.03652954   3.        
-6.24843597  8.12517548 -9.09033203  3.        
 2.13090491  6.96695709 12.55499268  5.        
1.54378498 5.73127794 5.21679688 5.        
-0.95240003  6.06000519 -2.63977098  3.        
-2.47645593  8.3969574  -5.62390089  3.        
2.38079095 6.29412794 9.57220459 5.        
-3.48710608  9.96850586 -8.76089478  3.        
 6.61243391  4.61670685 -1.251068    4.        
-7.40681505  6.04512787  0.98098803  6.        
3.98565698 4.77557421 2.34710693 4.        
-0.52403301  5.69356489  6.31082201  5.        
0.058487   1.71041095 0.02005    2.        
-0.713745    7.59115601 -4.03262281  3.        
4.07073212 4.60343218 5.91507006 4.        
-0.067772   -6.76882219  1.75796497  2.        
 -3.79615808  10.91002655 -12.52770996   3.        
6.54135895 5.12779999 0.20562699 4.        
4.71226501 5.31968689 4.54336596 4.        
-2.64229608  4.07631683  1.70883203  6.        
-3.76276398  8.17844391 -3.62582397  3.        
 -4.0358119   10.30648804 -10.37710571   3.        
 -5.15331984   8.320961   -12.00042725   3.        
0.060379   0.976906   2.15310693 2.        
-5.79621077  8.55628204 -8.76760864  3.        
-4.24457502  9.75315857 -9.24719238  3.        
-1.56751299 10.31781769 -9.94793701  3.        
-5.66542006  6.51539612  6.37258911  6.        
-1.09927404  4.62557983 -1.32928503  2.        
-3.62487793  5.0728302   1.82525599  6.        
9.23926544 7.89273119 2.55297899 4.        
 1.14868903  7.88651991 -7.04348803  3.        
 0.155922   -2.81763506  1.72796595  2.        
-3.32672906  5.22195387  2.65798903  6.        
0.122269   5.34268188 5.60833693 5.        
-0.49651301 -3.46536207  1.62515295  2.        
-4.82104492  9.09988403 -7.28051805  3.        
-4.37520599  5.89227295  3.71389794  6.        
-0.94309998  6.06572008 13.02554321  5.        
-3.58460999  5.29575396  2.3904109   6.        
 8.08237457  5.32914019 -0.38049299  4.        
-0.96401203  6.30194807  8.13021755  5.        
-3.07038903  8.3533783  -5.19836378  3.        
 0.150124    6.42960405 12.51473999  5.        
-2.87054396 10.14257812 -8.76443481  3.        
-1.40660906  9.46156311 -9.24038696  3.        
-0.34296399 -7.03801012  2.03009009  2.        
 -3.63382697  10.82906342 -10.66369629   3.        
 -0.113831   -10.48381805   2.13824511   2.        
2.62713599 5.66907501 5.78662109 5.        
6.16725206 6.53918505 4.7558589  4.        
-0.190346    2.25463891  0.119843    2.        
-1.21021295  5.97884417 11.80532837  5.        
 -4.76259613   8.69252777 -12.29812622   3.        
 -1.20644403  10.52662659 -10.61907959   3.        
 0.167374    6.31753492 10.41610718  5.        
-4.58466291  8.83140564 -6.22122192  3.        
-1.87978399  5.82041216 12.07638454  5.        
-5.20942688  4.88005114 -0.206055    6.        
-2.61299109  5.71530914  9.4387207   5.        
 -4.87252808   8.15125275 -12.65304565   3.        
 -5.63919115   7.97068787 -11.11218262   3.        
-3.31835198 10.39767456 -9.43618774  3.        
-1.40005505  7.50696611 -4.17291307  3.        
-2.2463069   9.61008358 -8.08465576  3.        
 0.371185    8.11460876 -6.57128906  3.        
5.91282701 5.26499224 1.10601795 4.        
-1.84053802  5.28104401  4.81295776  6.        
2.59249091 6.17462206 7.19189501 5.        
 2.98059797  6.58690596 11.44726562  5.        
-1.46740699  5.84475708 11.50289917  5.        
 -4.74757385   9.04007721 -12.15576172   3.        
 -0.74756598 -11.75575256   2.09683299   2.        
3.39000702 4.20586395 2.003021   4.        
3.11975908 3.97000909 2.450073   4.        
-0.30146     0.245911    1.33328199  2.        
 -5.9669342    7.45110321 -11.09603882   3.        
-3.30519891  5.74388123  4.42446899  6.        
 -3.52334595  11.63151646 -11.78335571   3.        
 -4.17287397  10.35443115 -11.25637817   3.        
9.26606846 7.46313477 2.13397193 4.        
-6.97578382  6.51935577  3.95922899  6.        
 -3.17899299  11.06591797 -10.45135498   3.        
-1.78588903  4.75159502  3.63607788  6.        
-1.49491894  5.88866377 12.63171387  5.        
-1.24588799  1.97975194  2.14840698  2.        
-0.52844203 -9.96873474  2.13360596  2.        
4.22604418 4.76515198 5.43362379 4.        
 6.2165761   4.84623718 -0.26275599  4.        
-4.79155016  9.48635864 -9.78353882  3.        
-0.90912598  8.98744202 -9.47085571  3.        
-8.37911987  6.21257019  1.03979504  6.        
-4.1243062   6.18089294  4.99194288  6.        
-2.9205699   5.9802928   5.81231689  6.        
-6.55175781  8.18766785 -6.98049879  3.        
-0.041618   -3.96946001  1.51437402  2.        
8.25551605 8.09095001 3.26220703 4.        
6.03547716 6.40304613 3.47531104 4.        
5.23336792 5.7276082  4.17575121 4.        
 0.057922   -6.32874298  1.22103906  2.        
6.93651581 7.15737104 3.35147095 4.        
 -4.45149183   9.95589447 -10.96337891   3.        
3.04196191 6.12039995 8.89849854 5.        
-0.259956    8.20082855 -5.57730103  3.        
7.38639116 7.58560181 5.3286438  4.        
0.089767   1.50241899 2.04406691 2.        
-4.37293196  4.65448809  0.20922901  6.        
-0.22520401  2.90926409  3.29681396  2.        
-2.2791369   3.24579597  1.339203    6.        
0.021202   4.18830109 4.10913086 2.        
-1.43409705  8.96624756 -7.57809401  3.        
-1.95174396  4.45737505  3.59738207  6.        
-4.44804382  6.43479204  5.65594482  6.        
-0.350609    5.87219191  6.74029493  5.        
-1.36782801  2.87396193  2.24139404  6.        
-9.32995605  6.57500505  2.04922509  6.        
2.87705994 3.89335608 3.75042701 4.        
5.7411499  6.0294342  4.89163208 4.        
-2.10915399  6.90006304 -3.17282104  3.        
-1.01705205  6.62825823 -3.13091993  3.        
-8.92194366  6.69703722  3.26208496  6.        
-1.68601203  5.22497606 -1.96481299  2.        
 0.171837    6.55679321 13.15518188  5.        
 0.44271901  7.83889818 -9.44030762  3.        
-0.49303401 -4.00375414  1.49533105  2.        
 -3.5338521   10.88310242 -13.18154907   3.        
-0.69033098  7.18444777 -3.43655396  3.        
-1.07057202  0.28989401  1.53164697  2.        
 0.79516602  6.61447906 11.54693604  5.        
1.09777105 6.47901917 7.91213989 5.        
 -0.71216601  10.41344547 -11.40710354   3.        
 0.110306    7.91637421 -4.45031691  3.        
-0.092819    4.67285204  4.56991577  2.        
 -2.6679461   12.34423828 -12.22634888   3.        
0.14375301 1.35092199 1.68496704 2.        
-6.21960402  8.37121582 -6.41229296  3.        
9.34643555 6.46169996 0.76126099 4.        
7.30272722 6.03947401 1.45211804 4.        
 -2.53189898  12.70334625 -12.57507324   3.        
-7.05236816  6.73149109  4.9468379   6.        
 -4.75688887   9.41641998 -11.60678101   3.        
-5.49350691  6.55261183  5.14587402  6.        
0.14591999 1.04814899 0.89431798 2.        
-6.37192488  6.39303589  3.71588111  6.        
-1.29388404  5.82993317  5.69549608  5.        
0.445999   5.33824921 5.14569092 5.        
-3.78009796  4.3899312   0.50564599  6.        
-3.25728607  9.15888977 -6.90588379  3.        
 1.40802002  6.89096785 12.28027344  5.        
 -0.773323    10.17896271 -11.08605957   3.        
 -1.88894606  12.53505707 -12.37341309   3.        
-5.99678802  8.45010376 -8.07955933  3.        
-2.16320801  8.8877182  -6.46484423  3.        
-0.019188   -1.631271    1.84274304  2.        
7.25648499 7.4515152  5.7364502  4.        
-2.31743598  4.08112288  2.18029809  6.        
5.95561218 4.9995122  0.465027   4.        
-9.26881409  6.93261003  4.69223022  6.        
-0.064125    6.25599718  7.8560791   5.        
-0.26997399  8.4243927  -8.74536133  3.        
 -1.83927906  11.52532959 -10.91207886   3.        
-7.8506999   6.81373596  5.29699707  6.        
-5.73946381  4.92043304 -0.62304699  6.        
0.321289   0.43961301 1.75717199 2.        
-6.60377502  8.03444672 -8.01977539  3.        
 3.14052606  6.23886919 10.6975708   5.        
-5.36786604  6.70727491  6.09085083  6.        
5.0568471  5.42363691 5.19494581 4.        
3.57127404 4.33702087 5.69207811 4.        
-4.04584503  6.37159014  5.92553711  6.        
2.6217649  3.44521308 2.91265893 4.        
 -3.99844408   9.53650665 -13.4876709    3.        
-3.33354211  3.96215105  0.187897    6.        
-1.966362    5.71976519 10.82766724  5.        
 -4.51464796   9.63528442 -12.11172485   3.        
-1.21995497  5.88275909  6.35784912  5.        
-5.59394789  5.67079878  0.86123699  6.        
-0.93603498  5.52565002  5.0193181   5.        
-4.18201494  9.24343109 -7.30609083  3.        
2.05098701 6.03214312 6.24771118 5.        
-3.83013892  4.08079481 -0.46795699  6.        
-0.53471398  3.73291802 -0.66616797  2.        
 3.2749939   6.50297499 11.60317993  5.        
0.734909   6.40479994 8.65249634 5.        
0.293571   6.2567668  8.09179688 5.        
-6.94776201  8.10481262 -5.9813838   3.        
-2.04785204  2.808182    1.15573096  6.        
-2.45754194  8.81873322 -6.31802416  3.        
-5.237679    8.76974487 -6.3435359   3.        
-0.43251801 -5.10227203  1.57757604  2.        
3.30699205 4.13710022 5.59991503 4.        
-9.73809147  6.66624498  3.12994409  6.        
3.09946394 4.14899397 3.23403907 4.        
-2.8795011   9.46245575 -7.44125414  3.        
-6.12326002  6.66815901  4.91360521  6.        
 -2.10520911  12.1335907  -11.47833347   3.        
3.21574402 4.18726397 3.7320559  4.        
-0.038727    2.0538559   2.38375807  2.        
2.29460096 3.39733911 3.38299608 4.        
1.33106995 6.03362989 6.40109205 5.        
7.85668898 5.75961304 0.61047399 4.        
-0.69991302 -6.46170807  2.07339501  2.        
-2.35462999  4.53686523  2.64446998  6.        
-4.01938581  4.66924286  0.65832502  6.        
-2.46729302  5.74726105  6.81774902  5.        
-0.31522399 -2.68108392  1.411865    2.        
0.47502899 6.19392395 7.47937012 5.        
 -3.65699792  11.46447754 -12.17477417   3.        
2.68783593 2.97822595 1.83093297 4.        
 0.337715   -4.91938782  2.08032203  2.        
-3.1657939   8.50159359 -5.48080397  3.        
7.43068695 5.45336914 0.24993899 4.        
-0.93580598  6.31567383  8.92565918  5.        
 -0.95801502   9.30173492 -10.17016602   3.        
0.53860497 2.78063202 1.33090198 2.        
-0.89144099  8.5267334  -6.71017504  3.        
-5.53264618  8.34619904 -4.21160889  3.        
7.99810791 7.82104492 2.89227295 4.        
 -2.91606903  11.43944454 -10.87445068   3.        
 -0.59687799   9.55835724 -11.17840576   3.        
5.92312622 6.22253418 2.72241211 4.        
-0.30676299  1.61189306  2.08956909  2.        
-2.19657111  9.94412994 -8.69699097  3.        
-1.77137005  4.39202881  3.01141405  6.        
-3.01396203  5.40284681  3.93127394  6.        
8.49897766 8.39472198 4.44860792 4.        
-5.18312788  6.47616577  5.2807622   6.        
4.93210602 4.5509491  0.21215799 4.        
2.85298896 3.72811103 1.35876501 4.        
 2.38208795  6.78186798 11.86380005  5.        
4.79803514 5.35929108 3.02365088 4.        
4.347404   5.02473497 3.4302671  4.        
-0.71048701  8.3571701  -5.99304199  3.        
 -3.43231201  11.97413635 -12.42764282   3.        
-3.38141608  5.5915761   3.91140795  6.        
-0.694565    6.13420105  7.38888502  5.        
1.13060796 5.93214417 6.09826708 5.        
3.61772895 4.52999878 3.35858202 4.        
1.23246801 6.43982697 7.53897095 5.        
-4.68683577  8.73944759 -5.85192919  3.        
 5.05249786  4.10774183 -0.842224    4.        
-3.90241194  8.25522614 -4.10006714  3.        
-2.99197412  5.74213409  5.01150513  6.        
-5.44694519  8.85965729 -7.58404493  3.        
-0.61264801  4.70397186 -1.84435999  2.        
-0.28505701  2.70805407 -0.057526    2.        
2.68236494 6.04397583 6.61035204 5.        
-7.81945801  5.8656621  -0.16037001  6.        
-2.18637896  5.22012281  4.33047485  6.        
 0.009033   -5.07885695  1.62219203  2.        
2.26578498 3.04676795 2.62423706 4.        
-2.12201691  4.18357086  2.44515991  6.        
 -4.30020094   9.76514435 -12.76531982   3.        
 0.064926    6.32221985 10.92724609  5.        
-6.73320818  7.48553514 -9.90438843  3.        
 -5.24042511   8.44696045 -11.62179565   3.        
 -0.40811199 -10.69044495   2.02487206   2.        
-4.06067705  8.84301758 -6.17611694  3.        
 -2.43666792  12.10179901 -11.97134399   3.        
-0.64185297  8.69822693 -8.93499756  3.        
1.03863502 5.61642504 5.03445387 5.        
2.5056839  3.63673401 3.57891798 4.        
-9.30220795  6.87722778  4.00778198  6.        
4.91369581 4.65284681 0.58380097 4.        
-6.58067322  7.89052582 -8.88735962  3.        
-2.57872796  5.78979492  8.70709229  5.        
7.13748884 7.50911713 4.55477905 4.        
2.39660597 3.40483904 0.89834601 4.        
-8.53833771  6.96104383  5.71502686  6.        
5.98401594 6.03382921 5.53051805 4.        
-5.84257507  6.67578888  5.75451708  6.        
 2.29931593  6.6834259  11.41241455  5.        
 -3.68246508  10.8659668  -13.56561279   3.        
-2.54007697  5.11222076  3.62359595  6.        
9.68915558 8.11868286 2.76446509 4.        
 1.49285102  7.98976898 -7.07922411  3.        
-1.44548798  2.38356805  1.90399206  6.        
 -2.76083302  12.03118134 -11.39205933   3.        
-4.75694323  6.35491896  4.95074511  6.        
-0.009392    2.42996192  2.75442505  2.        
-0.62743402  7.94461823 -4.60839796  3.        
-8.71216583  6.31110382  1.24368298  6.        
-8.20433044  6.55670214  2.39819288  6.        
 -4.07948303   9.9281311  -13.11367798   3.        
1.97035205 3.64404297 4.37487793 4.        
-0.067436   -1.98938799  1.48553503  2.        
-0.402603   -8.55659485  1.80856299  2.        
-0.21354701  0.408463    1.93206799  2.        
-1.57417297  5.97996521  9.8057251   5.        
7.85165405 8.07406616 4.36712694 4.        
 0.21810199  8.11073303 -8.98397827  3.        
 -2.14637804  12.39063263 -11.77557373   3.        
-0.54246497 -0.22818001  1.82763696  2.        
 5.99268293  4.46533203 -0.81155401  4.        
0.42856601 2.13179803 1.57321203 2.        
-6.87610579  6.92631483  6.38836718  6.        
-7.39699602  7.92133284 -6.3347168   3.        
-1.14401996  4.92343903  4.21346998  6.        
-1.27176702  3.20644403  2.37438989  6.        
  0.122406     8.00476837 -10.02575684   3.        
-8.28662872  6.59302521  3.01196289  6.        
-3.32766008  9.00058746 -6.54879808  3.        
-1.10167694  5.96447802 10.56784058  5.        
-0.31308699  6.20664978 12.06387329  5.        
6.19467878 6.18856812 6.0281682  4.        
-2.19287109  5.82788086  7.38528395  5.        
-3.06919909  4.85697222  2.12600708  6.        
-0.68176299  6.88550615 -2.95071411  3.        
1.90895796 3.12050605 3.1217351  4.        
-0.283539    7.99481201 -4.8943181   3.        
-0.25042701  4.19930983  4.35540819  2.        
 -0.165604   -11.37284946   2.03601098   2.        
-8.93928528  6.9200592   5.32723999  6.        
 -2.49542999  12.15837097 -11.54800415   3.        
-2.08113098  4.57051086  3.00061011  6.        
-7.1740489   6.57647705  4.34494019  6.        
 -0.51016998 -12.07802582   2.05938697   2.        
 -4.55689192   8.58359528 -12.82296753   3.        
1.06839001 6.50094604 9.1776123  5.        
-2.76845503  9.73155212 -7.9883728   3.        
 0.18904901 -5.20012712  1.90719604  2.        
1.58332098 1.17208898 2.16830397 2.        
 -0.131523     8.186409   -10.38494873   3.        
-7.88462114  6.75883484  4.74365187  6.        
5.47930193 4.87735701 0.49981701 4.        
3.35823107 5.94738817 8.93817139 5.        
-2.30757904  4.16028595  2.84362793  6.        
 -4.64716291   9.6557312  -10.40167236   3.        
 2.68357801  6.98900604 12.47323608  5.        
-3.43758392  8.74568939 -5.99569702  3.        
3.16065192 3.93003893 4.34106398 4.        
-2.4686811   5.50641584  4.7906189   6.        
 0.240463   -1.36921704  1.79888904  2.        
-2.31763506  5.71099806  5.84588623  6.        
-7.96827698  6.87673187  5.84814501  6.        
 -5.45367384   7.56439209 -12.18933105   3.        
0.48250601 2.11547089 2.82376099 2.        
7.80038404 6.17085314 1.36364698 4.        
-0.166168   -7.51956892  1.79068005  2.        
8.03129578 5.52876997 0.084747   4.        
-2.12347388  6.61378479 -2.87927198  3.        
2.66657305 6.17849016 9.32220459 5.        
1.841995   2.01940894 1.70428503 2.        
-0.383095    4.82076979  4.63180494  2.        
 -5.37684584   7.83896589 -11.86990356   3.        
 -0.43977401   9.96344757 -11.72009277   3.        
7.30164289 6.65837908 2.30599999 4.        
-7.02962494  8.1563797  -5.37020922  3.        
 2.6462481   6.40265703 10.59429932  5.        
-6.75513506  6.34144592  2.8682251   6.        
-0.805466    5.99168396  6.97662306  5.        
 0.01458    -4.58342695  1.543854    2.        
-0.491898    4.52954102 -2.07605004  2.        
 5.12025404  4.30475616 -0.30188     4.        
-1.12409997  8.71504974 -7.08273315  3.        
-2.50778198  3.56400299  1.96041906  6.        
-5.10205793  8.41292572 -3.88534594  3.        
 -5.28193712   9.00370026 -10.00726318   3.        
-1.83612096  5.92031097  6.789886    5.        
-2.51931     3.78640008  1.61453199  6.        
2.23007202 3.51293898 4.10156202 4.        
 -3.86213708  10.28266907 -13.37918091   3.        
 0.47183999  6.56603193 13.74612427  5.        
-0.52188098 -9.39472961  2.18865991  2.        
-6.77024078  8.12267303 -6.36734009  3.        
-6.08184099  8.44293976 -7.19580078  3.        
 0.56703198 -9.19433594  1.824036    2.        
-3.00014496  4.60553694  1.77310205  6.        
-0.33467901  3.4017179   3.17190504  2.        
-7.72558594  6.17777205  1.11639404  6.        
-1.33484697  9.19271755 -8.79769897  3.        
-0.114342    1.65806603  2.37316895  2.        
-3.0434041   5.21828508  3.26690698  6.        
 0.107796    8.23336029 -7.21810913  3.        
-6.03714705  8.40958405 -4.69458008  3.        
-2.14464593  3.66459703  1.96325696  6.        
-3.45362091  9.5947876  -7.93902588  3.        
-2.55205488  5.53556108  8.25796509  5.        
-0.068336    8.23496246 -5.96746778  3.        
-0.69026899  6.31236315 -2.85821509  3.        
9.02790833 6.64577484 1.22845495 4.        
-1.74966395  8.6235199  -6.19927979  3.        
 -3.83411407  10.51209259 -13.08435059   3.        
5.3215332  5.49017286 5.72235107 4.        
 4.710464    3.84362793 -1.21643102  4.        
 1.49031103  6.59490204 10.30307007  5.        
3.19629693 3.90883589 2.14315796 4.        
1.36293805 5.85366821 5.55511522 5.        
-1.08886695  8.4756546  -6.26406908  3.        
 -0.72884399 -12.23452759   1.80761695   2.        
-0.144997   -8.16425323  1.92147803  2.        
-6.60277605  8.25776672 -5.77212477  3.        
 -0.406425     9.07689667 -11.24291992   3.        
-3.79842401  4.92424011  1.30328405  6.        
-5.6295619   8.52144623 -9.99429321  3.        
 0.370529    8.15862274 -7.76150513  3.        
-1.11624897  1.86492896  1.86532605  2.        
-3.43557692  9.83956909 -8.48245239  3.        
-0.55827302  8.64277744 -9.28359985  3.        
1.19216895 6.47793579 8.64489841 5.        
-0.046646   -3.93473101  1.919312    2.        
-5.04895782  5.34209394  0.70806903  6.        
 -1.41999805  10.70617676 -10.48217773   3.        
-1.81967199  5.70784807 -2.41027808  3.        
-6.04621887  8.04276276 -9.75540161  3.        
4.57050323 4.84577179 6.33184814 4.        
3.09273505 6.02085876 7.04351807 5.        
-7.17186689  7.52661896 -8.0222168   3.        
8.45392609 8.21434784 3.47567797 4.        
 0.62348902  7.9634552  -8.64016724  3.        
-1.07368505  1.17913795  1.98318505  2.        
-4.79238892  8.38895416 -4.21112108  3.        
 0.654091    6.50134993 10.21438599  5.        
2.61611199 6.27481079 9.95550537 5.        
-1.84810603  5.72480822 11.68942261  5.        
 -5.00962114   9.26808167 -10.02630615   3.        
 6.80788422  5.04375505 -0.272461    4.        
-0.519409    6.37464905  8.4876709   5.        
 -3.68115211  10.4577179  -13.63687134   3.        
 1.96407294  7.24477386 13.1322937   5.        
 7.70327806  5.04023695 -0.74917603  4.        
 -1.63848102  11.88806152 -11.75479126   3.        
6.79550219 5.68315887 1.15179396 4.        
-0.98176599  7.80818892 -4.59137011  3.        
-0.612122    3.13622308 -0.61807299  2.        
-7.90673113  6.67188311  4.1343689   6.        
-2.21693397 10.12030792 -8.97888184  3.        
7.32007599 7.3980031  2.97802711 4.        
5.21209002 4.87659502 0.839966   4.        
 0.166214    6.38236189 11.46578979  5.        
-9.44758606  6.64100599  2.81909204  6.        
4.31526995 5.01925707 4.11605787 4.        
-1.33580005  9.04125977 -8.09664917  3.        
2.77594805 3.53741503 1.80520594 4.        
 1.59542799  7.14882708 13.54522705  5.        
-1.20608497  6.01660204 10.21282959  5.        
-0.37970001  6.34346008  7.95352221  5.        
-5.4005661   8.82133484 -7.01190186  3.        
 0.062111   -8.61521912  1.63827503  2.        
1.76743305 6.45291901 9.38095093 5.        
-9.30023956  6.25369978  1.80413795  6.        
-0.77442902  3.97509789 -1.22924805  2.        
 2.42475104  7.04670715 12.63372803  5.        
-7.09039307  6.40274096  2.79763794  6.        
-2.65633392  9.99613857 -8.54199219  3.        
 -3.93241096  10.90290833 -13.74038696   3.        
-1.938972    7.0075841  -3.80023193  3.        
-5.20629883  5.27175903  0.42202801  6.        
 -1.60877204  10.62073517 -10.24825954   3.        
-4.48625183  9.57802582 -9.0680542   3.        
 0.174255   -2.31044006  1.60400403  2.        
-5.19233704  6.00760603  3.27127099  6.        
-1.50827003  5.87410688  5.45327806  5.        
-5.77126312  5.970047    2.43853807  6.        
-0.46037301  8.1151123  -5.17370605  3.        
-2.78956604  7.92805481 -4.79892015  3.        
-4.06385803  5.32421923  1.94909704  6.        
7.633461   7.79615784 4.96969604 4.        
-1.78792596  6.39753723 -2.78088403  3.        
0.13736001 3.83367205 3.72509789 2.        
