 2.72388506 -1.24416304  4.90670776  5.        
 10.39368439  23.05038452 -10.96490479   3.        
 -0.668625   -23.73796844  -1.06607103   2.        
-10.24875641  13.02243042   5.53268385   4.        
-8.72366333  2.20287299 -7.43807983  6.        
 3.91396308 13.09554291 -0.97109997  2.        
 -1.40942395 -11.2518158   -1.38275099   2.        
-0.054871    3.525208   -3.12725806  7.        
11.66532898 17.13979149 -4.04998779  3.        
-1.58454096 11.96032047  7.65457201  4.        
 3.98069811 20.79549408 -5.54333496  3.        
-3.83219099 -3.48543501 -1.93676805  2.        
-2.6347959   8.22208405  1.61447096  2.        
-7.36339617 10.88136292 11.63583374  4.        
-9.51634216  0.33308399 -1.14193702  6.        
 -1.07174695 -17.49367523  -1.14474499   2.        
-5.07061005 13.39127254  2.68060303  4.        
 2.603302   -2.84555793 10.41168213  5.        
-2.04504395 -2.2309339   7.22137403  5.        
 2.1114881   8.04280758 -1.148193    2.        
11.71343231 17.87693024 -9.35272217  3.        
 6.73809814 17.38472748 -2.12051392  3.        
-0.68759203 -3.96678209  2.11654711  2.        
-4.5182271  -0.197914   -5.86599684  6.        
  5.85171509  21.65220642 -10.00463867   3.        
 8.49343109 19.74188995 -6.38211107  3.        
-1.54444098  0.19805101 -0.103485    2.        
-6.09707594 12.13284302  7.20788622  4.        
-12.00447083   1.78393495  -4.53967285   6.        
-10.88162231  10.42276764   8.98550415   4.        
-1.30438995 -6.91846514 -1.02899206  2.        
-2.03150201  4.25797987  0.541107    2.        
 5.53172302 -1.65901995  7.92291307  5.        
-5.44974518  0.111069   -1.234833    6.        
-2.35442305 10.96994781  4.13497877  4.        
-3.97917199 11.26302338 10.37841797  4.        
-7.60965014  0.81247699 -4.28237915  6.        
 1.22233605 -1.772789    7.70043898  5.        
 9.65445042 20.33127594 -9.42337036  3.        
 -0.45659599 -20.59040833  -0.736938     2.        
-8.13444519 13.5774231   3.27783203  4.        
 -1.26208496 -14.38019562  -1.23422205   2.        
-0.314156   -2.14271498  4.68658495  5.        
-1.02362096 -3.01287103 -0.76693702  2.        
 1.094437    5.19429016 -0.86984301  2.        
 9.64283752 18.0907135  -2.12109399  3.        
 6.19847918 19.15960884 -4.5100708   3.        
 4.35492706 15.71608734 -1.98916602  2.        
10.77935028 18.11486816 -6.69271803  3.        
-8.11634064 11.30109406  8.97979736  4.        
 6.04774523 20.68143463 -7.40884399  3.        
-5.25987196 -1.51382399 -3.56375098  6.        
 0.065895    2.400177   -0.64129603  2.        
 3.14833808 10.5652771  -1.56893897  2.        
  7.75750017  23.50001526 -10.50817871   3.        
 1.28642297 -2.0989151   2.54074097  5.        
 11.35310364  20.10315704 -11.46560669   3.        
-4.70163012 11.87971497  4.96240187  4.        
-6.17015123  1.21723199 -7.31698608  6.        
 4.48060608 18.0243454  -3.0627749   3.        
 0.13460501 -2.97251105  9.57736206  5.        
 9.40997314 18.34360504 -4.5569458   3.        
-9.86158752  1.32205999 -3.46502709  6.        
 4.93276978 -0.63603997  5.68777514  5.        
-3.92153907 11.74163818  8.05990601  4.        
-7.71754503 12.72057343  5.42981005  4.        
-9.37966919  9.93644047 10.87762547  4.        
-10.95040131   2.30098009  -6.68734694   6.        
 7.86586809 21.56396484 -8.62176514  3.        
-9.81786346 11.73167419  7.41333008  4.        
-2.15396094  3.32170892 -2.33752394  7.        
-1.78221905  4.03037977 -4.4777832   7.        
 3.42913103 -1.262398    7.30514479  5.        
-1.35076904 -9.08770847 -0.60714698  2.        
-5.98200989 11.64651489  9.43655396  4.        
-0.73934901 -5.76893616  0.75665301  2.        
-2.3385849  -4.97827101 -1.33935499  2.        
-7.45023394  0.093964   -0.33642599  6.        
 3.98772407 20.47638702 -7.98898315  3.        
 2.52464294 -0.42732999  2.97195411  5.        
-9.16890717  1.69912696 -5.44473314  6.        
-1.98657203  2.26552606 -0.122986    2.        
-2.08490705  6.31606293  0.95754999  2.        
 4.44866896 -2.34661102  9.56390381  5.        
-2.89949012 11.79852295  6.09466505  4.        
-7.79224396  0.473793   -2.30474901  6.        
-3.73570991 11.88254547  2.9902041   4.        
-2.91747999  9.95417023  2.47042894  2.        
 4.53084612 19.8720932  -3.8127749   3.        
 7.72701311 18.36438751 -3.603333    3.        
-6.33289289 12.92694855  4.06671095  4.        
-1.063591 -1.168854 -1.358917  2.      
 9.84706116 19.41136932 -7.74179077  3.        
-7.99063921 12.2142334   7.25112915  4.        
-5.88105822  0.080498   -4.49151611  6.        
-5.56083679 11.28870392 11.40411377  4.        
 9.15622711 22.01807404 -9.98983765  3.        
 1.08349597 -1.68373096  5.78595018  5.        
-7.4477458   1.42052495 -5.98431396  6.        
 2.82630205 -1.91456604  8.85925293  5.        
-0.326805   -2.05693793  6.81863403  5.        
 3.83334303 -0.005661    4.31961107  5.        
-0.62856299  0.98680902 -1.43310499  2.        
-4.47100782 -1.85539305 -1.92163098  6.        
 -1.19367194 -15.87861633  -2.13586402   2.        
-1.86171699 -1.79969001  5.42544603  5.        
 10.74855042  19.09989929 -10.17883301   3.        
 6.83261919 19.93575287 -5.98400879  3.        
-2.63827491 11.26771545  9.08706665  4.        
12.0976181  17.24050903 -6.04998779  3.        
-6.14847612 -0.09893    -2.75949097  6.        
 10.26934814  21.34049988 -11.14328003   3.        
 -0.97002399 -19.12898445  -1.47909498   2.        
-11.33302307   0.91903698  -2.81188989   6.        
-1.18933105 -2.49219489  8.61654663  5.        
 1.37744904  6.64907789 -1.61660802  2.        
 -0.91732001 -22.11932373  -1.17501795   2.        
 7.9621892  19.30415344 -4.9102478   3.        
-6.01137495 12.57658386  5.61923218  4.        
11.98622131 17.63511658 -7.7775569   3.        
-4.58362579 12.14750671  6.54959106  4.        
-0.070068   -2.84686303  3.09973097  5.        
 1.16998303 -1.80761003  4.16934204  5.        
 -1.11914802 -12.80752563  -1.05181897   2.        
 0.74816102  3.72044396 -1.34658802  2.        
-9.02968597 13.20025635  4.53671312  4.        
 6.04711103 18.06707001 -3.38790894  3.        
 7.72023821 20.79574585 -7.27053785  3.        
 5.30875397 20.77082825 -8.84780884  3.        
 1.41829997e-02 -1.83194046e+01 -4.07714993e-01  2.00000000e+00
-9.33415222 10.45818329  9.39672947  4.        
 5.31350708 16.85427856 -2.35580397  3.        
 5.34992218 20.08460999 -5.63275194  3.        
-1.06601703  2.47080994 -1.66320801  7.        
-4.21324921 -0.73721302 -4.47299194  6.        
-10.47573853   1.96867394  -4.71560717   6.        
 9.71897888 18.97897148 -5.92330885  3.        
-5.87837982  0.57800299 -5.92196703  6.        
10.72440338 17.83946991 -5.10574293  3.        
10.39131927 17.75571442 -3.52832007  3.        
-1.059021   -4.58037615 -0.64797997  2.        
 4.58348083 14.44032288 -1.22543299  2.        
 8.23319244 17.77417755 -1.72653198  3.        
 7.23151398 22.20659637 -9.89160156  3.        
 9.00721741 20.68663788 -8.13916016  3.        
-6.77350616 13.41869354  2.74255395  4.        
-9.13581085 12.57614899  6.40515089  4.        
10.72669983 18.82429504 -8.7333374   3.        
-7.10617781 11.20903778 10.23641968  4.        
-0.012856   -6.54790497 -0.49563599  2.        
 1.58519006 -2.41068292  9.40612793  5.        
-6.95110321 11.81535339  8.33270264  4.        
 2.25165606  9.50178528 -1.27893102  2.        
 2.29925489 -1.36188495  6.45202589  5.        
-5.08879089 12.2827301   3.68634009  4.        
 5.66979218 15.82288361 -1.50207496  3.        
  9.13047028  23.33240509 -10.44351196   3.        
 4.10249281 -1.60512495  8.45874023  5.        
-7.47641802  1.63739002 -7.34713697  6.        
 3.285393   11.96335602 -1.41717505  2.        
-10.44381714   9.60945892  10.08361816   4.        
 3.55003405 -0.99900103  5.96005201  5.        
 4.81185913 20.51450348 -6.87423706  3.        
-8.33836365 10.65638733 10.34173584  4.        
-8.59075165  0.90029901 -3.30694604  6.        
-3.37968397 11.50349426  4.8729248   4.        
 0.109573   -2.23478699  8.38290405  5.        
 6.58797407 21.1459198  -8.63320923  3.        
-2.02253008 -2.24666595 -1.23507702  2.        
-5.18869019 12.03290558  8.38375854  4.        
-1.66690803 12.29827881  6.24679613  4.        
 4.71118879 -1.23008704  6.93533278  5.        
 8.96752167 18.00628662 -3.31640601  3.        
-0.136528    0.057632   -0.63189697  2.        
-5.13516188 -0.76057398 -2.24926805  6.        
-6.72694397  0.177956   -1.48577905  6.        
-0.999268   -9.94403076 -1.52310205  2.        
-2.7821269  11.38640594  7.56036377  4.        
-9.98265076  0.82003802 -2.27960205  6.        
-1.46595001 -2.05548906  4.13680983  5.        
-1.36413598  3.39363909 -3.33877611  7.        
-9.6493988   2.06873298 -6.57043505  6.        
 -0.99162298 -16.01120758  -0.88546801   2.        
-9.28273773 11.36898041  8.49966431  4.        
-10.87852478  11.33849335   8.1199646    4.        
-10.55374146  12.30847931   6.58590698   4.        
-0.312996   -4.63830614  1.133026    2.        
-4.40873718 11.39067841  9.21417236  4.        
 10.49786377  20.30046844 -10.32559204   3.        
 2.34999108 -1.37437403  3.73370409  5.        
-2.12684608 11.73761654  5.06158495  4.        
-3.716187   -2.47695208 -2.65551805  2.        
 5.13811493 18.77670288 -3.76751709  3.        
-1.20629096 -8.10766602 -1.290833    2.        
-6.79674482  0.77216297 -5.17001295  6.        
-1.659325    1.18438697 -0.85031098  2.        
-3.19295502 10.784935    3.29608202  2.        
-11.50621796   2.04953003  -5.59646606   6.        
-7.06946611 12.53753662  6.42013502  4.        
 0.35409501 -3.23970795  2.05142212  2.        
-7.66455078 13.05661774  4.28396606  4.        
-1.21546197 -5.67176819 -1.10714698  2.        
-11.09788513   1.60867298  -3.762146     6.        
-5.15940094 11.31557465 10.23138428  4.        
-9.03929901  1.33326006 -4.31961107  6.        
-2.02963996  7.23270416  1.84716797  2.        
-1.15327406 -6.77712202  0.299683    2.        
-0.64024401  3.9274981  -4.10015917  7.        
 2.3881681  -1.58599901  7.81631517  5.        
-1.98712206 -0.64099097 -0.79098499  2.        
 -1.30486298 -20.47373962  -1.53387499   2.        
 4.30837202 13.83573914 -2.1882019   2.        
-2.13555908  3.41181993 -0.27371201  2.        
-2.33167291  8.71546936  2.62240601  2.        
-8.19967747  0.216988   -1.24905396  6.        
-2.79351807 -3.87895989 -1.60342395  2.        
-1.45453596 -2.60240889  6.30139208  5.        
-7.01767015  0.49160799 -3.35617089  6.        
-5.22601318 -0.37869999 -3.5440371   6.        
 8.94352722 21.27099609 -9.10870361  3.        
-2.37645698 -6.10965681 -1.40011597  2.        
-0.208893    3.19186401 -2.05889893  7.        
11.00882721 18.2864151  -7.78900194  3.        
-4.25858307 -1.41844201 -2.92797899  6.        
-8.43983459  1.93132806 -6.39251709  6.        
 0.70655102  4.88575697 -1.86904895  2.        
-8.87662506  0.65553302 -2.14776611  6.        
-0.70639801 -2.01325989  5.73526001  5.        
-4.0748291  12.95808411  2.89913893  4.        
-3.66832709 11.69051361  6.96899414  4.        
 3.74628401 20.59552765 -6.60394287  3.        
-8.14221859  1.45661902 -5.12933397  6.        
-4.19670916 11.65028381  3.96133399  4.        
-1.68715703 -3.78292894 -1.17694104  2.        
-1.77809095  5.20079803  1.03787196  2.        
 7.57988024 17.86699677 -2.60781908  3.        
-8.23996735 10.29695892 11.35049438  4.        
 4.04089403 -0.80226099  5.00753784  5.        
-2.19267297 10.18577576  3.22576904  2.        
 1.74649    -1.02374995  2.53976393  5.        
-1.37478602 -1.61810303 -0.44073501  2.        
 3.4348681  -2.52620697  9.82955933  5.        
 5.20513201 19.52467346 -4.60116577  3.        
 -1.44094801 -10.38863373  -0.66986102   2.        
-10.30891418   2.0243299   -5.7529912    6.        
  9.76120758  21.03845978 -10.19552612   3.        
 3.1494751  -0.763771    4.03729296  5.        
  8.35434723  22.69167328 -10.01403809   3.        
 8.95237732 19.25518799 -5.26553297  3.        
  6.47707415  22.72655487 -10.3913269    3.        
 5.13387299 -1.95040095  8.84075928  5.        
-6.41315508e+00  3.88999993e-04 -3.22753996e-01  6.00000000e+00
 8.85313416 20.03699493 -7.34216309  3.        
 9.95352173 19.56586456 -8.76208496  3.        
 4.56575012 20.30461884 -4.81610107  3.        
-8.36335659 11.78157806  8.10562134  4.        
-1.02514601 -2.34805298  7.61358595  5.        
 8.46643829 18.63851929 -4.28796387  3.        
 6.00475311 20.32077026 -6.44555712  3.        
 5.00514984 20.47787476 -7.90567017  3.        
 0.131615    1.41024804 -0.90011603  2.        
-6.81509399 12.87917328  4.98303223  4.        
-5.65759993 12.44799042  4.67324781  4.        
 1.71513402 -1.21240199  5.01812696  5.        
 7.19833422 18.95632935 -4.33978319  3.        
11.74134064 17.23681641 -5.056427    3.        
-5.37597704 -0.072655   -5.34600782  6.        
-3.9401629  11.85664368  5.83877611  4.        
  9.57410431  22.45441437 -10.78808594   3.        
-1.01960695 -0.18898    -1.16153002  2.        
-6.56219482 11.22195435 11.14642334  4.        
3.08366394 0.158371   3.55603004 5.        
 0.78102899 -1.78161597  6.7312932   5.        
-0.69036102 -2.61858392  3.84634399  5.        
 9.99481964 18.89342499 -6.87588501  3.        
-9.08827972 13.04524994  5.51647902  4.        
-5.11034393 12.22987366  7.41415405  4.        
 0.60591102 -2.17543006  3.37692308  5.        
-7.05592299 11.54657745  9.28198242  4.        
 1.72683001 -1.89060998  8.57351685  5.        
-1.14385998  3.35754395 -2.32595897  7.        
 6.9165802  20.28603363 -7.02252197  3.        
-6.69797516  1.04326606 -6.50671387  6.        
-5.76730299 12.85809326  3.26882911  4.        
 -1.53855896 -16.77764893  -1.62265003   2.        
-1.28934503 -7.72478485 -0.39453101  2.        
 6.05751801 16.74094391 -1.73678601  3.        
 -1.02449799 -18.40302277  -0.80831897   2.        
 1.52402496 -2.92568994 10.22656345  5.        
 0.603477   -1.93184698  4.94760084  5.        
 6.90940905 19.43071747 -5.15988207  3.        
 11.34853363  19.21172333 -10.93081665   3.        
11.57427216 17.55768585 -6.78640795  3.        
-1.08303797 -4.97026777  0.36682099  2.        
10.54437256 17.95663452 -2.60980201  3.        
-5.52374315 12.13274384  6.39694214  4.        
 8.16526794 21.92136383 -9.48937988  3.        
-2.14726996 11.51099396  8.31115723  4.        
-3.46812391 11.10370636  9.59606934  4.        
11.21868134 17.50189972 -3.14147902  3.        
-10.07097626  10.88865662   8.83657837   4.        
-8.20377445 12.60692596  6.23409986  4.        
 1.25530195  4.21381378 -0.720245    2.        
 7.72045898 19.58808899 -5.86694288  3.        
-0.008331    2.20108795 -1.55761695  2.        
 7.3526988  20.95272827 -8.12121582  3.        
-6.12378693 11.47646332 10.34817505  4.        
 0.204254   -1.92889404  5.99942017  5.        
-3.40461707 -2.69752502 -1.66464198  2.        
-1.17610204 -5.94423723 -0.128571    2.        
-8.96088409 11.9513092   7.1056819   4.        
-7.01399183 12.19238281  7.37930298  4.        
11.29029846 17.651474   -5.82434082  3.        
 6.6231308  21.51844025 -9.48703003  3.        
 6.08084917 17.29205322 -2.77069092  3.        
-10.85285187  11.82113647   7.31607103   4.        
 1.26001704  6.10877991 -0.875763    2.        
 11.07720947  21.23719025 -11.57327271   3.        
-2.10108209 11.75832367  6.84786987  4.        
-6.69014692  0.467758   -4.30255079  6.        
-5.085114   -0.45959499 -4.46328688  6.        
 7.68660688 20.25298309 -6.53234911  3.        
 3.61006188 11.25758362 -0.94009399  2.        
 -0.77698499 -21.25228119  -1.41119397   2.        
 0.74740601 -2.40528107  9.05932617  5.        
 11.42314911  18.49486542 -10.17584229   3.        
-1.39783502 -9.02056885 -1.50766003  2.        
 9.23471832 19.38239288 -6.85412598  3.        
 10.63800812  22.13894081 -11.33758545   3.        
 -1.36684406 -12.16003418  -1.62567103   2.        
 1.44677699 -1.67778802  3.31118798  5.        
 -1.12009394 -15.24668121  -1.38619995   2.        
-1.44193304  3.02490997  0.127747    2.        
-2.49333191  7.14628601  1.09320104  2.        
-6.23052216  0.088631   -3.62240601  6.        
10.00074005 18.31502533 -5.29165697  3.        
-7.04324293 13.04314423  3.49581909  4.        
 5.02204084 15.22454834 -1.447052    2.        
 8.78339386 18.1264267  -2.32070899  3.        
-2.35813904  5.54034424  0.46530199  2.        
 4.67059278 -1.516541    7.78875685  5.        
-6.05051422 11.9779892   8.20449829  4.        
10.20506287 19.57575989 -9.60571289  3.        
 4.31761217 18.95067596 -3.50616503  3.        
-3.29229689 11.26500702  8.44122314  4.        
-10.17120361  10.2166748    9.48217773   4.        
-2.07993293  3.80992889 -3.618927    7.        
 1.54672205  7.37563276 -1.14782703  2.        
 6.15358686 19.80768585 -5.38262892  3.        
 0.36606601 -2.00067091  7.46615601  5.        
11.4954071  17.97955132 -8.44396973  3.        
-5.25101519  0.13848899 -6.3378911   6.        
 6.90634203 18.06398773 -3.25009203  3.        
 3.53858209 13.34275818 -1.71356201  2.        
 -1.26367998 -13.48084259  -1.57803297   2.        
 4.69203901 20.52266693 -5.98025513  3.        
-6.90561724  0.24424    -2.53106689  6.        
 0.42645299  3.212219   -0.73156703  2.        
-1.22061896 -2.136024    4.96188307  5.        
 2.61715698 -2.39593506  9.59960938  5.        
10.24826813 17.89053345 -4.39233398  3.        
 -0.51352698 -22.86775208  -1.05352795   2.        
 5.25833082 17.69535828 -2.9090271   3.        
 8.23133087 21.05193329 -8.04067993  3.        
-1.70214796  1.05863202 -0.007172    2.        
-0.58332801 -3.46914697  2.80123901  2.        
 3.64504194 -2.04007006  9.0604248   5.        
-1.20601702 -2.4355619  -1.38992298  2.        
 -0.74758899 -19.74441528  -0.93572998   2.        
 4.49103498 17.3036499  -2.61148095  3.        
-1.51291704 -4.8564992  -1.49945104  2.        
-9.34563446  1.08841705 -2.83258104  6.        
-4.58454895 -1.00673699 -3.76089501  6.        
-3.38906097 11.19589996  4.0839839   4.        
-5.93944502 -0.17509501 -1.86294603  6.        
 2.70529199 10.15634918 -0.97540301  2.        
-5.24855804 12.11267853  5.56420898  4.        
-9.63459778  1.81493402 -4.67507887  6.        
-1.07712495  1.68472302 -1.19796801  2.        
 2.75644708 -1.18751502  5.74835205  5.        
 9.79026794 18.07408905 -2.96508789  3.        
-8.3771286  0.04689   -0.444489   6.       
-1.78141797 -9.77529907 -1.133026    2.        
 6.46298981 18.42498016 -4.0244751   3.        
-2.7858429   9.15501404  2.06930494  2.        
 10.66256714  20.57932472 -11.09933472   3.        
-10.44688416   1.23245203  -2.87387109   6.        
-9.56227875  0.096878   -1.94229102  6.        
-0.79172498 -0.71536303 -0.553711    2.        
-7.6661911  10.78629303 10.81451416  4.        
 3.35813093 -1.53884101  8.08557129  5.        
 4.34288788 -1.09571099  6.20288086  5.        
 5.08892822 16.11013031 -2.06802392  3.        
-0.55259699 -2.74935889  9.07885742  5.        
 1.58286297 -1.64218903  6.87286377  5.        
-8.37612057 12.95414734  4.977386    4.        
 4.25649309 14.89642334 -1.97555494  2.        
-10.05535889  11.29417419   8.08636475   4.        
-9.63799286  9.9930191  10.0965271   4.        
11.00011444 17.56123352 -4.33023119  3.        
-8.66075897 10.88114929  9.6187439   4.        
-5.95582581 13.36529541  2.64929199  4.        
-9.5125351   2.40662408 -7.33306885  6.        
11.15686798 18.53479004 -9.36758423  3.        
10.53392792 18.26609802 -5.92764282  3.        
-5.18981218 11.62799835  9.17849731  4.        
 3.91493201 12.57834625 -1.60232496  2.        
-1.09325397  0.60509503 -0.75875902  2.        
 9.49623871 19.99942017 -8.25128174  3.        
-7.83700609  0.61626399 -3.22985792  6.        
 4.09524488 13.80542755 -1.34045398  2.        
 4.62482405 20.38661957 -8.6512146   3.        
 10.76287079  19.79882812 -10.8996582    3.        
-4.65143585 -0.607292   -5.184021    6.        
-5.76287794  0.71190602 -6.70877123  6.        
 0.72648603 -2.88182807  2.66992211  5.        
 2.0603869   8.79881287 -1.62069702  2.        
 9.6105423  18.01298523 -3.85217309  3.        
-0.93518102 -5.13546705  1.22464001  2.        
 5.91555023 21.18760681 -9.31033325  3.        
-1.78907001  0.426476   -1.11047399  2.        
-8.66012573 13.42893982  3.86550903  4.        
-9.73094177 13.24685669  4.91772509  4.        
10.44173431 18.79228973 -7.54598999  3.        
-4.40660095 12.22071838  3.256531    4.        
 -1.26004803 -18.23080444  -1.54962206   2.        
 2.0477221  -1.63085198  4.42782593  5.        
 0.062164   -2.4327929   4.02831984  5.        
  9.92989445  21.76820374 -10.46087646   3.        
-7.87246704 11.08544922  9.86218262  4.        
-10.24367523   2.40314507  -7.03314209   6.        
 7.38459778 21.66440582 -9.33435059  3.        
-1.99151599  8.22764587  2.06979394  2.        
-4.36508894 11.8525238   7.4181819   4.        
 1.85450697 -1.42590296  5.8059082   5.        
 6.68187714 20.58305359 -7.86389208  3.        
 5.87702179 20.79391479 -8.30468845  3.        
-3.16547394 -4.20458984 -2.21490502  2.        
-6.28520203 12.49086761  6.44992113  4.        
 0.64678198  4.54385424 -1.16729701  2.        
-5.53598022 -0.85936701 -3.01382494  6.        
 7.47144318 17.63696289 -1.75146496  3.        
-2.27942705  9.53761292  2.81384301  2.        
-4.92436981 11.40694427 10.98199463  4.        
-11.23710632   1.84706903  -4.49212694   6.        
-4.548172   12.26213837  4.27087402  4.        
-10.27935791   1.55332994  -4.06939697   6.        
 6.42962694 22.17029572 -9.84188843  3.        
 3.29383111 -0.67691803  4.8873601   5.        
  7.26351881  22.76418304 -10.41241455   3.        
 0.906174   -2.791466    9.69815063  5.        
 3.06526208 -1.204597    6.51187086  5.        
 8.30158234 17.91181946 -2.95889306  3.        
-11.82268524   1.43938506  -3.60125709   6.        
 -0.86689001 -13.51961517  -0.92941302   2.        
-7.48925781  0.185837   -1.51855505  6.        
-7.78042603  1.53945899 -6.65786695  6.        
-1.777946   -1.32605004 -1.041412    2.        
-1.88449895  4.97126007  0.300354    2.        
 1.64839196 -2.32838392  3.89572096  5.        
 0.86196101 -2.043648    8.30917358  5.        
-7.50301409  1.08304596 -5.3085022   6.        
-9.07642365 11.78187561  7.85189819  4.        
-9.68569183 12.26387024  6.82006788  4.        
-4.93586016 12.79067993  3.1177671   4.        
 9.075737   19.41296387 -6.03329515  3.        
-1.59284198 -6.28358507 -1.33563197  2.        
 1.03428698  5.71286011 -1.47647095  2.        
-8.33640957  1.09497094 -4.43481398  6.        
 4.12824202 20.4149704  -7.22479296  3.        
-6.85279799 12.67613983  5.70455885  4.        
-10.04015446  12.62415314   6.13284302   4.        
-2.06247711  3.16167498 -3.06423903  7.        
-0.72483802  3.78442407 -3.36099195  7.        
-9.02101135 10.41153717 10.15872192  4.        
-7.57634687 11.96464539  7.953125    4.        
-1.62650299 -7.48290205 -1.39205897  2.        
-1.83380103 -5.29715014 -0.89804101  2.        
 5.11065722 21.11795807 -9.47299194  3.        
-1.02445197 -3.75418091 -0.73584002  2.        
 9.58068943 21.13749695 -9.48339844  3.        
-1.11940002 -2.27507806  6.87527514  5.        
-0.194481   -3.77548194  1.59973097  2.        
-1.88857996 -2.00410509  6.30682421  5.        
 2.75155592  8.96513367 -1.19308496  2.        
-2.29011512 12.05781555  5.76965284  4.        
-2.92397308 11.78174591  6.95455885  4.        
-1.36131299 -2.33663893 -0.678101    2.        
 0.193939    2.8928299  -1.35034204  2.        
 2.32910204 -1.134323    2.9806211   5.        
-4.88987017 -1.47687495 -2.55914307  6.        
 9.39138794 20.70108032 -8.76123047  3.        
-0.22831     0.74892402 -0.84805298  2.        
 8.43367004 20.68288422 -7.44570923  3.        
-4.10575104 11.54647827  4.67636108  4.        
-0.82437903 -7.19692183 -0.216003    2.        
 -1.09886205 -16.77451324  -1.04681396   2.        
-1.79653895 -2.93234992 -1.17495704  2.        
-4.43943787 -2.08552599 -2.71603394  6.        
-1.03621697  3.99364495 -4.70007277  7.        
-8.92956543 -0.072769   -1.03872705  6.        
 3.00630212 11.38212585 -1.73828101  2.        
-4.56877899 11.68914032  8.51055908  4.        
-5.00785112 -0.37322199 -1.65603602  6.        
 3.99690294 -1.235237    6.85562086  5.        
 -1.19632697 -11.84138489  -1.00472999   2.        
-2.78157806 11.62075043  5.33163404  4.        
 5.07706404 -0.86691999  6.35086107  5.        
-6.08246613  0.390396   -5.10559082  6.        
-2.66172004 11.28309631  4.70126295  4.        
-2.89418006 -4.60164595 -1.68484497  2.        
 -1.25766003 -11.16716003  -0.68923998   2.        
 6.8981781  17.47741699 -2.8092649   3.        
-1.52549696  1.77584803 -0.359375    2.        
 -0.897636   -19.8261795   -1.62670898   2.        
-8.19096375  1.77562702 -7.23825121  6.        
-0.54331201 -2.38237     8.1418457   5.        
-2.19066596  6.56530809  1.66809106  2.        
-6.45380402 11.69489288  8.91204834  4.        
 5.78990221 18.81555939 -4.03713989  3.        
-0.103447   -2.09960198  5.38037109  5.        
-1.35974097  3.83171797 -3.95223999  7.        
-1.83033705 -8.50550079 -1.30606103  2.        
-8.38647461  0.70790899 -2.64620996  6.        
  8.53697205  23.70269012 -10.41174316   3.        
-4.73451185 -0.91237599 -3.01400805  6.        
-8.92513275 10.89554596  8.97247314  4.        
-1.16461205 -8.41895294 -0.53356898  2.        
-3.92866492 -2.36518097 -1.98431396  2.        
 2.33364892 -1.00257897  4.32479906  5.        
-2.12962294  5.7196269   1.34445202  2.        
 5.26112413 -1.27316296  7.40872192  5.        
 8.2613678  20.13686371 -6.90988207  3.        
-1.51998103 -0.942909   -0.34847999  2.        
-10.87918091   2.21283007  -5.34106398   6.        
-5.72805023 12.60684967  3.93893409  4.        
-3.9698329  11.35991669  8.63976955  4.        
-6.594841   11.51491547  9.83804321  4.        
-0.318977   -2.19580102  7.51171923  5.        
 8.38883209 19.5891037  -5.67977905  3.        
-8.30846405  1.56907594 -5.79302979  6.        
 5.30899096 20.43127441 -6.39910889  3.        
-0.67053998  3.32444    -2.84649706  7.        
 -1.20692396 -10.58898163  -1.28878796   2.        
 5.19664812 18.24458313 -3.33016992  3.        
-2.62697601 10.45161438  3.69277906  2.        
-4.64228106 11.98493958  5.86706495  4.        
  9.91561127  23.31965637 -10.54711914   3.        
-8.71103668 10.28619385 10.84841919  4.        
-6.95011902  0.055862   -0.84634399  6.        
 9.41574097 18.72518921 -5.12957811  3.        
 2.75535607 -1.38789403  7.24429321  5.        
 7.17948914 21.58078003 -8.6524353   3.        
-7.5475688  11.61870575  8.61138916  4.        
-6.09689283 -0.08345    -1.11148095  6.        
-0.78621697 -4.30016279  1.49810803  2.        
-6.86009979  1.25698102 -7.13821411  6.        
11.21923828 17.9309082  -7.23934889  3.        
-7.5479579  13.39160919  2.97534204  4.        
-1.57020605  3.10709405 -1.85348499  7.        
-1.29993403 -1.80928802 -1.11486804  2.        
 0.48389399 -2.93139601  3.4906621   5.        
10.27755737 19.18345642 -8.22079468  3.        
-3.66121697 11.27330017  3.38470507  4.        
-10.82848358   1.058815    -2.33554101   6.        
  9.07894897  22.66547394 -10.31259155   3.        
-1.076401   -6.26297808 -0.80261201  2.        
-2.11838508 11.56343842  7.51711988  4.        
-9.19888306  1.26409101 -3.59634399  6.        
-9.61571503  2.10257697 -5.89434814  6.        
-1.44460297 -2.42024207  5.64956713  5.        
-6.44415283  0.91446698 -5.72976685  6.        
-1.80169702  3.62212396  0.51434302  2.        
 2.62914991 -0.66874701  3.61709595  5.        
 5.4309082  20.58961678 -7.15628099  3.        
-7.65988207 12.32152557  6.65795898  4.        
-1.65364802  3.66511512 -2.63586402  7.        
 2.09275794 -2.09349108  9.1048584   5.        
 3.62342095 12.49191284 -0.984375    2.        
10.57939911 19.05155945 -9.42367458  3.        
 4.81999207 19.32551575 -4.09201002  3.        
-8.56372833 12.56918335  5.67242384  4.        
-5.46191406 -0.31212601 -2.62109399  6.        
 2.0284729  -2.64468408  9.89349365  5.        
 -0.769234   -14.76363373  -1.006073     2.        
-2.17198896  7.70624495  1.40295398  2.        
-0.59706903 -6.26811218 -0.092651    2.        
 1.19469404 -1.62070501  5.07232714  5.        
-3.44947004 11.64476013  7.60440111  4.        
-4.57439423 11.38282776  9.92990112  4.        
-6.22785997 12.57465363  4.9944458   4.        
 7.1028142  18.56424713 -3.81646705  3.        
-1.44491601 -0.227539   -0.59710699  2.        
-0.681503   -3.01256609  3.2814939   2.        
-11.02624512   2.219666    -6.03826904   6.        
 8.97298431 18.36009979 -3.97378492  3.        
-10.37091827   2.15419006  -6.41305494   6.        
-10.03636932   0.59697002  -1.66339099   6.        
-8.0925293   0.83740199 -3.8374939   6.        
 8.59925842 19.10442352 -4.73339796  3.        
-5.81015778 11.81295013  8.82669067  4.        
-9.02489471  2.00744605 -6.75778198  6.        
-7.68236494 13.13131046  3.60806298  4.        
-6.40731096 12.94424438  3.378052    4.        
 3.16703796 10.67141724 -0.92367601  2.        
-8.55438995 12.30243683  6.69473314  4.        
 4.4405899 -0.348465   5.2565608  5.       
 4.37031603 -1.98684704  9.02490234  5.        
 4.0127492  -1.35217297  7.58303785  5.        
 3.00545502  9.66893005 -1.28707898  2.        
-2.87952399 10.27428436  3.03579712  2.        
 -1.12748003 -23.07583618  -1.10473597   2.        
 0.951729   -2.46794105  3.84271193  5.        
  9.98091125  21.94355774 -11.084198     3.        
 7.88758087 18.92927551 -4.3095088   3.        
-0.60657501  1.37860894 -0.87405401  2.        
-9.85942841  2.03098297 -5.28830004  6.        
-1.119102   -2.01845503  6.23266602  5.        
 -1.22583795 -16.23737335  -1.44293201   2.        
 1.57460797  6.6650238  -0.95831299  2.        
 8.69042206 21.22795868 -8.45629883  3.        
10.12175846 20.5415802  -9.80960083  3.        
-0.95816803 -2.34451294  4.41522217  5.        
 4.16135406 -0.83689898  5.64578295  5.        
-9.05239868  0.43837699 -1.56921399  6.        
-1.63268995 -4.51278687 -0.974365    2.        
 6.56282806 20.00300598 -6.55892897  3.        
 5.71482086 16.37754822 -2.13323998  3.        
 8.14756775 17.95463562 -2.33355689  3.        
 5.76785278 19.56918335 -4.89498901  3.        
-1.97639501  0.75542498 -0.494232    2.        
-1.260162   -6.61946917 -0.30685401  2.        
 0.58445001 -2.10741401  4.33691406  5.        
 2.17738295  7.40859985 -1.21475196  2.        
-9.60565186  1.55982995 -3.994385    6.        
-1.65100896 -6.8728261  -1.56243896  2.        
 4.67119598 16.55736542 -2.23303199  3.        
-3.33129907 -3.53373003 -1.55194104  2.        
-0.81078303 -1.820328   -0.64431798  2.        
-1.27899206 -9.74373627 -0.74990797  2.        
 0.125328   -2.51094103  9.06710815  5.        
-0.207588   -3.14226508  2.321594    2.        
-3.47166395 11.88908386  6.34420776  4.        
-3.49455309 -3.10236406 -2.3062129   2.        
 0.34899899  3.3465879  -1.81076002  2.        
-7.20510101  1.00155604 -4.72592211  6.        
-6.36729383  0.167641   -2.21426392  6.        
 -1.21415699 -16.50601196  -2.09484911   2.        
-4.75784302 -1.74572003 -3.13848901  6.        
-0.42613199  2.65896606 -1.65991199  2.        
 4.1207428  14.37310791 -1.64453101  2.        
-8.31233978  0.45676401 -1.95349097  6.        
 8.80925655 21.77842712 -9.453125    3.        
 10.29747772  21.0593338  -10.58285522   3.        
-8.30113983 13.28929901  4.36035204  4.        
 -1.01146698 -20.74492645  -0.98385602   2.        
-10.77455902  10.91782379   8.57119846   4.        
-3.33933997 11.78616333  5.55841112  4.        
 4.21736908 20.81372833 -4.96710205  3.        
 1.75244904  7.86915588 -1.62579298  2.        
-1.64910901 -2.55439806  7.57586718  5.        
-7.74684095 -0.019463   -0.89474499  6.        
 2.25488997 -1.29816401  5.34789991  5.        
 7.13110399 20.75600433 -7.47079515  3.        
 9.02650356 18.01377869 -1.76040602  3.        
 5.13452911 19.93418884 -5.0627141   3.        
-8.97431183  1.85426295 -6.08700609  6.        
 1.89670599 -1.54271698  7.44064283  5.        
-6.89743805 13.00261688  4.31167603  4.        
-8.6390686   1.53776503 -4.76944017  6.        
-6.51743317 12.00461578  7.69622803  4.        
-4.71803999 12.13808441  7.88265991  4.        
-10.33070374  12.09877777   7.13867188   4.        
10.127388   18.63045502 -6.33334303  3.        
 6.10897112 16.83195496 -2.36325097  3.        
-5.91237593 11.30996704 10.9005127   4.        
-7.54982805 12.55044556  6.03890991  4.        
 4.81279802 -1.75630903  8.35653687  5.        
 1.72615004 -1.45278203  3.93832397  5.        
-11.6423111    1.91495502  -5.01501513   6.        
11.03862    18.40651703 -8.41375732  3.        
-5.58832502 12.13686371  7.83761597  4.        
-5.80991411 -0.29165599 -3.23013306  6.        
-5.50577593 -0.147926   -4.03549194  6.        
-0.199692    1.90238905 -1.06042504  2.        
-1.20732903 -5.56559706  0.41879299  2.        
 9.31702423 19.65263367 -7.56720018  3.        
-2.11525011  2.79801893  0.137878    2.        
 1.71180701 -1.630409    2.76757789  5.        
-10.95058441   1.38790905  -3.17379808   6.        
-8.52998447 11.97047424  7.53192091  4.        
-0.86609697  0.432899   -1.36724901  2.        
-9.56397343 12.78291321  5.78497314  4.        
-1.89660597 -5.7519908  -1.30743396  2.        
-1.56047106  1.18830097 -1.44775403  2.        
 8.31365204 18.24156952 -3.51766992  3.        
-8.58357239 11.40525818  8.52539062  4.        
-7.17689514  1.41143    -6.53265381  6.        
 7.75707197 22.49872589 -9.83044434  3.        
  7.85353804  22.95318604 -10.22784424   3.        
 7.57827806 17.89015961 -3.21063209  3.        
 4.66747284 20.29529572 -5.42202806  3.        
-2.14730096  3.95820594 -0.019714    2.        
 2.30369592 -1.75929296  8.38699341  5.        
 5.99259186 20.09660339 -5.88568115  3.        
12.05127716 17.36711884 -7.24304199  3.        
-10.39315796  11.70894623   7.68689013   4.        
-9.92097473  9.79984283 10.65475464  4.        
 10.4414978   19.6146698  -10.21450806   3.        
-7.03437805  1.052513   -5.7532959   6.        
 8.48284912 21.60993958 -8.92968845  3.        
 1.27292597 -1.59017897  6.36416578  5.        
 7.31847382 19.03505707 -4.91995192  3.        
-6.64160204 12.24037933  6.85891724  4.        
-2.2851789  -4.79842377 -1.90643299  2.        
 2.7803731  10.95626831 -1.30868495  2.        
 3.25746107 -0.86250299  5.45324707  5.        
 3.04987311 -0.40988201  3.28277612  5.        
 9.26654816 18.14221954 -2.68978906  3.        
11.23898315 17.4657135  -3.79208398  3.        
-1.43090796  4.08732605  0.51202399  2.        
 -1.13481903 -14.04121399  -1.73007202   2.        
-5.57267809 11.43450928  9.81213379  4.        
 6.65958405 16.85884857 -1.85464501  3.        
-4.48236084 13.31847382  2.66171288  4.        
 6.335464   20.47634888 -6.91198683  3.        
-1.26499903  2.70383406 -2.17007494  7.        
-2.80439806 10.82758331  2.83902001  2.        
-1.20777905 -5.08941603 -1.00262499  2.        
 3.73538995 -0.70132399  4.49450684  5.        
 1.273399   -2.16142988  8.83969116  5.        
-3.2690661  11.30880737  9.07852173  4.        
-11.78019047   1.97260296  -3.85290504   6.        
 4.17790222 20.69558716 -6.21481323  3.        
-2.48731208  8.59552002  2.04626489  2.        
-1.52991498  2.33902001  0.24142499  2.        
 -0.77784002 -21.38868713  -0.83844      2.        
-4.63460493 -1.200302   -2.10693407  6.        
-8.64658356  1.21194506 -3.80276489  6.        
-5.1412282  12.42722321  4.95416307  4.        
 7.50700378 19.55393982 -5.18630981  3.        
-7.06472015  0.70642102 -3.90112305  6.        
 4.76647186 19.85210419 -4.38745117  3.        
 9.85092163 20.12693024 -8.90063477  3.        
-7.146492   11.02816772 10.94006348  4.        
-1.43005395 -0.65560901 -0.99749798  2.        
-3.943573   -1.97534204 -2.42373705  6.        
 1.08066595  4.96590424 -1.42660499  2.        
11.22382355 17.49490356 -5.14306593  3.        
 -0.438766   -18.09020233  -0.69744903   2.        
 8.66021729 22.26141357 -9.76553345  3.        
 4.41912079 20.31479645 -4.25189209  3.        
-0.379715   -2.02154493  6.24054003  5.        
-2.43877411 11.96278381  6.40878296  4.        
-6.54139709  0.21923099 -3.0436101   6.        
-7.59470415 11.33537292  9.31930542  4.        
-2.39882708 -5.57929182 -1.63336205  2.        
10.77126312 18.40614319 -7.26672411  3.        
-5.11491394 12.2526474   4.38986206  4.        
11.22363281 18.17536926 -8.9163208   3.        
  6.87882996  23.15892029 -10.58935547   3.        
-1.64839196 12.05002594  7.05819702  4.        
 3.58900499 -0.250175    3.85763597  5.        
-4.13909197 12.03603363  6.92092896  4.        
-7.65587616 12.95322418  4.84976196  4.        
-2.79811907 11.36743927  8.16531372  4.        
 -0.43028301 -22.02152252  -0.887909     2.        
 1.14409602 -2.11817193  3.10229492  5.        
 5.15483904 15.55583954 -1.89541602  2.        
 4.03516388 -0.191284    4.82189894  5.        
-7.07811689  0.25433299 -1.93099999  6.        
-3.91294098 11.72789001  5.28198195  4.        
 9.64962769 19.18067932 -6.4536438   3.        
-1.00125098 -1.19223797 -0.792328    2.        
 5.65849304 20.59144592 -7.81851196  3.        
 3.80787706 13.84103394 -1.831604    2.        
-0.62237501  0.206322   -0.889893    2.        
 4.70246077 18.54594421 -3.39801002  3.        
 0.264671   -2.52889991  2.76779199  5.        
 0.71903998  4.03044891 -0.87203997  2.        
 1.909302   -1.31285095  3.38156104  5.        
 3.19695306 -2.797966   10.26721191  5.        
-0.765167    2.96848297 -2.13809204  7.        
-1.75514996  4.68698883  0.80108601  2.        
 -0.79235798 -18.9162674   -0.98626697   2.        
-1.33846998 -2.466537    8.07183838  5.        
-1.85678101  0.192856   -0.60083002  2.        
-1.13236201  1.28329504 -0.67556798  2.        
 1.85951197 -1.72248101  8.04272461  5.        
10.58827972 18.65703583 -8.18743896  3.        
 9.53566742 21.60273743 -9.99810791  3.        
-9.60173798 11.60075378  7.93768311  4.        
 9.02251434 18.74503326 -4.49026489  3.        
-2.3291471   7.68779802  1.98413098  2.        
-0.61006898 -5.23810577  0.626526    2.        
 6.83885193 21.16640472 -8.05081177  3.        
-9.50185394  0.65166497 -1.99704003  6.        
-10.41539001   1.40018499  -3.43139601   6.        
 6.94342804 21.99259949 -9.46133423  3.        
 4.0819931  13.22077942 -1.65628099  2.        
-2.07972693  1.42008996 -0.207367    2.        
-5.46874189 12.18200684  6.95169115  4.        
 6.38308001 19.49230957 -4.98260498  3.        
-5.42029619 -0.075401   -4.76599121  6.        
 2.32387495  8.61029816 -1.13787794  2.        
 9.05535126 20.21764374 -7.83035278  3.        
-9.50102234 10.82901764  9.01471043  4.        
 3.98982191 -2.57680511  9.81674194  5.        
-3.01512909 10.82740784  3.89679003  4.        
 2.80179596 -0.76239002  4.63751221  5.        
-7.44374084  0.44487801 -2.8747859   6.        
-1.86205995 -1.85932899 -0.869232    2.        
-3.43957496 11.11723328  2.89907789  2.        
-4.63275909 11.9799881   3.78362989  4.        
-1.878685    2.16033912 -0.65792799  2.        
-2.2380681  11.53107452  5.56430006  4.        
 5.53107405 17.29056549 -2.64630103  3.        
-4.02843523 11.86992645  6.40441895  4.        
 5.35224915 19.13270569 -4.15628099  3.        
 4.62596083 19.41007996 -3.5189209   3.        
11.01811218 17.86277008 -6.26293898  3.        
-2.2552259   5.05289507  0.80215502  2.        
 1.043419   -1.90171802  3.61398292  5.        
 0.150482   -1.88672602  6.60257006  5.        
-5.59732819 12.42346954  5.26159716  4.        
-7.78184509  0.99443799 -4.77182007  6.        
 11.13192654  20.59976959 -11.3866272    3.        
 2.90009308 -1.71691895  8.33032227  5.        
 7.21991682 19.73576355 -5.65026903  3.        
10.30734253 19.15453339 -8.86154175  3.        
-3.99887109 11.2359848   9.55050659  4.        
-0.72971302 -2.17735291  5.2121582   5.        
 4.58534193 20.50281525 -7.5534358   3.        
 7.34280396 17.48301697 -2.29608202  3.        
 0.46094501  2.35165405 -1.01846302  2.        
  9.88027191  22.84405518 -11.0227356    3.        
 3.40825605 -1.78534698  8.6378479   5.        
-1.90117705  4.45117998  0.046143    2.        
11.85642242 17.73860741 -8.84332275  3.        
-1.054672   -4.66297913  0.97726399  2.        
 3.88875604 12.06443024 -1.41833496  2.        
-6.71257782 11.24924469 10.62179565  4.        
 1.53001404 -1.56814599  4.59072924  5.        
-9.88820744  1.09944105 -2.89297509  6.        
-1.15493    -6.10488081  0.48486301  2.        
 2.15370893 -0.51068902  2.58065796  5.        
 2.53078508  9.65198517 -0.83523601  2.        
 6.06136322 21.69146729 -9.50341797  3.        
-4.7012248  11.19812012 10.50091553  4.        
-8.2013092  10.49905396 10.84683228  4.        
 -1.06977797 -20.17327118  -1.02407801   2.        
-5.05199385 11.40481567  9.65441895  4.        
 2.4605031  10.16620636 -1.460114    2.        
 6.30563307 17.77641296 -3.00964403  3.        
 6.04952192 21.1966629  -8.67565918  3.        
10.1043396  18.62062836 -5.72747803  3.        
 4.50214386 20.35917664 -8.11422729  3.        
-0.165703    3.20773292 -2.59915209  7.        
-1.68241894 -2.17357612  6.77877808  5.        
-6.23732805  0.95704699 -6.80190992  6.        
-10.77379608   1.771065    -4.16491699   6.        
-1.463974   -3.33879089 -0.96127301  2.        
-5.09648085 -0.098381   -5.87649488  6.        
-6.04352617 12.7871933   4.50387621  4.        
-0.92095202  2.29082489 -1.17416406  2.        
 6.72801208 19.07905579 -4.57989502  3.        
11.82321167 17.32569885 -5.59268188  3.        
-5.3871541  11.29253387 10.72024536  4.        
-2.08596802  2.88845801 -0.39504999  2.        
-7.75089979 10.6444397  11.34503174  4.        
-5.92987108 -0.030952   -0.60165399  6.        
 7.58235884 22.15534973 -9.45361328  3.        
 5.7700882  17.72144318 -3.07568407  3.        
 -1.20155299 -21.50402069  -1.195557     2.        
-3.72601295 12.37526703  3.20721412  4.        
 9.86433411 18.17371368 -4.789886    3.        
 6.47922516 20.31595612 -7.40484619  3.        
 5.38182783 21.47509003 -9.76992798  3.        
-0.29644001 -3.78395796  2.43707299  2.        
11.47811127 18.23208618 -9.71014404  3.        
-1.79078698 -8.00639343 -1.11053503  2.        
-2.50530195  6.00899506  1.09228504  2.        
-5.42967987 -0.345604   -2.07751489  6.        
 -0.64362299 -17.23153687  -0.95431501   2.        
10.92199707 18.73482513 -9.82543945  3.        
-2.71450806  9.45310974  2.51181006  2.        
-1.25062597 -7.50391388 -0.88150001  2.        
 -0.915169   -12.29654694  -1.02960205   2.        
 0.398918   -1.93376899  5.46209717  5.        
 9.97197723 19.63002014 -8.23126221  3.        
 4.27646589 20.50343323 -6.70422411  3.        
 8.72068787 19.80708313 -6.86142015  3.        
  8.72267246  23.05764771 -10.23416138   3.        
-1.590729   -1.88164496  4.67218018  5.        
 7.42108107 20.05228424 -6.11694288  3.        
 3.64974999 -1.14439404  6.46310377  5.        
-4.70397902 -0.77786303 -4.27246094  6.        
 4.84667206 -2.12571001  9.25241089  5.        
-1.44377899 -9.66307068 -1.60143995  2.        
-3.35826898 -3.66686296 -2.09457397  2.        
 5.34609222 20.81296539 -8.2961731   3.        
-1.474213   -4.06044817 -0.74569702  2.        
-1.06745899 -8.6131134  -1.36617994  2.        
 6.32461596 21.48169708 -9.05142212  3.        
 11.22810364  19.70478821 -11.13265991   3.        
-7.58308411  0.66363502 -3.77667189  6.        
 2.38562799  8.38684845 -1.66976905  2.        
 -0.853203   -17.94117737  -1.38113403   2.        
-9.20503235  1.53621697 -4.79974413  6.        
-1.439026   -8.70812225 -0.96182299  2.        
 4.53929901 15.03524017 -1.53494298  2.        
-6.28142595  0.166977   -4.16168213  6.        
-4.07536316 11.72140503  3.45519996  4.        
-2.64193702 11.06357574  8.6048584   4.        
-1.74092102 -9.23392487 -1.17465198  2.        
 7.44323683 20.55192566 -6.89916992  3.        
-0.32675901 -2.49148607  8.60571289  5.        
 5.65610504 18.36730957 -3.56326294  3.        
-8.16357422 13.22624969  3.78893995  4.        
11.68746185 17.48594666 -6.26019287  3.        
10.70764923 17.69192505 -3.02874804  3.        
 1.77068305 -1.43578303  6.34954786  5.        
-7.36209106 11.29004669  9.78314209  4.        
-1.71746099  3.75228906 -3.20571899  7.        
-5.32124281 13.14425659  3.06439209  4.        
-7.21482086 12.6926651   5.29794312  4.        
 -0.405525   -20.21477509  -0.38064599   2.        
-9.17297363 13.53510284  4.165802    4.        
-6.65792799  0.33256501 -3.78909302  6.        
 1.45169103  6.00369978 -1.37115502  2.        
10.12631226 18.18188477 -2.28613305  3.        
 9.30226898 19.05272675 -5.62326002  3.        
 6.49786377 18.05741882 -3.64361596  3.        
10.51350403 18.55201721 -6.77377319  3.        
 -1.32592797 -15.5586319   -1.02871704   2.        
-8.07180786 11.55252838  8.46569824  4.        
  8.22694397  23.30997658 -10.61117554   3.        
-5.90883589 12.32243347  6.05706787  4.        
 10.67450047  21.57832336 -11.35726929   3.        
-4.01000214 -3.0905149  -2.28189111  2.        
 3.05495405 -2.25408196  9.36593628  5.        
 8.05592442 19.27295685 -5.44439697  3.        
-6.17389679  0.75351    -6.33233595  6.        
 4.84839582 16.92088318 -2.56808496  3.        
  9.62811279  22.1005249  -10.20858765   3.        
-9.07990265 12.63853455  5.8971858   4.        
 10.8946991   19.36619568 -10.65545654   3.        
-8.85893154 13.20090485  5.08364916  4.        
 0.75054199 -1.69973695  6.22488403  5.        
-9.97058105  0.30716699 -2.25265503  6.        
-3.18875098 -3.14097595 -1.89566004  2.        
 3.25894904 11.13950253 -1.33462501  2.        
-1.19657898  3.64328003 -2.86764503  7.        
-3.90911102 -0.78444701 -4.88333082  6.        
 7.91864014 19.91601562 -6.20623779  3.        
 -1.12596095 -17.07044983  -1.54550195   2.        
 0.053619   -2.40286994  3.51849389  5.        
11.47051239 18.08268738 -7.86550903  3.        
-6.30841112  0.53928399 -4.67291307  6.        
-11.44656372   1.27876306  -3.20709205   6.        
-3.56940508 11.23308563 10.07827759  4.        
 9.79064178 19.26450348 -7.25824022  3.        
  6.84383392  22.51276398 -10.1114502    3.        
-5.11087799 -0.83319098 -3.34637499  6.        
-5.21265411 12.76222992  3.57424903  4.        
 0.32062501  1.91217804 -0.80712903  2.        
10.68565369 17.711586   -3.96148705  3.        
-7.89489698  1.65791297 -6.07321215  6.        
 0.85824603 -2.34075904  2.66415405  5.        
-1.56590295 -6.39450788 -0.79742402  2.        
 1.108513   -1.73920405  7.11456299  5.        
 7.8335042  21.76862335 -9.12716675  3.        
-1.37725794 -8.01980591 -0.79507399  2.        
 7.8014679  21.27127838 -8.21640015  3.        
  9.48692322  22.92832756 -10.44863892   3.        
 11.15801239  18.95411682 -10.43374634   3.        
-5.0507741  12.10302734  6.22836304  4.        
-5.05903578 -0.60893202 -3.95883203  6.        
 -1.14592695 -13.89365387  -1.18200696   2.        
-8.17037964 12.93130493  5.48562622  4.        
 0.361725   -2.11459303  7.96511793  5.        
-10.56278992   9.91055298   9.55371094   4.        
-6.32794905 13.20034027  2.94320703  4.        
-1.25827003 -3.77715302 -1.43743896  2.        
-0.44488499 -2.50751495  4.26800489  5.        
-9.79534912 10.4488678   9.20321655  4.        
-0.59139299 -0.31706199 -0.78021199  2.        
-2.11223602  3.32545495  0.25830099  2.        
 1.846573    6.984375   -1.23092699  2.        
 7.8843379  20.8127594  -7.77230787  3.        
 9.29034424 21.53500366 -9.39804077  3.        
-11.52397919   1.59304798  -4.05215502   6.        
-5.10639191 -1.00383794 -2.69387794  6.        
-7.41536713 12.19826508  7.08267212  4.        
 10.42147064  22.5682354  -11.20462036   3.        
-4.40055799 -1.36754596 -3.46972704  6.        
-1.25376105 -7.18904877 -0.49487299  2.        
-1.48182702 -5.35405016 -1.49929798  2.        
 1.61682904 -1.550529    5.38610792  5.        
-2.98584795 -4.20110321 -1.27645898  2.        
-10.09979153   9.83030701   9.80047607   4.        
-2.14497399  6.74928284  1.19342005  2.        
-5.62298584  0.195374   -5.73468018  6.        
11.66107178 17.79299927 -7.43734694  3.        
-10.43055725   0.85859698  -2.07107496   6.        
-1.95156097  3.79431891 -2.26315308  7.        
-6.80587816 11.00961304 11.5201416   4.        
 6.22901201 20.96674347 -8.00448608  3.        
-1.91433001 12.13197327  5.45812988  4.        
-5.87661695 -0.173241   -2.35440111  6.        
 2.22614288 -1.43530297  6.93426514  5.        
-4.99461412 12.1161499   6.83734083  4.        
-1.72604406  6.21580505  0.63656598  2.        
11.42710876 17.38894844 -4.50280809  3.        
-0.48165101 -6.69467211 -0.515625    2.        
-4.74355316 11.76148987  9.02154541  4.        
-9.64561462 12.98509979  5.32470703  4.        
-8.24129486 11.07806396  9.45648193  4.        
  6.14945221  21.98444366 -10.20910645   3.        
-0.81526202 -5.73626709  0.178619    2.        
 3.54591393 11.98571014 -1.00238001  2.        
 6.6785512  19.70868874 -5.49108887  3.        
-4.30888414 11.99976254  4.60821486  4.        
-8.14638519  2.26201606 -7.20223999  6.        
-10.52891541  12.60112      6.12994385   4.        
-8.85073853  0.86029798 -2.66940308  6.        
 6.64874315 20.78151703 -7.39453077  3.        
 9.29544067 20.8139801  -9.25369263  3.        
-3.84218597 11.38018036  4.30020094  4.        
 4.01938581 -2.21632409  9.37210083  5.        
-1.20137    -5.75891876 -0.57879603  2.        
 2.17495704 -1.58138299  4.95935106  5.        
 1.25462306  5.63456011 -1.00405896  2.        
 2.76006293 -1.05377197  4.07397509  5.        
 0.168037   -2.96855903  2.57803297  5.        
-2.57427192 11.74337006  7.29098511  4.        
-2.76077294  8.93383789  2.55285597  2.        
 7.48777819 18.59792328 -4.18359423  3.        
-4.92996979 -0.304169   -5.44198608  6.        
 9.89484406 19.80183411 -9.30819702  3.        
-10.40770721   1.91935003  -5.19366503   6.        
 0.072044   -1.96106696  7.08218384  5.        
 0.86334199 -1.78224194  4.5645752   5.        
-7.80944109  1.30771601 -5.68173218  6.        
 6.85826111 21.32006836 -9.11248779  3.        
-4.36048079 11.94398499  5.30053711  4.        
-1.59458196 -5.914536   -0.929138    2.        
 -1.360672   -10.01322174  -1.15979004   2.        
-2.24526191 11.36628723  8.82318115  4.        
-7.91932678  0.356857   -1.65640295  6.        
10.20721436 20.01506805 -9.80557346  3.        
-9.0497818  12.188797    6.69518995  4.        
-5.9321208  12.29463959  6.71313477  4.        
10.76400757 17.97645569 -5.6187439   3.        
 3.1128161  -1.40965998  7.63751221  5.        
-4.86398315 12.2049942   5.27856398  4.        
-10.99344635   1.92762804  -4.89886522   6.        
-9.38085175 11.93212891  7.41897583  4.        
-1.49527705  0.54562402 -0.50180101  2.        
 -0.94654101 -22.64100647  -1.20129395   2.        
 1.42913103 -2.71754503  9.80371094  5.        
 8.95928192 20.90409851 -8.71234131  3.        
-2.42112708  6.21087694  0.63165301  2.        
-9.65583801 12.42260742  6.3374939   4.        
 7.88794708 17.65067291 -2.03567505  3.        
-6.38898516 12.45578766  5.98315382  4.        
-4.07414198 -1.89743805 -2.962708    6.        
-6.12441301 11.25807953 11.33728027  4.        
 5.61348677 16.28194427 -1.67501795  3.        
 10.61115265  21.04804993 -11.30709839   3.        
-2.59584808  9.89868927  3.12322998  2.        
-4.41619921 -0.955414   -4.84747314  6.        
 -0.99932897 -19.34725189  -1.02401698   2.        
 9.37466431 20.45316315 -8.34158325  3.        
10.24487305 17.93437958 -3.01550293  3.        
 5.56961823 19.83851624 -5.28649902  3.        
-0.37107801 -2.61290002  3.45611596  5.        
 0.77762598  3.31104994 -1.04013097  2.        
 4.92573595 20.73730469 -8.52981567  3.        
 8.89661407 18.81075287 -4.96481323  3.        
-2.26494598  4.62710619  0.300293    2.        
 8.42607117 19.09593964 -5.20059204  3.        
-5.02796888 -1.35243201 -3.12979102  6.        
-1.61017597 -2.03702497  5.88046312  5.        
-8.71713257  1.52332306 -5.23934889  6.        
-1.71246302  1.91453505  0.056396    2.        
-1.61986494 -2.4552989  -1.06036401  2.        
 0.247421    3.32538605 -1.15820301  2.        
 0.52381903 -2.0956881   3.83914208  5.        
-9.82926941 11.22175598  8.5975647   4.        
-7.04273176 11.98348999  7.89733887  4.        
-2.43046594  7.32419586  1.60909998  2.        
-3.0123291  11.20710754  9.67980957  4.        
  9.88928986  21.29129791 -10.65231323   3.        
 1.643448   -1.95394099  4.1869812   5.        
-1.64363098  3.37814307 -2.25823998  7.        
 5.5462718  20.2052002  -6.04730177  3.        
 2.2690351  -1.12840998  4.8404541   5.        
 2.697083   -2.66997504  9.97790527  5.        
-1.692711   -0.44805899 -0.258789    2.        
-1.20821404 -2.02319288  5.54534912  5.        
-3.92143989 11.60505676  7.59924316  4.        
 1.42352295 -1.92256904  8.21118164  5.        
-6.52341509 11.5968399   9.36975098  4.        
-4.60608721 -0.61563098 -5.65420485  6.        
-5.49406385 -0.22588301 -1.62506104  6.        
 6.48750305 17.18517303 -2.46765089  3.        
-10.4118042   11.16532898   8.36819458   4.        
-0.395172   -3.46768188  2.03613305  2.        
 4.97010803 17.37605286 -2.71539307  3.        
 8.81989288 19.14330292 -5.74294996  3.        
 0.15127601 -2.1723249   4.75613403  5.        
-12.00212097   1.566589    -4.12136793   6.        
-1.24179804  1.07244098 -1.12048304  2.        
 1.02252197  4.29594421 -1.30651903  2.        
-9.19963074  2.0812149  -7.18896484  6.        
-3.81508589 -2.86580706 -1.82302904  2.        
-0.54144299 -6.6064682   0.230225    2.        
 5.62986803 19.30529022 -4.49529982  3.        
 4.24191284 -0.31932801  4.4186101   5.        
 3.54257989 12.88328648 -1.61199999  2.        
-4.38880205 12.62153625  2.99704003  4.        
 5.59807587 21.13847351 -8.89666653  3.        
 0.55374902 -2.28742194  8.6472168   5.        
 9.76511383 18.05220032 -4.29397583  3.        
-3.8374629  11.35063934  3.83148193  4.        
 2.37037706 -1.33848596  5.98855591  5.        
-9.39336395  0.79325098 -2.47079492  6.        
 2.11656189 -2.35315704  9.49505615  5.        
-8.58688354  0.385048   -1.54354894  6.        
-1.30250597 -9.39777374 -1.20712304  2.        
 10.07735443  20.66425323 -10.45831299   3.        
-9.23287964 10.10085297 10.43847656  4.        
 10.81558228  19.79376984 -10.43423462   3.        
-4.61800385 12.58855438  3.45501709  4.        
-8.35668182  1.99426997 -6.84866285  6.        
 2.944031   -0.35440099  3.7618711   5.        
-5.01708984 -0.44228399 -4.94323683  6.        
-10.42465973  10.44333553   9.08355713   4.        
 -0.310188   -23.43763733  -1.07684302   2.        
-8.92366791 11.43862915  8.20611572  4.        
 2.91208696 10.03884888 -1.55709803  2.        
-5.13420916 -0.56632203 -2.96350098  6.        
 -1.26131403 -12.97277069  -1.46499598   2.        
-2.08217597  5.633636    0.82974201  2.        
 -0.55677003 -20.19250488  -0.95849597   2.        
-2.91735101 11.12174988  4.34658813  4.        
 6.42582703 20.76626587 -8.41769409  3.        
-7.88983917  0.54975098 -2.75363207  6.        
-6.50369978 12.71956635  4.48474121  4.        
-0.58871502  3.53330994 -3.72836304  7.        
-1.910797   11.95191956  6.43844604  4.        
10.83953094 17.63348389 -3.52450609  3.        
-4.37686205 11.98468018  8.15792942  4.        
 9.66716766 17.94567871 -3.39663696  3.        
-3.2220459  11.35034943  7.97766113  4.        
 8.10728455 18.55943108 -4.00518799  3.        
 7.41181993 21.19421387 -8.54519558  3.        
-5.58281708  0.45234701 -6.25616503  6.        
 6.7483902  18.72917938 -4.27658081  3.        
 7.46546221 21.05315399 -7.68301392  3.        
-0.42408001  2.45040894 -1.24618495  2.        
-3.79046607 11.38860321  9.16625977  4.        
 8.04137421 20.53118896 -7.01211596  3.        
 9.80275726 18.72706604 -5.38324022  3.        
  7.37120819  23.20791626 -10.48696899   3.        
 -1.10644495 -18.6206665   -1.20813      2.        
10.48288727 18.29514313 -6.38626099  3.        
-0.795403   -2.08960009  6.55502319  5.        
-2.41393304  8.0820694   2.21002197  2.        
-0.69750202 -3.91614509  2.6247251   2.        
-6.24746704  0.136314   -1.71600294  6.        
 8.64830017 20.56300354 -7.83666992  3.        
-0.707214   -2.219841    7.07528687  5.        
-0.61992598  1.74561298 -1.184021    2.        
 1.25382197 -1.67389703  2.79882789  5.        
-4.14351606 -2.45445204 -2.38211107  6.        
 4.74847412 -0.954597    6.03604078  5.        
-1.38744402  3.79377007 -4.45742798  7.        
-8.10780334 12.42780304  6.67028809  4.        
-1.89172399 11.74958801  7.92410278  4.        
 0.76931    -1.88497198  7.65280104  5.        
 8.84300995 18.10383606 -2.88568091  3.        
-9.71556759  2.52490997 -6.93896484  6.        
10.65859985 17.7492981  -4.57177687  3.        
-6.66770887 13.06911469  3.78762794  4.        
 4.3639679  -1.27030897  7.23193407  5.        
 2.66634393  9.51105499 -1.55188     2.        
-6.989326   11.6601944   8.84301758  4.        
 8.88143921 19.48040771 -6.57977295  3.        
-7.36617279 13.15448761  3.95111108  4.        
-9.3058548  13.10360718  5.00805712  4.        
-10.01821899   2.082268    -6.13113403   6.        
 4.76378584 15.77760315 -1.79437304  3.        
-8.67490387  1.83165705 -5.72088623  6.        
 -1.47290003 -17.00179291  -1.23055995   2.        
-7.48094893 11.00440979 10.39749146  4.        
 -1.20140803 -15.13307953  -0.92224097   2.        
-7.32868195  0.36413601 -2.41094995  6.        
10.33255768 19.48480988 -9.17407227  3.        
-8.66751099 12.54275513  6.11499023  4.        
-7.9240799  12.03993988  7.66958618  4.        
-7.89905596  0.044373   -0.39074701  6.        
-0.445335   -4.15187788  1.75985706  2.        
 5.10154676 -1.04629505  6.76779222  5.        
-5.68502808 11.33963776 10.38031006  4.        
-10.07977295   1.72945404  -4.705688     6.        
 5.05529785 20.4447937  -7.3658452   3.        
 4.43601179 13.67201996 -1.78463805  2.        
-1.16035497  1.82555401 -1.62124598  7.        
 6.29776812 18.77882385 -4.26150513  3.        
 -0.99118799 -10.38034821  -0.94912702   2.        
-8.79888153 12.77596283  5.29538012  4.        
 3.12934089 10.24214935 -1.10919201  2.        
  6.16059113  22.45022583 -10.2225647    3.        
 -1.29777503 -11.72324371  -1.52871704   2.        
-6.52175093 12.56698608  5.41613817  4.        
-5.29772902 11.80753326  8.76043701  4.        
-5.99085188 12.05836487  7.64703417  4.        
-4.60076904 -1.75240302 -2.34747291  6.        
 4.03033495 -1.48574102  8.01446533  5.        
-5.24060822 12.64517975  4.00979614  4.        
-7.23088121 12.84460354  4.74160814  4.        
 -0.72286201 -17.69055939  -0.93609601   2.        
-1.56710804  0.98721302 -0.43176299  2.        
 3.51792908 11.62743378 -1.60839796  2.        
 0.129143   -3.58864594  1.85220301  2.        
 -1.24009705 -14.73344421  -1.51336706   2.        
-8.3697052  10.90297699  9.96221924  4.        
 7.22225904 18.28453827 -3.48397803  3.        
-4.23851824 -0.824341   -4.03170776  6.        
-2.43878198 11.36477661  7.85113478  4.        
 5.86165619 20.56661987 -7.0151372   3.        
-11.48218536   2.16421509  -6.03125      6.        
10.14740753 17.84293365 -3.95608497  3.        
 3.58783007 -2.27576494  9.48538208  5.        
-10.64849091   1.63318598  -3.75524902   6.        
-7.18047285  0.69053602 -4.34051514  6.        
-2.00669909 -5.31610918 -1.32479894  2.        
 3.494102   -1.03799403  5.11389208  5.        
 6.96221924 17.31378937 -1.73782396  3.        
-1.53846002 -2.31265306  7.21411085  5.        
 6.04305315 18.36721039 -3.79000807  3.        
 3.44793701 12.38127899 -1.41271996  2.        
-6.53794098  0.060921   -1.02276599  6.        
 6.36746979 20.1052475  -6.16873217  3.        
-2.00686693  1.67738295 -0.56695598  2.        
 6.97137403 20.17209625 -6.48724413  3.        
 0.58545703 -2.62143707  3.06628394  5.        
-9.69353485 10.30988312  9.61859131  4.        
 4.41439819 20.65067291 -5.52151489  3.        
-5.34123182  0.67806202 -6.56353807  6.        
 -0.75371599 -16.49142456  -1.06973302   2.        
-0.80653399 -4.72387695  1.35745203  2.        
 5.10840607 -1.52291906  7.87747192  5.        
-7.03156281  0.27424601 -2.95864892  6.        
 -1.25362396 -13.31718445  -1.16250598   2.        
 8.57555389 18.02745819 -1.86102295  3.        
-9.85255432  1.53784895 -4.36554003  6.        
 1.53974199 -1.95800805  3.67196703  5.        
-5.62649488 11.95146942  8.35766602  4.        
-1.23741901 -7.26025391 -1.30767798  2.        
 -1.33342695 -12.31812954  -1.18099999   2.        
10.3795929  18.04986572 -5.29290819  3.        
-3.43769097 11.60569     3.1911931   4.        
 1.24150801  4.70768023 -1.10250795  2.        
-4.53504181 12.13619995  7.09606886  4.        
 5.46254683 20.92030334 -9.25924683  3.        
-10.14785004  12.16679382   6.69638109   4.        
-3.70625305 11.96934509  3.42425489  4.        
-0.226601    1.17288995 -1.01031494  2.        
 4.5212779  14.53109741 -1.75134301  2.        
-0.50758398 -5.03725386  1.15966797  2.        
-1.12005603 -5.17324781  0.75915498  2.        
 4.43985701 -1.56537604  8.16394043  5.        
-5.83711195 -0.15194701 -3.74133301  6.        
 2.27351403 -1.04705095  3.44546509  5.        
 3.79869103 -0.75547802  5.37496901  5.        
-1.15760803  3.80587792 -3.45089698  7.        
 7.47158813 21.44023895 -8.95355225  3.        
-7.53214312  0.368866   -1.918823    6.        
-7.38192701 13.37224579  3.39102197  4.        
 4.65590715 15.35133362 -1.83953905  2.        
 8.25486755 21.21518707 -8.52938843  3.        
 -0.59648901 -21.02257538  -1.00589001   2.        
 7.98660994 18.10381317 -3.20043898  3.        
 -1.34685504 -10.9367218   -1.05667102   2.        
 3.3278501  11.54690647 -1.11587501  2.        
 0.87739599 -1.65534997  5.39764404  5.        
 5.12223005 20.31583405 -6.00558519  3.        
 10.00676727  22.28553009 -10.8086853    3.        
-1.89616394 -6.58560896 -1.23425305  2.        
-8.60688019  1.42807806 -4.33795214  6.        
-7.13422394 13.25578308  3.03546095  4.        
10.05715179 19.00021362 -7.58801317  3.        
 -0.80168903 -21.68501282  -1.19949305   2.        
 -0.94164997 -22.26036835  -0.76013201   2.        
-0.80585498  3.79697394 -2.74038696  7.        
10.76564789 18.62350464 -9.19000244  3.        
-2.68758392 -5.08214617 -1.58395398  2.        
-2.48118591  9.4626236   2.13952589  2.        
 6.39593506 21.71896362 -9.80361938  3.        
 3.18352509 -0.93118298  4.5039978   5.        
 2.71746111 -1.01457202  5.34762621  5.        
 3.08470893 -1.177315    6.07501221  5.        
-1.22992694 -7.00933123 -0.063232    2.        
 4.87500811 20.46665955 -6.44253492  3.        
 8.56114197 20.31974792 -7.17095995  3.        
 9.20153809 18.06072998 -2.20986891  3.        
 2.19982195 -2.84718299 10.24246216  5.        
  7.65086412  22.56746674 -10.2671814    3.        
-2.95298791 -3.50572991 -1.84384203  2.        
-6.39298201 11.84189606  8.50466919  4.        
-8.62847137  0.24038699 -1.13293505  6.        
-6.55131483 12.03787994  7.26159716  4.        
-3.36786604 11.00509644  3.69137597  4.        
 4.94672394 20.64757538 -9.05926514  3.        
 3.67265296 -2.57073998 10.19332886  5.        
-1.48804498 12.16841888  6.66976881  4.        
 0.40464801 -2.69147491  9.38113403  5.        
  9.63340759  22.03256989 -10.69415283   3.        
 4.74388123 -1.12925005  6.45309401  5.        
 2.0076139  -1.63585699  3.65722704  5.        
-1.78238702 -4.92757416 -1.12289405  2.        
 8.18716431 22.3228302  -9.65618896  3.        
 10.49097443  20.15350342 -10.73516846   3.        
-8.92725372  1.06388104 -3.0848999   6.        
-3.0759511  11.61385345  7.33444214  4.        
-3.00290704 -4.19851685 -1.81164598  2.        
-6.85028791  1.20452094 -6.11663818  6.        
-0.63745099  3.28890991 -2.4146421   7.        
-0.73944902 -2.17920709  4.76455688  5.        
-7.30486298  0.099556   -1.09234595  6.        
-1.92517805 11.9812851   7.38516188  4.        
-6.81400299 -0.107727   -0.46826199  6.        
 8.13665771 18.96420288 -4.6628418   3.        
-0.43180099  3.40957594 -3.34344506  7.        
-5.02607012 -0.79730999 -1.83148205  6.        
-1.15869904 -6.31317902  0.105041    2.        
-5.90768385  0.48934901 -5.48937988  6.        
-8.17425537e+00 -3.07499990e-03 -8.27026010e-01  6.00000000e+00
-7.96662092 10.92627716 10.25372314  4.        
 3.31403303 -1.23596203  6.86486816  5.        
-0.36512801 -4.09964705  1.33761597  2.        
-2.07743812  7.159935    1.31256104  2.        
-6.76342821  0.77424598 -4.59921312  6.        
-2.95069098 11.48822021  4.95608521  4.        
 -1.11302197 -20.84829521  -1.39151001   2.        
-1.34485602 -1.39974201 -0.98370397  2.        
 4.8743062  14.73123932 -1.35812402  2.        
 -1.20343006 -15.65828705  -1.48821998   2.        
-0.152725   -2.2610929   7.90487719  5.        
-6.58195496 11.9190979   8.11450195  4.        
 1.840042   -1.25406599  2.93469191  5.        
 4.67032623 16.17550659 -1.98913598  3.        
 0.28901699  2.73983002 -0.78424102  2.        
-10.26229095   1.02459705  -2.534729     6.        
-11.2904129    2.05847907  -5.22476196   6.        
 6.99762011 17.24840355 -2.45947289  3.        
-4.05296278 11.13599396  9.96417236  4.        
 0.89696503  5.3339839  -1.22409105  2.        
-6.1053772   0.09639    -3.13891602  6.        
 0.87465698  4.67966509 -0.83032203  2.        
-2.72966003  8.74817657  1.72750795  2.        
 8.56616211 17.90827942 -2.62182593  3.        
-4.73152924 -0.64695001 -4.67950392  6.        
-0.56907701  0.705437   -1.10403395  2.        
-0.164665   -3.2040019   2.74307203  2.        
 2.07603502 -1.20428503  4.01458693  5.        
-1.79173994 -0.157379   -0.83743298  2.        
 10.18070221  21.65921021 -10.83502197   3.        
-9.58355045  1.74512506 -5.13131714  6.        
10.88037872 18.4105072  -8.82012939  3.        
 10.87010193  20.21980476 -11.19906616   3.        
 1.36383104  6.95388794 -1.19110096  2.        
-1.53751397 -1.97661602  5.19857788  5.        
-6.74407196 13.14432526  3.20932007  4.        
 9.77062988 20.74023438 -9.45581055  3.        
-0.76522797 -2.50421095  8.57763672  5.        
-8.47286987 12.14122009  7.14605713  4.        
11.82485199 17.08508301 -4.44046021  3.        
-9.42098236  0.151627   -1.54498303  6.        
-5.47062683 12.23587036  5.98825121  4.        
-8.65619659 10.22818756 11.30157471  4.        
 3.63541389 -1.39119697  7.77352905  5.        
-6.12280989 12.9672699   3.69207811  4.        
-0.85797101  3.3296361  -3.2271421   7.        
 -0.46315801 -22.41732788  -1.03710902   2.        
 9.35874176 18.08939362 -3.1005249   3.        
 2.81716204 -1.57639301  7.89172411  5.        
 5.57504988 21.11591339 -9.65377808  3.        
-1.60940599 -0.96540099 -0.77020299  2.        
11.11863708 17.86109924 -6.67791796  3.        
-3.0610199  10.34837341  2.65997291  2.        
-7.47861481 12.04916382  7.47409105  4.        
 9.69538116 18.14098358 -2.53817797  3.        
 4.1674962  20.29237366 -7.65274096  3.        
 2.10719299  9.20573425 -1.72692895  2.        
-9.28603363  1.97129798 -6.37670898  6.        
-1.71782696  2.69695306  0.03363     2.        
10.53194427 19.23394012 -9.84121704  3.        
-2.47083998 11.49633026  5.01251221  4.        
 1.95530701  8.31525421 -1.43130505  2.        
 0.59014899  4.11225891 -1.36212206  2.        
-2.50940704 11.8664093   6.85772705  4.        
 1.45075202 -1.58490002  5.96997118  5.        
 9.5994873  19.79972839 -7.84414721  3.        
-5.65953112 12.72620392  4.33752394  4.        
 3.94858599 -0.331947    4.06112719  5.        
 -0.69414502 -23.27650452  -1.13906896   2.        
 2.45973992  9.08405304 -1.47213805  2.        
-7.29137421  1.47202301 -7.00772095  6.        
 3.82988    -1.77419996  8.73019409  5.        
-4.29679108 -1.23574805 -3.96420288  6.        
 7.16278791 17.16651917 -2.08190894  3.        
 2.33315992  9.75893402 -1.61566198  2.        
 -1.07363105 -18.03235626  -1.03530896   2.        
-1.36045098 -2.79829407 -0.63678002  2.        
-6.97323608  1.61349499 -7.32901001  6.        
-4.78748322 12.45274353  3.92410302  4.        
-0.261002   -2.04029894  5.76483107  5.        
-1.803406   -7.02692413 -1.20340002  2.        
 9.83585358 19.94573975 -8.49111938  3.        
 3.78685808 20.72969818 -6.06851196  3.        
-2.3368001   6.39357805  1.30367994  2.        
 2.92416406 -0.83231401  5.03219604  5.        
 4.79769897 -1.36871302  7.32098389  5.        
 2.75651503 10.54315853 -1.37222302  2.        
 7.24900818 17.70879364 -3.02679396  3.        
-10.72805023   2.09042406  -5.77471924   6.        
 1.73333704  7.37057495 -1.52212501  2.        
 8.56639099 18.44249725 -3.9211731   3.        
-3.63185096 11.39730835  8.04620361  4.        
-2.11768293  8.59622955  2.24163795  2.        
-5.6350708  12.19132996  7.42578077  4.        
-1.43157196 -4.23735809 -1.21591198  2.        
-2.05057502  3.46724701 -3.34884596  7.        
-4.79910994 12.30233002  4.74960279  4.        
 4.73439789 19.00910759 -3.48043799  3.        
-9.03180695 10.73041534  9.50204468  4.        
-1.03543794  3.89684296 -4.2588501   7.        
-1.20571899 -0.65859997 -0.64596599  2.        
10.3529892  17.93369293 -4.89334106  3.        
-3.54701209 11.38269806  8.77706909  4.        
-5.54325914 13.34515381  2.59515405  4.        
-8.6625824  13.27615356  4.7182312   4.        
 3.51122999 -0.436234    4.26458693  5.        
-2.12020898 12.19913483  6.17690992  4.        
11.05344391 17.71483612 -5.45272779  3.        
 9.21079254 19.74075317 -7.0645752   3.        
  6.55637407  22.24600983 -10.25024414   3.        
-8.14148712  1.65289295 -6.47314501  6.        
-1.20208001  0.102898   -0.66690099  2.        
-5.58203888 11.65505981  9.32263184  4.        
-5.67206621  0.103867   -5.04418898  6.        
-4.25052595 11.57118988  8.24820042  4.        
-2.63338494 11.75583553  5.69555712  4.        
-0.89674401  3.81168389 -3.77410889  7.        
 4.60458422 17.65563965 -2.80050707  3.        
-2.15762305  3.862854    0.52182001  2.        
-10.4788208   11.41233826   7.96447802   4.        
-6.18915606 11.56867981  9.90740967  4.        
 9.47353363 20.34079742 -8.95001221  3.        
 4.4836812  -1.82711005  8.65914917  5.        
 8.57479095 20.88811493 -8.20556641  3.        
 1.83799005 -1.69213104  3.17520094  5.        
 1.87575495  7.63003492 -1.03692603  2.        
 -1.58095503 -10.36301422  -1.18563795   2.        
-6.34551191  0.59614599 -5.35046387  6.        
-9.59352875 11.25404358  8.25161743  4.        
 7.06330919 21.75450897 -9.08966064  3.        
 8.71949768 18.21508026 -3.61148095  3.        
 3.95031691 -1.03595698  6.0872798   5.        
-8.1723938   0.79573101 -3.0683589   6.        
-6.31511688 11.34063721 10.81356812  4.        
 -0.90792799 -21.85617828  -0.83877599   2.        
10.29343414 18.89225006 -7.9281621   3.        
-10.14696503   1.38908398  -3.11077905   6.        
-8.51218414 11.18388367  8.98654175  4.        
 2.70784807 -1.29605103  6.69720507  5.        
-2.86100793 11.84455872  6.5030818   4.        
 8.98709869 22.41150665 -9.96755981  3.        
 8.67448425 19.54553986 -6.06781006  3.        
 9.25450897 18.08437347 -3.65667701  3.        
 3.86849999 13.46109772 -1.34954798  2.        
-1.85715497 -0.89897901 -1.09295702  2.        
 2.37753296 -1.399544    4.51522779  5.        
11.9567337  17.71945953 -8.17996216  3.        
-0.82179999  2.80064392 -1.62612903  7.        
-7.12840319  1.08417499 -5.13873291  6.        
 3.70477295 -1.59205604  8.35507202  5.        
-6.77903795 12.49832916  6.10559082  4.        
-1.37049103 -2.75685096 -1.18454003  2.        
 2.10253906 -1.90435803  8.73803711  5.        
 1.74782598  6.60463715 -1.44577003  2.        
-10.81402588   1.10040295  -2.7471621    6.        
-7.36151123 11.80883789  8.29943943  4.        
-4.03619385 11.72305298  7.21069288  4.        
 0.117912    2.16146803 -1.137115    2.        
-1.80253601  3.90546393 -4.08810377  7.        
-7.12509203 12.38652039  6.796875    4.        
-3.36440992 11.74385834  5.97653198  4.        
 6.78751421 18.34043884 -3.58514404  3.        
 9.37117004 18.19682312 -4.17767286  3.        
-5.1812439  12.10397339  7.828125    4.        
-3.28984094 11.73291016  6.77975512  4.        
-1.89614105  3.09630609 -0.034393    2.        
-10.73060608  12.05027008   7.00119019   4.        
-1.11653101 -4.2192378  -0.86102301  2.        
-1.09254503 -8.91529942 -0.902924    2.        
-4.91841078 11.93280029  8.67773438  4.        
-7.99426985 13.02715302  5.10067701  4.        
-8.14527893 12.76202393  5.86163282  4.        
 7.01052094 21.24098969 -8.49133301  3.        
-4.36677599 -2.07728601 -2.27120996  6.        
 5.28993177 15.69894409 -1.42202795  3.        
-5.83795881 -0.120461   -1.42379797  6.        
-4.23842621 -1.13034797 -4.35314894  6.        
 4.37628222 19.91048431 -4.23706102  3.        
-0.459557   -5.46846819  0.926117    2.        
-2.00648499  5.34222412  0.556274    2.        
 7.72678423 18.99648285 -4.78668213  3.        
 1.46388996  7.05136919 -1.57293701  2.        
 1.22730303 -2.17330909  4.00134277  5.        
-7.90910292  1.88844299 -7.50854492  6.        
-10.12885284   9.58273315  10.38122559   4.        
-11.62133026   1.69983697  -4.43185377   6.        
10.66094971 18.46557617 -7.6531682   3.        
 4.92674303 17.90578461 -3.01300001  3.        
-0.93333399 -2.33660889  4.00982714  5.        
-1.90677595  3.24524689 -2.69863892  7.        
-8.77406311  2.00802588 -7.07708693  6.        
 1.27493298  6.41699982 -1.29980505  2.        
-4.33818007 11.94249725  6.15243483  4.        
-1.30853295 -0.84546697 -1.34884596  2.        
-1.17417097  3.06584907 -1.93054199  7.        
 -1.11565399 -17.61827278  -1.52816796   2.        
-7.40390778  0.611404   -3.32629395  6.        
 7.94566393 17.96951294 -2.77343798  3.        
-4.36277819 11.46582031  8.81842041  4.        
 1.50793505 -1.63958704  7.37863207  5.        
 0.564888    3.37596893 -1.45642102  2.        
-1.662956    3.82841492 -3.6000669   7.        
-9.72531128 12.05690002  7.18994093  4.        
-8.24383545  1.40419805 -4.7406311   6.        
-4.53872681 11.37187958 10.86306763  4.        
 5.69489288 16.71909332 -2.37463403  3.        
 7.19393921 17.74756622 -2.58105493  3.        
 0.53245503 -1.90173304  7.02740479  5.        
 4.38023376 14.02230835 -1.15246606  2.        
 1.21663702  5.37059021 -1.59115601  2.        
-1.84619105  3.05644989  0.40109301  2.        
-4.6258769  13.07206726  2.94839501  4.        
-7.74701691  1.65656996 -7.0475769   6.        
 3.00733995 -2.47516608  9.70080566  5.        
 9.72694397 20.80749512 -9.86587524  3.        
 6.21829987 21.0699234  -9.07025146  3.        
 5.64219713 18.04522705 -3.32000709  3.        
-7.88100386 11.75893402  8.17575073  4.        
  8.26543427  23.03439331 -10.20785522   3.        
 9.62229156 19.18208313 -6.85620117  3.        
 5.30137587 16.45233917 -2.09130907  3.        
10.28437805 18.7043457  -7.18518114  3.        
-6.98207092 11.43335724  9.76016235  4.        
 5.25030518 20.45343018 -6.79733276  3.        
-2.31867194  4.65614319  0.76998901  2.        
-1.323807   -3.72880507 -1.00436401  2.        
-1.53129601 -8.31277466 -1.02481103  2.        
11.33126831 18.13402557 -9.30221558  3.        
-6.50209093  0.88249201 -6.12677002  6.        
 1.12529802  6.10520887 -1.58334398  2.        
-0.086929  -2.7244339  9.3510437  5.       
-8.20222473 13.60280609  3.92468309  4.        
-4.76441193 11.9002533   8.22988892  4.        
 8.56858063 18.00614929 -3.26727295  3.        
-3.41130805 11.38479614  4.49035597  4.        
-7.90341187  1.07149506 -4.37213087  6.        
 5.24010515 15.95353699 -1.73031604  3.        
-9.41543579  1.43870497 -4.41320801  6.        
-4.19811201 12.0050354   4.22219896  4.        
-1.47656202  1.70101905 -1.23550403  2.        
-1.92821503 -2.31841302 -0.842682    2.        
 6.78082323 22.03503418 -9.9815979   3.        
-0.048714   -2.15388489  4.38574219  5.        
-1.51120806 -2.10190606  6.40170288  5.        
 6.337677   19.93313599 -5.76260424  3.        
 2.41901398 -0.97333503  3.81195092  5.        
 4.86134291 18.29070282 -3.11499     3.        
-2.95354509 10.47980499  3.46185303  2.        
-2.53975701  7.83548021  1.56808496  2.        
 0.94654799 -2.55082703  9.38037109  5.        
 9.13871765 21.70018768 -9.74664307  3.        
-2.72907305 -4.5681529  -1.32138097  2.        
-9.9737854   2.16521406 -6.85739088  6.        
 0.70384997 -1.80143702  5.8343811   5.        
-1.10492694 -5.43045807 -0.78619403  2.        
11.35191345 17.65992737 -6.39184618  3.        
-7.35446215 11.55113983  8.96533203  4.        
 7.80479383 19.67996979 -5.48666382  3.        
  7.89633894  23.21529388 -10.81561279   3.        
-0.932877   -6.59046888 -0.074158    2.        
-1.68273902  1.36245704 -0.35620099  2.        
-9.53502655  1.16538203 -3.29577589  6.        
 1.08829498 -2.8910141  10.03964233  5.        
 7.02552795 20.75922394 -7.96627808  3.        
-3.589607   -3.15956092 -1.67333996  2.        
-2.30974603  6.93428802  1.57223499  2.        
 2.59781599 -0.96923798  3.22595191  5.        
-10.37866211   1.66403997  -4.44940186   6.        
-9.40158844 13.32066345  4.61691284  4.        
 2.77679396  9.4210434  -1.04821801  2.        
 2.40722704 -1.485901    7.41259813  5.        
-1.63383496 -1.30607605 -0.46765101  2.        
-7.38190508 10.85927582 11.21405029  4.        
 6.69587708 17.85108948 -2.97766089  3.        
 4.40828705 19.49810791 -3.87579298  3.        
-5.93554688 -0.023026   -4.10784912  6.        
-2.4747541   8.97782898  2.27938795  2.        
 -1.005234   -19.79715729  -1.23419201   2.        
-1.28850603  3.49786401 -3.74804711  7.        
-10.59701538   2.28775001  -6.89175415   6.        
 9.68360138 18.43192291 -5.03234911  3.        
-10.11608887   1.57520294  -3.63598609   6.        
-0.27764899 -2.43000793  3.82202101  5.        
-7.85998487  1.16484797 -5.12228394  6.        
-7.94525194 13.11346436  4.62963915  4.        
 4.2892909  -1.18766797  6.59085083  5.        
-2.02603889 -6.19895887 -1.23553503  2.        
-1.20351398 -4.68132782 -1.00402796  2.        
-3.77020311 11.55583954  4.92233276  4.        
-2.2942729  11.26525879  4.55203295  4.        
-8.71916199 13.23024654  4.20391893  4.        
-4.76305389 11.44422913  9.38528442  4.        
 8.5949173  19.40569305 -5.38223314  3.        
 7.30513811 21.88912964 -9.66534424  3.        
-10.31260681  12.79942322   5.85449219   4.        
 5.67548418 20.45594788 -6.62063599  3.        
 4.53174591 -0.73877001  5.54354906  5.        
-9.33346558  1.27845001 -4.05697584  6.        
-2.52347589  7.55084991  1.29287696  2.        
-10.76083374  11.56401825   7.71493483   4.        
-11.07500458   0.76731902  -2.55242896   6.        
 3.76946998 12.81242371 -1.20730603  2.        
 9.49643707 21.21709442 -9.91766357  3.        
10.05399323 18.01210022 -2.64538598  3.        
 2.62515998  9.75251007 -1.21585095  2.        
-8.96043396 11.22913361  8.6819458   4.        
 -1.01800501 -20.14788055  -1.41656494   2.        
-9.3177948  11.07732391  8.76419067  4.        
 3.22248793 11.06264496 -0.93243402  2.        
-5.44570923 -0.82817799 -2.59313989  6.        
11.53614807 17.22233582 -3.68579102  3.        
-8.08154297  0.89470702 -3.44692993  6.        
 6.53845215 20.94935608 -7.75979614  3.        
 5.62514496 20.81472015 -8.61566162  3.        
-8.72936344 10.65307617 10.046875    4.        
-4.32872009 12.24531555  3.64279199  4.        
-2.26790595  8.11534882  1.71169996  2.        
-1.24777997  2.13126397 -1.38861096  2.        
  9.6244278   21.48357391 -10.3626709    3.        
-1.19023895  3.26705909 -2.98214698  7.        
 10.29984283  22.20896721 -11.05914307   3.        
-8.88865662  1.03064704 -3.53537011  6.        
-1.06916797  1.72489905 -0.80721998  2.        
-2.9868319  11.21344757  8.71838379  4.        
 10.3269043   21.76029968 -11.35247803   3.        
 4.28156281 -0.48722801  4.92584181  5.        
 9.99754333 20.13150024 -9.49536133  3.        
-0.89256299  0.94183302 -0.75933802  2.        
-4.31469679 -0.59061402 -4.98413086  6.        
 8.0710144  19.76136017 -5.84085083  3.        
-8.42658997 13.70422363  3.50613403  4.        
 6.41709089 17.52750397 -2.64459205  3.        
 1.90062702 -1.30435896  4.58636522  5.        
 -1.15272498 -14.80485535  -1.13842797   2.        
-2.65547895 10.22118378  3.35244703  2.        
-1.99948096  2.50904894 -0.43508899  2.        
-5.83294678 13.24474335  3.00051904  4.        
 0.251564   -2.10626197  4.13012695  5.        
 0.63986999 -2.57302094  3.4503479   5.        
-4.75333405 -1.159271   -3.32977295  6.        
-1.16057599 -1.95618403 -0.752747    2.        
-1.34173596  2.74361396 -1.70626795  7.        
 5.1662221  -1.78331804  8.16195679  5.        
-12.0976181    1.92796302  -4.88986206   6.        
-1.81642103 12.29106903  5.88687086  4.        
-1.46923804 -8.37701416 -1.40420496  2.        
 5.87844896 17.13647461 -2.44082594  3.        
-8.79692078 10.40235901 10.48648071  4.        
 6.14736891 20.82362366 -8.73141479  3.        
-1.27074397 -3.41099501 -0.63089001  2.        
-7.53114319  1.49440801 -6.36212206  6.        
-1.81604803  5.56776381  1.17086804  2.        
 10.52581787  19.97813416 -10.10391235   3.        
 9.32337189 18.72414398 -4.73596191  3.        
-6.56852007  0.19111601 -3.43023705  6.        
-6.70051622  0.165382   -1.91226196  6.        
-7.3166728  12.71205902  5.77462816  4.        
 -1.11518097 -11.42708588  -0.93914801   2.        
-1.91672504  3.23383307 -1.97232103  7.        
-5.37891388 12.7858429   3.22494507  4.        
 10.66384888  20.49937439 -10.70922947   3.        
 2.49030304  8.26252747 -1.17678797  2.        
-8.03407288 10.73474884 10.58374023  4.        
 -1.45564306 -13.75410461  -1.36804199   2.        
 6.2303009  17.07906342 -2.09082007  3.        
-6.08109283 11.65807343  9.05551147  4.        
 0.96487403  5.86110687 -1.12405396  2.        
-7.74047089 11.46391296  8.90881443  4.        
-7.7526021  13.27670288  3.97836304  4.        
-1.46366096 -7.80590105 -1.15487695  2.        
11.05056    17.57530975 -4.80749512  3.        
-8.66986084 11.62294769  7.93414307  4.        
-5.44628906 -0.57524902 -3.296417    6.        
-2.2634511   5.02124786  0.34878501  2.        
 0.711761    4.91964006 -1.11303699  2.        
-0.054626   -3.52844191  2.2814939   2.        
-10.76825714  10.11368561   9.29986572   4.        
-0.425964   -3.23764801  3.06487989  2.        
 7.79021502 22.1074295  -9.77352905  3.        
 7.30130005 20.34329987 -6.58541918  3.        
 10.90617371  20.18704987 -10.81842041   3.        
 6.92656708 19.11228943 -4.90628099  3.        
 0.73481798 -2.11255693  3.0214231   5.        
-9.57223511  9.90646362 10.53683472  4.        
-8.46476841  0.61570001 -2.26702905  6.        
 6.42605591 17.78887939 -3.37280297  3.        
-0.91797602 -2.4508059   8.23083496  5.        
-4.00656891 12.55130768  3.01553297  4.        
 4.676826   14.17178345 -1.48150599  2.        
 4.90735579 19.93893433 -4.75491285  3.        
 3.66970801 -0.671341    4.95587206  5.        
-8.72177887  0.095985   -0.76617402  6.        
 4.23781586 20.28771973 -4.62249804  3.        
11.90636444 17.39228821 -6.872437    3.        
 4.49756622 20.51158905 -7.18301392  3.        
-10.75614166   1.76389301  -4.54516602   6.        
-5.57209778 12.64142609  3.54089403  4.        
 0.441055    4.26507616 -0.98413098  2.        
-3.53392792 11.63189697  5.21078491  4.        
 10.134758    20.82254028 -10.06564331   3.        
 7.38674879 20.48999023 -7.27014208  3.        
-6.2693181  12.14319611  6.80252123  4.        
 -1.02165198 -21.14386749  -1.14102197   2.        
10.33688354 18.31904602 -5.55795288  3.        
 8.15077209 19.95807648 -6.50414991  3.        
  6.83329821  22.64182281 -10.49130154   3.        
 3.80680108 -1.27257502  7.27032518  5.        
 4.23916578 -0.66609198  5.30432081  5.        
 8.27763367 20.74188995 -7.78610182  3.        
 0.056374   -1.95277405  5.0501709   5.        
 -1.11656904 -16.59681702  -1.39288294   2.        
-4.22589111 11.68029022  7.84292603  4.        
 5.97127485 21.9657135  -9.82995605  3.        
 4.28529406 20.4464035  -5.02658081  3.        
-0.186562    3.66969299 -3.46673608  7.        
 3.28469896 -0.26879099  3.62185693  5.        
-9.47276306  1.83852398 -5.66485596  6.        
-10.06491947  11.63141632   7.8572998    4.        
-2.63668799  9.78482819  2.67459106  2.        
 0.30521399  2.48814392 -1.33413696  2.        
 10.35627747  20.87561035 -10.90719604   3.        
 5.39781189 20.49475861 -7.56338501  3.        
  7.23441315  22.60528564 -10.0715332    3.        
-4.97395277 -1.17079198 -2.26831102  6.        
-2.84861803  9.5442276   2.11947608  2.        
-10.5279541   10.7470932    8.79885864   4.        
-0.128372    2.64231896 -0.85366797  2.        
 2.18176293 -0.82089198  2.83429003  5.        
-4.53160906 -0.309021   -5.4498291   6.        
 4.96589708 20.32014465 -5.66378784  3.        
-4.49675798 -1.71695006 -2.75882006  6.        
 9.21166992 19.44231415 -6.40524292  3.        
 10.8207016   21.78313446 -11.63586426   3.        
-1.59436798  0.62982899 -0.85351598  2.        
 4.32870483 20.47612762 -8.43933105  3.        
-9.14589691  0.30687699 -1.19360399  6.        
-9.69798279  0.98913598 -2.56784105  6.        
-10.66663361   2.25297594  -6.20483398   6.        
-1.34532201 -2.28443909  5.29074097  5.        
-0.378685   -2.08224511  5.12322998  5.        
 -0.95448297 -15.570961    -1.07379198   2.        
 7.6618042  19.33562469 -5.4472661   3.        
-9.28022766 10.33638763  9.90026855  4.        
10.64907074 19.05662537 -9.05661011  3.        
-1.15019202 -2.30843401  7.26391602  5.        
 3.26702094 -0.41528299  3.96472192  5.        
-1.79625702 -3.34067512 -1.13122594  2.        
-3.31707811 -3.99569702 -1.92291296  2.        
 -1.35067701 -14.12055969  -0.96814001   2.        
 0.49889401 -1.85102105  6.47424316  5.        
 8.24086761 21.69114685 -9.20144558  3.        
-9.06092834 10.11588287 10.94882202  4.        
 7.1914978  21.30344391 -8.17175293  3.        
-11.38626099   1.44351995  -3.59469604   6.        
 2.1219101  -1.57329595  4.02551317  5.        
 -0.91504699 -19.44312286  -1.67025805   2.        
-8.3722229   1.44291699 -5.42102098  6.        
 2.61300707 -0.78010601  2.89565992  5.        
-9.48275757 12.73188019  6.1437068   4.        
-8.89305878 10.42956543  9.79962158  4.        
10.00732422 17.91526031 -3.61996508  3.        
-3.6981051  11.50856018  8.39395142  4.        
-8.80600739  2.02139306 -6.37213087  6.        
-1.36444795  1.40418994 -1.01046801  2.        
 5.860672   19.07929993 -4.31439209  3.        
-1.36438     2.51076508 -0.041656    2.        
-1.47696698 -5.36010695 -1.12945604  2.        
-8.43051147  0.946648   -3.63702393  6.        
-3.99932098 12.15564728  3.08966088  4.        
-5.31069183 12.55859375  4.6088562   4.        
 1.023628    4.60891724 -1.50387597  2.        
-7.06362104 12.94625854  3.91171288  4.        
-4.31738997 11.31735992 10.57241821  4.        
-6.49314117  1.07931495 -7.03808594  6.        
-8.05090332 13.06033325  4.21542406  4.        
-3.96968102 11.76520538  4.4125061   4.        
 0.44721201  2.99033403 -1.025208    2.        
-5.46852922 -0.35243201 -3.00378394  6.        
11.40181732 17.51020813 -5.465271    3.        
 -0.92011303 -17.08474731  -1.240448     2.        
 0.81205702  5.15798998 -1.58944702  2.        
-4.95897722 12.47609711  3.37344408  4.        
 3.14229608 -1.13276696  5.16613817  5.        
-1.50665295 -1.76156604 -0.814331    2.        
 3.66651893 12.91233826 -0.769867    2.        
 6.67609406 21.64333344 -9.14532471  3.        
-7.22924805 -0.155258   -0.49169901  6.        
 6.051826   17.48580933 -3.08593798  3.        
-9.37683105 12.31326294  6.55001783  4.        
-5.64539289 12.44701385  5.7437439   4.        
11.35712433 17.40737915 -4.13491821  3.        
-3.310287   11.21999359  3.29064894  4.        
 9.97195435 18.95780945 -6.39117384  3.        
-1.09999096 -1.55842602 -0.76122999  2.        
-7.08781385 11.18677521 10.60217285  4.        
 9.27201843 19.05257416 -5.21106005  3.        
-1.90105402  3.55658698 -2.89224195  7.        
-9.28793335 12.10517883  6.96102905  4.        
 2.74356103 -1.16062903  4.55032396  5.        
 2.68388391 -2.18063307  9.31082058  5.        
-8.01720428  1.79137397 -6.84039307  6.        
-6.47524977  0.57548499 -4.99682617  6.        
-4.31819201 11.12212372 10.21612453  4.        
-5.98692322  0.36966699 -4.71499586  6.        
-11.27812958   2.16152906  -6.60357714   6.        
-9.45347595  2.12224603 -6.928864    6.        
  8.05712128  22.52115631 -10.14089966   3.        
-7.82634687 13.49019623  3.45352197  4.        
 8.85310364 20.36054993 -7.51098585  3.        
 8.21179199 19.41358948 -5.94616699  3.        
  9.466362    23.45498657 -10.51602173   3.        
 2.10131788 -1.45146203  3.09915209  5.        
-2.38017988 10.72492981  3.86636305  2.        
 2.79189301 -0.69831097  4.147614    5.        
 6.55479383 21.88188934 -9.5190134   3.        
 4.14157104 14.27611542 -1.25888097  2.        
-0.98572499 -0.436768   -0.896698    2.        
-4.73786211  0.009148   -6.06967211  6.        
  8.71246338  22.65789032 -10.06985474   3.        
-4.07167816 11.78256989  4.95129395  4.        
 8.63033295 18.76812744 -4.59820604  3.        
 8.22855377 19.4417038  -5.1723938   3.        
 9.19618988 20.02051544 -7.46173096  3.        
-4.72306824 -1.42082202 -2.94400001  6.        
 4.46580505 20.53672791 -6.39584303  3.        
 0.68797302  3.65086389 -0.94772297  2.        
-1.21544695 -6.8684082  -0.680237    2.        
-10.32910156   0.51386303  -2.124542     6.        
 6.8179698  20.48794556 -7.54086304  3.        
-1.91114795  1.85743701 -0.26647899  2.        
 -1.21664405 -19.36952209  -1.36456299   2.        
 2.79344893 -1.27246106  6.28155518  5.        
-2.31972504 10.43556976  3.45587206  2.        
-2.13985395  6.10660505  1.40481603  2.        
-0.25022101  1.53209698 -1.05148304  2.        
-8.26644897 11.25605011  8.61715698  4.        
 5.0831151  20.1281662  -5.38024902  3.        
10.91143799 18.48731995 -8.07373047  3.        
-8.52719116 12.98296356  5.45559692  4.        
-6.6306839  12.48990631  6.59729004  4.        
-6.49094391 12.80666447  5.12597704  4.        
-4.75088501 -0.77895403 -3.34966993  6.        
-5.90976715 12.69394684  4.87069702  4.        
-5.38349915 -0.192368   -4.37271118  6.        
-6.86753893  1.28396595 -6.71633911  6.        
-0.38404101 -4.49365187  1.45645106  2.        
-1.71560705  2.29682899 -0.36496001  2.        
 3.27211809 10.74608612 -1.26110804  2.        
 6.24040222 20.70359039 -7.71353197  3.        
-4.89931488 13.07368469  2.66879296  4.        
 -1.43215895 -11.61457825  -1.21179199   2.        
 1.140625   -1.75273097  6.72164917  5.        
 7.21382904 19.74586487 -6.01092482  3.        
 4.73800022e-03 -2.04487610e+00  7.56100512e+00  5.00000000e+00
-3.53604889 -2.59746599 -1.98510695  2.        
 8.17346191 21.43721008 -8.86358643  3.        
-3.47804308 12.25095367  2.97735596  4.        
 3.85725403 20.30589294 -7.43554688  3.        
 5.30628204 20.67311859 -7.87649488  3.        
 5.67410278 21.56241608 -9.57891941  3.        
-1.12511396 -6.60919905 -0.98819     2.        
-6.6915822   0.98072797 -5.47717285  6.        
-7.81118822  0.115013   -1.37533605  6.        
-2.14598894 11.54216003  4.72628784  4.        
10.77309418 18.11755371 -6.19934082  3.        
-2.99884009 11.67338562  5.6126709   4.        
-6.26098585  0.053734   -0.79434198  6.        
-5.29034424 12.17782593  5.21365404  4.        
-9.60791016  1.28083003 -3.76852393  6.        
-2.40630293  6.62228394  0.98263502  2.        
 3.95455194 20.47764587 -6.91717482  3.        
 0.89261597 -2.38229394  3.19754004  5.        
-4.384758   11.45907593  9.56539917  4.        
-1.78394306  4.18261003  0.25277701  2.        
 -1.18136597 -16.32633209  -1.09847999   2.        
-6.47197008  0.033859   -2.52969408  6.        
-4.88113403 -0.56600201 -3.65084791  6.        
-10.60865021   0.77838099  -2.3722229    6.        
-1.50464594 -1.55899799 -1.26882899  2.        
-9.96232605 12.76172638  5.79089403  4.        
-7.143929   12.53542328  6.03366089  4.        
-7.45011091  1.31722999 -5.57400513  6.        
-5.2505188  -1.077232   -3.07629395  6.        
 -1.30774701 -10.79777527  -1.56146204   2.        
-2.2094419  11.85684967  7.174438    4.        
-7.52934313  1.16898298 -4.96206713  6.        
-1.54228997  3.30107903 -3.04266405  7.        
-1.84457397 -2.23856401  7.51757812  5.        
-10.13166046  11.89373779   7.47024488   4.        
-3.18815589 10.67454529  2.95626807  2.        
 4.26475477 15.41655731 -1.81646705  2.        
 9.43895721 19.19255829 -5.98175097  3.        
-9.99759674  9.82066441 10.14974976  4.        
12.0493927  17.12870026 -5.39932299  3.        
 0.18679801 -2.36782789  8.74609375  5.        
-6.20373487  0.61362499 -5.67733812  6.        
11.19994354 18.51566315 -9.86911011  3.        
 2.49289703 -1.98625195  8.96334839  5.        
 -1.50106001 -16.46827698  -1.44967699   2.        
-6.86431885 12.73646545  5.34494019  4.        
-8.65454865 10.82462311  9.19244385  4.        
 4.89191389 20.48274994 -8.28378296  3.        
 -1.34677899 -10.30714417  -1.45443702   2.        
-7.0008769   0.091942   -1.27661097  6.        
 -1.17485797 -15.97918701  -1.187958     2.        
 1.81512499 -2.0568769   8.88650513  5.        
-7.9260788  11.23371887  9.40686035  4.        
-9.89027405  0.64837599 -1.98297095  6.        
-1.32797205  3.94496894 -4.89614916  7.        
 1.36045802 -1.67029595  3.90325904  5.        
-2.6745069  10.82453918  4.08868408  4.        
 9.08807373 18.45067596 -4.30410814  3.        
-6.54093885  1.373299   -7.23877001  6.        
-1.42071497 -3.19727302 -1.28314197  2.        
 3.08684492 -1.25064898  7.13565111  5.        
 3.85686493 -0.358116    4.56637621  5.        
-10.50527191  11.75710297   7.31710815   4.        
-8.96321106  1.32179999 -3.91445899  6.        
 7.48513794 21.53447723 -8.48147583  3.        
  8.66908264  23.39724731 -10.5300293    3.        
-4.3022542  11.6771698   4.33267212  4.        
-1.50590503 -2.10781908 -0.90484601  2.        
-1.96878803 -5.66021013 -0.974213    2.        
-2.16759491 -5.84343719 -1.67019701  2.        
 -1.19271898 -10.80091858  -0.76962298   2.        
 6.74654388 20.81138611 -8.27816772  3.        
  9.83163357  21.70020294 -10.80670166   3.        
 0.76285601 -1.82935297  7.28414917  5.        
-4.06294298 11.92782593  7.59805298  4.        
-1.59712994 -6.6606369  -1.06390405  2.        
10.50807953 19.60431671 -9.78271484  3.        
-6.41868591 11.14677429 11.49523926  4.        
 10.09883118  23.15585327 -10.79916382   3.        
-2.50373101 11.37228394  8.50775146  4.        
 1.92189002 -1.523247    6.78088379  5.        
-0.66176599 -2.25908709  7.46716309  5.        
-4.24748182 11.90073395  3.70361304  4.        
-5.85236406 -0.287361   -2.77301002  6.        
 6.61356306 20.52324677 -7.12124586  3.        
-5.24394178 11.37010956 11.12286377  4.        
 0.50506598 -2.83165002  9.68695068  5.        
-5.63564301  0.21710999 -5.3744812   6.        
 2.49309492  9.16644287 -1.06695604  2.        
-8.2518692  11.97172546  7.7749629   4.        
-7.52445221 12.86695862  5.16357422  4.        
-8.75449371  0.47066501 -1.87612903  6.        
-4.14666796 12.44328308  3.33212304  4.        
 5.07515001 19.15439606 -3.92413306  3.        
 8.93743134 21.98709869 -9.71829224  3.        
-5.22750807 -1.15692103 -3.41632104  6.        
 6.36770582 20.30995941 -6.60614014  3.        
 7.55727386 19.06017303 -4.4876399   3.        
 1.84168196 -2.8021009  10.14889526  5.        
11.60916901 17.51817322 -5.87689209  3.        
-1.30342102 -2.29218292  4.40100098  5.        
-1.33525097 -5.92730713  0.24408001  2.        
-7.43737793  0.034096   -0.74264503  6.        
 0.342796   -2.37667894  3.12030005  5.        
-1.49357605  0.181831   -0.49234     2.        
 3.18251801 -0.60811597  4.37283278  5.        
 9.61907196 20.67317963 -9.14910889  3.        
-5.79465485  0.108963   -0.89090002  6.        
 8.77747345 19.48499298 -5.68850708  3.        
 -0.84188801 -20.43463135  -1.05972302   2.        
-5.58369493 -0.191406   -3.50567603  6.        
-1.97905695  4.60228014  0.54476899  2.        
-1.11563098 -4.09561205 -0.53546101  2.        
 0.906479   -1.90482295  3.93414307  5.        
-0.93444097 -5.48471117  0.70904499  2.        
 9.60762787 20.3382206  -8.62908936  3.        
  8.14619541  23.60800934 -10.45108032   3.        
-3.68667603 11.76955414  5.55975294  4.        
 5.35784197 17.89376831 -3.18957496  3.        
 9.46434021 19.38208008 -7.23675489  3.        
-1.49221802 -2.97956109 -0.94726598  2.        
 3.194206   -1.01322901  5.78903198  5.        
 5.86288404 19.93836975 -5.52026415  3.        
 4.1231308  13.41464996 -1.11828601  2.        
 11.09345245  18.78507996 -10.12295532   3.        
-8.13716125  0.51447302 -2.319031    6.        
 4.79017591 -1.99374402  8.85552979  5.        
 9.26821899 21.24429321 -9.58898926  3.        
 5.97225189 19.3890686  -4.68066406  3.        
-2.73173499 -4.24624586 -1.60107398  2.        
 1.30526698 -1.97602797  8.53259277  5.        
 7.97187805 20.58422852 -7.38046312  3.        
-1.01361799  3.36209893 -2.64706397  7.        
-1.18378496 -1.92138696 -1.42150903  2.        
-8.8782196  12.78401947  5.63259888  4.        
-1.79393804 -0.132935   -0.49185199  2.        
-2.96012092 11.26121521  9.22790527  4.        
-1.45545995 -9.15803528 -0.99365199  2.        
11.39407253 17.4136734  -4.85253906  3.        
 1.04632604 -2.02632904  2.77947998  5.        
-8.98973846 11.7644577   7.51711988  4.        
-0.58586901 -2.32055712  7.79931593  5.        
-4.65179396 -1.54280901 -2.0596621   6.        
-6.54575396 11.43698883 10.17172241  4.        
-0.12519801  0.42589599 -0.778687    2.        
 7.2555542  19.43190765 -4.98236084  3.        
 1.40706599 -1.92739904  2.97757006  5.        
-4.75019789 11.95662689  4.62875414  4.        
-2.49570489  9.26793671  2.82260108  2.        
11.51736546 17.74775696 -7.06955004  3.        
-0.425713   -3.45918989  2.4937439   2.        
-5.21365404 12.18354034  6.54095507  4.        
 10.04769897  20.26542664 -10.0038147    3.        
