-1.91248298 -2.63347602 -0.051788    3.        
  4.05971479  24.53920746 -10.89056396   5.        
  3.0783391  -24.59411621   1.72363305   2.        
-10.12371063  18.59913635   5.38195801   4.        
8.71862793 9.08177853 4.12298584 7.        
 6.18339491 -2.37843299 12.39297485  6.        
  3.54215193 -12.907341     1.17813098   2.        
 8.880867   17.00997925 -3.95327806  5.        
-1.13500202 13.4959259   0.75048798  2.        
 4.07932281  3.70438409 -0.972992    2.        
 4.57340193 -2.17288995  4.55828905  6.        
-7.12367201 17.65901947 -1.68585205  4.        
 2.58429003 20.83093262 -4.65365601  5.        
-8.8727951  -2.85162401 -1.30075097  3.        
-3.30586195 17.25377655  6.25375414  4.        
 9.55374908 20.32509613 -9.97225857  5.        
 6.0138092  11.02005005 -2.13772607  2.        
 2.90103889 -6.66937304  0.493469    2.        
0.27599299 7.72458696 1.08038294 2.        
  3.61586809 -18.76558685   1.23458898   2.        
 2.05991411 -1.88887799  9.24957275  6.        
 8.54597473 -1.73206306  7.77166796  6.        
3.79633307 8.50605011 4.45144701 7.        
 2.72374701 -0.967857    0.069183    2.        
-4.82344103 -2.34741998 -4.00015306  3.        
-4.38173723 16.62206268  1.86428797  4.        
 6.84899902 20.38023376 -6.30169678  5.        
 5.57450914 19.06027985 -2.08279395  5.        
-10.18830109  18.66086578   1.09640503   4.        
-3.0833509  15.90195465 -2.09527612  4.        
-5.80754089 -2.95390296  1.57473695  3.        
  6.73253584  21.9436264  -12.22943115   5.        
-0.51655602 15.63645172  3.954041    4.        
6.01147509 9.00971985 1.28314197 7.        
10.78839874 19.45056152 -6.41497803  5.        
 2.47688293 23.28038788 -7.63595581  5.        
0.98654902 3.95054603 1.02667201 2.        
-6.52380419 17.99093628  4.50967407  4.        
3.5877459  6.38762712 1.58242798 2.        
-1.40519702 -3.11900306 -3.53723097  3.        
 7.08613586 14.36880493 -2.35290504  2.        
 5.21452284  6.90574694 -1.42327905  2.        
 0.32903299 -5.05365705 -1.03466797  2.        
 5.59562683 22.15076447 -8.91110229  5.        
 5.16310883 -1.70488703  7.90625     6.        
 3.60296607 -4.85857391  3.087677    2.        
 3.77071404 -9.7333746   0.89315802  2.        
-7.09215498 18.05937958  1.49166906  4.        
-0.096367   10.75282288  1.42605603  2.        
 6.98644304 -0.60417902  5.3971858   6.        
  3.51580811 -15.8476944    0.56072998   2.        
  3.99787903 -21.70963287   1.32147205   2.        
 2.21450806 -1.89460003  6.30786085  6.        
-4.66577101 -2.68713403 -1.08386195  3.        
 2.72943902 -3.79725695  0.49487299  2.        
 8.336586   -2.68444109 10.53894043  6.        
2.75437903 1.78282905 0.68969703 2.        
6.50133514 8.07369995 5.5161438  7.        
 4.23171186 21.29550934 -6.74002123  5.        
 4.411026   -1.78048694 10.49194336  6.        
-7.34015703 -2.47627997 -3.42376709  3.        
 6.82309723 18.520401   -4.34884596  5.        
-3.43255591 -2.14228797  1.97183204  3.        
-2.5579381  15.54919434  0.43518099  4.        
-4.97141314 16.91044617 -0.63128698  4.        
-8.04209137 18.14277649  6.68768311  4.        
-2.84203291 16.54788971  3.87393188  4.        
 4.92952013 20.08919525 -4.62475586  5.        
 7.72421312 21.03365326 -8.54058838  5.        
-8.89396667 18.41143036  3.31805396  4.        
3.3164289  4.04824114 1.31802404 2.        
 7.00748396 16.72991943 -2.56655908  5.        
-5.53892517 17.77812958  6.70477295  4.        
 8.68585968 18.76230621 -5.6937871   5.        
-6.78748322 -2.97032905 -0.41128501  3.        
6.51455688 8.53404999 3.36926293 7.        
 5.51894379  9.04388428 -1.16470301  2.        
-1.78761303 14.89530945  2.35049391  4.        
 6.45424604 -2.08620501  9.71734619  6.        
 4.12126923 23.8990097  -8.83807373  5.        
-8.81597137 18.21687317 -0.52664202  4.        
1.49016595 5.99944305 1.11349499 2.        
 9.39366913 19.97756195 -7.87252808  5.        
  8.04865265  20.51898956 -11.39291382   5.        
  5.35172319  22.73236847 -10.88638306   5.        
-3.27413201 -2.85578895 -2.69045997  3.        
4.73322296 7.72247314 2.70349097 7.        
 3.67084503 20.11544037 -2.98526001  5.        
-4.57975817 17.35135651  4.61813307  4.        
-10.9125824   18.94658661   3.52670288   4.        
-1.45257604 16.68229675  5.43453979  4.        
-0.85944402 -3.48980689 -1.61444104  3.        
 2.24344611 21.39476013 -6.55236816  5.        
  6.81235504  21.44621277 -10.22573853   5.        
 3.30893707 -2.01132989  7.82858276  6.        
 5.38929701 -1.35968804  6.07507277  6.        
-5.73132277 17.44296265  2.89886498  4.        
4.30061293 8.38095093 0.93691999 7.        
 7.03772688 12.54117584 -2.06173706  2.        
  3.31048608 -11.33292389   0.165314     2.        
 4.97180891  5.26967621 -0.68221998  2.        
  3.15513611 -22.84605408   2.44778395   2.        
 3.58723497 -7.98193407  1.49343896  2.        
 6.80061293 -1.39105999  7.16659498  6.        
7.89734697 9.27721405 2.5566411  7.        
 1.31037903 -6.07193804  0.009888    2.        
-6.10809278 -2.64465308 -2.08691406  3.        
-8.40288544 18.18461609  4.96563721  4.        
 5.9257431  21.4786911  -7.35095215  5.        
0.85748303 9.3240509  1.13287401 2.        
-8.28714657 -3.14902496  0.370087    3.        
 3.46240211 -3.33810401  4.02230787  2.        
-1.71185303 15.79136658 -1.11074805  4.        
-6.45523119e+00  1.75916061e+01 -4.18099994e-03  4.00000000e+00
 3.40429711 -6.29290819  2.06347704  2.        
-3.80796099 -2.51890612  0.36065701  3.        
  2.96717811 -20.39881897   1.17465198   2.        
-2.99325609 -2.66894507 -4.325562    3.        
 4.22309923 22.54773712 -7.84310913  5.        
-4.6230998  16.76596069 -2.25360107  4.        
 4.13960314  2.20368195 -0.112762    2.        
 3.84018707 -2.07943702  6.15405321  6.        
10.11520386 18.23757935 -5.09518385  5.        
3.46407294 0.46457699 0.084015   2.        
-7.31196594 18.00099182  3.11422706  4.        
  2.97018409 -22.91079712   0.862427     2.        
-8.64808559 18.29090118  1.74035597  4.        
-3.45019507 16.33350372 -0.60879499  4.        
-2.99887109 15.89330292  2.3869319   4.        
-0.56201202 12.2346344   1.58898902  2.        
 3.09405494 -8.41218567  0.078094    2.        
 8.04537964 15.77970123 -3.23532104  5.        
5.34565687 8.3555603  4.47723389 7.        
  3.97376204 -17.25704193   1.349823     2.        
 5.53056288 -0.80492401  4.63028002  6.        
 2.81603193 -2.37269592  1.10919201  2.        
  3.47660804 -14.50170135   1.32977295   2.        
-5.61322021 17.38065338  1.32290602  4.        
-1.95832098 -2.17860389  1.42184401  3.        
 8.39605045 19.93045044 -6.65707397  5.        
 4.67159319 -1.84355903 12.00772095  6.        
  5.49922895  23.59511566 -12.14831543   5.        
 3.32146406 -5.18073988  0.78900099  2.        
 6.53138018 18.16622162 -2.89471412  5.        
 7.92536879 -2.17020392  9.16842747  6.        
-2.93506598 -2.77776289 -1.16177404  3.        
-1.15480006 14.99616241  0.370087    4.        
 5.37568712 20.58441162 -6.05544996  5.        
 2.9209671  -1.60490406 10.54092407  6.        
7.67169905 8.10282135 4.55096388 7.        
 6.26187897 19.65553284 -5.13946486  5.        
 6.9624629  -2.51419091 11.08526611  6.        
 5.70376587 19.1815567  -3.58966088  5.        
 8.06777954 -1.089867    6.46417189  6.        
-0.31324801 14.78931427  2.75912499  4.        
2.20394897 3.22012305 0.61569202 2.        
 7.35668898 17.21219635 -3.94198608  5.        
 1.66471899 -2.07048011  7.65390015  6.        
 3.81825304 20.61499023 -5.41345215  5.        
-5.39638519 -2.75180006  0.17013501  3.        
2.05311608 0.48407    0.412628   2.        
 3.68778205 -1.75103796  9.2008667   6.        
-7.5375371  -2.62165809 -1.87219203  3.        
-4.2378459  17.02353668  3.24075294  4.        
-6.76027679 17.98316956  5.97219896  4.        
-4.74028015 -2.71901703 -2.51394606  3.        
2.14013696 4.76069593 0.81533802 2.        
 3.28874993 -0.89143401  1.35675001  2.        
 8.19485474 20.76420593 -9.83728027  5.        
  3.728333   -13.94846344   0.064697     2.        
-0.49916101 -4.1252141  -0.405182    2.        
 2.14359307 -2.20272803 -0.204468    2.        
-10.06012726  18.40904999   2.56167603   4.        
-1.95130205 -2.92487311 -2.27032495  3.        
-7.07298994 -3.19043708  1.075562    3.        
-5.844841   17.14877319 -1.71804798  4.        
  4.71167803  23.62708282 -10.05957031   5.        
-4.34385681 16.46253967  0.49795499  4.        
3.38810706 7.74840498 2.94247389 7.        
-2.23754096 14.20737457  1.10311902  4.        
-1.81906104 15.76727295  3.44162011  4.        
 5.69830322 -2.0225451  11.11560059  6.        
 8.17534637 18.07273102 -4.59298706  5.        
10.7419281  20.08531952 -7.89096117  5.        
 6.66306305  9.93642426 -1.67526305  2.        
 6.42874908 -1.793221    8.38928223  6.        
-0.93903399 13.67095947  2.06069994  4.        
 7.43435717 19.28182983 -5.6470952   5.        
 3.13944197 22.25988007 -6.98672485  5.        
 5.10938311 -1.81184399  9.38201904  6.        
-7.81295776 17.97537994  0.27069101  4.        
0.31675699 6.36089277 0.677338   2.        
-2.73084307 16.85489655  5.13238478  4.        
-5.60047197 17.48318481  5.40496778  4.        
-6.04700518 -2.46226501 -3.46426392  3.        
-4.51496077 -2.67120409  1.50924695  3.        
 7.16763306 21.13313293 -7.36334181  5.        
 3.41597009 24.63150787 -9.79333496  5.        
1.52652001 2.20794702 0.98016399 2.        
 6.01446486 12.18829346 -2.70361304  2.        
 9.53699493 19.43951416 -6.57235718  5.        
 6.57744598 21.51656342 -8.49124146  5.        
5.70102692 8.53879642 2.43438697 7.        
 2.98214006 -2.090698    5.26217604  6.        
-3.55669403 15.79776001  1.28701794  4.        
-9.79142761 18.53126526  4.20083618  4.        
3.22776794 5.25257111 1.10641503 2.        
-4.46082306 17.3663559   5.86819506  4.        
 8.91104889 20.45639038 -8.89916992  5.        
 2.96519494 24.11481476 -8.52945042  5.        
 3.72257209 20.25489044 -4.25988817  5.        
10.08712769 20.08679199 -8.89556885  5.        
-0.77522999 -2.9738009  -0.217163    3.        
-1.018013   11.19755554  0.82446301  2.        
 4.06541395  4.66074419 -0.220764    2.        
-0.29046601  9.18448639  0.87600702  2.        
 4.68807983 19.58562469 -2.6625061   5.        
 3.44583893  3.15590692 -0.063934    2.        
4.69608307 8.54281616 5.4404912  7.        
3.98318505 7.46325684 1.80483997 7.        
 5.51020813 10.00282288 -1.87893701  2.        
  7.1604228   21.29638672 -11.3649292    5.        
7.70374298 8.71587372 3.56521606 7.        
  3.22136688 -24.0315094    0.71005201   2.        
  3.42059302 -17.06259918   0.35296601   2.        
  2.82399702 -21.48322296   1.54974401   2.        
6.75176191 8.98892975 2.16809106 7.        
-5.62099504 17.39159393  4.12850904  4.        
 8.21404266 20.68025208 -7.56729078  5.        
-9.28951263 18.24391937  0.52355999  4.        
  4.65548706  23.63388824 -11.25595093   5.        
 6.89520311 15.74263    -3.13217211  5.        
  3.30432892 -10.873909     1.20599401   2.        
 4.91717482 23.04842377 -9.04788208  5.        
 2.31044793 -7.71936798  0.50323498  2.        
-5.85968018 -2.67170691 -0.97888201  3.        
0.78207397 5.28229523 0.61352497 2.        
 4.36565399 -2.83231401  5.44207811  6.        
  6.16741896  22.03235626 -11.20355225   5.        
-1.84761095 -3.16502404 -1.03555298  3.        
 5.681633    7.89544678 -1.19067395  2.        
 4.18685913 -1.75318897  7.18704224  6.        
-7.83646393 -2.79620409 -0.81018102  3.        
-1.55196404 16.16879272  4.45040894  4.        
-2.59842706 15.19702053  1.48956299  4.        
-2.74170709 -2.38592505  0.66210902  3.        
-8.86135101 18.35486603  5.97299194  4.        
-8.22457123 -2.66872406 -2.73736596  3.        
  5.83180189  22.16971588 -10.06628418   5.        
4.52013397 8.12932587 3.71069288 7.        
 7.26216888 13.33535004 -2.78952003  2.        
6.56761885 8.28860474 4.43789721 7.        
-3.84426093 -2.80084991 -3.62423706  3.        
 3.89411902 -3.80796099  3.05712891  2.        
 9.2412796  17.67663574 -4.76303101  5.        
-2.48994493 -3.09719896 -3.44009399  3.        
 3.23339796 21.10131073 -6.22528076  5.        
 4.90051317 21.76725006 -7.52215576  5.        
 7.46308899 -1.99233997  7.76586914  6.        
 6.42182922 -1.08412898  6.17877197  6.        
 3.74601007 -5.28104401  2.01998901  2.        
-7.75838518 18.12713623  4.11755419  4.        
 2.21880293 -6.77043104 -0.31457499  2.        
-7.93976593 17.93251038 -1.06628394  4.        
-6.64495087 17.42584229  2.36511207  4.        
  2.96367693 -12.0343399    1.32043505   2.        
 3.45223188 23.28473663 -8.09585571  5.        
-4.26185608 16.43981934 -1.27444506  4.        
  3.41300988 -12.37349701   0.265167     2.        
-5.24988604 17.08930969  0.36517301  4.        
3.13176703 2.77884698 0.864227   2.        
 1.20436895 -5.04632616 -0.468079    2.        
 4.79321289  5.9623642  -1.45700097  2.        
  3.96076989 -20.18146515   1.35906994   2.        
 4.55822802 19.80209351 -3.66339111  5.        
-0.84820598 -3.00535607 -2.52581811  3.        
4.83170319 8.26679993 1.81277502 7.        
 4.21979523 -1.81273603  8.32275391  6.        
-3.92016602 -2.82230401 -1.89474499  3.        
 2.79695892 -0.164864    0.82681298  2.        
5.51244307 8.34872437 3.43969703 7.        
 7.8155818  -2.74213409 11.59726048  6.        
 7.3632431  -2.38480401 10.06008911  6.        
 3.0019381  -9.06942654  0.91104102  2.        
  5.93615723  22.68291473 -12.081604     5.        
 3.41901398 -6.98458099  1.32290602  2.        
  3.00061798 -13.60458374   0.68310499   2.        
  3.2372129  -23.53177643   1.61505103   2.        
10.09348297 18.84382629 -5.90341187  5.        
 2.82859802 -2.82335711  0.20611601  2.        
-1.23642695 -2.32739997  0.63156098  3.        
-3.68694305 17.01891327  4.15093994  4.        
 3.74714708 -1.762779   11.24591064  6.        
-3.72438097 16.94906616  5.23803711  4.        
 3.4134829   1.51188695 -0.116241    2.        
-7.40772295 18.05070496  5.21048021  4.        
-0.17073099 -4.25900984 -1.37738001  2.        
 3.17711592 -3.29605889  1.233917    2.        
 2.8715899  -2.12873793  8.72637939  6.        
 3.06803894 -2.05117011  6.79394484  6.        
 2.48766303 20.78607178 -5.65231323  5.        
-8.10386658 18.25654602  2.57763696  4.        
-6.29382277 -2.97860003  0.50820899  3.        
 5.71970415 -1.50696599  7.11917114  6.        
-3.51759291 15.83889008  0.306519    4.        
  3.32598901 -10.33879089   0.26092499   2.        
-6.35246992 17.83411407  3.55883789  4.        
-2.63577294 15.81734467 -0.77710003  4.        
 7.24762678 21.18782043 -9.3885498   5.        
 4.68851519  7.51880693 -0.872711    2.        
 5.05981398 -1.53248596  5.11059618  6.        
 0.35993999 10.0736618   0.76122999  2.        
1.90564001 1.42098999 0.204834   2.        
  3.26162696 -17.83103943   0.92318702   2.        
  3.2810061  -22.34997559   1.58395398   2.        
-6.46724701 17.49872589 -0.99887103  4.        
  8.89767456  20.66722107 -10.58853054   5.        
-1.79911005 15.55079746 -0.18243399  4.        
-3.39810205 16.50484467  3.08938599  4.        
 3.64244795 -2.72982788  4.8302002   6.        
10.19353485 19.72867584 -7.19201708  5.        
 4.82145691  4.33344984 -0.685974    2.        
-4.94677687 17.04569244  2.55676293  4.        
 5.1713562  21.30923462 -6.7350769   5.        
-6.7287221  -2.73804498 -1.32544005  3.        
 8.00475311 16.56217957 -3.75433302  5.        
 3.76541901 -7.93946123  0.528687    2.        
 6.36266279 21.68598175 -9.38632202  5.        
0.84119397 6.87741089 1.25534105 2.        
 0.38573501 -5.20756483 -0.044464    2.        
5.08913422 8.85719299 0.77594    7.        
 6.77142286 11.56767273 -2.11608911  2.        
 3.15219903 -1.72754705  0.40356401  2.        
 7.48201799 15.04817963 -2.92468309  5.        
 2.87556505 -4.79770708  0.065277    2.        
 7.50784302 18.53782654 -5.09091187  5.        
-6.43087816 17.74209595  0.91250598  4.        
 5.64027405  8.66242981 -2.00039697  2.        
0.28582799 8.62792969 1.34951794 2.        
-2.25161695 16.98775482  5.91143799  4.        
 5.58192396 -1.88414001 10.20962524  6.        
  3.04308295 -14.5243988    0.51461798   2.        
 6.16236877 20.89083099 -6.67974806  5.        
-0.97148103 15.21207428  3.24667406  4.        
 3.19371796 -5.59125519  2.68917894  2.        
 3.07558393 -3.96956611  3.447083    2.        
2.86218309 3.88099694 0.53546101 2.        
-3.72105408 -2.73275805 -0.685669    3.        
 5.03987885 22.5542984  -8.26504517  5.        
-10.66745758  18.6333313    4.45892286   4.        
 4.70396423  6.17705488 -0.569336    2.        
  7.71019697  20.92655945 -10.6439209    5.        
-0.68678302 16.05496979  4.75225782  4.        
4.11008501 6.75878096 2.37506104 7.        
-1.26404595 12.98784637  1.49761999  2.        
-9.26415157 18.48351288  4.96432495  4.        
 4.34467316  3.1361239  -0.21197499  2.        
 6.43335009 13.12774658 -2.47845507  2.        
 6.1723938  -0.98457301  5.26843309  6.        
-1.59021795 14.21697235  1.74450696  4.        
 3.80757904 -8.87422943  0.54690599  2.        
 2.77050805 -5.78541613  0.35766599  2.        
-0.72501397 12.44433594  0.72644001  2.        
-9.54269409 18.35409546  1.65219104  4.        
 6.3142848  19.29175568 -4.24294996  5.        
 5.18463898 22.86681366 -9.96258545  5.        
5.60950518 8.27390957 5.33432007 7.        
 3.17758894 -4.3322072   1.06231701  2.        
-8.68632507 -2.87606812 -0.42343101  3.        
-6.91677094 -2.53159308 -2.63513207  3.        
  3.52191901 -16.49528503   1.34796095   2.        
-7.21812391 17.78069305 -0.408905    4.        
-7.4287262  -3.00239611  0.22503699  3.        
 4.68796492 20.47951508 -5.48080397  5.        
  3.67327905 -11.76670837   0.84890699   2.        
3.63554406 8.30976105 3.60748291 7.        
8.36941528 9.29493046 3.34741211 7.        
 7.65654802 20.38524628 -6.78021193  5.        
 6.84149885 17.37077332 -3.25115991  5.        
-8.02562714 18.12447357  1.14852905  4.        
-2.90438104 -2.61747003 -0.30304     3.        
 3.10551405 20.40115356 -3.65917993  5.        
 4.29335785 -1.96387506  5.39459181  6.        
-5.03867292 17.31804657  3.41934204  4.        
-4.60870409 -2.72562408  0.64535499  3.        
 6.97107697 -2.477669   12.03704834  6.        
-5.30317688 -2.77234602 -1.78256202  3.        
-10.6125946   18.75276947   1.98806798   4.        
 2.71884894 -7.49297285  1.29782104  2.        
 4.65485382 -1.74813795  6.46106005  6.        
-8.01780701 18.26140594  5.8145752   4.        
2.45573401 1.15661597 1.20294201 2.        
 3.54633307 -2.03698707 10.13284302  6.        
 6.40959883 18.6634903  -3.60583496  5.        
-5.55982208 -2.62735796 -2.76379395  3.        
  3.32483697 -19.62195587   1.10320997   2.        
 5.73902893 18.62472534 -2.94012499  5.        
 7.1699748  16.53162384 -3.45761108  5.        
 4.21771193 24.26413727 -9.77200317  5.        
-8.91486359 18.34929657  4.17010498  4.        
-3.82009101 16.33246613 -2.1247561   4.        
-9.14441681 18.46678162  2.41244507  4.        
-4.89671278 16.79096985  1.20486498  4.        
-2.30957007 15.84116364 -1.71655297  4.        
 5.47463179 -2.12065911 11.96173096  6.        
2.98204803 5.80566406 1.71713305 2.        
 7.66631317 -1.47337306  7.12408495  6.        
6.82055712 9.33557129 1.39544702 7.        
 3.01561689 -7.43061781  0.12799101  2.        
 5.69238281 21.92598724 -8.03390503  5.        
 4.24836016 23.05188751 -8.52593994  5.        
 6.92996979 19.13928223 -4.91885424  5.        
 8.15666962 19.2928009  -6.091187    5.        
-2.65908003 16.06474304  3.14349389  4.        
 4.17301893 -2.71682692  4.04779005  2.        
 2.30264306 22.16625214 -6.91171312  5.        
1.34709895 4.72200012 1.10406494 2.        
-3.69398499 16.36263275  2.28775001  4.        
 6.9804759  -2.0131681   8.98962402  6.        
-6.42591095 17.9581604   6.7463069   4.        
 3.28559899 -9.4401474   0.20458999  2.        
  3.38805389 -21.15947723   1.01501501   2.        
-2.74764204 -2.87395501 -2.00247192  3.        
 6.05727386 20.17354584 -5.76977491  5.        
 8.55867767 -2.20187402  8.61624146  6.        
 8.46101379 -2.53306603  9.70428467  6.        
0.125999   9.67946625 1.46496606 2.        
 2.15914893 -1.94342005  8.32278442  6.        
 5.57970381  6.31151581 -0.95608503  2.        
 2.83065796 -1.69822705  9.71157837  6.        
 4.037323   21.83547211 -7.35263109  5.        
-4.20961809 16.57639313 -0.34814501  4.        
 6.91552019 14.44779968 -3.16973901  2.        
7.1869278  8.85254669 2.87118506 7.        
-4.45934296 -2.64825392 -0.173584    3.        
-3.50190711 -2.34364295  1.11810303  3.        
-5.72563219 17.24126434 -0.51672399  4.        
 7.35687304 -0.97223699  6.04928589  6.        
 0.98108703 -5.76508284 -0.81829798  2.        
 6.86224413 17.58447266 -2.40389991  5.        
 5.64227295 -1.80620599  8.65280247  6.        
 9.28900909 18.35186005 -5.24008179  5.        
 6.31432295 -2.168648   10.58328247  6.        
-10.03816223  18.59197998   3.41400099   4.        
 1.90928698 -6.97220612  0.424164    2.        
 6.84567308 10.69891357 -1.93298304  2.        
 2.4684751  -1.96256995  7.50106812  6.        
 2.71218896 -1.55481005  1.13958704  2.        
2.00773597 2.38257599 0.334259   2.        
 2.809273 -0.15538  -0.019257  2.      
 7.36994886 17.92126465 -4.53497314  5.        
 6.75302887 19.69812012 -5.85818481  5.        
-2.31719208 16.49550629  4.52493286  4.        
  3.60755897 -15.53943634   1.31213403   2.        
-2.00440192 14.80758667  0.60320997  4.        
  3.28670502 -20.07316589   1.84561205   2.        
-2.24424696 15.51608276  2.60302711  4.        
-5.88970184 17.50366211  2.07516503  4.        
2.78304291 0.83560902 0.38797    2.        
-4.07042694 17.43139648  6.57528687  4.        
-8.62835693 -2.60298896 -2.03918505  3.        
 3.31178308 -4.57780504  2.38748193  2.        
 7.47735596 19.74904633 -6.31518602  5.        
 8.21367741 17.3170166  -4.287323    5.        
 4.78698015 -1.81805396 11.20440674  6.        
-0.25884199 10.8621521   0.64596599  2.        
-1.01888299 -3.49969506 -0.83071899  3.        
 3.85013604  3.82834601 -0.216949    2.        
-4.97757721 16.91028595 -1.43038905  4.        
 2.3267591  -1.63323998  0.32324201  2.        
-0.95170599 14.54611206  2.34902906  4.        
 0.29622701 -4.389328   -0.59613001  2.        
1.83840895 3.90506005 0.78979498 2.        
 5.58667803 20.19766235 -5.13018799  5.        
 3.48985291 22.71179962 -7.53707886  5.        
 3.52612305 24.47863007 -8.95684814  5.        
 5.58761597 19.6660614  -4.5030818   5.        
 8.85507965 20.18806458 -7.33178711  5.        
 6.85927582 17.90085602 -3.85751295  5.        
-7.21892595 17.96844482  2.32745409  4.        
  3.53805494 -13.19892883   0.22921801   2.        
-10.74224091  18.75965118   2.76477098   4.        
-5.19732714 -2.49170709  1.85864305  3.        
-2.81205702 -2.27848792  1.49169898  3.        
  3.75453901 -19.39696503   1.72293103   2.        
7.42789507 9.28961945 1.89282203 7.        
 6.21475983 12.08623505 -1.92163098  2.        
-6.62196302 -2.1199491  -3.87359595  3.        
 6.29113817 -2.33413696 11.52075195  6.        
4.54543304 8.6541214  4.60873413 7.        
 4.319839   21.02583313 -6.01385498  5.        
-7.19419098 18.02828217  6.64642286  4.        
 4.37825823 -1.79063404  9.64672947  6.        
-5.9864502  17.7339859   6.03158617  4.        
  3.51660895 -17.72964478   1.76458704   2.        
-0.39966601 11.52202606  1.32611096  2.        
-3.51034594 16.28204346 -1.38769495  4.        
 8.71160889 20.42870331 -8.10494995  5.        
-4.93262482 -2.5838089  -3.25183105  3.        
 3.37468004  2.3873899  -0.011108    2.        
-6.44402313 17.83094025  5.26043701  4.        
-8.09440613 18.26053619  3.34909105  4.        
-1.52876997 14.15561676  0.69049102  4.        
  3.59074402 -13.74868011   1.224823     2.        
-7.16549683 17.8694458   0.73175001  4.        
 3.435776   21.56877136 -6.83621216  5.        
-5.3819809  -2.83369493  0.94918799  3.        
8.35892487 8.43533325 4.58740187 7.        
 3.32713294 20.60829926 -4.83093309  5.        
 7.5821228  -1.89273095  8.53945923  6.        
 5.94367981  9.32126617 -1.78268397  2.        
  5.38507795  23.29920197 -11.46084595   5.        
7.06582594 8.38006592 3.86080909 7.        
-6.02073717 -2.80075097 -0.247284    3.        
 1.84314001 -1.75952899  6.99249315  6.        
-5.20978498 17.55657959  6.06723022  4.        
 8.24430943 20.79241943 -9.02297974  5.        
-3.98557305 16.42163086  1.15325904  4.        
 6.23640394 -1.578354    7.65515089  6.        
7.00533295 7.97215986 4.95401001 7.        
-5.95037079 17.31323242  0.53677398  4.        
 3.3776629  -2.57403588  0.643372    2.        
 4.09759521 -3.68330407  4.1965642   2.        
  3.33926392 -24.16918182   2.2744751    2.        
-8.53235626 18.12155151  0.381897    4.        
 5.29469299 19.26573944 -2.94598389  5.        
  7.4275279   20.86771393 -11.90731812   5.        
0.36503601 8.46388245 0.63235497 2.        
-5.18638611 16.9666214   1.86218297  4.        
  3.05770898 -15.28151703   0.684174     2.        
2.78847504 4.66599989 1.18942297 2.        
 2.79327393 -2.20236993  5.96627808  6.        
1.53863502 2.88406396 0.68759203 2.        
0.84182698 7.67147112 1.54659998 2.        
  3.537956   -21.21684265   1.73114002   2.        
 8.8175354  19.38461304 -6.39633179  5.        
-7.04534197 18.0792923   3.95397902  4.        
-1.70651305 -3.34870911 -2.81558204  3.        
 4.00712585 -4.47723389  2.58978295  2.        
 4.25240278 20.26685333 -4.83340502  5.        
-3.96520209 -2.76228309 -2.90490699  3.        
 3.30732012 -3.30281806  0.47668499  2.        
 3.33347297 -8.42010498  0.88830602  2.        
 6.71513414 13.78811646 -2.62304711  2.        
 6.16397905 18.50682068 -2.3596189   5.        
0.137573   7.02628279 0.90560901 2.        
10.90952301 19.77164459 -7.08322096  5.        
5.48249817 8.6439743  1.61547899 7.        
-2.85986304 15.94340515 -0.091278    4.        
-1.47958398 -3.12183404 -1.66351295  3.        
 9.37956238 18.92603302 -5.84350586  5.        
 4.51717377 23.59682465 -9.35906982  5.        
-2.02747297 -2.46586609  0.76458699  3.        
4.10921478 7.78311205 3.05584693 7.        
-6.42468309 17.79310608  1.69299304  4.        
-8.11643219 -2.61522698 -1.44937098  3.        
 6.62970018 21.43453979 -7.72814894  5.        
 5.8181529  -1.90924096  9.35519409  6.        
 8.2875824  18.50717163 -5.15075684  5.        
 5.948174   10.4241333  -1.50100696  2.        
1.87889898 5.40479994 1.19244397 2.        
-0.596367   10.34741211  1.11672997  2.        
 8.88638306 20.53401184 -9.83248901  5.        
  4.42198896  23.96355438 -10.668396     5.        
-3.18806505 -3.07275391 -3.77160597  3.        
-1.53698695 13.64768219  1.32397497  4.        
 3.29256392 -6.10174608  0.71701002  2.        
-5.29989576 16.95954132 -2.18441796  4.        
-2.15859199 16.16741943  3.921417    4.        
  4.82844496  23.22866058 -10.62863159   5.        
-8.14572144 17.96789551 -0.34939599  4.        
-5.1938858  -2.70870996 -0.619537    3.        
-4.25968218 16.81616974  2.52877808  4.        
-1.19252801 15.67011261  3.76480103  4.        
 7.62085676 -2.56550598 10.84628296  6.        
-4.81085205 17.625       6.63949585  4.        
-2.04997993 -3.30702996 -3.94287109  3.        
-2.11631799 14.67837524  1.75833094  4.        
-7.77975512 18.07785034  1.92337     4.        
10.10932922 19.98032379 -8.17068481  5.        
2.55961609 0.45548999 1.04406703 2.        
 7.23043823 21.27081299 -8.04547119  5.        
1.00127399 6.61371613 0.62851    2.        
  6.74224806  21.62683868 -10.89627075   5.        
 3.34689307 -7.47307587  0.831604    2.        
 4.99996901 -1.64056396  7.2338872   6.        
-1.44661701 -2.93278503 -0.47006199  3.        
 2.69863892 22.77313995 -7.1401062   5.        
 6.88613892 20.67378998 -6.92788696  5.        
 4.66200304 -1.75370002  8.85150146  6.        
-2.19629693 -2.93753004 -1.59039295  3.        
-8.73458099 18.22510529  1.05862403  4.        
 3.75668311  1.84986103 -0.61026001  2.        
-6.43897295 -3.06897712  1.32168603  3.        
6.05457306 8.37401581 3.98547411 7.        
 9.47611237 19.71035004 -7.20327806  5.        
-2.30675507 -2.71435499 -0.63201898  3.        
 2.86575294 23.79698944 -7.92709303  5.        
  3.70732903 -10.46911621   0.81829798   2.        
 5.20535278 -2.02124     6.03912306  6.        
-5.93396807 17.56439972  4.8097229   4.        
  5.85186815  22.72042084 -11.40118408   5.        
6.30581713 8.67325592 2.73004198 7.        
  2.93251801 -24.5656662    1.05377197   2.        
 9.4418869  20.22841644 -8.52941895  5.        
 5.16377306 19.63860321 -3.94045997  5.        
 5.63474321 22.55374908 -9.46282959  5.        
 4.58100891  5.15447998 -1.23175001  2.        
 2.95492506 -0.86332703  0.70336902  2.        
-4.62329102 -2.75273895 -1.83624303  3.        
 1.608482   -5.64408922 -0.43002301  2.        
 9.60983276 20.38150024 -9.28048706  5.        
-1.55501604 15.27022552  2.86682105  4.        
4.84539795 8.25651646 3.10726905 7.        
  6.25346422  21.78290558 -10.42922974   5.        
  6.64681196  21.6936264  -11.60549927   5.        
 3.75105309 -2.35553002  5.50180006  6.        
-3.19848609 16.88137054  4.64477491  4.        
  7.40647888  21.08589935 -10.03775024   5.        
 4.60324907  3.684937   -0.50668299  2.        
1.85163903 1.58243597 0.85733002 2.        
  6.55286407  22.50753021 -11.87332153   5.        
-2.60778093 -2.89914703 -2.77246094  3.        
2.85061693 3.40493011 1.01010096 2.        
-1.48037696 -3.71933007 -1.35754395  3.        
 3.16194892 20.80906677 -5.44885302  5.        
-4.39864397 17.07653046  4.03500414  4.        
2.50441003 2.55070496 0.74765003 2.        
3.9156189  7.99019623 1.31747401 7.        
 6.9618001  -1.57588995  7.90634203  6.        
-5.46088409 -2.41728997 -3.81884789  3.        
-2.9042511  16.00656128 -1.37878394  4.        
0.85302699 5.97332001 0.75097698 2.        
6.09393311 8.809021   1.971313   7.        
-2.87606001 15.62371063  1.01361096  4.        
-6.68774414 -2.50901008 -3.29873705  3.        
  3.85034895 -14.78592682   0.86169398   2.        
-6.34925079 17.70759583  2.90805006  4.        
  3.58678389 -14.13835907   0.68304402   2.        
 3.48763299 -1.888901    8.58642578  6.        
 3.24619293 -6.347054    1.32717896  2.        
-4.67970324 16.84832001  0.082092    4.        
  3.01613593 -12.94792938   0.63232398   2.        
 5.06131697 -1.73983002 10.58917236  6.        
 7.0582962  -1.16856396  6.60284424  6.        
3.90983605 7.37025404 2.58401489 7.        
-3.09793091 15.54174042  1.74322498  4.        
-4.98861694 17.42825317  5.17263794  4.        
-6.51011705 17.42721558 -1.71743798  4.        
  3.057899  -18.4467392   0.821289    2.       
-6.23539686 -2.51472497 -2.71737695  3.        
10.17487335 19.31855011 -6.66744995  5.        
 0.910393   -5.57846117 -0.177002    2.        
-7.97207594 -2.88290405 -0.1745      3.        
  3.73006392 -16.38650513   0.25503501   2.        
  7.01634979  21.37866211 -12.05795288   5.        
-0.508614   11.77799988  0.733307    2.        
-6.75294495 -2.56749701 -2.00259399  3.        
3.4136281  1.25001502 0.48336801 2.        
  3.07986403 -11.88919067   0.60263097   2.        
-2.06213403 16.67098999  5.10092211  4.        
-7.18992615 -2.71038103 -0.85617101  3.        
 5.91718292  8.52865601 -1.11007702  2.        
 3.22958398 -5.69772291  1.85842896  2.        
-7.2706151  18.10160065  4.57495117  4.        
5.14306593 8.20543671 2.48324609 7.        
-2.67536211 14.98474121  0.88052398  4.        
 5.91881609 -1.33464003  6.52551317  6.        
 2.78001404 21.67383575 -6.78811693  5.        
-10.10682678  18.78538513   4.74734497   4.        
 3.86888909 20.03961945 -3.66665697  5.        
  3.49948907 -23.02103424   1.91485596   2.        
 7.08470917 16.07582092 -2.61068702  5.        
  5.92287397  22.41867828 -10.74557495   5.        
-1.26592302 -3.50015998 -2.14303589  3.        
 4.37645721 20.08906555 -4.21404982  5.        
3.4318769  4.73752594 1.43664598 2.        
-3.54918694 -2.78099108 -1.35446203  3.        
-3.75745392 16.4156723   0.078552    4.        
 3.59946394 23.86170197 -8.33612061  5.        
 4.26473188 19.82106018 -3.09301805  5.        
-9.47637177 18.4616394   5.569489    4.        
-7.09433699 17.67159271 -1.02761805  4.        
 3.46795702 -9.24820042  1.31198096  2.        
 4.78864288  6.56306505 -1.09060705  2.        
 2.72103906 -2.19924903  0.435516    2.        
-0.52960199 -3.80056    -1.11227405  2.        
  3.07696509 -10.84487247   0.56216401   2.        
 6.44539595 21.06802368 -7.23803711  5.        
-3.98498511 -2.64967394  1.86383104  3.        
-7.39257002 18.15389252  5.88043213  4.        
 2.92797899 -7.99121904  0.526703    2.        
  2.96781898 -20.8321228    1.64151001   2.        
-4.09375811 -2.53973389 -4.14752197  3.        
 6.18559313 11.50157928 -1.67434704  2.        
 5.60686493 -1.31778002  5.47991896  6.        
 3.69855499 24.1039505  -9.44491577  5.        
 4.74396515 -1.65664697  5.80264282  6.        
 7.47341919 13.87973022 -2.46002197  2.        
 1.92475903 -6.17604113 -0.098938    2.        
6.07149506 8.2128067  4.90753222 7.        
 6.62262011 12.1402359  -2.53900099  2.        
  3.3642199  -21.73040771   1.337677     2.        
 7.64333296 20.87944031 -7.74645996  5.        
-0.241684    9.88114929  0.88501     2.        
-7.54510498 -2.54941607 -2.59783912  3.        
-9.50986481 18.56038666  3.07687402  4.        
-3.84314704 17.26045227  5.87579393  4.        
 8.77442932 18.08288574 -4.85662794  5.        
-7.64936113 -2.93095398  0.80581701  3.        
-2.36272407 15.18981934  2.08386207  4.        
-3.09612989 16.97691345  5.62393188  4.        
 3.67172194 -4.31287384  3.3813169   2.        
8.27559662 8.65900421 4.00750685 7.        
 6.16116285 21.91407013 -8.72970581  5.        
 8.00618744 -1.79973602  8.0730896   6.        
 7.45301819 12.99547577 -2.14605689  2.        
-4.25519609 17.27135468  5.22112989  4.        
 3.01114702 20.53710175 -4.30127001  5.        
 8.05189514 18.8840332  -5.58392286  5.        
-0.37241399 15.12613678  3.38088989  4.        
-3.71231103 16.88730621  3.53784204  4.        
 3.77827501 -1.86280096  6.73629808  6.        
  8.2845993   20.72585297 -10.75292969   5.        
 2.47719598 -7.0486598   0.194916    2.        
1.14289904 5.49066877 1.14962804 2.        
 3.89946008 -3.3248601   3.58700609  2.        
-4.06267595 -2.57263994  1.00128198  3.        
 2.32220507 -0.068985    0.38973999  2.        
 6.92427778 15.17060089 -2.6958921   5.        
-5.78796387 17.05697632 -1.10021996  4.        
-5.00768995 17.35757446  4.12332201  4.        
4.85752916 8.50347137 1.246521   7.        
-1.24407196 -2.66420698  0.043671    3.        
3.59800696 5.82444    1.82666004 2.        
-8.36123657 18.03656006  4.0470891   4.        
-8.69260406 18.06282043  2.3187561   4.        
  3.5841291  -20.67965698   1.43954504   2.        
 4.41922808  5.03586578 -0.55767798  2.        
-1.26659405 12.68126678  0.88626099  2.        
 4.97103882 -1.15854597  4.63412523  6.        
  3.33065796 -16.39273834   0.76345801   2.        
-0.197495    8.56053925  0.847839    2.        
  3.22930908 -10.00331879   0.76022297   2.        
 3.2936101  -0.100014    0.34530601  2.        
-2.04422808 13.64575958  0.969971    4.        
 8.76537323 17.56347656 -4.35876513  5.        
 5.81061506 -1.72439599  8.06408691  6.        
  3.56761909 -15.30543518   0.29138201   2.        
 3.4689939  -6.71895599  0.70361298  2.        
 4.51059008 -1.77963996  7.7000432   6.        
  4.93411303  23.54416656 -11.78759766   5.        
  3.77255297 -11.16894531   0.85128802   2.        
-6.81114197 -3.0169909   0.192322    3.        
 3.05456495 -6.76396179  1.75323498  2.        
 5.22474718  8.6097641  -0.86248797  2.        
 2.90788293 -4.19426012  0.033081    2.        
 7.0876689  21.33039093 -8.75814819  5.        
-0.78582799 13.10083008  1.85080004  2.        
4.43483019 7.80874586 2.01159692 7.        
 4.95484877 -1.82548499  9.96627808  6.        
 7.51381683 15.97418213 -3.44692993  5.        
 8.2322464  -1.64742994  7.00582886  6.        
0.654755   6.291924   1.22357202 2.        
-1.26589203 15.28227234 -0.266083    4.        
  3.68492889 -21.96961975   1.81881702   2.        
10.65580654 19.0471344  -5.97256517  5.        
  3.51318407 -17.20964813   0.96524      2.        
2.74203491 5.31162977 1.45648205 2.        
  3.46877289 -12.29294586   1.056427     2.        
-2.63059211 -3.09601593 -4.0246892   3.        
-4.09499407 17.0014801   4.66928101  4.        
 3.84395599  2.56221008 -0.49142501  2.        
3.09453607 4.39841509 0.74981701 2.        
  3.31821394 -22.97261047   1.34628296   2.        
 3.76875305 -1.792328   10.6300354   6.        
  2.90654707 -23.08660126   1.93881202   2.        
-9.60715485 18.34436035  1.01834095  4.        
 4.27378893 -2.63356805  4.78949022  2.        
-10.06039429  18.50485992   1.97347999   4.        
 5.09626818 19.24590302 -2.38528395  5.        
  3.52442908 -19.13719177   0.77990699   2.        
-3.55702209 16.24159241  0.78302002  4.        
 5.21613312 -1.48790002  6.70220995  6.        
-5.69244385 17.54059601  3.55835009  4.        
 3.67121911 -6.00812483  1.612885    2.        
 4.74022722 22.08925629 -7.99331713  5.        
-3.33492994 -2.76056695 -1.96508801  3.        
 2.54993391 -6.91514587  0.90148902  2.        
4.93022919 8.39225006 4.04644823 7.        
  7.66956282  20.96931458 -11.33889771   5.        
1.50411201 3.46898699 1.00659204 2.        
 7.92417908 -2.54997993  9.9810791   6.        
-1.14647698 16.32411957  5.07943678  4.        
 2.745857   -1.97388506  8.02133179  6.        
 4.17993879 -1.93882    11.60528564  6.        
 5.19039917  7.61817217 -1.36142004  2.        
-3.59478807 -2.95940399 -4.18060303  3.        
-5.31372118 -2.81792498 -1.18405199  3.        
3.35887909 6.47990417 2.11480689 2.        
2.09890795 2.14249396 0.86178601 2.        
 5.68130493 21.11741638 -6.95205688  5.        
  3.65019202 -18.08083344   1.31439197   2.        
-3.82151008 16.23599243  1.72958398  4.        
 8.24065399 20.8319397  -8.35055542  5.        
-6.15195513 17.74925995  4.12667799  4.        
 4.33413696  4.22299194 -1.070099    2.        
-9.2818222  18.38339233 -0.044739    4.        
 4.24505615  4.16702986 -0.48461899  2.        
 6.22049713 -1.94212306  8.91488647  6.        
-10.49698639  18.65022278   3.81137109   4.        
-8.04961395 -2.61670709 -2.1499331   3.        
3.84394789 6.94479418 1.580688   7.        
-9.38011169 18.35747528  3.82122803  4.        
-8.83603668 18.41488647  5.35037184  4.        
 8.25543976 20.33175659 -7.05206299  5.        
 7.56477404 14.47785854 -2.6620791   2.        
 3.69107795 20.92377472 -5.91690111  5.        
 2.95752001 -1.90559399 -0.111847    2.        
-4.38598585 -2.63599396 -3.50430298  3.        
 2.88008904 -4.45111799  0.58035302  2.        
 4.85268402 20.85996246 -6.16650391  5.        
 6.04773712 -0.57879603  4.75714111  6.        
  5.50439501  22.56095123 -10.33895874   5.        
 3.41486406 -1.87080395  7.21951294  6.        
-6.3852458  -2.68711805 -0.71087599  3.        
-6.91455078 17.69810486  2.79504395  4.        
 0.670883   -5.31136322 -0.64907801  2.        
-7.3861618  -2.82722497 -0.328491    3.        
 7.55025482 -0.80172002  5.53549194  6.        
 3.78305793 21.30847931 -6.38110399  5.        
-1.91682398 -3.03801703 -3.29214501  3.        
 3.06218696 -4.44738007  2.88571191  2.        
 7.77919817 20.97737122 -9.37808228  5.        
-5.75159502 -2.3999939   1.44525099  3.        
 2.43388391 -2.01347303  6.8218379   6.        
 7.00934601 -2.19679999  9.64038086  6.        
 2.80421495 -8.65397644  0.506836    2.        
-3.251724   -2.47923994  0.23907501  3.        
2.32360792 1.12636602 0.64855999 2.        
 6.11969805  9.8395462  -1.53008997  2.        
 4.72129822 21.42935181 -7.06472778  5.        
-5.38742113 17.48097992  4.66964722  4.        
 2.69019294 -5.24185896  0.506531    2.        
 5.56115007 21.04265594 -6.40081787  5.        
 5.20622206 22.55854034 -9.05218506  5.        
 2.26012397 20.989151   -6.15399218  5.        
 6.85363817 -2.34125495 10.53308105  6.        
2.57536292 4.18839979 0.91796899 2.        
-2.08545709 15.78638458 -0.64025903  4.        
 6.82992506 21.46557617 -9.65438843  5.        
 3.8500669  -1.84816694  7.78021193  6.        
 5.10027313 -1.80011797  8.48684692  6.        
-4.16348982 -2.726547   -1.34201002  3.        
 6.24421692 21.68074799 -8.06143188  5.        
  3.01399207 -23.94302368   1.22900403   2.        
 3.1341629  -1.89253998  9.16830444  6.        
0.55686998 6.8895421  0.414307   2.        
 8.14043427 -2.68615007  9.25006104  6.        
-2.20911407 14.8844223   1.18304396  4.        
-2.99099996e-03  8.03751373e+00  6.71935976e-01  2.00000000e+00
 0.31921399 -4.50092316 -1.14938295  2.        
 3.98109388 -3.13401008  4.37612915  2.        
-7.53360701 -2.70475006 -1.31384301  3.        
-2.75763702 17.15396118  6.09811401  4.        
  7.12491608  21.23551941 -10.76019287   5.        
 2.84894609 -2.86920905  0.84417701  2.        
 4.46016693  2.536659   -0.43542501  2.        
-2.06044793 15.33140564  0.26623499  4.        
6.01789904 8.34165192 3.18490601 7.        
 3.25696611 -1.54685998 10.98962402  6.        
 8.01079559 -1.51584601  7.56799316  6.        
 3.76513696 -3.86917901  3.7154541   2.        
 2.94279504 22.8693924  -7.63836718  5.        
-1.12272596 14.91094971  2.740906    4.        
-3.34508491 -2.8902359  -3.2467649   3.        
-1.00654602 12.1236496   1.26388502  2.        
 6.34440613 10.80648041 -1.70330799  2.        
1.21030402 4.53141022 0.59478801 2.        
-5.5812912  17.19083405  2.42224097  4.        
 6.54003906 -0.52498603  5.06951904  6.        
-4.6974411  16.9272995   0.70065302  4.        
 6.93607283 13.30369568 -2.3092041   2.        
-9.03930664 18.13365173  2.84851098  4.        
 3.22312903 -6.05117798  0.165497    2.        
0.32325    9.1625061  1.12710595 2.        
-2.48504591 -2.56006598  0.060547    3.        
 6.22603607 20.44245148 -6.35385084  5.        
 9.72332764 18.5118103  -5.55136108  5.        
  3.46961999 -20.25444794   0.98153698   2.        
 6.48483276 -1.24765801  6.70706177  6.        
 6.88305712 19.28216553 -5.513062    5.        
-7.11039686 17.81474304  0.134491    4.        
-7.49788713 18.17223358  3.60824609  4.        
5.07445478 8.39352417 4.95965576 7.        
 3.43198395 -5.07342482  2.60470605  2.        
4.46060896 7.35103607 2.32254004 7.        
-0.065315   10.19077301  1.37109399  2.        
3.22025299 1.00926995 0.012726   2.        
7.90970612 9.02971554 3.05154395 7.        
0.73151398 7.33495283 0.96456897 2.        
 5.08057404  5.82139587 -0.76187098  2.        
 3.80115509 22.86351776 -8.0171814   5.        
 3.18778205 -3.82402802  0.802338    2.        
-4.29511309 16.66382599 -1.82128894  4.        
7.06947279 8.65079498 3.37145996 7.        
-6.1130681  -2.75772905 -1.54663098  3.        
 5.93950701 -1.266029    5.97833204  6.        
 2.31348395 -1.09390998  0.43804899  2.        
-5.35437822 17.03574371  0.903992    4.        
-1.54367101 13.16389465  0.91329998  2.        
7.35163879 9.11086273 2.41308594 7.        
 7.0174942  -1.94313097  7.44561815  6.        
7.71687317 8.45597076 4.13095093 7.        
4.30022383 8.35966492 4.21353197 7.        
-4.27439117 -2.72477007 -0.69879198  3.        
 5.90173292 22.07472992 -9.41937256  5.        
 4.51446486  5.56278992 -0.86926299  2.        
-8.47753143 -2.74786401 -0.93273902  3.        
  4.0628891   24.43408966 -10.27154541   5.        
2.72036695 3.03557611 0.582214   2.        
3.60919905 5.24400282 1.55285597 2.        
 5.04879808  7.0534668  -0.92144799  2.        
2.72845507 0.28631601 0.48767099 2.        
-1.46733105 15.63058472 -0.646851    4.        
-5.25978088 17.12039948 -0.21508799  4.        
 5.30576277 22.10778046 -8.44836426  5.        
-2.34126997 15.6217041  -0.17788699  4.        
 4.88339186 23.25228119 -9.57318115  5.        
-0.82479101 12.65900421  1.36679101  2.        
-4.49253082 16.71108246 -0.80163598  4.        
  3.17182899 -23.40511322   2.293854     2.        
 3.52975512 -7.83493805  0.048035    2.        
  2.91951704 -21.98046875   1.75640905   2.        
 2.49545288 -1.85064697  5.67565918  6.        
-5.96978807e+00  1.72815323e+01 -6.65300013e-03  4.00000000e+00
10.32653809 18.55861664 -5.50219679  5.        
 2.63625312 -0.51574701  0.430969    2.        
 6.3424449  12.59712982 -2.396698    2.        
  5.57663679  23.068367   -11.94497681   5.        
 8.13439941 -2.71148705 11.04342747  6.        
 3.83799005 -1.78961897  9.72195435  6.        
 2.7509079  -1.41671002  0.61532599  2.        
-7.9486618  18.2567215   5.27572584  4.        
 5.50649309 -1.267784    4.94851685  6.        
 5.37753296 21.52290344 -7.4347229   5.        
 3.32251    -2.25678992  5.85800219  6.        
 8.89768982 19.80153656 -6.81985521  5.        
-1.27973199 -3.00963593 -3.02056909  3.        
-0.94558698 15.87232971  4.31155396  4.        
  3.61805701 -13.2926712    0.75772101   2.        
  6.07247877  22.26070404 -12.39300537   5.        
4.06549788 6.42569017 1.95016503 7.        
-6.15341187 17.40175629  1.28808606  4.        
 6.6882782  -0.91629797  5.73834181  6.        
 3.54952192 22.06534576 -7.30511522  5.        
-2.41352105 -2.29967499  1.10522497  3.        
-5.53537798 -2.56645989 -3.30075097  3.        
 5.37962294  8.28376007 -1.41537499  2.        
 4.09997606 -1.70469701  8.83892822  6.        
 6.96928406 -1.79087102  8.40542603  6.        
 7.56407881 -2.31322503  9.56317139  6.        
 5.25833893 -1.95434594 11.43099976  6.        
 3.3319931  -7.50859785  1.44589198  2.        
-1.695557   14.23445129  1.21581995  4.        
 4.83555603 19.53901672 -3.28372192  5.        
-3.96354699 16.4956665  -0.82946801  4.        
 3.23720503 -8.90788269  0.271393    2.        
 3.26096296 -2.54882097  5.3120122   6.        
 5.62878418  7.30761003 -1.33166504  2.        
 4.79009295 -1.688133    4.47406006  6.        
-0.64759099 -3.9776001  -1.69076502  3.        
-5.58869219 -2.64477491 -2.22381592  3.        
-6.92168379 17.75747681  3.54214501  4.        
-3.82286096 16.77796173  2.90725708  4.        
 1.72238898 -6.67090607 -0.13223299  2.        
-7.77402496 -2.5299449  -3.11453295  3.        
2.4005971  3.68718004 0.78796399 2.        
-9.36713409 18.29508972  4.47427416  4.        
-5.88884687 -2.97958398  1.03887904  3.        
7.12694502 8.2101593  4.36428785 7.        
 7.77121019 17.61018372 -4.36993408  5.        
 7.35366821 20.65991211 -7.20092821  5.        
-0.116394   -4.10543108 -0.77902198  2.        
-6.73175097 17.59181213 -0.51809698  4.        
2.36683607 1.751472   1.10562098 2.        
-7.91201019 18.1468811   4.75564623  4.        
 6.35033417 21.8396225  -9.89614868  5.        
  3.54890394 -18.23448181   0.72766101   2.        
 6.57360792 18.10139465 -3.42129493  5.        
  3.66695404 -16.03092194   1.11718798   2.        
-4.63564301 -2.82860589  2.00241089  3.        
-3.37014794 16.003685    2.02297997  4.        
 4.50159502 22.6342392  -8.28674316  5.        
-4.88436079 -2.79417396  1.12899804  3.        
 9.6860733  17.95071411 -4.84588623  5.        
  4.35572815  24.13608551 -11.16384888   5.        
  3.32067895 -14.89492798   1.01278698   2.        
 2.60806298 20.64879608 -5.15640306  5.        
  3.5177691  -17.57292175   0.54016101   2.        
-4.87204695 -2.69586897  0.18801901  3.        
-3.93825507 -2.56995392 -0.15536501  3.        
-0.688667   14.09848022  2.24032593  4.        
 4.65581512 -1.90440404  5.01711988  6.        
 3.22173309 -7.9415822   1.07769799  2.        
1.71767402 4.41161299 0.86630201 2.        
-4.75508118 17.01148987  3.09930396  4.        
 7.40669298 15.51885986 -3.2063899   5.        
-7.57453203 17.81947327 -1.467834    4.        
-1.66325402 15.99228668  3.94134498  4.        
 6.76405287 12.10063171 -1.97564697  2.        
5.51785278 8.85972595 1.137573   7.        
 2.5838089  -1.86146498  9.23822021  6.        
-7.64342499 18.21144104  6.35424805  4.        
6.43435717 9.05469513 1.61138904 7.        
-1.18229699 14.15957642  2.07571411  4.        
-9.14242458 18.12301636  2.01711988  4.        
-6.92404222 17.90228271  5.45727491  4.        
-1.31276703 -2.98584008 -2.22799706  3.        
-6.80089617 18.31783295  6.37246704  4.        
 8.77635956 18.36195374 -5.34301805  5.        
1.48396301 5.13910723 0.81982398 2.        
3.81585693 1.21868098 0.150879   2.        
 4.23786879 -1.85059404 11.0899353   6.        
3.25908709 3.76437402 0.88342297 2.        
 9.96369934 19.89938354 -7.67575121  5.        
 5.32526398 20.33810425 -5.55953979  5.        
  3.28423309 -11.35083771   0.847992     2.        
 5.61415911 19.33365631 -4.07971191  5.        
-1.50221205 14.57102966  0.37783799  4.        
-5.78749084 -2.85983992  0.52902198  3.        
4.41973877 8.18470001 1.50601196 7.        
 4.35074615 -1.91340601  6.02578688  6.        
 3.85391212 -7.88960981  1.03854406  2.        
 4.48963881 22.08332062 -7.4932251   5.        
 5.03799391 20.38489532 -5.10922194  5.        
 7.97348785 19.68432617 -6.45306396  5.        
 9.21007538 17.40756989 -4.14154005  5.        
-3.05802202 15.89282227  0.60943598  4.        
 8.62228394 20.65060425 -9.34835815  5.        
 7.5752492  16.84353638 -3.65066504  5.        
-2.2141881  15.76518154  3.10656691  4.        
1.78201306 1.872437   0.434448   2.        
10.47157288 19.94104004 -8.58306885  5.        
-9.58061218 18.22626495  2.26940894  4.        
-1.62463403 16.4397049   4.92367506  4.        
 4.41279602 23.47402191 -8.85855103  5.        
0.058258   9.27613068 0.50747699 2.        
 8.52577972 -2.36407495  9.13632202  6.        
 2.75655389 21.06619263 -5.99032593  5.        
-8.83273315 18.2098999   4.658813    4.        
 0.36245701 -4.90589905 -0.46087599  2.        
 6.6985631  11.31217194 -1.67571998  2.        
 7.32478285 -2.55563307 11.44735718  6.        
 6.10321808 19.5642395  -4.65942383  5.        
 3.41070604 -9.35549164  0.69503802  2.        
-3.2336731  16.27474976  2.63678002  4.        
 3.94200897 22.35779572 -7.45889282  5.        
 2.95908403 -7.18186188  0.57238799  2.        
-8.44859314 18.26161957  2.95581102  4.        
 7.60508013 -1.21505702  6.64233398  6.        
-2.26262689 15.91010284 -1.21209705  4.        
-3.43068695 -2.58942389 -0.29046601  3.        
  4.960289    23.22562408 -11.18731689   5.        
3.34082794 6.86329603 1.61074805 2.        
  6.05284882  22.33261871 -11.66500854   5.        
-5.2779541  -2.85333991  1.44808996  3.        
2.26797509 1.75600398 0.53314197 2.        
 2.88410997 -5.3296361   1.00338805  2.        
 8.26473236 16.97960663 -3.88690209  5.        
 4.20612288 19.99199677 -2.61700392  5.        
-1.65482295 15.05648041  0.12851     4.        
 6.26431322 -1.417503    7.17315722  6.        
-3.12761688 15.28193665  1.29406703  4.        
 7.24211884 -1.48896003  7.40484619  6.        
 4.80796814 22.94667816 -8.54537964  5.        
-3.67340112 -2.88047004 -2.33529711  3.        
 6.69585419 21.47338104 -9.04864502  5.        
 2.72517395 -3.28186011  0.39913899  2.        
-9.76856232 18.51828003  0.56936598  4.        
-4.41980696 16.66638184  1.32663     4.        
 3.53445411 -2.89427996  4.34805298  2.        
 1.26180303 -5.34822893 -0.88928199  2.        
 7.33431196 18.42027283 -4.6194458   5.        
-6.80038404 17.98282623  1.97403002  4.        
 6.49659014 20.08325195 -6.09564209  5.        
3.51605201 5.65858507 1.18933105 2.        
 7.17506409 20.27947998 -6.67544603  5.        
-10.58511353  19.01793671   4.14379883   4.        
-1.35423303 -3.07021308 -0.94543499  3.        
  4.51127577  24.16820526 -10.16924953   5.        
-2.98229194 16.42951965  3.36172509  4.        
-0.359604   11.0617218   1.09603906  2.        
3.79538012 1.74549103 0.111786   2.        
-6.71256304 17.72400665  0.42629999  4.        
 3.79303002 20.46234131 -4.71701002  5.        
-9.19173431 18.25753021  1.28466797  4.        
 6.2590332  18.50279999 -3.15585303  5.        
 3.41416907 -3.95047808  3.04019189  2.        
-3.3232801  16.60349274  3.74682593  4.        
 4.19949293 23.76795197 -9.71655273  5.        
 7.18492889 17.62211609 -4.17016602  5.        
 4.0451889  23.4330368  -8.27496338  5.        
 6.41043806 18.76478577 -4.09481812  5.        
 3.69225311 -5.57398987  2.671417    2.        
-7.53426409 18.05034637  1.10275304  4.        
-4.92990112 17.3978653   5.66714478  4.        
 5.19492292 -1.66097999  5.58981323  6.        
  3.84123206 -15.10375214   1.37640405   2.        
 3.34616899 -2.09552002  6.32879591  6.        
 5.9932251  -2.31950402 11.93673706  6.        
-9.6330719  18.74065399  5.17718506  4.        
  3.74136305 -15.38414001   0.85928297   2.        
 3.13913703 23.32253265 -7.69223022  5.        
-0.118156   -4.51228285 -0.35141     2.        
 6.49733019 -2.35510993 11.01785278  6.        
  3.59739709 -14.60571289   0.47485399   2.        
 3.47031403 -2.16983008  5.07025194  6.        
 5.60122681 -1.64147902  7.5813899   6.        
 2.6204381  -2.33348894 -0.175018    2.        
 2.97366309 -2.00153303  7.40240479  6.        
-3.32714105 16.23271942 -0.084259    4.        
-1.13582599 13.49423218  1.57025099  4.        
 6.43987322 20.04183197 -5.48468018  5.        
  3.19822693 -24.07369995   1.80984497   2.        
5.46124315 8.35330963 3.93179297 7.        
-3.1584239  -2.72203112 -0.71444702  3.        
-0.159081   10.36860657  0.87503099  2.        
 1.26993597 -6.02134705 -0.50949103  2.        
 8.93428802 19.12163544 -5.92962694  5.        
  3.0611949  -17.16708374   0.77206397   2.        
 5.94875288 -1.97038996  9.8913269   6.        
-5.24087477 17.26565552  2.97396803  4.        
 7.08706713 17.04092407 -3.51925707  5.        
3.67454505 6.85439301 2.17089796 7.        
 3.91567206  3.34371996 -0.32372999  2.        
  3.65988898 -19.2529068    1.24465895   2.        
 3.61750793 -4.39862108  2.8752439   2.        
-8.62793732 18.3633194   3.77395606  4.        
-0.90060401 12.97368622  0.746216    2.        
-6.67417097 -3.01919603  0.812042    3.        
 2.47003889 -7.56275892  0.069061    2.        
 5.6436162  18.98631287 -2.62609911  5.        
 7.15331316 16.43390656 -2.98034692  5.        
 9.66952515 19.14997101 -6.164886    5.        
-3.3385849  15.88652039 -0.450562    4.        
 6.94537306 17.25785065 -2.75549293  5.        
-8.4146347  18.07055664 -0.76034498  4.        
6.46448517 9.17169952 1.10687304 7.        
6.52380419 8.43760681 3.87542701 7.        
  3.36875892 -13.41946411   1.50485206   2.        
-3.20784807 16.94322968  5.1308589   4.        
5.82680511 8.29652405 4.46954393 7.        
 2.95229292 -9.67645264  0.53500402  2.        
 3.49877906 -5.90582991  2.33758497  2.        
 7.38358307 19.04191589 -5.23034716  5.        
5.539505   8.36269379 2.85467505 7.        
 1.754318   -1.738289    7.99346924  6.        
 6.57672882 19.39329529 -4.70828295  5.        
 2.90029907 -3.36680603  0.84140003  2.        
-6.12078094 17.31896973 -1.33273304  4.        
 2.443573   -2.6254499   0.42068499  2.        
 5.22470903 22.90506744 -9.39157104  5.        
-6.23831177 17.35460663  1.77600098  4.        
-2.36812592 16.8274765   5.44995117  4.        
 3.88705397 21.73918915 -6.85678101  5.        
4.9739151  8.3588028  3.56698608 7.        
 3.29450202 -5.13899994  2.11416602  2.        
 8.09641266 -2.07671404  8.72714233  6.        
 3.51413703 -6.91733599  1.79098499  2.        
 5.85098314 20.58740997 -5.97399902  5.        
 3.98774695 -2.30949402  5.00134277  6.        
 2.63676405 -6.27799988  0.40145901  2.        
-2.62638092 15.8265152   2.68383789  4.        
-10.43752289  18.51535034   3.157166     4.        
 6.46492815 -2.39830804 11.98687744  6.        
-7.08030701 -2.64446998 -1.63964796  3.        
 6.7658391  18.41739655 -3.81396508  5.        
  8.43826294  20.70588684 -10.29855347   5.        
 6.07791901 18.99118042 -3.83309889  5.        
-0.81216401 -3.43547106 -2.3162539   3.        
 6.3984828  10.32805634 -1.75076306  2.        
 7.83014679 18.36810303 -4.7805481   5.        
 6.58143616 17.69238281 -2.85165405  5.        
-4.17360687 -2.75342607 -2.29461694  3.        
 7.87497711 17.25213623 -3.9377749   5.        
 4.76157379 19.80608368 -4.21801805  5.        
 2.81387305 -1.97246504  0.84567302  2.        
-3.15700507 16.75424957  4.1685791   4.        
  3.38218689 -12.64268494   0.663849     2.        
2.95619988 4.25010681 1.55780005 2.        
-2.52863312 16.25649261  3.63330102  4.        
-9.81175232 18.41801453  4.82339478  4.        
 3.07649207 -4.80492401  0.950104    2.        
 5.22176409 21.94582367 -7.96109009  5.        
 3.36150408 -1.80040002  9.72140503  6.        
-6.27519178 17.7127533   2.27523804  4.        
10.01109314 20.16286469 -9.41525269  5.        
-6.12463379 17.24954987 -0.780945    4.        
-3.86065698 16.2091217  -0.337524    4.        
 3.20976305 -5.66973877  0.93771398  2.        
 6.98412323 11.78927612 -1.69189501  2.        
 7.05947924 18.68604279 -4.97854614  5.        
  2.9377141  -22.61593628   1.77612305   2.        
-8.19426727 18.03421021  6.25140381  4.        
 7.44494581 -2.09800005  9.03805542  6.        
-3.65289307 -2.39726996  1.63796997  3.        
 5.94111586 18.89712524 -3.29367089  5.        
3.77376604 8.08213043 3.20678711 7.        
10.61479855 19.78702545 -7.54583693  5.        
1.44457197 3.97769904 0.53720099 2.        
 4.7356801  21.18156433 -6.60070801  5.        
 6.89145708 -1.02043903  6.18545485  6.        
 3.06287408 -1.77505505 10.1166687   6.        
-2.42981696 -2.9726181  -2.33853197  3.        
0.44197801 8.09358978 1.32443202 2.        
0.14046501 8.89122009 0.78653002 2.        
 5.79910278 19.81635284 -4.95028687  5.        
4.26610613 7.91122389 2.62960792 7.        
 6.5459981  -2.17834496 10.1723938   6.        
2.64029694 2.15172601 0.960388   2.        
-6.22786713 -2.97052789  1.78665197  3.        
-8.42423344 18.34677124  5.56860399  4.        
10.53439331 19.54044342 -6.87530518  5.        
-10.35637665  18.6088028    1.62020898   4.        
  3.46822405 -11.90604401   0.27664199   2.        
-0.78707099 15.44819641  3.6096189   4.        
  6.3869319   22.06850433 -11.90432739   5.        
2.71218896 2.90463996 1.03433204 2.        
-1.43338799 14.59712982  2.2714541   4.        
-2.25971198 -2.79747796 -1.14691198  3.        
 3.362854   -3.63668799  3.64926195  2.        
-5.61160994 17.17024231  1.89807105  4.        
-9.95965576 18.41344452  1.42251599  4.        
 4.05595398 -1.76042902 10.18719482  6.        
 2.29009295 -1.96405005  8.77185059  6.        
-5.36966705 16.91290283 -0.94714397  4.        
-8.20980072 18.22576141  2.034302    4.        
 3.67475891 24.04433441 -8.86526489  5.        
-7.56736803 17.8147049  -0.80880702  4.        
 3.66595507 -8.9412384   0.08786     2.        
 3.40228295 20.41046143 -3.22882104  5.        
 5.74600983 -2.20199609 11.5579834   6.        
-5.56046295 -2.7309339  -0.28561401  3.        
-7.67113495 18.08959961  2.63201904  4.        
0.35460699 6.65677595 1.090729   2.        
1.97023797 2.72543311 0.766083   2.        
 4.69836378 -1.78992498  8.25027466  6.        
4.79275513 8.27959442 4.48223877 7.        
 5.96929884  9.05832672 -1.28338599  2.        
-5.37667084 16.99402618 -1.72637904  4.        
3.28377509 3.29973602 0.86499    2.        
3.22320604 4.78578901 1.02334595 2.        
 5.88148499 -2.0111239  10.64767456  6.        
-7.19769287 -2.52421594 -2.26464796  3.        
3.25292993 0.59110302 0.47845501 2.        
-1.71629298 -2.50152612  0.421051    3.        
4.14134979 8.55161285 4.81411695 7.        
-7.08249712 -2.99148607  0.59201002  3.        
  4.96800184  23.22811127 -10.18557739   5.        
-6.2989502  17.95029449  6.29827881  4.        
-8.52930546 -3.15822601 -0.090332    3.        
-4.03582811 16.3079834  -1.67562902  4.        
-1.98294103 -2.98317003 -2.74575806  3.        
-4.5125351  17.4479599   6.32128906  4.        
  3.63917494 -16.7924118    0.80835003   2.        
 2.9653089  -7.88686419  0.068939    2.        
8.13194275 8.93829441 3.52227807 7.        
 8.44402313 -1.945503    8.16940308  6.        
-8.74408722 18.12185669 -0.029022    4.        
3.15905809 6.40714979 1.41082799 2.        
 6.96980286 16.87756348 -3.016541    5.        
 6.62459612 12.74523926 -2.0375669   2.        
 2.69356489 22.31284332 -7.1091609   5.        
 2.81634498 -2.04416704  6.40759277  6.        
-4.74659681 16.86794281  2.18154907  4.        
  3.55197906 -13.70558929   0.41445899   2.        
7.45838881 7.89995623 4.99423218 7.        
 9.87060547 19.57566071 -6.89828491  5.        
-3.85844398 16.12610626  0.42166099  4.        
 5.08046007 -1.95722997 12.18548584  6.        
 5.01204681 20.62702179 -5.77203417  5.        
 3.12477899 -0.52586401  0.304535    2.        
-4.74842119 16.94169617  1.72555494  4.        
0.99132502 5.92082214 1.20376599 2.        
-0.81198102 11.3214798   1.30685401  2.        
 4.11388397  3.30081892 -0.73516798  2.        
 5.41516876  8.83901978 -1.56173694  2.        
 2.01798296 -1.89214301  7.42227221  6.        
 4.45695496  4.64682007 -0.94796801  2.        
-1.042274   -3.13229394 -0.558685    3.        
 6.73227692 -2.43002295 11.61676025  6.        
-6.42696381 -2.53133392 -3.82669091  3.        
 2.81201911 21.36472321 -6.33258104  5.        
 7.29441786 19.66125488 -5.86077881  5.        
-2.77092695 16.72984314  4.58660889  4.        
-3.18035102 -2.35994005  0.79367101  3.        
-4.63387299 17.25524139  3.62182593  4.        
 9.18644714 20.50049591 -9.48950195  5.        
 7.796875   19.56387329 -6.01657104  5.        
-3.13663507 16.04857635 -0.98821998  4.        
 3.93018293 23.77193451 -9.23526001  5.        
-5.16504717 17.14470673  1.44329798  4.        
  3.45350695 -19.90373993   1.43737805   2.        
-2.22550201 15.21617126  0.674927    4.        
-6.70343018 17.87359619  1.25293005  4.        
 7.85601807 20.43417358 -7.24517822  5.        
 8.35333347 16.64987946 -3.47525001  5.        
 6.47007799 18.17757416 -2.43023705  5.        
 2.16462708 -1.98552704  7.84243822  6.        
 5.30202484 19.38587952 -3.53015089  5.        
-1.11049604 13.17922974  1.11495996  2.        
 5.22317505 -1.87262702  8.94631958  6.        
 6.52873182 18.97677612 -4.49041796  5.        
 7.81503296 -2.57256293 10.4213562   6.        
4.10510302 8.12678528 3.52694702 7.        
  3.7179029  -22.46025085   1.63845801   2.        
 6.44902802 10.91162109 -2.20703101  2.        
-1.10122705 -3.79797411 -1.84310901  3.        
2.74578905 1.32947505 0.68927002 2.        
  3.41570306 -20.70751953   0.99230999   2.        
-0.66339099 14.91291046  3.01901293  4.        
-4.40627289 -2.67490411 -3.05352807  3.        
-1.70173597 14.53413391  0.86910999  4.        
 2.43321204 -1.48512995  9.67126465  6.        
 8.23714447 16.18266296 -3.30892897  5.        
-1.63749695 -2.22187805  1.10656703  3.        
 2.77785492 -3.771034    1.00180101  2.        
  3.3393631  -10.39536285   1.06961095   2.        
 6.53497314 20.55294037 -6.66409302  5.        
 3.65823388 -8.92082977  1.06637597  2.        
 5.8176651  20.67319489 -6.4379878   5.        
-4.95232391 16.97960663 -1.87936401  4.        
-6.36580706 17.78811646  5.79321289  4.        
 6.31937408 11.58986664 -2.09612989  2.        
  8.56893921  20.43509674 -10.94787598   5.        
-3.31478095 16.07089996 -1.74700904  4.        
 7.16039324 14.7880249  -2.66033912  2.        
  3.62898302 -17.63306427   1.26556396   2.        
-7.50472307 17.8952713  -0.068695    4.        
-0.048981   -4.57189894 -0.89974999  2.        
6.7470932  8.77251434 2.81729102 7.        
1.96243298 1.01858497 0.40231299 2.        
 6.97728682 18.08171082 -4.25231886  5.        
-8.36959076 18.28712463  4.52877808  4.        
-4.94172716 -2.68235803 -1.52633703  3.        
  3.448349   -23.65692139   1.99203503   2.        
 3.91117907  2.90677595 -0.210449    2.        
 9.0051651  20.31963348 -8.47418213  5.        
-0.347267   -3.731148   -0.68762201  2.        
 1.28655195 -5.32648516 -0.12695301  2.        
 3.34323907 -9.88240814  0.252747    2.        
-10.49958038  18.49698639   2.33880591   4.        
-8.08480072 18.00608063  0.62579298  4.        
  3.00237298 -19.76563263   1.37933302   2.        
 3.43936896 -8.17984009  0.336914    2.        
 2.07511902 -6.66230822  0.143402    2.        
5.36558485 8.48958588 2.14209008 7.        
 8.59589386 20.64974213 -8.55276489  5.        
-1.44292402 15.5397644   3.35977197  4.        
-2.64184594 -2.78712511 -1.49911499  3.        
-4.74010515 16.62450409 -1.18182397  4.        
-4.35398102 -2.60646796  0.25854501  3.        
 6.11986494 -1.03662896  4.82788086  6.        
  8.00145721  20.79540253 -10.27270508   5.        
  3.32823896 -22.63658142   2.09344506   2.        
  9.20027924  20.51672363 -10.16619873   5.        
-2.90844703 -2.98251295 -3.23983788  3.        
 5.94151306 10.41899109 -1.94723499  2.        
-2.74672699 15.45667267  2.00482202  4.        
  3.32655311 -24.24126434   1.08935499   2.        
5.63026381 8.31643677 4.89102221 7.        
 6.97072601 19.95252991 -6.27002001  5.        
-3.66246009 17.02267456  4.77484083  4.        
4.05187178 7.17525482 2.2094121  7.        
1.84540606 4.96387482 1.138641   2.        
-6.94669294 -2.47916389 -3.65982103  3.        
 9.23451233 19.34158325 -6.246521    5.        
 3.35861993 20.39532471 -4.02508497  5.        
  2.9972229  -10.32894135   0.56515503   2.        
-0.60854298 12.04576111  1.08166504  2.        
 7.08289289 15.58748627 -2.76046705  5.        
6.93708801 9.10665131 1.75753796 7.        
-6.06955719 17.69962311  5.4593811   4.        
-4.20708513 -2.32824707  1.65399206  3.        
8.4541254  9.12464142 3.76336694 7.        
 3.48277307  1.97386897 -0.129272    2.        
-7.82788086 -2.91200995  0.40045199  3.        
 7.25857496 14.16755676 -2.74267602  2.        
4.5041728  7.91871595 3.20401001 7.        
 4.33559418 20.72093964 -5.69274902  5.        
-0.98951697 -3.69545007 -1.22705102  3.        
 3.77734399 -4.87836504  2.40808105  2.        
-6.48114014 -2.85971093 -0.057251    3.        
 4.59757185 -1.66683996  7.04644823  6.        
 3.77590895 24.37181854 -9.78814697  5.        
 8.61467743 20.50230408 -7.6247859   5.        
-4.61308289 16.81752014 -0.35378999  4.        
 2.79327393 -0.83892101  1.11389196  2.        
1.22169495 6.27118683 0.799622   2.        
-6.19885302 17.44592285 -0.346771    4.        
 3.05187201 -7.04506683  0.98199499  2.        
3.95826006 8.39229584 3.89703393 7.        
6.56810808 8.12032318 5.08261108 7.        
-9.57092953 18.48456573  2.62667894  4.        
 4.77670288  5.57617998 -1.24517798  2.        
 5.80474806 22.08512115 -8.52871704  5.        
 5.47832489 -1.84398603 10.70608521  6.        
-2.2064209  15.96286011  3.51544189  4.        
-10.2275238   18.52393341   4.25958204   4.        
 6.82397509 21.45144653 -8.12268066  5.        
-1.09509301 16.17243195  4.63906908  4.        
-7.24240112 -2.51157403 -2.92974901  3.        
 6.20015001 -1.03727698  5.70376587  6.        
 3.22543311 -4.19852495  0.483459    2.        
-5.68338823 -2.83389997 -1.41928101  3.        
10.34953308 19.16913605 -6.29412794  5.        
 5.31911516  5.46227312 -0.86788899  2.        
-6.63100386 17.93832397  3.96942091  4.        
 3.92023492 23.53266144 -8.70797729  5.        
-5.37083387 17.26524353  3.69921899  4.        
  4.72919512  23.6583786  -10.72991943   5.        
 5.69222307 21.57896423 -7.76806593  5.        
 3.34070611 -1.72557104 10.54568481  6.        
-6.27388811 17.60568237  0.51980603  4.        
-2.74838996 15.90288544 -1.77297997  4.        
-1.95182002 16.81195068  5.57943678  4.        
-4.08657122 16.57462311  2.18176293  4.        
 6.82340193 13.76405334 -2.20184302  2.        
-0.72255701 10.88352203  0.76528901  2.        
 7.42163897 -1.75785804  8.12994385  6.        
 3.78407311 -1.93882     8.27236938  6.        
 4.64016008 -1.747177    9.3026123   6.        
 3.06831408 -4.89357805  0.52529901  2.        
 2.45197296 21.82505035 -6.54913282  5.        
 7.77014923 -0.86138898  6.24862719  6.        
 7.3586731  -2.46394396 10.48522854  6.        
-1.85723102 -2.680969   -0.47802699  3.        
-3.00967407 -2.91778588 -2.34332299  3.        
 3.24596405 -7.69741106  0.37786901  2.        
-8.53444672 -2.60501909 -1.557953    3.        
 7.14885712 17.52778625 -3.73333693  5.        
-4.18300581 16.62438202  0.13159201  4.        
-3.24065399 -2.27156806  1.54205298  3.        
-6.01307678 17.87407684  6.65499878  4.        
-1.84359705 -2.938164   -1.85314906  3.        
  3.42807794 -13.67494202   0.83258098   2.        
-7.69979095 18.17719269  3.178406    4.        
  5.47065687  22.88596344 -11.54650879   5.        
 6.0966258  -2.23066711 11.11380005  6.        
-5.03892517 -2.73212409  0.65225202  3.        
1.08432806 6.55953979 1.41268897 2.        
-8.7170639  18.38780975  2.64498901  4.        
 4.83259583  4.76285505 -0.68743902  2.        
 7.00602007 14.86556244 -3.1282351   5.        
 1.98945606 -2.09888506  6.77386522  6.        
 3.28351593 23.78969574 -8.02587891  5.        
 5.18133497  6.5152359  -0.924438    2.        
 1.68294501 -6.17707109 -0.45327801  2.        
 3.24098992 -8.78991699  0.69061297  2.        
 1.86427295 -2.00606489  8.88653564  6.        
 7.59837294 21.07757568 -9.00250244  5.        
 7.20443678 -1.33551002  7.00643921  6.        
 6.49246979 -1.99638402  9.24163818  6.        
-8.22505188 18.03824615  0.065735    4.        
-6.69609118 17.90352631  3.10064697  4.        
 6.61461592 19.62216949 -5.37970018  5.        
-6.12059021 -2.73102593  1.38616896  3.        
1.37160504 4.16635084 0.92355299 2.        
-9.31017303 18.25260925  3.2971499   4.        
-8.42733765 18.31582642  6.02899218  4.        
-4.69036102 -2.43597388  1.81985497  3.        
-0.52343798 15.83735657  4.36749315  4.        
 3.39640808 -9.61475372  1.061584    2.        
1.88283503 5.84086609 1.05725098 2.        
 6.63751984 11.62634277 -2.51705909  2.        
-2.29826403 -2.93798089 -3.06350708  3.        
-1.334167   13.84944153  1.69851696  4.        
 3.19421411 21.46146393 -6.50164795  5.        
3.18329597 5.35700989 1.51724195 2.        
-6.91321611 17.98477936  4.77548218  4.        
-7.83456421 17.92606354  3.52182007  4.        
0.99289697 5.09410095 1.18612695 2.        
-6.79730177 17.59860992 -1.32327294  4.        
  3.43326592 -10.91851807   0.782471     2.        
 6.67609406 12.80843353 -2.61911011  2.        
 7.59380293 16.43088531 -3.55136108  5.        
 5.17198896 19.83872223 -4.32250977  5.        
-4.82547808 -2.75474501 -0.413544    3.        
-9.12158203 18.70032501  5.48141479  4.        
-5.15463305 -2.68673706 -2.59918189  3.        
  3.11604309 -15.87335205   0.70043898   2.        
 7.81548309 20.00113678 -6.68661499  5.        
 7.88351393 20.9875946  -8.15036011  5.        
2.43857598 0.65969098 0.56137103 2.        
0.159775   8.39916992 1.00857496 2.        
 4.38482714 21.68201447 -7.01702881  5.        
 8.11288357 -2.36734796  9.52716064  6.        
-3.55708289 16.21531677  1.35623205  4.        
5.11858416 8.52189636 5.45306396 7.        
 3.48342896 20.20436096 -3.60861206  5.        
  6.21993303  22.12023163 -10.70355225   5.        
  3.47508192 -17.06570435   1.36126697   2.        
-6.01235199 17.39918518  2.46624804  4.        
 8.39475155 17.71114349 -4.5968318   5.        
 9.13323975 17.32640076 -4.55288696  5.        
4.75465393 8.01959229 2.18945289 7.        
 6.74234819 13.67830658 -3.02993798  2.        
-3.285851   15.84707642  0.96694899  4.        
6.10047913 8.19398499 5.56973314 7.        
2.91538191 2.44864702 0.71560699 2.        
 5.74050903 20.36849213 -5.48370409  5.        
 4.99568892 -2.01110792 11.75579834  6.        
 4.28280592 -1.75872803  6.77667189  6.        
-4.91019392 -2.78574395  1.68569899  3.        
1.87508404 3.42676497 0.77865601 2.        
-8.06308746 18.10367584  1.56747401  4.        
 2.67105889 -7.47432709  0.47854599  2.        
3.61667609 0.84841198 0.168762   2.        
 2.5646131  -2.01900506  8.40487671  6.        
-4.26530504 16.56006622 -2.33328295  4.        
 5.1733551  -1.81566596 11.03927612  6.        
-9.64544678 18.40700531  3.49777198  4.        
 2.961555 -2.47876   0.636078  2.      
-10.03424072  18.57533264   2.99472094   4.        
-1.90790606 15.45265961  3.00164795  4.        
2.1620791  4.1660161  0.73425299 2.        
-6.43930006 -2.589149   -2.33810401  3.        
 3.49452996 -4.18564606  3.76419091  2.        
-3.65486097 -2.51022291  0.76522797  3.        
  3.56191301 -15.02468872   0.67346197   2.        
 4.69299316 -1.73913598 10.80386353  6.        
4.62287903 8.57065582 5.01168823 7.        
  3.27789307 -18.87752533   1.01422095   2.        
-2.29818702 -2.51250505  0.432129    3.        
-5.79515123 17.42367554  0.90942401  4.        
-5.59246111 17.22709656  0.165924    4.        
-6.71126604 17.8314209   2.44387794  4.        
  3.40595293 -18.34371185   1.52963305   2.        
-0.094856    9.54437256  1.08508301  2.        
 4.19541883 -1.79475403  9.23599243  6.        
 5.63506317  9.64826965 -1.69577003  2.        
 4.47355604  4.51705885 -0.486725    2.        
 6.75208282 17.72241211 -3.45825195  5.        
 9.07429504 20.30554962 -7.93847704  5.        
 5.79882812 -2.22746992 12.29446411  6.        
  3.33074999 -11.84714508   1.07290602   2.        
-1.93930101 -2.78223395 -0.88037097  3.        
  2.99319506 -21.03314209   1.05969203   2.        
 2.39316607 -2.309479    6.01260424  6.        
 4.93893385 -1.53004503  6.14828491  6.        
 2.92465997 -2.46248603  5.54208422  6.        
  3.31285906 -22.11952209   1.19854701   2.        
  3.06157708 -12.56362915   0.41018701   2.        
  3.28610206 -22.57756805   1.21893299   2.        
  4.73366499  23.89292145 -11.57214355   5.        
 4.19053698  3.72091699 -0.47305301  2.        
3.29915595 5.98895979 1.52075195 2.        
 4.63253784 20.22363281 -4.99499512  5.        
 2.40463305 -3.58913398  0.341095    2.        
1.47202301 5.55256701 0.90432698 2.        
-4.03719282 16.95775604  3.86911011  4.        
2.92423296 3.84107995 1.11617994 2.        
 3.25405908 -2.87180305  4.796875    6.        
 3.95486403 -2.71895599  4.53833008  2.        
6.15727186 8.45897675 3.56616211 7.        
3.00018311 4.26934099 1.13229406 2.        
-3.49297309 17.06819153  5.70083618  4.        
7.54803514 8.80912018 3.19274902 7.        
 6.08308411 20.12957001 -5.29327393  5.        
-0.54284698 14.43556213  2.43197608  4.        
  5.37281799  23.62114716 -11.72076416   5.        
-1.92775702 16.40208435  4.62945604  4.        
 3.3235929  -3.2344439   4.45336914  2.        
  5.68700409  22.4953537  -11.07684326   5.        
 8.43707275 19.03232574 -5.9342041   5.        
 7.80924177 18.76268005 -5.271698    5.        
  3.09691596 -24.29615784   1.42849696   2.        
-1.75196099 -3.56524706 -1.07305896  3.        
 3.30604601 22.95888519 -7.888062    5.        
 4.86248779 -1.86227405  5.44973803  6.        
2.01489305 1.19558001 0.91415399 2.        
  3.55132294 -20.3157196    1.64184594   2.        
 2.86362505 -3.657974    0.130463    2.        
-3.59840393 16.54771423  2.64370704  4.        
 3.31423903 -0.64236498  1.02929699  2.        
-3.46669793 16.12508392 -2.16952491  4.        
-0.78846699 11.7068634   1.45053101  2.        
 7.39636183 20.15254974 -6.33099413  5.        
 7.98419905 -1.33947802  6.89080811  6.        
2.32932305 0.03479    0.788086   2.        
-6.00782824 -2.40073395 -3.86944604  3.        
 9.67758942 20.09156036 -8.2210083   5.        
-1.47192395 13.7590332   0.59689301  2.        
8.0094223  8.30458069 4.41427612 7.        
-1.82816303 -3.05584693 -1.45031703  3.        
 6.69798279 -1.92205799  8.70495605  6.        
 7.35763502 21.20388031 -8.46456909  5.        
 6.03850603  9.44890594 -1.39184594  2.        
 6.23256683 21.52744293 -7.67666578  5.        
-4.63147688 16.8004837  -1.62289405  4.        
-3.7315371  17.36631012  6.35214186  4.        
  3.19256592 -21.22278595   1.37088001   2.        
-5.78126478 -2.7089541  -1.84646595  3.        
-1.91202497 15.19930267  2.59707594  4.        
-5.54016113 17.63327026  6.29870605  4.        
 4.96953583  6.18264008 -1.03872705  2.        
-1.48195601 -2.94786096 -2.5996089   3.        
 3.38568902 24.3134079  -8.60882568  5.        
-5.93884277 -2.64563704 -2.4664309   3.        
 1.77545905 -1.95237696  8.46661377  6.        
3.00649309 5.00749207 1.38232398 2.        
 7.78313494 15.47793579 -3.05026293  5.        
 5.66632795  8.51773071 -1.59964001  2.        
 5.16274309 21.12335968 -6.35143995  5.        
-1.76094103 14.59308624  2.02584791  4.        
 1.61089301 -5.80484819  0.086609    2.        
 3.90732598 -3.052917    3.98184204  2.        
-7.39576721 18.04235077  1.78689599  4.        
-8.16785431 -2.87272596 -0.582977    3.        
-2.91742706 15.91445923 -0.49691799  4.        
 2.95709205  0.21907    -0.090698    2.        
-5.5740509  17.63731384  5.78271484  4.        
 2.76088691 -0.56575     0.005676    2.        
-0.81600201 -3.87085009 -0.449707    2.        
  7.38853407  21.1370697  -11.05633545   5.        
3.07978797 0.08815    0.67569    2.        
-4.59049177 16.61038208  0.93508899  4.        
 8.37433624 19.48374939 -6.37924194  5.        
0.36299899 7.37269592 0.79269397 2.        
  8.34139156  20.73471069 -11.20709229   5.        
-2.66765594 -2.73854089 -0.82147199  3.        
 3.40446496 20.40433502 -4.48577881  5.        
 3.11320496 -1.94339001  8.1968689   6.        
 8.63173676 17.1460495  -4.2467041   5.        
-2.00307488 14.5520401   1.299927    4.        
 3.79719496 -1.86183906  7.36184692  6.        
 3.08860803 -6.51626587  0.82177699  2.        
 6.02307892 -1.82145703  8.50769043  6.        
-6.91721296 18.00585175  4.33404493  4.        
4.15594482 7.83609009 1.71551502 7.        
0.55757898 7.44626617 1.31604004 2.        
 5.35773516 22.48445892 -8.59503174  5.        
 8.35019684 20.61687469 -8.02236938  5.        
 5.91589403 10.01032257 -1.84298694  2.        
 5.51480913  8.90175629 -0.78320301  2.        
-0.778862   11.55104065  0.93554699  2.        
-5.89105177 -2.89362311 -0.63958699  3.        
7.59249878 9.03320312 2.731354   7.        
 3.4700551  24.4369278  -9.39819336  5.        
 3.65676904 -5.69455719  1.87097204  2.        
-5.43707991 -2.84536695  1.82189906  3.        
 3.07636309 -1.31892395  0.39257801  2.        
 2.72993493 -1.62690699  0.076874    2.        
  3.03389001 -11.38204193   0.52960199   2.        
  5.1027298   22.91770172 -10.41030884   5.        
 9.30567932 20.37444305 -8.94909668  5.        
  3.44906592 -15.66172028   0.95877099   2.        
 3.13242292 -8.36039734  0.53204298  2.        
  5.17143202  23.09500885 -10.85818481   5.        
 4.33891296 20.41016388 -5.20397902  5.        
-5.52643585 16.8502655  -1.33148205  4.        
-3.03029609 -2.18971992  1.99410999  3.        
-3.68267107 16.15686035 -0.89022797  4.        
 7.61572313 -1.64056396  7.63430786  6.        
-10.54860687  18.92042542   4.71911621   4.        
-0.71916199 -3.68428802 -2.01046705  3.        
-2.97662401 16.25225067  2.97640991  4.        
 8.5353241  -2.58663893 10.09844971  6.        
-10.33859253  18.59875488   5.03912306   4.        
-7.59071302 17.9358902   0.60644501  4.        
-10.07766724  18.62220001   3.8968811    4.        
 5.28727007  7.36022902 -1.06536901  2.        
 6.06699419 21.00398254 -7.11083984  5.        
 3.06163812 22.4141922  -7.35171509  5.        
 3.01963806 20.60785675 -5.12908888  5.        
 6.54052687 -0.82827002  5.33593798  6.        
 8.52457428 19.92782593 -7.03964186  5.        
-0.170883   11.14839172  1.45107996  2.        
  3.38007307 -24.42542267   1.96585095   2.        
-6.29385424 -2.79987311 -1.18872094  3.        
  3.40984297 -12.1102829    0.67172199   2.        
 4.61157179 -1.92473602 11.55133057  6.        
  3.46303606 -11.58815765   0.52447498   2.        
-4.12483215 17.1844635   4.31030321  4.        
8.55354309 8.67515564 4.3286438  7.        
 4.25221205 23.03072357 -8.12365723  5.        
-5.02760315 -2.72112989 -2.07147193  3.        
-8.47596741 18.21870422  1.36688197  4.        
0.61428797 6.92711592 0.92703199 2.        
 6.18173981 18.51999664 -2.76113892  5.        
2.57170892 2.69288611 0.37759399 2.        
-2.00799608 14.13704681  1.44937098  4.        
 3.01054406 -9.27934265  0.51132202  2.        
 5.28734589 -1.87030804  9.7376709   6.        
 3.20443702 -6.11587477  1.65331995  2.        
 3.66320801 -7.35956621  1.61792004  2.        
-1.22856104 14.45717621  0.64901698  4.        
  3.5345459  -18.39826965   1.09411597   2.        
-5.78205109 17.60740662  4.44055223  4.        
 4.06185913 20.19433594 -4.46585083  5.        
 4.56432295 -1.80675495 10.05725098  6.        
-0.32353199 11.25227356  0.71444702  2.        
-4.99453688 -2.45851898 -3.65460205  3.        
-4.44767809 -2.57235694 -3.96139503  3.        
 3.3361969  -5.50794983  2.26599097  2.        
 3.29832506 20.88409424 -5.8183589   5.        
 3.53649902  2.76476312 -0.199615    2.        
-3.97741699 17.18297577  5.49621582  4.        
-2.48572493 16.68289948  4.86605787  4.        
-10.80354309  18.87312317   3.1439209    4.        
-6.77451277 -2.84008002 -0.94091803  3.        
-5.17102098 17.63066101  6.46469116  4.        
 7.18323517 13.60519409 -2.43356299  2.        
 9.71750641 20.22201538 -8.81958008  5.        
-1.29443395 15.89931488  4.07653809  4.        
  3.36760712 -22.73605347   1.66690099   2.        
 9.2114563  20.06452942 -7.52710009  5.        
 6.90189409 -2.27613091 10.01806641  6.        
  6.43704224  21.74477386 -11.1355896    5.        
4.63207197 8.60472107 0.92849702 7.        
-5.54585981 17.26672363  0.567352    4.        
 7.18742418 16.17192078 -3.28057909  5.        
 4.7385788  22.48525238 -7.93814087  5.        
 3.84461999 -9.62031555  1.26925695  2.        
-8.42629242 -2.5958941  -2.38378906  3.        
 5.67947388  9.2361908  -1.49294996  2.        
-3.09740496 16.04689026  0.212616    4.        
-7.12914324 18.00997925  6.14379883  4.        
-2.82375312 -2.30341291  1.09335303  3.        
-2.81469703 -2.47057295  0.27880901  3.        
-6.00754499 17.69555664  3.75857496  4.        
2.71805596 3.50956011 0.556732   2.        
 6.17271423 21.98748016 -9.1217041   5.        
  3.5538559  -12.74280453   0.21130399   2.        
 6.86097002 21.05670929 -7.03653002  5.        
 3.5603261  -7.618752    1.13809204  2.        
-4.13648176 16.46456146  1.52142298  4.        
 3.9793551  -2.182091    5.77859497  6.        
 4.22448015 -1.90060401  6.40353394  6.        
 5.45813799 22.58798981 -9.88369846  5.        
 6.56600904 -1.62139904  7.90011597  6.        
-2.43261695 16.39781952  4.15631104  4.        
-8.85823059 18.23271942  0.67996198  4.        
6.07040405 8.68966675 2.40917993 7.        
 9.2729187  19.56663513 -6.89233398  5.        
 4.21755981 20.00827026 -3.8565371   5.        
-5.71006823 17.07649231 -2.08575392  4.        
-1.95313299 16.2576828   4.25927687  4.        
-6.14849091 17.31217957 -1.91708398  4.        
7.44144392 8.50578308 3.82101393 7.        
-3.05859399 -2.771698   -1.67877197  3.        
-2.02780104 16.04180145 -1.50494397  4.        
-3.92466688 16.47481537  0.60107398  4.        
-1.27887702 -3.23056793 -1.30148304  3.        
 3.30044603 21.87030792 -7.05721998  5.        
 5.28177595 20.09646606 -4.80895996  5.        
 6.59425306 -1.50730896  7.49734497  6.        
6.85194397 7.94509077 5.31970215 7.        
10.50092316 19.87747955 -8.19180298  5.        
 7.81157684 19.17617035 -5.71328688  5.        
-7.20588684 17.95995331  2.72934008  4.        
 6.94689894 14.41345978 -2.75430298  2.        
 3.69958496 -8.25037384  0.97778302  2.        
1.13610804 4.95129395 0.78286701 2.        
6.42137909 8.77099609 2.19952393 7.        
-6.11603498 17.67023468  3.22717309  4.        
-3.86975098 -2.69970703 -1.07626295  3.        
-6.02525282 -2.92527008  0.217896    3.        
-2.53639197 15.55297089  2.33682203  4.        
 7.00844622 21.17782593 -7.72415209  5.        
 6.51304579 20.93867493 -6.85928297  5.        
-3.83986712 16.42615509 -1.19995105  4.        
 9.24133301 18.01792145 -4.96377611  5.        
-7.69670105 18.19987488  5.59137011  4.        
 6.91969299 18.93726349 -4.53805494  5.        
-7.13523102 -2.67325592 -1.24890101  3.        
-4.97981977 17.37615204  4.51745605  4.        
  4.45569611  24.35680389 -10.64379883   5.        
  7.9439702   20.76031494 -11.09790039   5.        
 3.96185303 20.41859436 -5.07168579  5.        
 5.56938887 19.08272552 -3.16336107  5.        
5.2385478  8.22588444 3.13259912 7.        
2.39797997 1.48047602 0.81991601 2.        
-3.57652307 15.90502167  1.666412    4.        
 3.03433204 -5.45560503  0.65631098  2.        
  3.36267805 -10.78810883   0.29583699   2.        
-2.1397481  -3.08402991 -3.62155104  3.        
-2.35725403 -2.9040761  -1.95333898  3.        
-7.11084795 -2.99021912 -0.098175    3.        
 5.96982622 21.74941254 -8.33544922  5.        
-8.82810211 18.3717804   2.11572289  4.        
  3.24429297 -16.77452087   0.72082502   2.        
 7.05302382 21.28798676 -9.95727539  5.        
4.98264313 8.0174942  3.76309204 7.        
 8.26502228 20.79302216 -9.45135498  5.        
 2.46679711 -1.26372504  0.035706    2.        
-0.49275199 10.55340576  0.77999902  2.        
 1.255844   -5.46392107 -0.493927    2.        
-4.57923079 16.86842346  2.75158691  4.        
-6.45443678 17.83340454  4.86260986  4.        
-1.64064002 13.59083557  0.94970697  4.        
-6.27359819 -2.93128991  0.97924799  3.        
5.99899292 9.09178162 0.89993298 7.        
4.14183807 7.57904005 2.312042   7.        
5.11923981 8.49808502 1.59408605 7.        
 2.00544691 -6.44780684 -0.37692299  2.        
-1.51172602 -3.47101593 -2.44668603  3.        
 9.73715973 18.18184662 -5.1807251   5.        
-4.50634813 -2.72820997  1.05160499  3.        
 5.40378618  7.83600616 -1.60656703  2.        
 3.07940698 -2.09195709  0.58468598  2.        
-1.668594   -2.99210405 -2.97787499  3.        
-8.4228363  18.14689636  0.76223803  4.        
 5.44230604 -1.76098597  8.18899536  6.        
6.98400879 8.97821045 2.4815979  7.        
 4.18780518 19.94523621 -3.45461988  5.        
 9.75720978 20.43345642 -9.63763428  5.        
-4.54110718 -2.68647003 -1.46106005  3.        
  5.02292585  23.71749115 -11.35501099   5.        
  3.76331306 -16.44898224   1.04602098   2.        
 5.79913282 18.80289459 -2.26934791  5.        
-10.79510498  18.66924286   4.06076002   4.        
 4.53881788 23.08719635 -8.96621704  5.        
1.76255798 5.72024488 1.40695202 2.        
  3.66557288 -14.42684174   0.93167102   2.        
-5.23883104 17.12598419  2.212708    4.        
 3.50923896 20.70741272 -5.15960693  5.        
 3.31294298 23.9320755  -8.62478638  5.        
 4.53169298 20.20251465 -4.57110596  5.        
1.57119799 3.27033997 0.59634399 2.        
 4.38958693 -2.1825099   5.05862379  6.        
 3.82189894 -3.473984    3.97698998  2.        
3.86107612 7.80462694 2.75973511 7.        
3.08833289 0.63579601 0.131226   2.        
 6.42528486 12.38286591 -2.0527041   2.        
-1.74633002 -3.15216088 -3.71600294  3.        
  3.20491791 -19.25566864   0.98288      2.        
10.31803894 19.8870697  -7.82904005  5.        
-3.75718689 -2.80072808 -3.24804711  3.        
 2.95257592 -5.15501404  0.236908    2.        
 3.09967804 -9.09365082 -0.037506    2.        
 6.89597321 14.01791382 -2.87457299  2.        
-5.19320679 -2.74193597 -0.168579    3.        
 9.51573944 17.77987671 -4.51275587  5.        
 7.73754883 -2.71272993 11.18283081  6.        
  7.36621904  21.21244049 -11.74645996   5.        
-4.15448809 17.43650055  6.17990112  4.        
 5.98444414 11.3837204  -2.01455688  2.        
  3.09419298 -23.15209198   1.60940599   2.        
3.28598809 6.22683001 1.82229602 2.        
-3.43960595 -2.74451494 -0.97537202  3.        
0.69751    6.31761217 0.653687   2.        
-4.14465284 -2.60968804  1.37448096  3.        
-2.82866693 -3.1013341  -3.64056396  3.        
 4.16126299 21.14131927 -6.34338379  5.        
-9.03652191 18.2427063   0.23547401  4.        
 3.3048861  -6.70387316  1.08810401  2.        
-9.12367153 18.35659027  5.67672682  4.        
0.89746898 6.51188707 1.02487195 2.        
 3.36670709 -2.19853997  5.48193407  6.        
 2.57623291 -4.92506409  0.32412699  2.        
  7.31984711  21.1596756  -10.40328979   5.        
 3.31303406 -7.07188416  0.66735798  2.        
-2.66381097 15.61301422  0.027496    4.        
 2.33717394 21.36029053 -6.1031189   5.        
 3.2560041  -8.81376553  1.07189906  2.        
-5.787117   17.4852066   1.64685094  4.        
-0.99282098 12.20788574  0.86172497  2.        
 3.00171709 -7.04724121  0.21759     2.        
-2.241745   -2.63467407 -0.245178    3.        
  3.35924506 -10.37069702   0.68927002   2.        
-0.54839301 -4.31156921 -1.39382899  2.        
 2.64413404 -1.82579005  0.41995201  2.        
5.88110399 8.54297638 2.77072096 7.        
-6.1751709  -2.51725793 -3.1091609   3.        
2.94622803 1.17139399 0.2229     2.        
-1.45230103 14.90237427  2.54894996  4.        
-2.630867   16.96979523  5.68682909  4.        
 6.01509905 19.52633667 -4.2904048   5.        
-5.51697493 17.54965973  5.03900194  4.        
5.78145599 8.61848354 1.865906   7.        
 3.77233911  2.20746589 -0.013214    2.        
-7.6529851  -2.56501007 -2.23348999  3.        
 2.88951898 -4.09774017  0.84243798  2.        
 3.68241906 23.59012604 -8.0836792   5.        
2.38803911 2.92951989 0.77688599 2.        
  3.60422492 -10.06240082   0.80181903   2.        
7.12384796 9.11328125 2.10986304 7.        
 2.68565392 -1.04071796  0.50396699  2.        
-6.39771318 17.62673187  4.54998779  4.        
 9.0552063  18.67959595 -5.70925903  5.        
 8.7862854  17.74113464 -4.69207811  5.        
 6.06804705 -2.04804993 10.24176025  6.        
  6.68589783  21.64585114 -11.97839355   5.        
  2.99959612 -21.72543335   1.24218798   2.        
-5.00309706 16.88726044 -1.03100598  4.        
 2.92136407 20.67390442 -4.71310377  5.        
-4.2011342  16.55677032  0.84304798  4.        
 2.73245192 -1.45843506 10.24990845  6.        
 5.18002319 21.52503967 -7.11431885  5.        
 7.16758013 -0.82949102  5.75738478  6.        
 4.01424408 20.91563416 -5.69580078  5.        
 6.40870714 11.25379181 -1.954193    2.        
 3.06248498 -0.90385401  0.34579501  2.        
 4.07267809 24.10634613 -9.41265869  5.        
3.3915329  4.45838881 1.68456995 2.        
-0.653786   -3.49794793 -0.743195    2.        
 5.28394318 21.84505463 -7.6028142   5.        
-6.58672285 -2.48397803 -2.93829298  3.        
-8.46086121 18.32196045  3.40072608  4.        
5.03229523 8.06093597 4.29382277 7.        
 2.41725898 -0.78775001  0.247894    2.        
 3.3771131  -6.65372515  1.56213403  2.        
-8.43612671 18.32728577  2.38803101  4.        
-2.37649488 14.77198029  1.505615    4.        
 7.4546361  -2.59147596 11.796875    6.        
-10.62206268  18.68375397   3.43612695   4.        
0.56263697 5.73806    0.72930902 2.        
3.05373406 0.25319701 0.26907301 2.        
 3.61157203 -9.15682983  0.38867199  2.        
10.45787811 18.8006134  -5.77267504  5.        
-6.68847704 17.96898651  6.44589186  4.        
 7.08285522 12.90050507 -2.15426612  2.        
-1.61224401 -2.39716291  0.76373303  3.        
-0.96922302 -2.81480408 -2.95199609  3.        
-7.65507507 18.06040192  1.45541406  4.        
  6.82546186  21.47116089 -11.22451782   5.        
 4.05239916  5.08156586 -0.51113898  2.        
  4.43463898  23.81732941 -10.26760864   5.        
  6.03785706  22.433815   -11.25326538   5.        
-8.20449066 18.58213043  5.83889818  4.        
 2.89002204 20.82266998 -5.74298096  5.        
-8.31565094 -2.69958496 -1.86321998  3.        
0.88182801 4.13178205 0.71969599 2.        
-9.00042725 18.24111938  1.63354504  4.        
 8.60797882 20.66534424 -8.94934082  5.        
 3.32890296 -7.93758392  0.64874297  2.        
 2.12843299 -7.05658722  0.067535    2.        
 6.56700897 19.32139587 -5.07241821  5.        
-2.59465003 15.40802002  0.90435803  4.        
 7.83869886 16.11484528 -3.55789208  5.        
-2.06832099 14.59057617  0.89697301  4.        
 2.47514296 -2.11023688  0.172699    2.        
-6.89169312 17.71377563 -0.147247    4.        
 4.68545485 23.55831146 -9.69638062  5.        
-8.18929958 18.2786026   3.70675707  4.        
1.40037501 3.8380971  1.092834   2.        
 2.6405561  22.08875275 -6.78158617  5.        
-4.88465118 -2.64706397 -2.89059496  3.        
 7.82567596 17.97225952 -4.65918016  5.        
 4.65949202 20.84355927 -5.82229614  5.        
 3.79151893  3.50659895 -0.016083    2.        
-7.18019104 17.94932556  1.13443005  4.        
 5.20208693 -1.85218096 10.23944092  6.        
1.01843297 5.53790998 0.805237   2.        
 4.92576599 19.48406982 -2.93002295  5.        
 2.40623498 22.90285492 -7.32415819  5.        
 3.03577399 -5.85147905  0.62991297  2.        
-7.90467119 -2.72295403 -1.16528296  3.        
 4.29420519 -2.63622999  4.38641405  2.        
 5.83537292 -1.12371099  5.2150569   6.        
 3.09656501 23.44698334 -8.03631592  5.        
  6.41554308  22.11985016 -11.46109009   5.        
 2.75059509 24.00777435 -8.20602417  5.        
 4.19356489 23.47924042 -9.15402222  5.        
 7.04825592 13.06180573 -2.56231689  2.        
  3.33463311 -22.91841888   0.91012597   2.        
 5.97679901 19.18119049 -4.14800978  5.        
 6.34158278 12.0849762  -2.26666307  2.        
-8.33718109 -2.89549994  0.109711    3.        
 6.56191301 21.54916382 -9.96884155  5.        
2.53067803 3.30046105 0.79247999 2.        
-4.94805193 16.9285202  -0.23309299  4.        
 5.83621979 22.36040497 -9.70004272  5.        
 4.05588484  2.55241394 -0.039124    2.        
 4.20911407  2.85756707 -0.417236    2.        
-7.65533495 18.10684967  2.26678491  4.        
-1.55499303 -2.74587989 -0.131165    3.        
1.71465302 2.39526391 0.55288702 2.        
-0.77477998 14.77680969  2.69827294  4.        
 6.16910505 -1.97862995  9.43148804  6.        
  3.4181819  -11.13600922   0.48913601   2.        
  7.69502306  20.73253632 -11.61602783   5.        
-0.64747602 12.58525085  1.67764294  2.        
 5.02961016 -1.66090405  4.74847412  6.        
 3.78333306 22.46787262 -7.7689209   5.        
 6.09471893 22.08188629 -9.79956055  5.        
 3.18202996 24.35860443 -8.9341116   5.        
-0.282471   10.66246033  1.05770898  2.        
 9.61075592 19.90820312 -7.58334303  5.        
0.19381    9.75674438 0.68994099 2.        
-6.33416796 17.51470947  2.59326196  4.        
-9.26517487 18.46606445  2.0340879   4.        
 6.85224915 14.10983276 -2.4589839   2.        
 1.91258204 -1.84520698  6.52359009  6.        
 3.54839301 -3.91262102  3.37701392  2.        
  3.56193495 -14.02572632   1.45980799   2.        
-4.61865187 17.36247253  4.98013306  4.        
-3.58394599 16.30527496 -1.84915197  4.        
3.73395491 6.68020582 1.80481005 7.        
2.12695289 1.39731598 0.49221799 2.        
 5.57000685 -1.42556     6.64764404  6.        
 3.8376689  21.3822403  -6.73257494  5.        
5.20745897 8.67546082 1.17816198 7.        
 9.98504639 20.12030029 -8.54861355  5.        
-1.64286005 14.84004974  0.59548998  4.        
 3.40054297 -4.72462511  0.80777001  2.        
-7.75561523 17.88762665 -0.507263    4.        
-5.54053497 17.34054565  3.2971499   4.        
 5.15444994 22.75556183 -8.75250244  5.        
-4.64973497 17.14770508  4.28616285  4.        
-10.41854095  18.60235596   2.72491503   4.        
 3.44184899 22.44348907 -7.29888916  5.        
3.11650896 4.51779222 1.37451196 2.        
  6.26615906  22.35903168 -12.1038208    5.        
 4.68117523  5.14968109 -0.884399    2.        
-9.04829407 18.41374969  3.68966699  4.        
 4.71551514 23.30323029 -9.20574856  5.        
 3.09363604 21.86704254 -6.76104689  5.        
 6.7192688  12.49816132 -2.28347802  2.        
 7.95709181 20.95492554 -8.80517578  5.        
  3.52916002 -14.06254578   1.05728102   2.        
-4.34133101 17.08809662  4.9186101   4.        
 8.18138885 18.17042542 -4.94046021  5.        
-3.14888811 17.10871124  5.96292114  4.        
 3.39705706 -4.72786713  2.82192993  2.        
-7.89158583 -2.49593401 -2.68215895  3.        
-5.04452515 16.88542175  0.78887898  4.        
 5.31153917  7.75406694 -1.05044603  2.        
 6.95378923 21.37739563 -9.28106689  5.        
-4.85697222 17.59149933  6.12866211  4.        
  3.32535601 -21.74036407   1.69525099   2.        
 3.06241608 -7.60279799  1.22708094  2.        
 9.71338654 18.8505249  -5.97039795  5.        
-7.33913422 -3.17658997  0.76272601  3.        
 2.79774499 23.19698334 -7.4969182   5.        
 6.49986315 21.67438507 -8.82409668  5.        
  3.47517395 -15.21261597   1.07922399   2.        
 3.95144606 24.14714813 -9.07037354  5.        
 4.83699799 19.58312225 -3.72238207  5.        
 2.86257911 -1.15577698  0.959351    2.        
 2.73121595 23.46718597 -7.88165283  5.        
4.9138031  7.99134111 2.85833693 7.        
 2.67610908 -0.117218    0.42401099  2.        
-4.79575396 16.64962006  1.52288795  4.        
6.041008   8.81439972 1.61679101 7.        
 5.69767809 -0.95658898  4.90805006  6.        
