1.90251899 1.55407703 6.18026686 4.        
 -0.126579   -20.23036194  -3.709198     2.        
 3.44682288 19.91629791 -7.197052    6.        
-2.1897049   3.38523889 -9.8989563   3.        
-8.65943909  6.36720991  0.845734    5.        
 0.908485   -7.80121613 -2.35516405  2.        
 5.83883715 10.96672058  0.13681     2.        
-0.70300299  5.53986406 -0.27380401  2.        
 1.47898102 -0.40875199 -4.49911499  3.        
 8.79601955 15.94207001 -4.19073486  6.        
 1.62773097 16.13694    -1.619385    6.        
  0.64320397 -14.02841187  -2.99542189   2.        
 1.59834301 -2.30542803  1.30181897  2.        
-3.77231598  2.693398   -4.37094116  3.        
-2.82440901  1.79110706  3.57513404  4.        
-2.549896    2.45475006  8.92749023  4.        
4.50291395 5.18061113 0.27542099 2.        
-4.79020691  7.88767195 -2.31423903  5.        
-4.24741411  7.46585894  2.44287109  5.        
 1.72367895  1.73407698 -0.54901099  2.        
 5.73712206 15.04032898 -1.28970301  6.        
 6.44692993 17.19379425 -7.53088379  6.        
 1.00444806  1.53833795 -8.03146362  3.        
 4.43573809 17.74382019 -3.95593309  6.        
 1.46672797 -3.80468011 -2.408813    2.        
0.39063999 0.488754   3.04894996 4.        
-4.92274523  3.37302399 -7.72775316  3.        
0.89211297 1.58664703 9.4803772  4.        
-0.97564697  1.43894196 -2.8439939   3.        
 1.29354095 18.97222137 -4.32940722  6.        
  1.27940404 -10.99856567  -2.26464796   2.        
 -0.34491    -17.05940247  -3.60437012   2.        
-1.83326697  2.4012301  -6.94824219  3.        
 4.15357208e+00  8.33209991e+00 -6.09999988e-04  2.00000000e+00
-1.92550695  8.32662201 -1.15646398  5.        
-1.14637005  2.24578905  6.17532396  4.        
-5.91201019  6.91146088  0.155518    5.        
 1.91590095 -1.03646898 -1.26437402  2.        
3.07199907 0.76627398 3.82498193 4.        
 1.84304798 -5.38370514 -0.19567899  2.        
 3.59503889 15.4887619   0.062653    6.        
 8.29844666 15.28548431 -1.75543201  6.        
-1.85102105  7.72176409  1.31994605  5.        
 6.71095324 17.14949036 -4.9463501   6.        
-0.103844    1.31823695 -5.40197802  3.        
-7.49788713  7.13306379 -1.75766003  5.        
1.11080897 3.99938202 0.13897701 2.        
 3.6606369   3.08218408 -0.25790399  2.        
 4.92492723 18.38487244 -6.13009596  6.        
 5.02680206 13.30898952  0.055878    6.        
 4.03360701 16.61235046 -1.99923694  6.        
-3.67553711  7.42429399 -0.039948    5.        
 2.17855096  0.347801   -6.572052    3.        
 6.66218615 16.23809814 -2.92346191  6.        
-3.22870588  2.72579193  6.6628418   4.        
 2.33431196 17.12545776 -3.43536401  6.        
-6.83695984  6.51860809  2.05322289  5.        
 0.70336902 -1.95600903 -3.2532649   2.        
 3.22234297 19.35990143 -5.17822313  6.        
-0.574287    2.67934394 -8.80288696  3.        
 2.18255591 -2.98224592 -0.63571203  2.        
0.24425501 1.53815496 4.84210205 4.        
-0.45945701  2.26831794  8.10992432  4.        
2.42582703 1.24002099 8.10067654 4.        
-1.86243403  2.15257311 -4.91958618  3.        
-1.322083    1.22380102  2.37673903  4.        
 4.84102583 18.62197876 -8.09191895  6.        
-3.67089796  2.77311707 -6.32430983  3.        
 1.53451502 -6.05024719 -1.95254505  2.        
 3.01463294  0.35273701 -0.40075701  2.        
-2.95585608  3.36476111 -8.12136841  3.        
3.67427111 1.18911004 5.66744995 4.        
 1.65240502 -0.693748    2.34137011  4.        
-0.92113501  1.773018    9.86245728  4.        
 6.71691084 13.6944809  -0.53314197  6.        
 0.35737601  0.265053   -3.28768897  3.        
-2.61247206  1.99070704 -3.30725098  3.        
 7.56574202 16.48384094 -6.28250122  6.        
-2.51034594  2.62497711  5.1088562   4.        
2.890167   1.85807002 0.684937   2.        
  0.457504   -15.70909119  -2.97009301   2.        
 3.85811591  6.60456896 -0.362701    2.        
5.54231977 9.2526474  0.25006101 2.        
 0.61161    -9.44664001 -2.52102709  2.        
-1.58815801  6.96205091 -0.155457    5.        
 3.25221992  4.69582415 -0.71701002  2.        
  0.048187   -18.69228363  -3.11352491   2.        
-1.16316998  1.53269196  3.9841001   4.        
  0.584602   -12.47088623  -2.42825294   2.        
-3.23955488  8.40206242 -2.26736403  5.        
0.387337   1.91149902 6.63916016 4.        
-0.156563    1.77597797 -6.95901489  3.        
 2.03572798 -0.76361799  0.30252099  2.        
-7.44145203  6.5451808  -0.167419    5.        
-1.84882295  2.79430389  7.4899292   4.        
 2.31039405 20.25262451 -6.10522509  6.        
-5.95488024  7.09619904 -1.46844494  5.        
1.51398504 1.04697394 4.07840014 4.        
 1.07132006 -4.03866577 -0.209015    2.        
 5.02744293 14.91555023  0.191376    6.        
-4.21144915  3.76087999 -9.03927612  3.        
 5.23842621 16.81757355 -2.90594506  6.        
-5.38359785  6.82675886  1.56915295  5.        
 1.46292102 -2.27620697 -1.97570801  2.        
 3.03380609 18.29797363 -4.16613817  6.        
0.92374402 1.66497004 7.9803772  4.        
 1.17664301  0.58921099 -5.53796387  3.        
 3.01655602 16.11038208 -1.09930396  6.        
 5.84789991 17.29241943 -6.17788696  6.        
 4.55375719 10.41731262  0.42788699  2.        
 0.725128    2.802742   -0.52240002  2.        
 5.3057332  12.05274963 -0.60607898  2.        
-3.27582502  7.58226824  1.43023705  5.        
 1.64556098  0.26939401 -0.70321703  2.        
 8.05182743 16.05017853 -3.00637794  6.        
 1.62509203 -7.50571394 -1.20947301  2.        
 4.43611908 15.74706268 -0.99685699  6.        
-4.67571306  7.52256012 -0.98123199  5.        
 1.86794305 -4.52047014 -1.306427    2.        
3.07939911 1.18510401 6.90570116 4.        
 1.45980799 -8.8025589  -1.616974    2.        
 6.97371721 15.26918793 -1.98913598  6.        
 0.31792399 -0.59374201  2.20666504  4.        
 5.74932098 17.47303009 -4.0375061   6.        
2.47544909 1.28778803 4.98400879 4.        
-0.83971399  1.353508   -4.17401123  3.        
 1.20973206 17.77075958 -3.69647193  6.        
5.34125984e-01 5.17572021e+00 2.62499996e-03 2.00000000e+00
 7.52558899 16.55168152 -4.10623217  6.        
 2.69592309 16.55215454 -2.31613207  6.        
 3.60459089 17.30730438 -3.01394606  6.        
 4.29801893 18.545578   -4.96991014  6.        
 0.99704701  1.11259496 -6.80935717  3.        
 5.61740923 13.42378235 -1.14090002  6.        
 3.9817729  18.77520752 -6.95175219  6.        
-1.72202301  3.09195709 -8.42166138  3.        
 7.47345018 14.58203125 -1.03915405  6.        
2.26318407 0.25085399 2.93176293 4.        
 1.41636705 16.46247101 -2.82806396  6.        
 3.20970106  1.635414   -0.52252197  2.        
-1.08726501  1.833992   -6.00195312  3.        
 0.43772101  0.61087799 -4.50869799  3.        
 5.27574921 12.09406281  0.65203899  2.        
-4.88457489  3.0260241  -6.4407649   3.        
 1.72881305 19.86470795 -5.07699585  6.        
-3.47031403  7.79832506 -1.20870996  5.        
 1.59939599 -2.02411604  0.096161    2.        
 0.35282901 -0.70994598 -4.08706713  3.        
 5.27578688 17.72189331 -7.18466187  6.        
-4.68187714  7.31866503  0.66436797  5.        
 5.742661   15.96308899 -2.15261793  6.        
4.80081177e+00 7.28117418e+00 6.98899990e-03 2.00000000e+00
-1.321648    2.61527991  8.89578247  4.        
-2.87580895  2.5710299  -5.42938185  3.        
-6.80519915  6.42046404  0.843445    5.        
 5.55039215 10.52319336 -0.94085699  2.        
-4.39704895  3.04570794 -5.34435987  3.        
 5.39681196 17.91229248 -5.13653612  6.        
 8.14852905 16.27716064 -5.25973511  6.        
-1.42178297  2.11264801  5.03125     4.        
 2.62503004 -3.48099494 -1.60946703  2.        
 1.61390698 -3.16177392  0.496674    2.        
-2.55463409  7.51189423 -0.50042701  5.        
-0.98166698  2.46265411 -7.74987793  3.        
1.35275304 1.422508   5.16613817 4.        
 1.03375995 -1.34408605  1.50860596  2.        
-3.11421204  3.59848809 -9.27896118  3.        
-0.27182001  0.67025799  2.15774488  4.        
 1.40985096 -2.81682611 -3.16134596  2.        
 5.00981903 14.26532745 -0.71701002  6.        
-0.239151    0.92614698  3.85711694  4.        
  0.35285899 -17.60708618  -2.93353295   2.        
-8.53037262  6.60533905 -0.32513401  5.        
 2.14807105 15.98509216 -0.43353301  6.        
-2.15355706  2.59190392  6.45025587  4.        
-0.146919    1.76461005  9.08227539  4.        
-2.57340193  7.3218689   0.595581    5.        
 2.63072205  0.100807   -1.39602697  2.        
 0.04612     2.16758704 -7.98504591  3.        
-2.77999902  2.93157196 -7.09265089  3.        
-7.76652479  6.37306976  1.50753796  5.        
-3.93099999  3.26059699 -7.25912523  3.        
-0.59613001  6.59819794  0.072083    2.        
 0.69556397 -4.49827623 -2.10620093  2.        
-1.24561298  2.85746789 -9.62957764  3.        
4.46293592 9.29536438 0.35611001 2.        
 2.53858995 -1.48242199 -0.51992798  2.        
-0.41735801  1.63707697  5.68768311  4.        
 2.85926795  3.70452094 -0.67935199  2.        
 2.34088898 19.01564789 -4.54070997  6.        
 3.23407793 19.31761932 -6.23971605  6.        
 3.593292    5.52885389 -0.15942401  2.        
-2.78252411  2.28672004 -4.41342211  3.        
-0.56540698  2.16101098  7.06225586  4.        
 1.70328498  2.90971398 -0.14032     2.        
 5.99040985 12.81082916 -0.345245    6.        
 1.29935503 -1.416206   -2.57217407  2.        
1.80802095 1.60217297 7.22555494 4.        
1.65370202 1.35230303 8.79855442 4.        
-1.654724    1.84893    -3.74511695  3.        
4.80938721e+00 1.13379211e+01 2.92999996e-03 2.00000000e+00
 1.25160205 -5.44332123 -1.05483997  2.        
 0.032059   4.2623291 -0.068176   2.       
 1.55125403 -3.46005297 -1.42938197  2.        
-1.83448005  1.57444799  3.20459008  4.        
 6.60840607 16.99198914 -3.74081397  6.        
 1.30753303 -1.88635302 -1.03906202  2.        
 3.97143602  4.3625412  -0.040955    2.        
 2.00114393  0.025192   -5.2635498   3.        
 1.11454797 -1.38828301 -4.0557251   2.        
-2.669487    3.02076697  8.09320068  4.        
 1.35278296 -9.95904541 -2.05426002  2.        
-2.20024109  1.81805396  4.37097216  4.        
-6.61079407  6.83989716 -0.66027802  5.        
 4.96997786  9.94397736 -0.35433999  2.        
5.15679216 8.30698395 0.032684   2.        
3.47145104 1.06224799 4.6968379  4.        
-6.45822906  7.50896502 -2.22396803  5.        
 6.15222216 11.96875     0.198944    2.        
 1.67099798  0.680161   -7.39434814  3.        
 -0.66028601 -19.27276611  -3.49145508   2.        
1.29078698 0.079414   3.00503492 4.        
 2.06227899 18.19532013 -3.95788598  6.        
-2.00433302  1.33705902 -2.88812304  3.        
 2.49980903 -0.50918603 -0.60510302  2.        
 3.96891809 18.7201004  -5.9778142   6.        
-2.01413012  2.19572401 -5.88116503  3.        
 6.7420578  16.80934143 -5.88897705  6.        
-5.53224182  6.95446014  2.51602197  5.        
 2.03760505  0.94270301 -0.098175    2.        
 2.87736511  2.548141   -0.426422    2.        
 4.86646318 16.2302475  -1.71337903  6.        
 1.55882299 -7.14355516 -2.10903907  2.        
-5.534729    7.32687378 -0.61428797  5.        
-1.19551098  7.26171112  0.65847802  5.        
  0.29682899 -13.15042877  -3.0491941    2.        
0.60520202 1.62480903 5.76538086 4.        
 6.44879103 14.48168945 -0.97485399  6.        
-0.594109    1.001068    2.98840308  4.        
-0.43292201  0.89678198 -3.38879395  3.        
-3.36013794  7.87418413  2.31967211  5.        
 0.96463799 -3.00167108 -2.30477905  2.        
 1.736359   -6.44003296 -1.12200904  2.        
  0.291428   -16.63014221  -3.00259399   2.        
 0.77016401 -0.99646002 -3.27807593  2.        
  0.57450098 -11.54934692  -2.57916307   2.        
-4.62467194  7.44087219  1.584167    5.        
-3.93542504  3.41249108 -8.22729492  3.        
-1.03720903  1.72855401 -4.99368286  3.        
 6.85855913 16.71606445 -6.85995483  6.        
2.79554796 1.32755995 5.89456177 4.        
  0.24176    -14.79219055  -3.30758691   2.        
-8.03643799  6.80039215 -1.07083094  5.        
 4.27072906 15.0737381  -0.392609    6.        
 -0.243286   -17.96461487  -3.66415405   2.        
 0.229919    1.25125098 -6.24261522  3.        
 2.11419702 -2.42709303 -1.34854102  2.        
 4.59271193  6.20840502 -0.010132    2.        
0.60572797 1.16335297 4.07705688 4.        
 2.01483202 -3.86753106 -0.59503198  2.        
 4.48542786 17.18247986 -3.23288012  6.        
0.233284   2.05049896 7.55670214 4.        
-5.56723022  7.41299391 -2.21319604  5.        
-3.17887902  2.57195306  5.69915819  4.        
-3.912498    7.84827423 -2.08645606  5.        
-0.62944001  1.44479406  4.73599195  4.        
 1.40824103 -5.17442322 -1.94238305  2.        
-2.67025805  8.10492706 -1.65887499  5.        
-2.32235003  3.27164507 -9.03216457  3.        
-7.76005507  6.39207506  0.62866199  5.        
 4.16028595 19.05117798 -7.75683594  6.        
-0.021057    5.90077209  0.120789    2.        
 7.32528687 16.60147095 -5.20935106  6.        
-2.13723707  2.84548211 -7.70764208  3.        
  0.70178199 -10.36903381  -2.43948388   2.        
 7.44309998 15.87561798 -2.42440796  6.        
 3.06209612 17.61948395 -3.6000061   6.        
-2.4535749   7.87363386  1.90911901  5.        
-1.043625    2.08869195 -6.87582397  3.        
 4.67240906 18.31731415 -7.23025513  6.        
 5.69045305 13.68418884 -0.299988    6.        
-2.74311805  2.57579803 -6.33132887  3.        
 2.65673089  1.06979406 -0.807953    2.        
-6.19883013  6.71112108  1.40612805  5.        
-3.84442902  7.51088715  0.82138097  5.        
2.15378594 0.80899799 3.54342604 4.        
-1.23387206  2.58467102  8.01217747  4.        
 5.79984283 17.55040741 -7.90890503  6.        
-1.71076202  7.57076979 -0.705688    5.        
 3.45108795 18.67218018 -4.77716112  6.        
 8.61289215 15.7049942  -2.39575195  6.        
 4.07063293  7.56229401 -0.29162601  2.        
 1.12719703 -1.78150904  0.72293103  2.        
 3.65822601 15.70278931 -0.72396898  6.        
  0.14331099 -18.98521423  -3.87011695   2.        
 1.38287401 -0.45957199 -1.045349    2.        
1.06198895 0.71413398 3.48696899 4.        
-1.78870404  2.15705109  9.38226318  4.        
 2.46844506 19.6074295  -5.35424805  6.        
-2.73547411  2.9085691   7.28204393  4.        
 1.09256697 -7.99787903 -1.57546997  2.        
 2.94416094 15.89157104 -0.30889899  6.        
 4.88746595  8.94888306 -0.38324001  2.        
-4.65974379  7.38179016 -0.18753099  5.        
 1.35166204 -4.75517321 -0.65112299  2.        
 1.09098005  3.61745501 -0.56686401  2.        
 0.45619199  1.54682195 -7.44576979  3.        
 4.53956604 14.32707977 -0.049133    6.        
 1.11064196 -6.7751689  -1.55660999  2.        
 4.42351484 15.51823425  0.25442499  6.        
-1.96905506  2.69686103  8.3062439   4.        
 5.22943115 15.51795197 -1.67895496  6.        
 6.03890181 17.47544098 -5.32000685  6.        
-6.76633501  6.94689178 -1.50238001  5.        
 3.2580719  16.54301453 -1.72326696  6.        
1.19579303 1.72776794 6.73220778 4.        
 3.86053491 18.21572876 -4.27072096  6.        
 7.36897278 16.23698425 -3.39303589  6.        
 6.00234985 16.8188324  -3.12509203  6.        
 1.477005   17.12605286 -3.31643701  6.        
-1.26226795  2.65205407  6.97302198  4.        
 4.84141493 14.9757309  -1.02890003  6.        
 0.63384998  0.026154   -3.9997859   3.        
 5.09384918 17.80740356 -4.4125061   6.        
 8.75895691 15.9587326  -3.35040307  6.        
  0.92615497 -11.6466217   -1.87887597   2.        
-3.66219306  2.76300812 -5.39742994  3.        
 2.78202796 20.15253448 -6.84573412  6.        
 2.12842607 16.94622803 -2.70025611  6.        
-2.02125597  2.37968397  5.71020508  4.        
-5.54116106  7.11122084  0.81335402  5.        
 0.99866498  1.73362696 -0.83785999  2.        
 1.52206397  0.77465099 -6.34500122  3.        
 0.97660798  0.193001   -4.8812871   3.        
 0.736862   -8.80368042 -2.10595703  2.        
 2.40077996 16.1991806  -1.56216395  6.        
 1.68553197 -1.40165699  2.02664208  2.        
-3.18047309  2.35089111 -3.68884301  3.        
 4.97508192 12.53809357  0.039246    2.        
 1.25619495  2.28513288 -0.192871    2.        
 1.54559302 -3.34986091 -0.246765    2.        
2.57447004 1.52137005 0.068787   2.        
-0.21786501  0.99963403 -4.6027832   3.        
 2.88701606 17.14431763 -2.76455688  6.        
 4.50121307 16.74200439 -2.59249902  6.        
 5.15774488 17.37941742 -3.54003906  6.        
 1.25711799 -4.13290405 -1.63720703  2.        
 5.96572113 17.26915741 -6.9440918   6.        
-6.68688202  6.62696791  0.119598    5.        
 3.45208001  3.80985308 -0.20120201  2.        
 1.82423401 -1.35206604 -0.29892001  2.        
 1.80773902 -2.32234192 -0.63913     2.        
 8.12600708 16.14064026 -3.89266992  6.        
0.26829499 1.81464398 8.32763672 4.        
0.20716099 0.13636801 2.40768409 4.        
-4.61230516  3.71701789 -8.36105442  3.        
3.982651   7.08794403 0.288055   2.        
-5.04664612  7.58470201 -1.67373705  5.        
 0.69860101 -0.702209    2.84567308  4.        
 5.23155212 17.70336151 -6.30425978  6.        
 0.99356103 -2.33927202 -2.65780592  2.        
-0.19918799  4.99213409 -0.176697    2.        
-0.76871502  2.056633    8.7600708   4.        
 3.90949202 16.14967346 -1.34271204  6.        
 2.15956092 -1.69229102 -1.52340698  2.        
 6.26386976 15.51231384 -1.86731005  6.        
2.23510695 1.02394104 4.26711988 4.        
 0.616615    4.52853394 -0.44341999  2.        
1.594841   1.34919703 8.02853394 4.        
0.85569    1.51561701 8.74255371 4.        
 5.53241682 10.2766571  -0.010559    2.        
 0.484947    0.80329102 -5.39639282  3.        
 3.45742798 16.81851196 -2.43044996  6.        
 1.24249303 -2.50278497  0.64721698  2.        
-0.434746    1.97905004  6.36663818  4.        
 3.803123   19.45992279 -6.67462206  6.        
 1.70455205 -1.26124597 -1.98486304  2.        
 4.49420214  8.084198   -0.59692401  2.        
-0.41777799  1.52039301 -6.04794312  3.        
 0.026894   0.632011  -3.8869319  3.       
2.32785797 1.28639197 6.83691406 4.        
 0.29455599  2.20602393 -8.6596384   3.        
-2.71212006  2.91066003  6.12850904  4.        
 0.476982    3.69030809 -0.20120201  2.        
 -0.038765   -16.11611176  -3.37927198   2.        
 5.45011902 18.25143433 -8.01782227  6.        
-4.84414721  7.04888916  2.14163208  5.        
-4.1519928   7.74166918 -1.42065406  5.        
 1.85440803 -5.64627123 -1.38085902  2.        
 5.70137787 14.3897934  -0.83709699  6.        
  1.32053399 -10.740448    -1.60162401   2.        
-3.85541511  7.49333191  1.83325195  5.        
-6.18192291  6.76947021  2.2961731   5.        
 2.01025391 16.60181427 -2.09316993  6.        
-7.27464294  6.7049942  -0.86505097  5.        
-0.225586    1.90102398  9.88305664  4.        
-4.59443712  3.30940294 -7.01736498  3.        
-1.20347595  1.03511798  3.33902001  4.        
 2.34276605  0.19709    -0.76104701  2.        
-2.82429504  2.14176202  4.38229418  4.        
 6.9090271  16.67569733 -4.41976881  6.        
 4.09137678  5.0195241  -0.27084401  2.        
-4.24928999  3.13155389 -6.15301514  3.        
 4.72027588 18.07544708 -5.5349431   6.        
 5.32279205 14.18256378  0.029053    6.        
 1.950279    0.84380299 -0.96585101  2.        
-1.86769903  1.41270494  3.88592505  4.        
-4.04875183  7.52890778 -0.667786    5.        
-1.40938604  1.69643402 -4.40057421  3.        
-1.23334503  2.88378096 -8.92483521  3.        
 5.00094604 10.67392731 -0.23547401  2.        
 -0.048409   -19.61600494  -3.38501      2.        
 2.82904792 19.81639862 -5.93545485  6.        
 6.48158312 17.16435242 -6.44271803  6.        
 1.69601405 -2.57172394 -2.57562304  2.        
 7.19203186 15.18911743 -1.33474696  6.        
 5.18531799 16.45995331 -2.31408691  6.        
2.90065789 1.18044996 7.60110521 4.        
 6.33747911 17.32381439 -4.39086914  6.        
-0.91386402  2.17847395  5.52923584  4.        
-3.25532508  7.52536821 -0.61306798  5.        
-1.87090302  7.35704803  0.557495    5.        
-5.27038622  7.16119385  0.132202    5.        
 0.991669   -0.42000601  2.28976393  4.        
 1.23430598 -9.23983002 -2.29782104  2.        
 3.71510291 17.76383972 -3.76413012  6.        
 2.01518989  0.306137   -5.89184618  3.        
 8.15291595 16.24526215 -4.57174683  6.        
 4.3187871   5.67797089 -0.349152    2.        
-2.55151391  7.62109423  1.21276903  5.        
 5.39755201 11.77452087  0.057861    2.        
-3.55015612  3.67704797 -8.75656128  3.        
-2.57547808  8.01396179 -0.98986799  5.        
-0.45324701  2.12423706 -7.46404982  3.        
 1.15605903 18.32209015 -4.09054613  6.        
0.22061899 1.48069    9.59130859 4.        
-3.32089996  3.13159895 -7.59872389  3.        
  0.68518102 -13.45943546  -2.58706689   2.        
-1.18962896  1.42242396 -3.49774194  3.        
-6.25593615  6.87244415  0.73715198  5.        
-1.53198195  2.16972303 -6.38537598  3.        
-1.73217797  3.27871704 -9.36199856  3.        
 7.66894484 15.48405457 -1.88937402  6.        
 4.38370514 18.42394257 -6.54342604  6.        
 1.86790502 -5.10298204 -0.97152698  2.        
 3.60761309 19.29829407 -7.40472412  6.        
 1.40443397  2.71836805 -0.70986903  2.        
 1.85539997 -4.6056819  -0.234161    2.        
-2.25767493  2.04978895 -3.95837402  3.        
 3.45587206  2.18215203 -0.224548    2.        
-1.41863203  1.57032001  4.60159302  4.        
-3.22481489  7.51775408  0.44543499  5.        
 6.39821577 15.96191406 -2.37515306  6.        
 1.28250897 -1.88671899 -3.57543898  2.        
 3.85015106 18.95005798 -5.36450195  6.        
1.34589398 1.57205999 5.81607103 4.        
0.88684797 1.37788403 4.63995409 4.        
 5.15642595 18.23777771 -6.73547411  6.        
2.86257911 1.18373895 4.45425415 4.        
 1.465958   -4.54317522 -2.14092994  2.        
 1.41996801 -2.72521996 -0.066376    2.        
 1.65719604 -2.8152771  -1.62432897  2.        
3.06635308 1.18055701 5.25528002 4.        
 5.63677216 17.78504944 -5.73870897  6.        
-3.24079108  2.51876807 -4.82452393  3.        
 5.80755615 17.61746979 -4.71612597  6.        
 6.51924086 14.98130798 -1.39587402  6.        
-1.51724195  1.789047   -2.96948195  3.        
1.92648304 1.46415699 5.52981615 4.        
5.83976698 9.89156342 0.42251599 2.        
0.78614002 1.84304798 7.27179003 4.        
 0.74813801 -1.075966    2.10140991  2.        
1.83795905 1.27744305 4.75158691 4.        
-1.55585504  1.93881202 -5.49105787  3.        
 1.49266803  0.90802801 -0.50259399  2.        
-8.32901001  6.48233795  0.29287699  5.        
 2.0970459  -3.92042494 -1.40753198  2.        
-2.35441589  3.15215302 -8.28921509  3.        
 1.99680305 16.1378479  -1.05847204  6.        
 3.45425391  4.75174713 -0.080719    2.        
 0.98031598 -0.72850001 -3.8278501   2.        
  0.46133399 -15.06800842  -2.76553297   2.        
 2.63414788  1.92297399 -0.55246001  2.        
 5.76349592 16.41436005 -2.68450904  6.        
 1.08698297  3.16016412 -0.113922    2.        
 2.20376611 -0.376488   -1.34429896  2.        
 1.83882904 -0.64164001 -0.631073    2.        
 1.89968097 -2.62435889  0.69900501  2.        
 1.70107305 19.38156128 -4.65621901  6.        
 1.20779395 -6.03818512 -1.40112305  2.        
 7.0316391  14.23859406 -0.658813    6.        
 1.83058906 17.6754303  -3.57141089  6.        
 0.99065399 -3.5014801   0.129761    2.        
-2.248276    7.32320404  0.042603    5.        
 1.61708796 -3.16346693 -2.34915209  2.        
-1.06333196  6.17229509 -0.008484    2.        
4.70466614 7.92744493 0.271759   2.        
 4.55818892 18.02046204 -4.68200684  6.        
0.440285   0.68074    3.69830298 4.        
5.11735487 9.84394073 0.25402799 2.        
-3.40542603  2.9036479  -6.99655104  3.        
1.63829005 0.49803901 3.33853197 4.        
3.42213392 1.11750805 6.24276686 4.        
 3.29731798 19.91066742 -6.44802904  6.        
 2.11599708 -3.33669996 -1.15371704  2.        
 2.03005195 -1.60756695 -0.87136799  2.        
-0.41169     6.08971405 -0.37396199  2.        
 0.79222101 -1.92217302  1.23733497  2.        
 1.77612305 -3.87023902  0.020447    2.        
 4.43521881  6.82957506 -0.233063    2.        
 7.82061005 14.98114777 -1.48409998  6.        
-0.154396    1.46175396  4.32699585  4.        
  0.57901001 -10.95982361  -2.79247999   2.        
-1.05073595  6.82916307 -0.449402    5.        
 1.33895898 -8.62770081 -2.21456909  2.        
 1.29839301  1.22171795 -7.57778883  3.        
-0.61505097  2.10755205  9.43057346  4.        
 5.52022505 12.83701324  0.108215    6.        
 0.77883101  0.96385998 -6.15728807  3.        
-2.3355329   2.27238488 -5.33349609  3.        
 1.871315   -0.241722    2.71084595  4.        
-7.00132799  6.42849684  1.45929003  5.        
-2.16883111  2.10492706  4.92172194  4.        
 0.57731599 -1.55488598 -3.71005297  2.        
-1.20600104  2.7814641  -8.23016357  3.        
-0.77172101  0.94067401  2.40066504  4.        
 0.46344     1.42205799 -6.81768799  3.        
 2.42755103 17.82264709 -3.62960792  6.        
 3.33052802  3.31259894 -0.74520898  2.        
-0.739021    2.4714129   7.60024977  4.        
 1.96513402 20.0037384  -5.62783813  6.        
 6.18434095 13.97879791 -0.65100098  6.        
 5.81330109 12.16140747 -0.27606201  2.        
-0.60637701  2.36100006 -8.27862644  3.        
 5.18899488 10.95713806  0.29873699  2.        
 1.87748003 -3.64354706 -1.98263502  2.        
-1.14434803  6.76003981  0.31118801  5.        
-0.23071299  0.53665203  2.83474708  4.        
 5.02938795 13.74279022 -0.371948    6.        
-0.679474    1.27358997  3.62051392  4.        
 4.54871416 18.62843323 -5.71533203  6.        
 1.11210597 -0.76278698  1.73208594  2.        
-1.56514001  2.50794196 -7.47952318  3.        
  1.01744795 -11.99743652  -2.36172509   2.        
-3.38440704  8.04567719 -1.75116003  5.        
 1.06234002 -7.42362213 -1.750458    2.        
-3.22826409  2.69564795 -5.92572021  3.        
-4.08837891  2.88044    -4.85714722  3.        
-6.10092878  7.14682817 -0.73333699  5.        
-2.28937507  1.96932995  3.77874804  4.        
 7.68704987 16.44926453 -5.69644213  6.        
 1.503227   16.30406952 -2.20986891  6.        
 4.33194685  8.91243744 -0.085999    2.        
0.11322    1.87162805 6.00262403 4.        
 3.67251611 18.91542816 -6.4598999   6.        
-5.36602783  7.28475904 -1.18609595  5.        
  0.201859   -11.98062134  -2.75756788   2.        
 1.69329095 -6.99955702 -1.51876795  2.        
-1.21319604  2.31752801  9.4017334   4.        
 5.69220018 17.7598877  -6.67965698  6.        
4.8025589  8.57748413 0.42633101 2.        
0.74524701 0.055359   2.76995802 4.        
 1.84274304  2.32103705 -0.28021199  2.        
3.1399231  1.71415699 0.16699199 2.        
3.97087097 6.15514421 0.006866   2.        
 5.67832994 10.73027802 -0.401703    2.        
 3.53395796 19.32327271 -5.69659424  6.        
  0.153152   -16.65912628  -3.57565308   2.        
-2.04864502  2.03066993 -3.13989305  3.        
 1.57698095 -1.75723302  1.51632702  2.        
 1.36897302 -3.56686401 -2.93811011  2.        
-0.449249    1.85485804  5.11706495  4.        
 0.58899701  1.92823005 -8.23391724  3.        
 1.34149206 -1.93216705 -2.89862108  2.        
 4.83850908 11.86795807  0.33252001  2.        
2.22772193 1.26280999 7.45526123 4.        
 4.98471117 14.86541653 -0.38906899  6.        
-2.201401    8.45250702 -1.68347204  5.        
  0.370399   -15.52075195  -3.51571703   2.        
 0.48588601 -0.43219    -3.5914309   3.        
 5.23587799 18.26841736 -7.38250685  6.        
0.11705    1.68779802 5.45144701 4.        
-2.18669891  2.43195295 -6.413239    3.        
 2.97968292 18.96849823 -4.61410522  6.        
 6.85148621 16.48510742 -3.59854102  6.        
-2.99633789  8.07694244  1.89330995  5.        
-7.89595795  6.58946991 -0.550659    5.        
 0.092819    5.5522542  -0.32635501  2.        
-2.90938592  7.2853241   0.020233    5.        
-2.95311689  3.35456896 -8.78067017  3.        
 7.61437988 16.37132263 -4.73696899  6.        
3.5009079  0.70475799 4.24493408 4.        
  0.32238799 -14.45948029  -2.78549194   2.        
-1.63066101  2.57333398  6.2094121   4.        
 2.13809204 16.37260437 -2.6903379   6.        
-4.26937914  3.33467102 -7.76824903  3.        
-0.173859    2.09435296  8.615448    4.        
2.6855619  0.647102   3.40808105 4.        
 1.67736101 -4.0273819  -1.02767897  2.        
-0.408905    1.04682195 -3.96023607  3.        
 5.47358704 11.24564362 -0.20071401  2.        
-1.77594805  1.52893102  2.64059496  4.        
4.55746508 9.86023045 0.028137   2.        
0.75835401 1.55574    5.22216797 4.        
-4.23618317  7.39359999  0.19058201  5.        
 1.50008404  0.327957   -5.05337477  3.        
 5.48100281 13.06786346 -0.40832499  6.        
 1.27448297 -0.89636201 -4.29458618  2.        
  0.107231   -18.08561707  -3.1096499    2.        
-1.27614605  2.24056196  8.45901489  4.        
-8.28585052  6.37241411  1.28512597  5.        
 5.68722486 17.20107269 -3.46166992  6.        
 -0.41024801 -19.5969696   -3.87942505   2.        
 5.0896678  15.47615814 -1.10394299  6.        
-0.61790502  1.87260401 -6.57623291  3.        
 1.86331904 18.81246948 -4.32150316  6.        
-4.99661303  7.3238368   1.17926002  5.        
-0.554214    1.31501806 -5.06643677  3.        
 5.95472002 13.27655029 -0.656708    6.        
  0.69097102 -11.13420105  -2.21972704   2.        
 3.9509201  16.96697998 -2.65231299  6.        
 0.92303503 -0.36891899 -4.4370122   3.        
 2.34315491 -2.38720703 -0.79196203  2.        
-2.22237396  2.79652405  6.96685791  4.        
-2.74499512  3.14668298 -7.60778809  3.        
 4.65380096 18.86483002 -7.5716548   6.        
-1.40481603  1.11488295 -2.99554396  3.        
  0.73962402 -12.85557556  -2.80090308   2.        
-4.04173994  2.98239899 -6.78884888  3.        
-1.48632801  2.35749006  5.55477905  4.        
 1.55790699 -4.17098999 -0.44671601  2.        
 6.38491821 17.23595428 -5.8843689   6.        
-2.35553694  2.61052704 -6.93115187  3.        
-0.088173    0.88780999  3.24096704  4.        
  0.110397   -17.15377808  -3.14202905   2.        
 1.48031604  0.82840699 -6.89483595  3.        
 1.45362103 -4.72192383 -1.61389196  2.        
0.61202198 4.23821306 0.15829501 2.        
2.7142489  1.29155695 6.44088697 4.        
 7.98512983 15.7720871  -2.38601708  6.        
-0.60978699  1.02429199 -2.84307909  3.        
-2.61755395  3.51824188 -9.50656128  3.        
-7.35180712  6.39296722  1.000458    5.        
 6.91381121 15.77203369 -2.30734205  6.        
 3.27833605 19.38317108 -6.97027588  6.        
 3.98603797 17.38406372 -3.40493798  6.        
 3.0175631   0.90399897 -0.41863999  2.        
  0.026642   -17.46671295  -3.615448     2.        
 1.37368   1.437271 -0.243561  2.      
-2.7799449   1.77834296 -3.78741503  3.        
0.810471   1.697258   6.33944702 4.        
  0.98110998 -10.58958435  -2.01895094   2.        
-0.070084    1.95046198  6.94326782  4.        
 0.95310199 -9.59424591 -1.95755005  2.        
 -0.32856801 -18.83668518  -3.52862501   2.        
 2.51258111 18.46887207 -4.17608595  6.        
-1.901039    2.42410994  8.91812134  4.        
 6.94844103 14.66538239 -1.16763306  6.        
 4.12038422 15.58295441 -0.262146    6.        
-7.21275282  6.42287397  0.47259501  5.        
1.32093799 1.61776698 8.41751099 4.        
 5.09617615  9.42025757 -0.204437    2.        
 2.50833106 16.11563873 -0.87097198  6.        
 2.71784997 -0.150078   -0.25766     2.        
 2.3318789  -1.09633601 -0.84310901  2.        
-2.49196601  2.67751288  5.65014601  4.        
-4.27990723  7.44796705  1.14117396  5.        
5.22973585 8.85176945 0.027588   2.        
-6.98699188  7.22129822 -1.91973901  5.        
 1.76926398 -5.59597015 -0.690063    2.        
-2.19462609  2.16539001 -4.49041796  3.        
 2.22757006 19.42475128 -4.87881517  6.        
1.32840002 1.58441901 7.61947584 4.        
 3.372437    2.72580004 -0.55664098  2.        
-4.46638489  7.72765303 -1.91192603  5.        
 5.79083204 17.61145782 -7.32427979  6.        
-0.81373602  2.74449205 -9.32662964  3.        
 3.1263659   3.3331151  -0.24768101  2.        
 1.47691298 -1.74542201 -2.05899096  2.        
 0.97358698 -3.59736609 -2.35885596  2.        
 5.9748311  11.48634338  0.043762    2.        
 1.83531201 -2.89157104 -1.04730201  2.        
 2.91587806 19.35819244 -5.61850023  6.        
-2.94213104  2.40834808  4.87890577  4.        
-0.80859399  2.38942695  6.56369019  4.        
 0.038345    0.70210999 -3.22979689  3.        
-2.4121089   2.66877794  7.78579712  4.        
 1.13337696 -1.38942003 -3.45690894  2.        
0.45584899 1.77683997 8.9770813  4.        
-0.29402199  2.07315803  7.6213069   4.        
-2.7625351   2.6206131   8.46923828  4.        
-7.50112104  6.80970812 -1.33450305  5.        
 4.40010786 16.0069046  -1.48941004  6.        
-8.85552216  6.49455976  0.22958399  5.        
-0.66687799  1.45468903  4.15426588  4.        
-5.03128815  3.01203203 -7.06149292  3.        
-1.39395106  2.48866296  7.51608276  4.        
 1.23236096 -8.11959076 -2.08480811  2.        
 4.55672407 16.54701996 -2.03564501  6.        
 1.64080799 -1.10871899  0.243286    2.        
 4.62094116  7.74173689 -0.21728501  2.        
-2.68748498  2.92388892  6.65429688  4.        
-4.0581212   2.82761407 -5.73819017  3.        
 0.31058499  5.03677416 -0.45309401  2.        
 2.72203803 17.405159   -3.21575904  6.        
 0.124802    0.86977398 -5.0189209   3.        
 1.36721003 -9.30608368 -1.79476905  2.        
 5.35111189 12.52963257 -0.39340201  6.        
 5.38315582 14.88736725 -0.93502802  6.        
1.79683697 1.64843798 6.70535278 4.        
 1.58733404 -7.65028381 -1.70999205  2.        
 1.91889203 -2.80120802 -0.20047     2.        
 2.50877404  0.63774103 -0.53720099  2.        
 1.54156494 -5.22012281 -1.42529297  2.        
 3.33896589  4.28344679 -0.41265899  2.        
-1.71565998  2.74063897  6.73571777  4.        
 2.71152496 19.25544739 -5.06091309  6.        
 1.46564496 -6.59948015 -1.89013696  2.        
1.31892395 1.49252295 9.20278931 4.        
-0.18058001  2.47390795 -9.06777954  3.        
 0.248566    4.73383284 -0.039276    2.        
-7.01427507  6.79338121 -0.31765699  5.        
-2.54846191  2.44218397 -5.80737305  3.        
 7.40399218 16.06321716 -2.9085691   6.        
2.67404199 2.04598188 0.256531   2.        
 6.11450195 17.08830261 -3.85162401  6.        
 6.49253082 17.11671448 -7.02453613  6.        
 1.24614704 -2.35112    -3.35827589  2.        
-5.60417891  7.39513397 -1.69537401  5.        
 2.08009291 16.73985291 -3.21179199  6.        
-2.70665002  2.31893206 -3.90698195  3.        
-3.74331689  3.78166199 -9.24740601  3.        
-3.27624512  2.38175988 -4.31408691  3.        
 5.75134277 15.58061981 -1.812042    6.        
 1.98345196 -1.93418896 -0.356354    2.        
-2.08445001  7.78105879 -0.98348999  5.        
 1.96923804 -0.197319   -0.84597802  2.        
 5.50596619 17.88584137 -7.66058397  6.        
 0.89510298 -9.901474   -2.37280297  2.        
-6.1749649   7.18131304 -1.920807    5.        
-3.42139411  3.38562012 -8.32617188  3.        
-4.57179308  3.7428441  -7.79693604  3.        
2.59853411 1.01193202 3.91146803 4.        
 1.75948298 -4.12522078 -1.87048304  2.        
-2.2502439   1.88642097  3.27865601  4.        
 1.07346296 -0.36416599  2.7875669   4.        
 1.23914301 -3.10561395 -2.77325392  2.        
 1.72924805 -1.974213   -1.66919005  2.        
-6.37264299  6.53899384  1.85351598  5.        
 3.74860406 19.37599182 -6.17883301  6.        
2.0574491  1.31114197 8.49719238 4.        
 4.65559387 15.19824982 -0.089783    6.        
-1.38903105  7.20230913 -0.57925397  5.        
 1.35791802  3.58633399 -0.101959    2.        
-3.00990295  7.97723389 -1.30905199  5.        
-1.03121901  1.82111394  4.90390015  4.        
 1.64611804  0.27848101 -5.55081177  3.        
  0.064323   -18.53635406  -3.62142897   2.        
-5.57633209  6.7851181   2.04452491  5.        
 0.785667   -2.77808404 -2.78543091  2.        
 8.55156708 15.87773132 -2.862854    6.        
 1.94819605  0.474197   -7.03057909  3.        
  0.28223401 -13.68339539  -2.95501709   2.        
 4.82045698 18.21698761 -5.06515503  6.        
 4.9526372  10.31660461  0.143158    2.        
 0.069801    1.86363995 -7.46585083  3.        
 2.50257897  1.387398   -0.45391801  2.        
 4.75216722 15.29789734 -0.657166    6.        
-1.69422901  1.81842804  4.26672411  4.        
 7.12723494 16.74543762 -6.20053101  6.        
-1.07083094  1.20796204  2.80804396  4.        
 2.31917596 -3.47763801 -0.66296399  2.        
-0.60040301  6.01290894  0.084473    2.        
-4.3185811   7.29816389  1.94888306  5.        
  0.103676   -15.31238556  -3.15182495   2.        
 3.45311689 15.896492   -0.31491101  6.        
1.34467304 1.23248994 4.51287794 4.        
 1.24629998 -5.54942322 -1.651703    2.        
 5.22454119 17.56242371 -4.00103807  6.        
-6.3326869   6.81694794 -0.171417    5.        
 1.01603699 -8.55091858 -1.783234    2.        
 0.89021301  1.19186401 -7.29925489  3.        
 7.09140015 16.82617188 -3.985291    6.        
 4.03224182 15.10481262  0.038605    6.        
 4.91532898 17.91825867 -5.95999193  6.        
-2.63810706  2.34847999 -4.88110399  3.        
-0.52492499  2.11528802  5.90115404  4.        
 1.88319397  1.20710003 -0.53552198  2.        
 7.87824202 16.16579437 -3.46798706  6.        
 4.18816423 18.92199707 -6.53008986  6.        
 1.60097504 18.09699249 -3.82244897  6.        
 0.50442499  1.11536396 -5.78079224  3.        
-1.44568598  1.39411199  3.56781006  4.        
 6.70717621 17.10070038 -5.49685717  6.        
 1.71951306 -1.24488795 -0.76770002  2.        
 4.63722181  8.53278446 -0.119659    2.        
0.095909   5.41715193 0.142487   2.        
-5.14443207  7.35297394 -0.32302901  5.        
-4.52573395  2.81974792 -5.87490797  3.        
 0.93238097  4.1655879  -0.372192    2.        
 1.38227797 -1.02577198  2.08337402  2.        
 0.93406701 -1.63328505 -2.97305298  2.        
 0.63600898  0.018944   -4.49087477  3.        
 5.46483612 12.36253357  0.192963    2.        
 4.1389308  18.4935379  -5.42520094  6.        
  0.48184201 -14.37221527  -3.33874512   2.        
 4.54222918 10.5352478  -0.041901    2.        
-3.06446099  7.5501709   0.90127599  5.        
-4.87098694  7.02079821  1.53494298  5.        
 2.63806891 16.73093414 -2.79263306  6.        
 2.753227   16.37741089 -1.84014904  6.        
 4.13748884 15.43392944 -0.78305101  6.        
-0.155609    1.61467695 -6.44107103  3.        
 0.159042    0.165108   -3.71487403  3.        
 1.25589001 -2.04322791 -2.36444092  2.        
2.52331495 1.37493098 5.5020752  4.        
 1.38895404 -1.63212597  0.34964001  2.        
2.32600403 1.36657703 5.98461914 4.        
 1.48996699  0.56660497 -5.90100098  3.        
-1.07769799  2.23975396 -7.32955885  3.        
-2.02484107  7.22534895 -0.37011701  5.        
-3.83898211  7.8865509   2.31646705  5.        
-6.43888092  7.03923798 -1.16522205  5.        
-5.66549683  6.82801819  1.17874205  5.        
 5.11403704 16.02298737 -2.1322329   6.        
-1.76804399  3.06616211 -8.89642334  3.        
-7.37942505  6.35371399  1.78622401  5.        
-1.85783398  1.91294897 -4.18011522  3.        
 1.80190301 -4.51310015 -0.83383203  2.        
 4.63270617 14.57698822 -0.53008997  6.        
-3.18115997  2.76170301  7.20107985  4.        
-2.15479302  7.483284    0.91833502  5.        
 6.37896013 16.6857605  -3.38403296  6.        
 5.48355103 13.43341064  0.10498     6.        
 4.82904816 18.37051392 -7.68917799  6.        
 0.67584997  3.24671888 -0.33523601  2.        
-1.495628    1.85123396 -5.00939894  3.        
-3.193398    2.65179396  6.19540405  4.        
 6.38002014 13.31733704 -0.453125    6.        
0.760948   4.76070404 0.007385   2.        
0.85309601 0.41695401 3.11575294 4.        
-4.11392212  3.69158912 -8.56442261  3.        
-2.46088409  2.38567305  4.56045485  4.        
 1.29586804 -1.99166095  1.11941504  2.        
 5.41490889 14.0338974  -0.64361602  6.        
-7.89096785  6.55500793 -0.023163    5.        
 1.64186096 -0.116142   -4.98428297  3.        
-0.115753    2.38570404 -8.5144043   3.        
0.202538   1.07713306 3.78457594 4.        
 3.06255293 16.81834412 -2.17541504  6.        
 2.89068604 19.81240845 -5.33895922  6.        
 1.41973102 -3.39759111 -1.87576306  2.        
-3.36234999  7.75125122  1.86715698  5.        
-3.63247705  2.76823401 -4.88836718  3.        
 2.95304894  2.03788805 -0.119995    2.        
-1.89840698  2.21725512  5.28817701  4.        
-2.90927911  7.69796705 -0.89916998  5.        
 2.0265429   0.27581799 -0.42446899  2.        
 4.01426697 19.19422913 -7.15835619  6.        
1.63389599 0.85166901 3.67016602 4.        
-1.02630603  1.68955195 -5.56094408  3.        
 2.05794501 -0.71084601 -0.22399899  2.        
2.02441406 1.43560004 7.86572313 4.        
 0.71304297 -0.57094598  1.94693005  4.        
 1.48021698 -5.91366577 -1.04327404  2.        
 1.49275196 -2.73867011 -2.19015503  2.        
 4.21747589 18.31895447 -4.55261183  6.        
-2.99068403  2.71687293 -6.70010424  3.        
 3.89951301  6.10601807 -0.45089701  2.        
 1.50869     2.26753211 -0.660034    2.        
-3.56914496  3.4031601  -7.88366699  3.        
 1.72795105 -6.14179182 -1.53948998  2.        
-0.901833    1.45134699 -4.6461792   3.        
 4.91414595 15.92111206 -1.37039196  6.        
 3.50703406 16.02464294 -1.02203405  6.        
 0.59922802 -0.180618    2.34689307  4.        
-3.74403405  7.52829695  1.38507104  5.        
 3.43376207 18.08237457 -4.07840014  6.        
0.35773501 1.32447803 4.43286085 4.        
-0.61394501  1.47824097 -5.49520922  3.        
 2.15541101 -0.65225202 -0.96795702  2.        
-1.68131995  6.93031311  0.29632601  5.        
 0.69075     0.63184398 -5.01998901  3.        
 3.21378303 17.29585266 -3.30749512  6.        
 4.4331212  18.78833008 -7.17324781  6.        
-5.86209106  7.15895796 -0.23101801  5.        
 3.89214301  4.67507887 -0.50457799  2.        
 3.81050897  4.13359785 -0.407684    2.        
 1.71114302 16.65000916 -2.52697802  6.        
  0.38958699 -16.16042328  -3.03637695   2.        
 3.33646393  2.14711809 -0.66772503  2.        
 1.48283398 -8.25693512 -1.72396898  2.        
-6.86425781  6.83791304 -1.06613195  5.        
 1.73027802 -3.50094604 -0.96426398  2.        
0.98080403 0.97901201 3.85418701 4.        
 5.58288622 17.49021149 -5.37734985  6.        
 1.190781   -3.91960907 -2.03890991  2.        
3.33254194 1.73982203 0.65197802 2.        
 4.48260498 17.47229004 -3.58960009  6.        
-0.72889698  1.23847198 -3.31350708  3.        
-6.62856293  6.57634687  1.23748803  5.        
 2.33734894 -1.93300605 -0.73535198  2.        
 5.91033888 17.29306793 -5.71963501  6.        
 4.74143219 18.14092255 -6.50939894  6.        
 7.03111315 16.71360779 -5.54809618  6.        
 1.64825404 16.87830353 -2.97283912  6.        
3.50286889 1.06826794 5.18579102 4.        
 6.12649488 14.85981846 -1.13613904  6.        
 1.34477198 16.69229889 -3.27185106  6.        
  1.13145494 -11.50433254  -2.25894189   2.        
3.32817101 3.04937005 0.050629   2.        
 6.25753021 17.16832733 -4.91827393  6.        
-1.42247796  1.41362798  3.09991503  4.        
-2.85129499  7.72121382  1.53836095  5.        
-2.0768199   2.64212799 -7.30700684  3.        
 4.93107605 17.10088348 -3.22406006  6.        
 8.0594101  15.38355255 -2.12762499  6.        
 5.22068787 11.63780212 -0.33609     2.        
3.19600701 1.29826403 5.68515015 4.        
-5.14400482  7.54238081 -2.11721802  5.        
  0.87486303 -10.79090881  -2.49426293   2.        
 2.3440249  16.29447174 -2.01397705  6.        
 1.53704798 -4.815979   -1.17956495  2.        
-1.28462195  1.96828496  9.67932129  4.        
-1.62213099  7.56916809  0.86871302  5.        
 7.08483124 16.93399048 -4.81408691  6.        
 3.82555389  5.46656799 -0.54101598  2.        
 0.013664    1.26158094 -5.83349609  3.        
0.028442   2.08811903 7.95651197 4.        
  0.65807301 -12.05154419  -2.62786889   2.        
 6.71279907 17.1129837  -4.25833082  6.        
 7.23298597 16.45042419 -6.58416796  6.        
 4.48435211 18.72135162 -6.15127611  6.        
-2.67891693  1.90461695  3.99493408  4.        
1.39186096 1.64973497 6.33477783 4.        
0.57177001 1.80777705 7.73916578 4.        
 3.41094995 18.38575745 -4.40945387  6.        
 2.76655602 19.94220734 -6.44888306  6.        
 1.47537196 -8.0127182  -1.34063697  2.        
-1.17879498  1.85250795  5.37042189  4.        
 0.40528899  1.781654   -7.82467604  3.        
 3.81296492 18.4028244  -4.72683716  6.        
-1.76689899  2.57794189  7.87332201  4.        
 0.38704699 -1.20954096 -3.92227197  2.        
 2.88681006  1.34419203 -0.22818001  2.        
-0.9515      1.65208399  4.49716187  4.        
 7.76602888 16.48600006 -5.15841722  6.        
 8.46588135 15.9295578  -4.49197388  6.        
-5.27190399  7.11183214  2.02597094  5.        
 3.62161994 19.03997803 -7.01458693  6.        
-4.66824293  7.62896013 -1.413849    5.        
-2.38341498  2.54116797  6.07275391  4.        
-1.56036401  2.13596296 -5.94308519  3.        
-2.4665761   8.47052002 -1.32742298  5.        
-5.07549286  7.41904497 -0.81866503  5.        
-3.79330397  7.9325099  -1.62149     5.        
 3.90486097  7.08443499 -0.14843801  2.        
-4.45865583  2.96871209 -6.63867188  3.        
 3.68052697 16.41069031 -1.70523095  6.        
 0.055313    0.91098797 -4.26559401  3.        
 -0.071678   -17.70306396  -3.25412011   2.        
 2.35981011 19.82167816 -5.72619581  6.        
-1.22396898  1.99633801  5.8183589   4.        
 3.32582092 16.23255157 -1.41747999  6.        
 7.25280809 15.60955811 -2.01342797  6.        
-0.894135    2.21408105  8.14938354  4.        
 2.10298204  0.82630903 -0.538818    2.        
 6.04119921 15.22662354 -1.54574597  6.        
 0.279282    0.250534   -4.12875414  3.        
 3.15625811 15.90750885 -0.73641998  6.        
-2.92608595  2.41618299  5.37643385  4.        
 7.41126299 15.13185883 -1.84668005  6.        
-6.27908278  6.71610308  0.29428101  5.        
 4.71013594  9.12051392 -0.01004     2.        
 2.76592207  0.08358    -0.753326    2.        
 5.21411896 15.17143154 -1.39251697  6.        
 7.20005798 16.36781311 -3.83569288  6.        
3.47031403 1.12122297 6.72091722 4.        
-4.14598799  7.45269012 -0.24871799  5.        
0.32379901 1.84187305 7.09765577 4.        
-5.10664415  7.21761322  0.66177398  5.        
-0.30667099  5.57556915 -0.09491     2.        
-1.73470294  2.87719703 -7.87252808  3.        
 1.34967005 -7.25849104 -1.44808996  2.        
-1.35522497  1.62084997 -3.96438599  3.        
 2.03431702 -1.95675695 -1.13183606  2.        
 1.67201996 -2.33811212 -0.196014    2.        
 5.39247894 10.29525757 -0.42190599  2.        
 1.86381495 -2.53533912 -1.88494897  2.        
-4.24947405  7.45368195  0.67694098  5.        
-2.46201301  8.00391388  1.49548304  5.        
-2.28321791  2.50093794  8.58856201  4.        
-5.8841548   6.63913012  1.77639794  5.        
4.30597687 7.39442396 0.031403   2.        
-1.65713501  2.59393311  7.1408391   4.        
2.55233788 1.68261695 0.46945199 2.        
-0.85617799  2.7077179  -8.47314453  3.        
 5.45446777 17.55735779 -4.36685181  6.        
 1.73844099 18.45384216 -4.07931519  6.        
 6.19232893 16.37046814 -2.70883203  6.        
 5.67077589 10.59764862  0.28384399  2.        
 -0.075134   -19.15577698  -3.387146     2.        
 1.71617901 -1.52407801 -1.154266    2.        
 8.33774567 16.02912903 -3.4060359   6.        
3.19506097 1.07742298 4.20535278 4.        
1.00789595 1.20803106 4.21780396 4.        
 1.19609797  1.89011395 -0.49139401  2.        
-4.34602404  3.22211504 -7.35693407  3.        
-4.79465485  7.29332018  0.25247201  5.        
 1.29214501  3.08165002 -0.48092699  2.        
 1.15105402 -1.75329602  1.46774304  2.        
 1.80903602  0.56060803 -6.6029048   3.        
 1.38870203 -2.12165809  0.45477301  2.        
 3.61677599 18.93026733 -5.8586731   6.        
 3.59966993  3.54463196 -0.50146502  2.        
 1.84590197 -3.13707709 -1.41693103  2.        
 5.17695618 14.38467407 -0.31716901  6.        
 4.71189117 16.9834137  -2.87762499  6.        
 0.981857   -9.1435318  -1.87744105  2.        
 6.1354599  12.46283722 -0.14621     2.        
 0.82409698  1.472839   -7.64733887  3.        
 1.59513903 -3.44628906  0.18054201  2.        
 1.32236505  2.70546699 -0.19378699  2.        
 6.65219879 15.32933807 -1.71710205  6.        
 7.79067183 16.26361084 -4.27267504  6.        
 2.87655592  1.42168403 -0.71417201  2.        
 4.39145708 18.00449371 -4.28906202  6.        
1.23025501 1.27893806 8.84606934 4.        
-1.34716797  2.68849206 -7.84051514  3.        
-3.49285102  7.95417786 -2.15148902  5.        
0.74909198 1.79820204 8.44393921 4.        
-1.110008    2.10490394 -6.45684814  3.        
 1.80758703 -4.85626221 -0.57278401  2.        
-5.02667189  7.16722918  2.50515795  5.        
-0.28366101  1.33905005  3.940552    4.        
-1.527596    2.26382494  9.0368042   4.        
-4.25727081  7.77105713 -2.31896996  5.        
-0.78068501  6.44126081 -0.27459699  2.        
 1.23385596e+00  4.34899982e-03 -4.60363817e+00  3.00000000e+00
-2.23892999  2.93144202  8.06756592  4.        
 1.78524804 -1.52527595 -1.62515295  2.        
1.231812   1.76727295 7.25134277 4.        
 5.07599592 12.13124847  0.089996    2.        
 5.21689606 18.13311768 -6.30148315  6.        
-2.51630402  7.75717878 -1.31921399  5.        
 1.61188495 -2.45924401 -2.97317505  2.        
-7.95657396  6.45207977  1.03418005  5.        
 0.84174299 -1.11057305 -3.71673608  2.        
 5.1062932  18.19490814 -5.65429688  6.        
 3.3125     18.89527893 -5.10650587  6.        
-4.16237593  7.44928694  1.54559302  5.        
-3.81858802  7.66844177 -0.99154699  5.        
 1.45633698 -6.54216814 -1.47357202  2.        
-1.35488105  2.35240889 -6.97701979  3.        
-1.34503901  3.13071394 -9.29254246  3.        
  0.43670699 -13.12099457  -2.60314894   2.        
 2.01966095 16.37374878 -1.59020996  6.        
-0.95177501  2.30931091  9.04141235  4.        
  0.069336   -15.88903046  -3.03204298   2.        
 2.07811689 -0.23439001 -0.442413    2.        
 3.27825189 17.00304413 -2.81887794  6.        
 4.9415822  12.37138367 -0.343842    2.        
 1.25396001 -3.06185889  0.30722001  2.        
 3.06036401 17.93169403 -3.87918091  6.        
 2.35925293 16.85526276 -2.36282396  6.        
 1.79428101 -2.82692003 -0.61291498  2.        
-4.44862413  3.3865509  -6.6194458   3.        
 5.22489882  9.92211914 -0.68527198  2.        
 7.07354021 16.0086441  -2.65838599  6.        
 4.26890612  5.34854889 -0.027557    2.        
-0.99602503  2.33910394  7.04977417  4.        
 5.50239611 17.519104   -6.04467821  6.        
 6.18078613 17.43494415 -7.74456787  6.        
  0.143837   -17.05422974  -3.71023607   2.        
-1.95100403  2.12159705 -5.39239502  3.        
 -0.32431    -18.41855621  -3.52716088   2.        
 4.33713484 16.36660004 -1.69027698  6.        
 1.31623805 -7.71659803 -2.1499629   2.        
-1.75112903  2.37776899  8.53207397  4.        
 3.96469903  5.68856812 -0.058899    2.        
 4.79872894  8.11171722 -0.14785799  2.        
-1.80367303  1.92597198  4.83334303  4.        
 3.08401489e+00  1.56491699e+01 -1.25099998e-03  6.00000000e+00
-2.16175103  1.96649206 -3.5627439   3.        
 0.90261102  3.53208899 -0.11673     2.        
-5.86079407  6.87904406  0.61056501  5.        
 3.3329699  19.67324066 -6.05078077  6.        
 3.58508301 17.54106903 -3.43948388  6.        
 2.92238593  2.93998694 -0.55407703  2.        
-0.399948    1.75600398  9.47485447  4.        
-3.06126404  8.08947659 -2.00689697  5.        
 2.66164398 18.14513397 -3.96469092  6.        
1.91747296 0.91461903 4.0246892  4.        
 6.32132721 17.09182739 -5.34643602  6.        
-4.22770691  7.61459303 -1.03378296  5.        
 4.87174177 17.58830261 -3.78594995  6.        
-0.17752799  1.595222    4.71792603  4.        
-3.82401991  7.46191406  0.34399399  5.        
  0.94893599 -12.66353607  -2.50067091   2.        
2.93553209 1.18003798 4.86386108 4.        
 2.5190351  15.84224701 -0.32427999  6.        
-1.74000597  1.49635303 -2.61529493  3.        
 5.89147186 13.608078   -0.89508098  6.        
 0.65639502 -0.80433702  2.39682007  4.        
 7.440979   14.85601044 -1.38702404  6.        
-1.97736394  1.74572802  3.631073    4.        
-2.2213521   3.40961504 -9.4894104   3.        
4.18998718 7.788414   0.04953    2.        
 4.80417585 14.09262753 -0.25894201  6.        
 4.27306414  6.46112108 -0.31445301  2.        
 2.34502411 17.22924042 -3.03830004  6.        
 5.20913696 17.73071289 -5.45330811  6.        
-2.1403811   3.16377306 -8.6803894   3.        
 4.82860613 12.92081547  0.061066    6.        
 1.295555    0.97818798 -7.22915697  3.        
 1.89653003 17.13583374 -3.17367506  6.        
-2.86339593  2.64302111  8.07223511  4.        
 3.63748193 16.72549438 -2.07397509  6.        
4.19576311 4.73790693 0.008209   2.        
-2.53506494  3.26633501 -8.63937378  3.        
-1.61439502  1.98370397 -4.64022779  3.        
 3.75507307 18.86594391 -4.97186279  6.        
 4.23992205 17.0565033  -2.92822289  6.        
 1.98868597 -1.00725603 -0.52423102  2.        
 4.03507996 17.8542099  -4.00274706  6.        
-7.15681505  6.93964386 -1.62445104  5.        
1.81040204 1.39196801 5.14450121 4.        
 7.05958605 16.38723755 -3.17202806  6.        
 5.4079361  17.59560394 -4.79797411  6.        
 7.26732588 16.49485779 -4.49542189  6.        
-4.68323517  7.40784502  2.25048804  5.        
 4.4990921  15.3438797  -0.98953199  6.        
 3.90877509 15.91065216 -0.97009301  6.        
 7.66095686 16.34535217 -3.78125     6.        
 0.92153198 -2.2293849  -3.0436101   2.        
 1.55374897 -5.255867   -0.752716    2.        
  0.23197199 -14.12821198  -3.00476098   2.        
 1.54653203 -2.62598395  1.05575597  2.        
-1.23261297  2.54187799  6.58200121  4.        
1.80474102 1.13011897 4.35131788 4.        
 4.78333282 10.81173706  0.134735    2.        
-0.88436902  1.15589094  3.98358202  4.        
-0.166603    0.35025001  2.38501     4.        
 4.05193281  6.64758301 -0.008148    2.        
 1.54381597 -3.72090197 -0.411652    2.        
-3.27576494  2.68569207 -6.35647583  3.        
-4.45046186  3.42520905 -8.12991333  3.        
-0.49334699  2.27269697 -7.89889479  3.        
  0.91519201 -10.19074154  -2.05499291   2.        
5.37301588 9.61702728 0.035767   2.        
 4.03382111 15.69392395  0.117981    6.        
 3.56763506  2.66934991 -0.205933    2.        
 2.88700104 18.60507965 -4.38613892  6.        
-1.82988703  1.24896204  3.44598389  4.        
-1.53383601  1.38497901  4.11392212  4.        
 1.52303302 -4.30805206 -1.29693604  2.        
 3.09440589 19.56536102 -6.52786303  6.        
 5.20198107 12.97045135 -0.131714    6.        
 1.83629596  0.341194   -1.052948    2.        
-8.22703457  6.40313005  0.67608601  5.        
-7.12013197  6.54160309  0.077789    5.        
 5.75234985 11.76409912 -0.235962    2.        
 4.67276001 18.55949402 -6.90728807  6.        
-0.47464001  0.89955097  3.53036499  4.        
-1.01038396  2.6362381   7.35101318  4.        
 0.591003   -0.37065899 -4.05978394  3.        
2.51831102 1.35968804 7.19314623 4.        
 2.1180799  19.85455322 -5.18066406  6.        
5.00187683 7.80265093 0.011963   2.        
 6.1569519  17.39217377 -6.5135498   6.        
 1.31802404 -1.29730201  1.79281604  2.        
-1.77370501  8.12220764 -0.84491003  5.        
 6.83119202 16.88720703 -6.49685717  6.        
 4.9562912  18.0096817  -4.73873901  6.        
 5.15963697 14.54930878  0.054688    6.        
-3.22698998  2.54110694 -5.23583984  3.        
 1.19088805  0.76399201 -6.08337402  3.        
 4.54164886 18.26413727 -6.13983107  6.        
 1.23193395 -2.4353559  -2.27996802  2.        
 7.31782484 16.67620087 -5.82711792  6.        
-4.57598114  7.49713087 -0.592834    5.        
-2.27539802  2.33969903  5.35360718  4.        
-0.16744199  1.53720903  9.72314453  4.        
-1.96524799  7.03844404  0.033142    5.        
 5.23248291 14.62329865 -0.63522297  6.        
 5.19467211 17.77059937 -6.69805908  6.        
 8.44490814 15.51184082 -2.08712792  6.        
-2.94792199  7.69593096  2.00765991  5.        
0.178932   1.94265699 8.72994995 4.        
 1.69457996 -2.58003998 -1.25595105  2.        
0.024879   1.82177699 9.51559544 4.        
 7.06518602 15.00272369 -1.69207799  6.        
 1.299438   -3.41591597 -2.5036931   2.        
 2.78292894 16.95269775 -2.427917    6.        
-0.054031    2.17804694  7.3094182   4.        
 2.17921495 -3.90005493 -0.95813     2.        
 0.61788201 -1.25878096  1.77066004  2.        
2.141922   1.50880396 6.55996704 4.        
 5.2651062  11.33772278  0.127563    2.        
-3.63103509  7.5002141  -0.47927901  5.        
 0.71883398 -1.39739203 -3.3712461   2.        
 0.87883002  0.84608501 -5.60824585  3.        
 1.37713599 17.44067383 -3.54150391  6.        
 2.3522799  -3.20465803 -1.51559401  2.        
 6.64913893 16.88983917 -4.64923096  6.        
-0.454391    2.24462104  6.67788696  4.        
-0.049171    1.08048296  4.27285814  4.        
0.49173701 1.81384301 6.11550903 4.        
 2.2679441   1.29163396 -0.043213    2.        
-0.58747101  0.66706097  2.62530494  4.        
-0.37833399  1.43827796  5.04611206  4.        
0.98016399 1.62994397 5.96456909 4.        
 2.79133606  0.37712899 -1.15750098  2.        
 3.98696899  8.07118988 -0.25192299  2.        
 1.43817103 -2.44479394  0.22647101  2.        
 5.03539324 11.06440735 -0.30838001  2.        
 1.15931702 -6.38092804 -1.68502796  2.        
-7.52334595  6.46960402  0.22732501  5.        
 4.87342119 16.60276794 -2.62191796  6.        
-3.45597792  7.48951721  0.94351202  5.        
-0.93248701  5.77898407 -0.052704    2.        
-2.43324304  3.02491808 -7.90457201  3.        
 3.41681695 19.15971375 -6.64282179  6.        
0.70237702 1.76181805 6.83102417 4.        
-2.29576898  1.788643   -2.94302392  3.        
 2.86357093 16.32941437 -1.39422596  6.        
-0.67098999  1.65065801  5.38153076  4.        
 1.904724   -1.67159998 -0.068298    2.        
 1.79013097 -4.51591492 -1.803406    2.        
1.99926805 0.423668   3.18960595 4.        
-0.105347    0.90785998 -3.61370802  3.        
-3.8787539   2.45446801 -4.67013502  3.        
-0.523956    1.886917    9.05441284  4.        
1.74452996 1.59193397 7.61764479 4.        
 5.55100298 17.51757812 -6.9838562   6.        
-3.28723907  7.47769213 -0.104431    5.        
 5.93427277 13.22147369 -0.26388499  6.        
 4.98799896 15.79492188 -1.82916296  6.        
 1.09590197  0.43290699 -5.17413282  3.        
-2.26312995  2.81702399  7.36114502  4.        
0.079926   1.96888006 6.39474487 4.        
0.173599   0.43275499 2.72143602 4.        
 5.6128459  15.31642914 -1.55026305  6.        
2.20219398 1.38181305 5.25649977 4.        
 5.37764692 17.99336243 -5.96664381  6.        
1.51560998 1.71185303 6.97802687 4.        
0.52512401 1.68100703 9.36352539 4.        
2.49359107 1.13944995 4.59231615 4.        
 0.57795    -0.81671101 -3.68176293  2.        
-1.22696698  7.0317688   0.034698    5.        
 4.51957703  7.23393202 -0.26776099  2.        
 4.0705409  18.87587738 -7.41345215  6.        
 1.566208   -4.1425252  -2.21432495  2.        
-2.97534895  7.40023804 -0.36450201  5.        
 8.50495243 16.03173828 -3.87344408  6.        
 1.59885395 -2.94023108 -2.6781919   2.        
-0.913445    2.21434808  9.66549683  4.        
 2.30860901  0.57325    -0.87326002  2.        
  0.044891   -19.99817657  -3.40545702   2.        
 2.50226593 17.08474731 -2.68521094  6.        
4.45564318 8.66336823 0.26080301 2.        
 4.6924901  18.43951416 -5.38745117  6.        
1.72504401 0.045967   2.93634009 4.        
 1.45281994 -0.29640201  2.70773292  4.        
-2.33927894  1.65573096  4.04052687  4.        
 4.39365387 14.78130341 -0.160034    6.        
-1.676826    3.20854998 -9.74450684  3.        
-4.04531908  2.79605889 -6.15795898  3.        
-3.12979889  2.12936401 -4.00897217  3.        
 2.31834412 17.51415253 -3.38622999  6.        
 1.24821496 -3.80289507  0.04953     2.        
-3.71516395  3.18787408 -7.5904851   3.        
-2.24994707  2.21128106 -4.91928101  3.        
-1.82587397  1.77156794 -3.33184791  3.        
 5.38442993 16.53022766 -2.68322802  6.        
-2.15697503  2.36054993  9.20736694  4.        
 1.46731603 -3.74407196 -1.70050001  2.        
 5.94661713 17.31893158 -4.40167189  6.        
 1.97049701  0.50456202 -6.22580004  3.        
  1.31602502 -10.42578125  -2.13681006   2.        
 5.00905609 17.84989929 -5.09149218  6.        
 3.20732093  3.78684211 -0.50488299  2.        
-4.44738007  3.62513709 -8.75662231  3.        
1.08181798 1.52419996 5.43850708 4.        
  0.46096799 -13.95363617  -2.65850806   2.        
 0.248566    1.112854   -5.39672899  3.        
 5.57678986 17.47479248 -6.44070387  6.        
-0.94493902  0.99603301 -3.09872389  3.        
 5.31349182 17.09204865 -3.328583    6.        
 4.26037598  6.06998396 -0.30954     2.        
-4.63419294  7.19083405  1.12982202  5.        
 2.07774305 -1.38993096 -1.28292799  2.        
-0.073853    1.68505096  5.08172607  4.        
 6.99531603 16.96854401 -5.256989    6.        
 4.74401903 15.48062134 -1.28143299  6.        
-2.88084412  2.55786896  5.98452806  4.        
-2.094383    7.55780792 -0.64553797  5.        
 0.73369598  0.42464399 -4.68588305  3.        
-1.45481098  1.21857405  2.75125098  4.        
-1.99385798  1.88806903  4.01711988  4.        
-0.54724902  2.04650092 -7.09545898  3.        
-0.695961    1.19455004 -3.74456811  3.        
 3.65527296  5.14592695 -0.158722    2.        
 0.32479101  0.50071698 -3.61349511  3.        
-4.99575806  3.28712511 -7.33236694  3.        
-7.6427989   6.79878187 -0.942352    5.        
 4.02446795 19.05715179 -6.16055298  6.        
-2.93527198  2.74027991  7.56778002  4.        
 7.77439117 15.89209747 -2.787781    6.        
 0.19063599  1.65548694 -7.07980299  3.        
 5.43963623 13.79846954 -0.013947    6.        
-0.78882599  2.09461188  6.26443481  4.        
-2.73025489  3.39772797 -9.15768433  3.        
 6.26544189 17.0038681  -6.73376513  6.        
 1.01774597  4.34439087 -0.005798    2.        
-4.01608992  2.80702209 -5.25119019  3.        
  0.74858898 -11.673172    -2.21990991   2.        
 6.21633911 17.02465057 -3.48568702  6.        
-0.66426098  1.78099799 -6.1879878   3.        
-2.27722192  8.13549042 -1.33056605  5.        
-5.31478882  6.98552704  1.16354406  5.        
-1.65576899  7.18592787  0.86505097  5.        
-3.57700396  2.97115302 -6.6593318   3.        
-2.67457604  2.63684106  6.3994751   4.        
-6.53507185  7.05038404 -1.89563     5.        
 5.79202318 14.68177795 -1.07409704  6.        
 4.48192596 14.99760437 -0.70297199  6.        
 8.31185055 16.16348267 -4.93255615  6.        
 7.16777802 15.37093353 -1.67297399  6.        
 2.84808302 17.0479126  -3.16406202  6.        
 6.70281219 16.77863312 -4.07330322  6.        
 1.15325904 -4.328125   -2.0960691   2.        
 1.91043103 -1.11260998 -1.69934106  2.        
-2.57717109  2.19287109  4.8691411   4.        
 1.975914   -2.48570991 -0.93920898  2.        
-3.70076704  2.73745704 -5.83374023  3.        
1.64599597 1.32804894 8.41870117 4.        
-2.86415911  2.74925208  5.02923584  4.        
 -0.249329   -19.86760712  -3.60797095   2.        
-0.84273499  1.12676203  3.24707007  4.        
-8.21147919  6.71017504 -0.72457898  5.        
-2.31703901  2.111099    4.1592412   4.        
 1.96261597 19.13731384 -4.53015089  6.        
 4.96688795 11.76998138 -0.087219    2.        
 5.30657196 13.48561859 -0.40066499  6.        
-6.38214922  6.52689409  0.95370501  5.        
-0.28391999  6.21395111  0.02951     2.        
 4.20288086 18.82848358 -5.70019484  6.        
-1.06611598  1.33570099  3.67547607  4.        
 3.57568407 19.75366974 -6.74826002  6.        
 6.07953596 14.32900238 -0.74987799  6.        
-3.02362108  2.99127197 -7.37576294  3.        
-0.058281    0.496048   -3.54440308  3.        
 6.07102203 17.36356354 -7.37902784  6.        
2.80630493 0.95903802 3.60037208 4.        
 -0.061989   -16.79208374  -3.29504395   2.        
 5.58050489 16.25823975 -2.39334106  6.        
3.40312195 1.01326704 5.86175489 4.        
 4.74649811 16.37706757 -2.31347704  6.        
 2.96908593 19.82777405 -6.80789185  6.        
1.02887702 1.81356001 7.65078688 4.        
 0.74804699 -1.66474903  1.50848401  2.        
-2.332443    1.62479401  3.60095191  4.        
 1.58944702 -2.13550591 -1.03887904  2.        
-4.22125196  3.2714541  -6.98901415  3.        
 1.20745802 -1.124771   -3.80389404  2.        
-0.52938098  1.680107    9.8989563   4.        
-1.28273797  1.60130298 -2.700562    3.        
-1.37034595  2.43192291  5.93810987  4.        
 5.01285505 17.97747803 -7.26605177  6.        
  0.067924   -18.13285065  -3.48010302   2.        
-1.29782903  6.66921997 -0.032471    5.        
 1.95524597 -1.99787104 -0.756531    2.        
-2.48717499  1.95427704  4.57080078  4.        
 1.20963299 -0.724922    2.22586107  4.        
 1.33420599 -7.03725386 -1.750458    2.        
 1.13055396  0.8955     -6.53430223  3.        
0.72641802 1.42957306 9.17156982 4.        
 0.460365    0.008537   -3.55612206  3.        
-1.96187603  2.58110809  6.03411913  4.        
 3.40310693 19.00466919 -5.55102491  6.        
-0.89939898  1.972229    9.19412231  4.        
-1.98821998  3.1162641  -8.16085815  3.        
-1.52428401  2.3946991   8.14990234  4.        
 1.27884698 -8.97040558 -2.02264404  2.        
 2.15117693 18.55708313 -4.19848585  6.        
-0.128929    1.17333996 -4.91998291  3.        
 4.40490723 18.20013428 -5.05892897  6.        
 1.07994795 -2.72496796 -2.56353807  2.        
-5.20225477  7.82943678 -2.34670997  5.        
2.32220507 0.52449    3.34433007 4.        
 1.10126495 -1.655586    1.07199097  2.        
 1.18374598 -2.502388   -3.02438307  2.        
-2.45822096  2.184654   -3.61160302  3.        
 1.29457104 -9.55669403 -2.11386108  2.        
 -0.150253   -19.39431     -3.66485596   2.        
 3.99229407 16.79389954 -2.32031202  6.        
 1.50844598 -4.73512316 -0.25634801  2.        
-5.92689514  7.47084093 -2.14376807  5.        
 6.28344679 16.60371399 -2.98178101  6.        
-2.7312851   3.00727105  7.72351122  4.        
 1.80564904 -3.73261309 -1.27755702  2.        
 5.61608887 16.91989899 -3.20315504  6.        
 0.78302002 -7.5294342  -1.96814001  2.        
 1.00148797 -1.95302606 -2.75537109  2.        
 1.54458594 -2.80220008  0.73095697  2.        
 6.74088287 16.85619354 -7.18084717  6.        
 1.25297594 -7.68240404 -1.47000098  2.        
-0.53920698  1.38517797 -4.65936279  3.        
-2.45194197  2.93328094 -7.26065111  3.        
-0.595604    2.03337908  5.41348314  4.        
 2.13146996 -4.28277588 -1.46423304  2.        
-2.48288012  2.18267798 -4.21771193  3.        
 3.797508   15.47615814 -0.40341201  6.        
-3.57099891  3.16107893 -7.20117188  3.        
-7.38828993  6.44129896  1.36349499  5.        
4.253654   6.94621992 0.065704   2.        
 5.574646   17.91972351 -7.26748705  6.        
 5.38072205 10.92906189 -0.48583999  2.        
-0.31675699  5.33239698 -0.370453    2.        
 1.45875597 -3.10777307 -1.47811902  2.        
-1.45182002  2.8687439  -8.53179932  3.        
2.73822808 1.29245806 6.8218689  4.        
-5.63544512  7.129951    0.25903299  5.        
 2.13040209 -2.93947601 -1.29470801  2.        
-2.78174591  8.28722382 -1.28900099  5.        
 1.56340003  0.954651   -7.61212206  3.        
-5.91387892  6.92242384  2.07928491  5.        
 5.54566193 13.2260437  -0.84164399  6.        
1.97537196 1.16003394 8.17434692 4.        
-0.68338001  2.17963409  7.83465576  4.        
 1.59816003 -2.20150805 -2.30718994  2.        
 0.100159    1.54707301 -6.6933589   3.        
 7.90579224 15.22485447 -1.78796399  6.        
 3.53543901  4.59708405 -0.49057001  2.        
 0.91088098 -9.45295715 -2.31167603  2.        
-0.136879    1.09130895  3.54782104  4.        
 2.06250811 -2.58396196 -0.56366003  2.        
 8.17327118 15.82611847 -2.74478197  6.        
  0.199448   -14.81309509  -2.94552588   2.        
 1.82953596  0.58261102 -0.440521    2.        
-1.51282501  7.2352519   0.40496799  5.        
 1.11635602 -2.56639099  0.98370397  2.        
-1.81370497  2.32912397 -6.15533495  3.        
 2.42930603 -2.68808007 -0.60458398  2.        
 0.96440899 -8.36673737 -2.09478807  2.        
3.07747602 1.26556396 6.42752123 4.        
 6.63424683 14.0308609  -0.64572102  6.        
  0.51866901 -14.64080811  -3.03286695   2.        
-0.318169    1.08791304 -3.05151391  3.        
 1.23166704 -1.57678199 -3.76769996  2.        
1.22731805 0.41422999 3.13137794 4.        
-2.02048492  2.72537208  8.69921875  4.        
 0.32359299  0.61955303 -4.09539795  3.        
-4.60194397  3.18109107 -6.22177076  3.        
-5.02730608  7.41108704 -1.213287    5.        
-1.26155901  1.75720203 -5.29391479  3.        
 5.28153992 15.87281799 -1.62869298  6.        
-2.20108795  7.21526289  0.38446     5.        
 4.76283312 15.30323792  0.23867799  6.        
-5.44051409  7.16761017 -0.231628    5.        
-2.41275811  2.63160706  8.16757202  4.        
-2.17693305  7.82272291  1.62078905  5.        
2.0861659  1.52715302 6.95230103 4.        
-3.44390106  3.72285509 -9.43862915  3.        
 0.85481298 -0.43067899 -3.66912794  3.        
 3.78865099 19.45609283 -7.03418016  6.        
-2.29409003  7.9105072  -0.72167999  5.        
-2.82722497  2.70486403  7.0005188   4.        
 2.10107398 17.83921051 -3.77825904  6.        
 3.21642303  2.98969293 -0.301117    2.        
 2.46184492 16.90196228 -3.18502808  6.        
 1.84254503 -0.98297101 -0.132172    2.        
 0.181778    2.21311212 -8.31912231  3.        
 5.13536119 18.46996307 -7.8470459   6.        
 7.55055189 15.53468323 -2.39724708  6.        
-3.73671699  8.20970058 -2.09075904  5.        
-6.82715607  6.64587402  0.44860801  5.        
 1.08026099 -2.21364594  0.78250098  2.        
 2.48083496 16.22718811 -1.20986903  6.        
 2.38382697  1.06625402 -0.55725098  2.        
 0.71682     1.12239802 -6.587677    3.        
-1.38438404  1.51315296 -3.15313697  3.        
-3.38998389  3.47187805 -9.09094238  3.        
 4.86532593 14.65492153 -0.87457299  6.        
 7.22743988 16.53925323 -3.51907396  6.        
 3.25005293 19.19937897 -5.90374804  6.        
 4.97320604 18.50845337 -7.38268995  6.        
-0.53821599  1.07584405  3.99615502  4.        
 4.78900909  9.51766968 -0.054779    2.        
-4.83474016  7.3215332   1.91424596  5.        
  0.61020702 -13.30819702  -2.99704003   2.        
 2.68615699  1.64180803 -0.28887901  2.        
 5.29334307  9.95005035 -0.209473    2.        
 4.84923506 13.73468781 -0.067261    6.        
 5.28008318 12.05451202 -0.18847699  2.        
 1.29772902 -7.36072493 -2.00680494  2.        
 4.93844604 18.00743103 -6.89163208  6.        
-0.90156603  0.82675201  2.99484205  4.        
 7.22981977 16.56890106 -4.87057495  6.        
-1.00061798  2.4942019  -8.2171936   3.        
 8.32694244 16.12785339 -4.23474121  6.        
  0.97513598 -11.36672974  -2.54428101   2.        
-2.43724108  2.45268202 -6.14230299  3.        
 4.7676158  17.30114746 -3.46405005  6.        
 1.83279395 -5.5455699  -1.03326404  2.        
 1.77921295 -2.24526191 -1.327057    2.        
-3.90656996  7.55096388  2.23233008  5.        
 1.18994105 -0.56546801 -4.20736694  3.        
-8.22515106  6.52523804 -0.13031     5.        
 6.15322924 15.76994324 -2.08038306  6.        
 0.73117799  3.92857409 -0.150024    2.        
0.441917   0.70454401 3.32238793 4.        
 2.54523492 19.98455048 -6.1784668   6.        
 0.14969601  5.14363098 -0.071716    2.        
-2.50753808  7.23400116 -0.177338    5.        
 0.606323    0.330284   -4.33050489  3.        
 6.84580994 16.76663208 -5.00994921  6.        
-5.69469404  7.16431379 -1.15844703  5.        
2.18778992 1.26020098 4.77416992 4.        
-0.82212102  2.3015821   8.51446533  4.        
-3.91919708  3.58544207 -8.95620728  3.        
 0.92879498 -1.70616901 -3.35235596  2.        
-3.19173408  3.5983119  -8.6993103   3.        
 5.10279083 15.1122818  -0.83932501  6.        
  0.42614001 -12.73387909  -2.70187402   2.        
 1.48245203 -1.41052198 -2.27337599  2.        
-1.13349903  1.34444404  4.27807617  4.        
 4.53344011 18.53595734 -7.56408691  6.        
 3.16352105 19.72460175 -7.12210083  6.        
-5.7588582   7.1241231  -0.80419898  5.        
 0.057442    0.78384399 -4.61083984  3.        
 4.79571486 17.82975769 -4.23074293  6.        
0.085358   0.76033801 3.69363403 4.        
-6.02082777  6.70697784  0.93585199  5.        
-2.05969191  2.15051293  4.59286499  4.        
-1.42401099  6.77838898 -0.40335101  5.        
 3.92527795 19.07212067 -5.77636719  6.        
-0.75957501  1.58319795 -5.15478516  3.        
 1.17768896 -0.42163801 -4.67437696  3.        
 5.38916779 15.50782776 -1.36331201  6.        
-2.66110992  2.36845398 -5.22836304  3.        
 1.80349004 -4.12394714 -1.391541    2.        
 0.038773    4.66883087 -0.309937    2.        
-2.85115099  3.42213392 -8.44869995  3.        
-0.20198099  1.90144396  5.75805712  4.        
 5.61151886 10.66719818 -0.052124    2.        
 1.98766303 -3.63626909 -1.57626295  2.        
 1.21959698 -4.68877411 -1.94284105  2.        
 -0.29229701 -19.4941864   -3.16897607   2.        
 2.55291009 16.69918823 -2.03539991  6.        
-7.94592285  6.51644087 -0.88681     5.        
3.03547692 1.38369799 0.145844   2.        
  0.65392298 -13.68976593  -2.9195559    2.        
3.9822309 5.1749568 0.062531  2.       
 3.72028303 15.76091766 -0.139832    6.        
 1.78508794 -0.94966102 -0.93768299  2.        
-1.26043701  1.94646502 -5.67260695  3.        
-0.29162601  1.858078   -7.3119812   3.        
 1.31868005 -3.10594893  0.66906703  2.        
2.51372504 1.97589898 0.64968902 2.        
-2.9228971   7.36128998  0.51071203  5.        
-0.97197002  6.82304382 -0.071198    5.        
-1.86524999  2.4715271  -6.53448486  3.        
  0.45135501 -15.04399109  -3.19699097   2.        
 4.44077301  8.07096863 -0.255707    2.        
 6.82589722 15.59618378 -2.02334595  6.        
 2.15611291 -0.49713099 -0.65225202  2.        
-2.575073    2.71439409 -6.59899902  3.        
 0.401833    4.00206804 -0.073944    2.        
0.45201099 1.64105201 5.35598803 4.        
-5.09970093  6.90628815  1.80917394  5.        
 1.27903795  1.32283795 -0.55474901  2.        
 6.62577105 16.42771912 -3.2089839   6.        
 3.27150702  1.90358698 -0.30941799  2.        
 0.95133197  2.559479   -0.432495    2.        
-1.53586602  1.11940801  3.31109595  4.        
 2.4843061  18.74800873 -4.37939501  6.        
 3.01012397 19.57106781 -6.1783452   6.        
 1.85118103 -3.51647902 -2.30090308  2.        
1.23063695 1.52622199 8.04827881 4.        
 0.873878   -1.06639898  1.64620996  2.        
 2.0537641  16.33144379 -2.30059791  6.        
-0.180595    5.76937914 -0.34826699  2.        
 4.98641205 18.36675262 -7.07061815  6.        
 6.74637604 16.02475739 -2.55679297  6.        
-0.89457703  2.03137994  5.1378479   4.        
 0.97143602 -0.90431201 -4.13430786  2.        
 5.76729584 12.9313736  -0.110016    6.        
-1.00482202  1.40280199 -3.18365502  3.        
 1.06568098 -2.04921007 -3.29705811  2.        
 1.56075299  0.064682   -5.29690599  3.        
 1.504951   -5.77107191 -1.68698096  2.        
2.50310493 1.24941301 7.76733398 4.        
-6.6183548   6.67947388  0.721008    5.        
 3.17294312 18.65873718 -4.56570387  6.        
0.67363    0.82849902 4.07415819 4.        
-1.27591705  2.17394304  8.82443237  4.        
-3.01709795  8.06850433 -1.63787794  5.        
 1.78530896 -2.67304993  0.08606     2.        
 2.43264008 -0.12673999 -0.70257598  2.        
 4.22645617 18.49462891 -5.76571703  6.        
 0.638596    4.25153303 -0.206879    2.        
 3.04348707 16.84758759 -2.62051392  6.        
 3.61645508 17.0513382  -2.62085009  6.        
 1.58109295 -3.10205102 -1.92419398  2.        
 5.96102095 16.2065506  -2.50146508  6.        
 5.85337114 14.03603363 -0.599365    6.        
 3.22474694 19.4701004  -5.49957323  6.        
  0.64915502 -14.36806488  -2.76916504   2.        
1.286865   0.83271801 3.871948   4.        
 5.14303589 10.59708405  0.123047    2.        
-2.17265296  1.54504395  3.19641089  4.        
 3.88540697 18.73194122 -5.62231398  6.        
-0.34675601  1.30384803  4.6121521   4.        
-3.50637102  2.5683291  -4.14874315  3.        
-2.89220405  7.56522417  1.23989904  5.        
 3.6486659   4.30558777 -0.12789901  2.        
-0.788948    2.85643792 -8.99645996  3.        
-1.53050196  2.74687195 -8.1394043   3.        
 5.52398682 17.37477875 -3.702209    6.        
 1.47202301 18.64428711 -4.16467285  6.        
 1.43137395  1.99799299 -0.27337599  2.        
-4.11042023  3.00579095 -6.45831299  3.        
 6.18392897 17.03263855 -6.3503418   6.        
-0.095314    1.95060003  8.23971558  4.        
-2.44128394  2.69630408  6.72927904  4.        
-0.83348101  2.21440101 -7.56204224  3.        
 2.596802   19.27293396 -4.74359083  6.        
-4.82807207  3.77210212 -8.01483059  3.        
0.67690998 1.88184404 8.05718994 4.        
 0.84747303 -9.69947147 -2.63885498  2.        
 4.63217878 16.19397736 -1.95343006  6.        
-1.33133698  1.92065406  4.76898193  4.        
0.77591699 0.53920698 3.52002001 4.        
-1.372154    1.68578303 -3.63424706  3.        
4.56955719 9.68301392 0.31424001 2.        
 5.52893114 17.85968018 -6.32565308  6.        
 3.11122894 19.16119385 -4.85644484  6.        
 7.17228699 16.4744339  -4.17340088  6.        
 2.42410994 16.52709961 -1.77685499  6.        
0.220284   1.23374903 4.13983107 4.        
 7.73330688 16.04343414 -3.11297607  6.        
 3.9720149  19.17323303 -6.62942505  6.        
 6.58259583 16.87589264 -6.17687988  6.        
 1.64426398 -4.77095795 -1.97067297  2.        
 4.48196411 15.49688721 -0.65997303  6.        
 1.62422204 -0.026329   -0.85971099  2.        
 5.25778198 14.48586273 -0.939484    6.        
 0.58490801  1.20552802 -6.28396606  3.        
-0.94731897  1.85015094  5.69961596  4.        
 2.18046594  0.221329   -6.16982985  3.        
 4.39259291 16.72537231 -2.27679396  6.        
0.076988   0.64163202 2.96383691 4.        
0.42181399 0.211281   2.68985009 4.        
-6.27898407  7.03643799 -1.52294898  5.        
 2.98780799 16.52410889 -2.03607202  6.        
 4.85150194 18.45027924 -6.56991577  6.        
 1.42640698 -2.29780602  1.01577795  2.        
 3.6310811   6.35987806 -0.36679101  2.        
0.58529699 1.49845898 4.94256592 4.        
 -0.138344   -17.38375854  -3.32476807   2.        
  0.053276   -16.45039368  -3.15182495   2.        
 4.08118391 17.56575775 -3.66803002  6.        
 1.09702301  3.80281091 -0.28964201  2.        
 1.43861401 -3.12618303 -0.023773    2.        
-6.59309387  6.48568678  1.55618298  5.        
-2.93555403  2.39870501 -5.04180908  3.        
-3.1169889   2.46170807 -4.02374315  3.        
1.41413105 1.52227795 5.47720289 4.        
 1.40847003 -8.60656738 -1.89022803  2.        
 1.82733905 -3.11342597 -0.26812699  2.        
 2.05409193  0.04023    -1.06231701  2.        
 1.49158502 -5.57379103 -1.24380505  2.        
 1.65491498  0.052017   -0.45242301  2.        
-0.24939699  1.97019196  6.66473389  4.        
1.57040405 1.56055498 6.07000685 4.        
-5.32629395  7.44865417 -1.52276599  5.        
  0.126747   -18.42904663  -3.31420898   2.        
 2.25352502 -3.50393701 -1.41409302  2.        
 3.10995507  2.33052802 -0.336395    2.        
 1.49040198 -4.99569702 -0.45932001  2.        
 4.18686724 18.55582428 -6.16433716  6.        
-4.46276903  2.8906939  -6.29525805  3.        
-1.82046497  1.34239197  2.97012305  4.        
 3.14675093  4.54418182 -0.34966999  2.        
 1.810745   -4.41224718 -0.497711    2.        
 4.09204912 15.69023895 -0.572815    6.        
-1.73767805  1.64362299  4.56204224  4.        
-5.36795807  7.1831212   0.46371499  5.        
 6.51773119 14.78112793 -1.09408605  6.        
3.20684791 1.23243701 6.01016188 4.        
 6.25792694 13.70446777 -0.48434401  6.        
-5.85625505  6.65432692  1.44866896  5.        
 2.05220008 -1.24250805 -0.98971599  2.        
-2.86697412  2.06455994 -3.65029907  3.        
  0.71417999 -13.02204132  -2.45648193   2.        
-0.94319201  2.29048204  5.92038012  4.        
 1.79006195 -7.09754181 -1.22009301  2.        
4.7483058  8.32649994 0.22106899 2.        
 6.21520996 17.12154388 -4.1625371   6.        
 1.70538294 -4.87491608 -1.45526099  2.        
 4.40009308 15.41983032 -0.31643701  6.        
-6.96516418  6.8826828  -0.75704998  5.        
-0.276871    1.72773004  5.40527296  4.        
-0.33562499  0.76186401 -3.08322096  3.        
 1.73010302 -3.76481605 -0.76953101  2.        
-3.5388031   7.59178877  1.64147902  5.        
-1.83238995  1.70425403 -3.00003004  3.        
-3.48015594  2.69646406 -4.51937914  3.        
 0.37952399 -0.158485   -3.90805006  3.        
 4.15447998 15.88102722 -1.18438697  6.        
 0.87396199 -0.167191    2.52404809  4.        
 1.40026104 -3.97751594 -0.235413    2.        
 1.89087701 -1.47242701 -0.59555101  2.        
 1.30155897 -2.94872999 -2.35205102  2.        
2.93881202 1.03140998 6.60870409 4.        
-4.07144213  7.86775208 -1.80148304  5.        
0.98517603 1.58659399 8.29162598 4.        
 5.90805006 17.20800781 -6.61791992  6.        
  1.01834905 -10.28134155  -2.35147095   2.        
 1.02316999 -0.677338   -4.47613478  3.        
 0.950867   -7.80476379 -2.01998901  2.        
-2.54735589  2.71268511  7.48355103  4.        
 1.612221    2.49979401 -0.133453    2.        
 5.64264679 16.66970825 -2.84826708  6.        
-2.40544891  8.28407955 -1.05834997  5.        
 2.82822394  0.62968397 -0.60376     2.        
2.902771   0.98936498 4.02752686 4.        
-1.51116896  2.74968696  7.76559401  4.        
 1.48867798 -4.48696899 -0.48660299  2.        
 2.18622589 -2.75678992 -1.03070104  2.        
5.58470201 9.81483459 0.184875   2.        
-6.72253418  6.70832109 -0.193817    5.        
1.14674401 1.39854395 4.83502197 4.        
-7.42733812  6.61911821 -0.59063703  5.        
 2.92195106  1.90245104 -0.70318598  2.        
2.31632209 1.44223797 0.25058001 2.        
-1.44622004  2.77544403  7.37136793  4.        
 5.7287221  17.67816925 -5.15530396  6.        
-2.91649604  7.96949816  2.18987989  5.        
 0.50481403 -0.87480199  2.02410889  4.        
 0.65222198  1.26318395 -7.02887011  3.        
2.81292701 1.228302   5.496521   4.        
-0.51544201  2.03564501  8.55825806  4.        
-3.24895501  3.35405707 -7.86547899  3.        
 2.09674096  0.726089   -6.89007616  3.        
 0.78608698  1.77029395 -7.97106886  3.        
4.40203905 8.13996887 0.079651   2.        
 1.536461   -3.90713501 -1.32321203  2.        
 3.45493293 19.08241272 -6.26971388  6.        
-7.04556322  6.46550798  1.07736194  5.        
-2.93571496  2.58231401 -5.74749804  3.        
 2.34038496  0.348434   -0.39157099  2.        
 0.92337799 -0.38075301 -4.11346388  3.        
-2.15325904  2.61505103  7.97470093  4.        
 1.87852502 -4.2988658  -1.064026    2.        
-2.35968804  2.79820204  8.43988037  4.        
-4.0008769   3.38538408 -7.59503222  3.        
-1.11405897  1.52313995 -4.19872999  3.        
1.91963196 0.70103502 3.34820604 4.        
 1.19890594 -1.72271705 -2.59463501  2.        
 3.59671807 19.07646179 -5.20858812  6.        
 7.27522993 16.77422333 -4.33361816  6.        
 5.6865921 12.3789444 -0.073883   2.       
 5.51439714 15.90636444 -1.93151903  6.        
-5.43338823  7.56662798 -1.96295202  5.        
-3.26258111  7.69677687 -0.88613898  5.        
2.45709205 0.81085998 3.65228295 4.        
0.77834302 0.83959198 3.63592505 4.        
 2.074898   -3.22946906 -0.46020499  2.        
 1.29492199 -7.82596588 -1.75701904  2.        
 2.23653412 16.60205841 -2.96716309  6.        
 1.81571996 -4.29777479 -0.15298501  2.        
 2.03637695 -4.15190887 -0.74185199  2.        
-0.13123301  1.99781001 -7.77874804  3.        
-0.22584499  1.88810694  6.14108276  4.        
3.007797   1.20348406 7.21762085 4.        
-4.72189283  7.61097717 -1.75762904  5.        
 5.37404585 14.03017426 -0.325867    6.        
 1.04592896  2.84307909 -0.094086    2.        
 3.88904595 17.22940826 -3.14178491  6.        
-5.84493303  7.00627899  0.90377802  5.        
 1.78875005 -5.99578094 -1.06393397  2.        
5.63651323e+00 1.19809341e+01 6.56099990e-03 2.00000000e+00
 5.7686162  12.58900547 -0.407776    6.        
 1.52820599 -5.93126678 -1.40524304  2.        
 5.2246089  18.10549927 -7.65725708  6.        
 3.39442396 19.51934814 -7.31637621  6.        
 5.42575121 12.09394836  0.361633    2.        
 1.58947802 -2.86116004 -0.370087    2.        
-0.91369599  1.18933904  2.259552    4.        
 0.90132898 -3.23280311 -2.51559496  2.        
-1.10533905  2.44413805  8.26828003  4.        
 5.46563721 11.03114319  0.15802     2.        
 5.95987701 13.87979889 -0.34240699  6.        
-6.28485107  7.0394969  -0.39468399  5.        
-2.18923903  2.3616941  -5.60205078  3.        
 1.68810296 -2.44721198 -1.63436902  2.        
-1.57619994e-02 -1.88639221e+01 -3.58184791e+00  2.00000000e+00
3.78117394 1.20943403 5.36825609 4.        
 7.25679779 14.37194061 -0.84002697  6.        
 2.66668701 19.56835175 -5.09710693  6.        
  0.32025099 -15.3822403   -2.92968798   2.        
 2.40927911 16.50186157 -2.58609009  6.        
-1.08579195  1.71044195 -4.65518188  3.        
 5.31259203 10.73497009 -0.222839    2.        
 1.06610894 -0.91745001  2.01779199  2.        
 1.99568903 16.7430191  -2.42080688  6.        
 2.41928911 -0.97038299 -0.56500202  2.        
 1.52134705 -4.37384796 -0.886078    2.        
 4.03587294 18.45346832 -5.12344408  6.        
-2.53591895  2.3132019   5.16226196  4.        
 7.82769012 15.59835815 -2.15634203  6.        
-4.41127014  7.26947021  1.36819506  5.        
-0.76136798  1.73303998  4.74276686  4.        
-2.30970001  2.11225891 -3.30020094  3.        
 -0.040604   -17.07219696  -3.44183302   2.        
 1.73113203 -3.23010302 -1.12881505  2.        
-2.23889208  7.59219408  1.25506604  5.        
-0.66934198  2.23209405  7.3528142   4.        
-2.76773095  7.44139099  0.92028803  5.        
-4.43398285  3.47057295 -7.53231812  3.        
 5.81022596 17.62677002 -5.9510498   6.        
 5.50704193 12.22374725 -0.43154901  2.        
  0.67022699 -11.15473175  -2.56030297   2.        
 1.51929498 -3.24530792 -2.72640991  2.        
 1.74225605 -6.68878889 -1.48403895  2.        
 4.3630681  18.76477814 -6.74185181  6.        
-3.56894708  7.46452284  0.53121901  5.        
-0.47088599  1.14656103 -4.46334791  3.        
 1.24304998 -0.055252   -4.91400194  3.        
 3.64859796 19.65914154 -6.45550489  6.        
 2.89965796 16.02967072 -0.59808302  6.        
 1.44453394 16.30740356 -2.52038598  6.        
-1.239326    2.16859388  5.28314209  4.        
-0.38075301  1.42823005 -5.74795485  3.        
-3.4255681   8.02565002  2.05038404  5.        
-2.14138794  2.61360908 -6.69909716  3.        
-1.84184301  2.65512109 -7.51803589  3.        
-1.58685303  1.68581402  4.00143385  4.        
1.38531494 0.667961   3.60852098 4.        
 4.7072978  18.22147369 -6.88305712  6.        
-1.26984406  1.66677904  4.24856615  4.        
-4.92685699  7.32774401  1.61297596  5.        
 1.48583996 -6.2010498  -1.17236304  2.        
-3.24099708  2.88400292 -6.60690308  3.        
 5.11099195 14.84349823 -1.12426805  6.        
 5.13935089 18.21887207 -8.05639553  6.        
-3.68296099  7.78682709  2.06201196  5.        
  0.58386999 -12.3387146   -2.73297095   2.        
 2.90523505  1.88111103 -0.38857999  2.        
 4.97244978 17.9274292  -6.51666307  6.        
 5.47177887 17.96983337 -6.7590642   6.        
 5.49382019 13.27490234 -0.166565    6.        
 4.23026991 16.88082886 -2.51351905  6.        
-1.55685401  1.80548894  4.98648119  4.        
 3.18383002  2.63546705 -0.31753501  2.        
 3.48397803  4.02368212 -0.51403803  2.        
-0.38276699  1.702209   -6.75387621  3.        
 4.72825623 15.5532608  -0.94140601  6.        
3.14314294 1.12342799 4.58184814 4.        
-7.0931778   6.43318176  1.88772595  5.        
 0.76098597  0.65953797 -5.35525513  3.        
0.955154   1.75006104 7.01678514 4.        
-3.08087897  2.35522509 -4.60952806  3.        
 1.52633703 17.72934723 -3.62661695  6.        
 1.60857403 -1.60250103  1.78750598  2.        
3.39473009 1.17244697 5.46081495 4.        
-1.05787694  2.3165741   7.90280104  4.        
-0.93918598  0.933258    2.66519189  4.        
-2.65441895  2.91914392  5.76534986  4.        
 6.34921312 15.28878784 -1.64941394  6.        
 3.41934991 17.68637848 -3.6968081   6.        
 5.02313995 14.00639343 -0.54040498  6.        
-1.51551795  1.86082494  4.52002001  4.        
 3.80741906  3.68768311 -0.316589    2.        
-3.27558088  2.63937402 -5.62176514  3.        
-2.50135803  1.81691003  4.28662109  4.        
  0.40811199 -13.57144165  -2.67895508   2.        
0.230446   1.60791004 9.28894043 4.        
-6.27954102  6.93624878 -0.87994403  5.        
-2.60703301  2.32677507  4.25463915  4.        
-0.032951    1.494362   -6.18002319  3.        
 2.10160804 -0.66588598 -1.403198    2.        
 0.95268202 -9.19010162 -2.47540307  2.        
 3.76194811  4.85228682 -0.163055    2.        
-5.37910509  7.40860701 -0.89956701  5.        
 5.69567919 13.42112732 -0.55886799  6.        
 5.1443181  13.88327026  0.042297    6.        
 3.08902001 19.68626404 -5.82132006  6.        
1.14434004 3.61038208 0.124481   2.        
 2.69148302 19.3892746  -5.36489916  6.        
 4.01014709 18.77799225 -5.12838697  6.        
-3.81232405  7.78125811 -1.28225696  5.        
-4.91883087  7.74778795 -2.05102491  5.        
-2.97826409  2.60655999 -6.08935499  3.        
-0.29868299  1.18917096 -5.19302416  3.        
-3.72026801  3.50553894 -8.55963135  3.        
-5.56362104  7.20354509 -1.43844604  5.        
 4.42717695 18.81173706 -7.77850294  6.        
 4.87776184 10.05567169 -0.078735    2.        
 1.28355396 -2.77947998  0.43496701  2.        
  0.432365   -15.50267792  -3.21115088   2.        
 6.42655897 17.03915405 -4.47937012  6.        
-5.26961517  6.89646196  2.25048804  5.        
 0.67540002 -0.14965101 -3.74661207  3.        
 5.92658186 17.26994324 -3.6478579   6.        
-1.564888    2.46199012  6.49215698  4.        
-2.53617907  7.68161011 -0.76013201  5.        
 8.80780792 15.91756439 -3.65454102  6.        
 0.89468402 -0.102966   -4.61242723  3.        
 1.78333998  0.72575402 -6.95266724  3.        
 1.29904902 -9.76617432 -1.81677198  2.        
 6.39356184 16.1455307  -2.62561011  6.        
 -0.164848   -18.3122406   -3.28277612   2.        
 4.57877302  6.51811981 -0.025482    2.        
 0.44632     0.468079   -4.79486084  3.        
-3.33579993  8.27026367 -2.00335693  5.        
 5.48033094 12.40003967  0.50067103  2.        
-4.28272295  3.62441993 -8.31283569  3.        
-1.68746197  7.19525909  0.134918    5.        
 5.01626587 12.43257141  0.328125    2.        
 5.08638    10.88813782 -0.027893    2.        
 0.47795099 -1.79277802 -3.53741503  2.        
 5.0894928   9.13468933 -0.083801    2.        
-2.38629198  3.02076006  7.80987597  4.        
 6.61142015 16.68106079 -3.60571289  6.        
-2.66629004  3.2839129  -8.24182129  3.        
 1.46491206  0.50534803 -0.79119903  2.        
-0.32634699  2.06178308  8.88327026  4.        
3.37033105 0.92510998 4.41934204 4.        
 3.83705902 19.07954407 -7.41824293  6.        
 2.23881507 16.02967072 -0.72640997  6.        
-7.99511003  6.45149994  0.249634    5.        
-0.89775097  1.91814399  9.57614136  4.        
 1.47270203 19.57378387 -4.73861694  6.        
1.53737605 1.34148395 4.78930712 4.        
-6.74715424  7.40994978 -2.17361403  5.        
 1.44501495 -5.20579481 -1.09939599  2.        
3.32454705 1.22305298 4.91674805 4.        
0.35613999 1.70136297 8.65148926 4.        
  0.034645   -17.85913849  -3.75         2.        
 3.88351393  5.72200823 -0.37640399  2.        
 5.26599121 17.84951782 -7.46887207  6.        
  1.09716797 -12.28247833  -2.45144606   2.        
 1.68647802 -6.74516296 -1.11438     2.        
 5.45622206 17.92345428 -5.52935791  6.        
 6.69135284 16.84838104 -5.26489305  6.        
 0.52592498  4.96265411 -0.24417099  2.        
-4.68597412  3.41159797 -7.9225769   3.        
 7.24350023 15.53355408 -2.36254907  6.        
2.69601393 1.85025799 0.018494   2.        
 5.04463196  8.59169769 -0.009064    2.        
-0.240509    0.66275799  2.55304003  4.        
-4.57475996  7.15476179  1.688995    5.        
-1.90683699  2.64391303  6.96640015  4.        
1.17061603 1.59248304 8.68579102 4.        
-1.07861304  2.62149811  7.74810791  4.        
-1.65013099  2.27625299  5.80310106  4.        
-0.78847498  2.21501207 -7.22567701  3.        
 5.43083191 17.57626343 -5.63131714  6.        
-0.77763402  1.92784095 -6.83380079  3.        
-1.01996601  2.34190392  7.44110107  4.        
-7.02238512  6.85578203 -1.35769701  5.        
1.81378198 1.485062   5.81552076 4.        
-2.30535889  7.33325195 -0.43630999  5.        
-0.74848199  2.17966509  6.78067017  4.        
 5.74457502 13.02146912 -0.560211    6.        
 1.10049403  1.35979497 -7.76867723  3.        
 1.69245899 16.41442108 -1.99410999  6.        
-0.89942199  6.43824005  0.008942    2.        
-2.09477997  3.276932   -9.2427063   3.        
 4.03036499 16.35687256 -1.67343104  6.        
 1.14788795 -5.0149231  -1.907776    2.        
 2.71342492  0.31375101 -0.556732    2.        
-3.51482391  7.95092821 -1.47155797  5.        
-2.534729    7.20175886  0.12692299  5.        
 3.04894996  3.51480889 -0.48288     2.        
-6.04837799  7.03529406 -1.18252599  5.        
-0.87346601  1.82350898 -6.40844679  3.        
1.46295202 1.65218401 7.89227295 4.        
 0.34048501  0.81636798 -4.80743408  3.        
 6.20214081 17.37522125 -5.67333984  6.        
 4.6353302  16.00565338 -1.71154797  6.        
 6.96779585 16.22849274 -2.90161109  6.        
-0.64508098  2.48081994 -8.55810547  3.        
-5.97858381  6.99039507 -0.458801    5.        
 1.84652698 19.53974915 -4.87454224  6.        
-2.48014808  2.19556403 -4.597229    3.        
 6.92214203 15.04454803 -1.34277296  6.        
  0.97787499 -11.23859406  -2.24310303   2.        
-0.32102999  5.88131714 -0.099396    2.        
-1.41838801  2.19437408 -6.66854906  3.        
-1.86237299  2.0509491  -4.47393799  3.        
 5.84548998 17.58937073 -6.34976196  6.        
-0.37750199  1.16048396  4.24224806  4.        
 2.68167901 19.02694702 -4.57769823  6.        
 1.75547802 -1.28013599 -1.35617101  2.        
  0.054359   -15.6151123   -3.16717505   2.        
 0.49250001  0.30667099 -3.91687012  3.        
-2.58505988  1.735268    3.75705004  4.        
 8.33544922 15.63874817 -2.50540209  6.        
0.487434   0.96106702 3.81014991 4.        
 2.75765991  2.1996839  -0.59097302  2.        
-1.63970196  7.15086412 -0.389954    5.        
  1.25296795 -10.84828854  -2.00006104   2.        
2.5700531  1.04084802 4.21414185 4.        
 4.01679993 18.68087006 -6.60583496  6.        
-2.14884901  2.71202898  7.63739014  4.        
 0.913773 -1.332268  1.790802  2.      
-6.54546404  6.58560896  2.11407495  5.        
 5.06108904 17.82147217 -5.7098999   6.        
0.63474298 0.28994799 2.93090796 4.        
 4.10999298  5.40530396 -0.28185999  2.        
-0.51385498  1.54633296  4.47241211  4.        
-8.26083374  6.39143419  0.98156703  5.        
 0.61435699 -0.87623602 -3.97872901  3.        
-5.89599609  7.28056288 -1.70422399  5.        
 5.28041077 17.6618576  -5.89178514  6.        
-5.01824903  7.57479095 -2.39300489  5.        
 1.08585405  3.30571795 -0.49047899  2.        
 4.24107409  7.15393114 -0.17352299  2.        
 1.68245697 -5.33441877 -0.449799    2.        
 4.38026381 18.3092041  -5.40145922  6.        
 3.3556211   2.41719103 -0.52828997  2.        
 3.05832696 19.13426208 -5.30032396  6.        
 1.45328498 -3.63227797 -2.06674194  2.        
-1.53875005  2.05812812  9.52487183  4.        
 5.40051317 15.1366806  -1.10836804  6.        
-0.46122     2.34827399  7.58813477  4.        
 4.97981977 15.47357178 -1.51129198  6.        
 1.824615   -5.35036516 -1.31829798  2.        
-5.77888489  6.91481781  1.70410204  5.        
 4.03707123 15.29145813 -0.37560999  6.        
-0.190392    2.21801805 -8.16870117  3.        
 5.87149096 17.61231995 -5.65344191  6.        
-4.19509888  7.59996796  2.15164208  5.        
-4.50953722  7.87383318 -2.18508911  5.        
 7.52696991 16.3722229  -4.397614    6.        
 8.082901   16.28608704 -5.5557251   6.        
 5.03882599 13.46961212 -0.20105     6.        
 7.32945299 16.65792084 -3.90087891  6.        
 3.02729797  1.72704303 -0.114197    2.        
 2.6745379  19.53864288 -5.65011597  6.        
2.35112    1.29277802 6.52356005 4.        
-2.35377502  2.42081499  4.94549608  4.        
0.31105801 1.87296295 7.87887621 4.        
