2.28888702 1.42256904 2.01901293 6.        
 7.48034716 13.6446228  -9.3527832   3.        
 -0.41924301 -13.69541931  -1.67388904   2.        
-8.45783234  7.37600708  9.35223389  4.        
-9.26995087  1.81571996 -5.56958008  5.        
 0.86370802  7.4006958  -5.58950806  3.        
-5.45069122  5.29840088  1.50900304  4.        
-0.68624097 -5.55535889 -0.90744001  2.        
 6.71240997 11.2742691  -1.82873499  3.        
-2.34437609  1.63394201 -3.47232103  5.        
-2.22885895  8.76828766  6.46023607  4.        
7.33042097 3.40825605 3.73001099 6.        
 2.715523   11.27778625 -8.85388184  3.        
 2.15212202  3.64497399 -2.47375488  2.        
-9.39214325  6.25019121  4.44564819  4.        
-7.5018158   1.68174696 -1.06268299  5.        
 9.59867096 13.4355011  -5.1534729   3.        
-1.00260901  6.46678877  2.56283593  4.        
 3.57370806  7.91138506 -1.54434204  3.        
-0.43200701 -1.07646203 -0.478333    2.        
-2.12609911  2.68077111  0.71408099  2.        
 4.56853485  9.61580658 -5.34973097  3.        
-0.388962   -9.68358612 -0.825409    2.        
-5.15470886  2.0735321  -6.38610792  5.        
-6.10218811  7.85804701  6.09057617  4.        
5.3439641 2.7894671 0.095734  6.       
4.13663483 2.13838196 5.20159912 6.        
 6.64372206 12.03443909 -6.44479418  3.        
-3.91898298  6.92992401  3.872437    4.        
-4.4114151   1.58194697 -1.010162    5.        
-0.120369    1.82320404 -1.39581299  7.        
-6.81261396  2.25335693 -3.91439795  5.        
-5.47943878  8.60971069  8.89413357  4.        
-8.33835602  5.14312696  1.854828    4.        
 2.85056305  6.17671204 -3.76861596  3.        
 4.70047808 13.11460876 -9.634552    3.        
-6.69363403  6.63957977  3.61926293  4.        
 2.39450788  9.22079468 -7.02133179  3.        
4.66844893 2.7534411  2.66259789 6.        
-9.43065643  1.81558204 -2.94271803  5.        
-2.93708801  4.72014618  2.16213989  4.        
-0.72538799  3.68045807 -3.6842351   7.        
-8.49835205  7.14825392  6.74502611  4.        
 3.09931207  1.64135003 -0.410065    6.        
 4.88837385  9.71669769 -2.80337501  3.        
 7.61506701 12.16303253 -4.0219121   3.        
-2.77572608 -0.32167801 -1.28433204  2.        
 9.33783722 13.64867401 -7.66186523  3.        
-0.76577801  7.87288713  4.68814087  4.        
 4.68015289 10.9433136  -7.35293579  3.        
 0.18283799 -3.41735101 -0.45309401  2.        
 0.71422601 -0.15763099  1.40213001  6.        
2.13781691 1.41880798 4.29836988 6.        
-4.53846693  1.93185401 -3.95950294  5.        
 2.99786401  7.95775604 -5.1315608   3.        
6.83246613 3.32194495 1.62475598 6.        
-1.00778997  0.81224102  0.38922101  2.        
-4.24843597  8.6302948   7.10269213  4.        
-0.38247699 -7.62284088 -1.33471704  2.        
  0.097588   -11.66586304  -1.38320899   2.        
-7.25945997  1.90877497 -6.28491211  5.        
 5.97224379 10.90370178 -4.39849806  3.        
-2.1577301   2.26634192 -1.44952404  7.        
 6.23072815 12.32280731 -8.38806057  3.        
 1.36747706  0.63276702 -0.320831    6.        
0.53003699 0.88890803 3.09381104 6.        
6.00104523 2.76194811 5.17285204 6.        
 4.60791779  9.47000122 -0.89584398  3.        
-3.16925812  1.87657905 -5.33395386  5.        
-7.13613892  8.00105286  7.79833984  4.        
-5.76588392  2.02031708 -2.27557397  5.        
-2.59699202  3.59568    -4.01290894  7.        
 3.81362104  7.96272993 -3.42272902  3.        
 1.70320106  1.75727797 -1.88562     2.        
-0.94891399 -2.4737401  -1.63229406  2.        
-6.81433105  4.64626312  0.42474401  4.        
-3.69371009  7.949821    5.39593506  4.        
-7.80738783  7.0764308   5.02383423  4.        
-4.05591583  5.03199005  0.335114    4.        
3.71160102 2.2634201  1.13946497 6.        
 8.37075043 12.90702057 -6.32122803  3.        
-2.0791471   6.86447906  3.91311693  4.        
-5.94677687  1.461761   -0.13613901  5.        
 0.18391401  0.14431    -1.79962206  2.        
 0.70277399 -1.75242603  0.66516101  2.        
 7.91990709 12.63996124 -7.99478197  3.        
 0.73033899  8.42144775 -6.95736694  3.        
-5.15213013  6.20170593  2.93191504  4.        
-3.26023102  1.20103502 -2.16259789  5.        
3.49031091 2.13583302 3.67858911 6.        
-8.22232819  6.01158905  3.25180006  4.        
-5.38606977  7.29018402  4.71948195  4.        
-7.85690308  2.13532305 -2.603333    5.        
 5.49052382 10.81355286 -5.93392897  3.        
-1.58664703  0.79158002 -1.14938295  2.        
 4.17301178 11.89468384 -8.53985596  3.        
 2.82913995  6.68953705 -2.2341001   3.        
 0.23085     2.60558295 -3.02270508  7.        
-6.81405592  5.80373383  2.29226708  4.        
-8.49542236  2.15212989 -4.24572802  5.        
 2.46205091  5.19972992 -2.56170702  2.        
 1.81584203 10.10901642 -8.17752075  3.        
-7.05149794  8.14542389  9.34918213  4.        
 3.71708703  9.97400665 -6.64248705  3.        
-1.75057197  2.9812851  -2.7996521   7.        
5.87078094 3.00279188 3.65878296 6.        
-5.69452715  2.19044495 -4.975739    5.        
-1.43134296 -0.99304199 -1.59558105  2.        
 1.68081701  6.8141942  -4.47833204  3.        
-2.21437097  7.97344208  5.05889893  4.        
 7.76526594 12.08349609 -2.51498389  3.        
-3.30451202  5.9679718   2.88796997  4.        
-5.79872894  8.47853947  7.41162109  4.        
 5.63087511 10.36682892 -1.43582201  3.        
-1.93109095  0.185371   -2.42971802  2.        
 8.8542099  12.92697144 -4.00540209  3.        
-2.94048309  3.84529901  1.00112903  2.        
 5.91248322 10.72859192 -2.95355201  3.        
 6.06138611 13.4233017  -9.29086304  3.        
 1.88487995  8.42021942 -5.96148682  3.        
-9.41313934  6.35427904  5.85882616  4.        
-0.93953699 -4.17073107 -1.01779199  2.        
-1.82750702  5.69401503  1.72802699  4.        
 4.39906311  9.16879272 -3.99804711  3.        
 7.07940722 11.50959015 -5.12481689  3.        
5.43274689 2.93372297 1.47427404 6.        
-1.75792694  1.72961402  1.65652502  2.        
2.16004896 1.168823   0.66983002 6.        
-5.45806885  4.51052094  0.33245799  4.        
 3.14872003 10.56285858 -7.77526903  3.        
-4.42005205  1.80215502 -2.52774096  5.        
 0.041573    0.72814202 -0.559174    2.        
-4.14768219  5.28466797  1.99975598  4.        
 1.79333496  4.54122877 -3.51168799  2.        
-8.82173157  7.03161621  8.01364136  4.        
-3.11148095  1.19316101 -0.85888702  5.        
 3.11437201  9.01347256 -5.94888306  3.        
-7.32581282  7.68321991  6.54144287  4.        
-0.65181702  7.24372101  3.55142212  4.        
 4.11016893  8.79556274 -2.34674096  3.        
-4.45102692  2.00114393 -5.30206299  5.        
-9.74069977  1.75136602 -4.37237597  5.        
3.38155389 2.17019606 2.39614892 6.        
 4.23106384  2.18668389 -0.13479599  6.        
4.65019178 2.55335999 4.02410889 6.        
 9.74069214 13.52093506 -6.45669603  3.        
 5.81044817 11.51844788 -7.39651489  3.        
-8.71559143  1.75662196 -1.75314295  5.        
 0.117973   -2.00658393 -1.12322998  2.        
-7.37306213  2.20812201 -5.0345149   5.        
 8.56050873 13.67147064 -8.64276123  3.        
 -0.80576301 -10.72264099  -1.36776698   2.        
-4.8142848   8.06503296  5.91455078  4.        
 6.79507494 11.52178955 -3.35119605  3.        
 1.620224    2.55837202 -2.81729102  2.        
-6.59817505  7.28656816  5.10437012  4.        
1.71316504 1.21207404 3.14111304 6.        
-2.99707794  8.89473724  7.40393114  4.        
-0.387817   -6.68479919 -0.559448    2.        
 8.32472229 12.7095108  -5.12313795  3.        
-0.79253399  2.5899961  -2.17764306  7.        
-4.42358398  8.85023499  8.36108398  4.        
-2.05115509  1.40638697  0.42553699  2.        
 5.33472395  9.90579224 -3.89816308  3.        
-3.35647607  1.81977797 -4.08914185  5.        
-5.71132708  2.14712501 -3.46740699  5.        
-0.96295899 -8.68509674 -1.13382006  2.        
6.0989151  2.97576904 2.49209595 6.        
-1.18946803 -0.191696   -0.218018    2.        
-2.1282959   6.120049    2.84628296  4.        
 4.00544024  8.5762558  -5.10641479  3.        
 0.919052   -0.64884901  0.30648801  6.        
-2.22773004  2.06697798 -4.55755615  5.        
 1.13152301  0.83132201 -1.45806897  2.        
 3.36377692  7.13559723 -4.19278002  3.        
-6.28526306  1.80409205 -1.25295997  5.        
1.53729999 0.65391499 1.59500098 6.        
 7.00994921 12.08255005 -7.55175781  3.        
  0.38494101 -12.8795166   -1.52474999   2.        
 5.13680315 12.57479095 -8.65557861  3.        
 7.193748   12.48509216 -8.984375    3.        
-3.32129693  8.46857452  6.3458252   4.        
 0.62385601  1.77683306 -2.2467351   2.        
-3.08875299  7.33402205  4.52044678  4.        
3.18366194 1.72956097 4.76141405 6.        
-7.30423689  5.14878893  1.29672205  4.        
-0.042152   -2.25441003 -0.045135    2.        
-1.16758001  1.97236598 -1.039886    7.        
 3.48187304 11.88664246 -9.40536499  3.        
-4.76059723  1.53952801  0.033844    5.        
-6.74907684  2.18043494 -2.81796288  5.        
 1.25823998  9.24867153 -7.45486498  3.        
-8.06399536  7.82526398  8.43185425  4.        
 0.34059101 -5.47354889 -0.53036499  2.        
-3.59735894  4.68253279  1.28027296  4.        
 7.46512604 12.34664154 -5.7024231   3.        
-7.7424469   6.57211304  4.04855299  4.        
7.12534285 3.26508307 2.67611694 6.        
 4.76802111 10.1153717  -6.42800903  3.        
-8.22962856  2.00160193 -5.78067017  5.        
-6.23648119  2.10472107 -5.89825392  5.        
2.63143206 1.75035095 3.087677   6.        
 1.93607295  5.58348799 -3.68103004  2.        
-2.15562391  4.27002001  1.59847999  2.        
 4.45215607  8.49613857 -1.38720703  3.        
 1.78172302  7.65602112 -5.1529851   3.        
 3.32611895  7.01847076 -3.15335107  3.        
-0.72074097  0.211227   -1.07815599  2.        
-5.2159729   6.67179108  3.89663696  4.        
-1.57609606  3.94061303 -4.22122192  7.        
-3.32823896  1.74121106 -3.04571509  5.        
 8.74532318 12.84437561 -7.38574219  3.        
6.79682922 3.07984209 4.59347486 6.        
 0.65055799 -0.161751   -0.93457001  2.        
-6.44313812  8.39250946  8.55865479  4.        
-4.35764313  7.50191498  4.75320387  4.        
 7.49778795 12.53147888 -6.72399902  3.        
 5.39717102 10.22907257 -4.91656494  3.        
-2.54624891  0.61817199 -1.62396204  5.        
-8.74188995  6.67395782  5.12435913  4.        
4.56728411 2.64077806 0.74264503 6.        
 6.23148394 11.52870178 -5.67431593  3.        
1.39276898 0.32834601 0.65145898 6.        
-1.49166906  2.96714807 -3.77362108  7.        
 5.00745392 11.883461   -7.88354492  3.        
-2.56033301  2.75704193 -2.24572802  7.        
-1.30731201  2.12220812  0.56310999  2.        
3.01612902 1.77934301 0.608154   6.        
-0.68427998 -2.97094011 -0.80599999  2.        
-1.95028698  1.16239202 -2.68551612  5.        
 4.85241699  9.28756046 -1.835724    3.        
-0.301231   -4.74258423 -0.37570199  2.        
0.643318   0.473122   2.21283007 6.        
-7.06322479  1.86907995 -1.94305396  5.        
-3.73362708  1.45730603 -0.153809    5.        
-5.32054901  1.82292199 -1.39727795  5.        
-3.02361298  6.51180315  3.64556909  4.        
5.03428698 2.44165802 4.99471998 6.        
-9.33506775  6.62256622  6.7807622   4.        
 3.47106194  7.7637248  -2.546417    3.        
-5.82705688  5.81790209  2.36508203  4.        
-4.27378082  6.02561188  3.27920508  4.        
 8.19367981 12.50424957 -3.26403809  3.        
 3.60053205  8.08132935 -4.39050293  3.        
-4.64147186  4.95769501  1.12551904  4.        
-1.48096502  8.36151123  5.53683519  4.        
-6.36941481  4.95352221  1.29656994  4.        
 2.16942596  1.14990997 -0.28964201  6.        
-8.55702972  2.04807997 -3.24713111  5.        
 3.86477709 11.21685791 -7.9442749   3.        
-7.89715576  7.60054779  7.31994581  4.        
 2.52245307  7.32912397 -4.6072998   3.        
-7.73980713  5.699821    2.44998193  4.        
 1.65075696  8.63510895 -6.850739    3.        
4.49607897 2.75880408 1.73532104 6.        
-0.686508    2.9427259  -3.04022193  7.        
-8.07527161  7.20824385  5.91635084  4.        
-1.61126697  7.58184099  4.42633104  4.        
-7.66520691  2.19857788 -3.54476905  5.        
-0.696365  1.134323 -0.974792  2.      
-9.08055878  5.83141279  3.67782593  4.        
-0.59046203 -1.35712397 -1.34805298  2.        
 1.74131799  2.91599298 -1.970734    2.        
-2.73013306  3.21826196 -3.181427    7.        
 1.43292201  3.80664802 -3.02511597  2.        
6.20416307 3.03488207 0.98577899 6.        
1.27087402 1.21733105 3.94207811 6.        
-5.41395617  8.34249878  6.59298706  4.        
-6.0915451   6.96330976  4.24490404  4.        
2.95502496 1.87900496 1.60110497 6.        
-2.04803491  3.31923699  1.35510302  2.        
 6.76677704 11.68218231 -4.23635912  3.        
 -0.39791101 -12.41632843  -1.40570104   2.        
-6.74226379  1.75587499 -0.434387    5.        
 4.23421478 12.36348724 -9.35446167  3.        
 2.87098694  5.95490313 -2.80255103  3.        
 9.01093292 13.37316895 -5.91619921  3.        
-2.19175696 -0.60810101 -2.13919091  2.        
 0.98077399  8.11574459 -6.09542799  3.        
-4.94721985  5.72057295  2.21990991  4.        
-2.86299109  8.1912384   5.64395094  4.        
 7.86950684 13.02672577 -8.82894897  3.        
-5.21605682  8.60358429  8.05636597  4.        
-1.00729406 -7.23861694 -0.84207201  2.        
 -0.041039   -10.29282379  -1.36856103   2.        
-3.91870093  1.59280396 -1.73242199  5.        
 2.48364305 10.02326965 -7.6003418   3.        
-2.87522888  2.98242903  1.12277198  2.        
 4.24497223  8.69081116 -3.205688    3.        
-1.50485206 -1.76232898 -1.18939197  2.        
-0.657745   -2.008461   -0.72729498  2.        
-1.34439898  6.71189117  3.32446289  4.        
 3.90696692 10.45702362 -7.33816481  3.        
-1.42087495  1.20738196 -0.263062    2.        
 6.08294678 10.72526646 -2.10434008  3.        
 5.90206194 11.36710358 -6.54922485  3.        
-5.96800184  6.36092377  3.16799903  4.        
-8.61838531  5.56085205  2.63159204  4.        
-7.21711683  6.110466    2.99951196  4.        
-2.40252709  5.46728516  2.35733008  4.        
-0.34322399 -9.11199856 -1.54867601  2.        
-1.47656202  1.10766602  1.04315197  2.        
-7.18595123  7.52204895  5.68170214  4.        
-6.43752289  8.12353516  6.82766724  4.        
-3.66255212  8.85824585  7.98409986  4.        
-0.61579901 -6.31635284 -1.280334    2.        
 7.57710314 12.40706635 -4.82531691  3.        
-6.52993822  2.13689399 -4.90051317  5.        
 2.50901008 10.6313324  -8.31323242  3.        
1.58187902 1.06225598 2.32540894 6.        
4.0842061  2.48325396 3.20153809 6.        
-1.67240095  2.7467351  -2.          7.        
-7.72527313  7.74947405  9.64544678  4.        
-4.94714403  2.01599097 -3.15689111  5.        
 2.15037489  4.4393692  -2.71942091  2.        
 3.96114302  9.39260101 -6.10177612  3.        
 7.0547328  11.65662384 -2.48977709  3.        
5.43772888 2.76757097 4.32543898 6.        
 3.53128004 11.37030029 -8.74679565  3.        
-8.59674835  6.37617493  4.26126099  4.        
-0.12896    -0.33232901 -0.72308302  2.        
-6.90033007  6.95413208  4.41287184  4.        
 8.87695312 13.38673401 -6.75961304  3.        
6.64034319 3.10042596 3.3899231  6.        
-3.80256701  1.85590398 -4.77682495  5.        
 0.23197199  0.93707299 -1.59518397  2.        
-1.99099004  2.14987206  0.089691    2.        
 7.08352709 12.66398621 -8.12182617  3.        
 4.82365417  9.56879425 -4.57489014  3.        
3.83473206 2.2089839  4.44607496 6.        
-5.58538818  7.62541199  5.43603516  4.        
 5.44985199 10.22162628 -2.21716309  3.        
-8.86609554  6.99511003  6.03509521  4.        
-9.20178986  1.90416002 -3.78274488  5.        
-5.27116394  1.65959203 -0.602386    5.        
-0.90908098 -0.57099199 -0.96154797  2.        
2.83598304 1.74154699 3.95459008 6.        
 5.84706879 10.94342804 -5.21606398  3.        
 5.19326019 11.00510406 -6.70962477  3.        
-4.0948329   1.85295904 -3.28622389  5.        
-0.57211298  0.32393599 -0.13290399  2.        
-3.457901    5.31649017  2.43399096  4.        
 0.087219    2.40675402 -2.25289893  7.        
5.36879683 2.96734595 3.02700806 6.        
-5.29640198  2.09614611 -4.18008423  5.        
 0.59752703 -0.930641    0.989838    6.        
 2.96613312  9.55219269 -6.56137085  3.        
-3.24504089  4.03821611  1.72055101  2.        
 6.35749817 10.75514984 -3.62344408  3.        
-8.65224457  2.01332903 -5.10137892  5.        
-7.92506409  1.87030005 -1.73303199  5.        
-2.55343604  0.71172303 -2.42410302  5.        
 5.56469011 10.02593231 -3.08584595  3.        
-0.497078    2.93225098 -3.81485009  7.        
-7.31484222  8.03092194  8.58285522  4.        
 6.80573988 13.2193222  -9.13031006  3.        
 2.61339593  5.40465498 -3.32772803  3.        
 5.40384722 12.98052979 -9.31393433  3.        
 8.45140839 13.34871674 -7.93646193  3.        
 2.11495996  6.37323809 -3.94628906  3.        
5.33006287 2.94821191 2.24762011 6.        
-2.11187696 -0.72781402 -1.31988502  2.        
 7.9383769  12.93387604 -7.27413893  3.        
-4.30675507  4.31812286  0.83508301  4.        
-4.11371613  8.29116821  6.16345215  4.        
-0.16595501 -4.09599304 -0.78356898  2.        
-1.06535304 -9.38738155 -1.48800695  2.        
 7.51864576 11.97822571 -3.24221802  3.        
 2.63140893  8.31087494 -5.79892015  3.        
 8.16329193 12.59173584 -4.35870409  3.        
 -0.061775   -10.96539307  -0.99200398   2.        
-0.54631001 -4.82138109 -1.13552904  2.        
 8.97159576 13.07909393 -4.88815308  3.        
 1.25189996  2.32355499 -2.13848901  2.        
 6.35945892 11.4438324  -4.86935377  3.        
 5.069664   10.19955444 -5.73052979  3.        
-5.13806915  2.10057807 -5.61758423  5.        
-6.55675507  1.69490004 -6.47320604  5.        
-6.15325212  4.85020494  0.121185    4.        
 3.21277595  7.28418684 -1.97058105  3.        
 1.00532496  1.55822802 -1.59967005  2.        
-6.12465715  2.10413408 -4.26944017  5.        
 2.43716407  8.722229   -6.39596605  3.        
3.6909101  1.95481098 0.33194    6.        
 3.96003699  8.569664   -3.90683007  3.        
-4.77249193  4.81040192  0.405853    4.        
-4.98157501  8.54846191  7.20465088  4.        
 6.483078   11.24610901 -2.73403907  3.        
-4.63087511  1.79673803 -1.77419996  5.        
-6.40172577  8.3123703   7.82351685  4.        
4.11102295 2.44176507 2.28976393 6.        
-0.33553299 -8.92816925 -0.83126801  2.        
-4.74487305  7.02914381  4.34030104  4.        
 3.28335595  8.61064911 -5.3122859   3.        
 5.19368696  9.85209656 -1.117401    3.        
-4.12030792  5.65750122  2.66455102  4.        
-2.32056403  7.39919996  4.44470215  4.        
-0.21152499 -8.33224487 -1.36975098  2.        
 -0.698982   -11.76647186  -1.54937696   2.        
 1.89092195  9.61273956 -7.45571899  3.        
-5.59447479  5.0006938   0.85479701  4.        
-8.6762619   1.90293097 -2.46420288  5.        
 6.29001617 12.17498016 -7.58862305  3.        
-7.55268908  2.19412208 -4.33047485  5.        
-0.23468    -1.55303204  0.031952    2.        
 6.03610182 12.96188354 -8.73336792  3.        
-2.17346907  8.34416962  5.80142212  4.        
-6.91689301  2.06218004 -5.65936279  5.        
-0.87759399 -8.09542942 -0.72671503  2.        
-6.32912397  5.46437788  1.88122594  4.        
 4.87016296  9.4171524  -3.45742798  3.        
 0.048599   -2.6143949  -0.66095001  2.        
-9.15423584  7.00854492  7.35961914  4.        
-0.147774   -5.4644928  -1.37359595  2.        
-2.74113488  1.442734   -2.76022291  5.        
 6.16404676 10.83735657 -1.37069702  3.        
 0.60556     0.54728699 -1.00118995  2.        
-3.68236494  6.42393494  3.38644409  4.        
  0.14331099 -13.65299225  -1.23898304   2.        
-2.26069593  5.12964582  1.74804699  4.        
2.33161902 1.43664598 1.30511498 6.        
-2.87581611  1.77782404 -4.60830688  5.        
-1.51534295  6.00878096  2.39605689  4.        
-4.74079895  2.00687408 -4.6567378   5.        
-5.84989214  2.1666491  -6.48727417  5.        
 5.64119005 10.48951721 -3.61444092  3.        
 4.26781511  9.1517334  -4.69650316  3.        
 4.07449293  8.23239136 -1.92388904  3.        
 5.59273481 12.23892975 -8.04678345  3.        
-8.65873718  7.22696686  8.66732788  4.        
5.23946381 2.88333106 0.78295898 6.        
6.12382507 2.89090705 4.40075684 6.        
-4.563591    2.13824511 -6.01580811  5.        
 2.76863909  6.7589488  -4.28567505  3.        
-2.34063005  6.42197418  3.44232202  4.        
-3.01121497  7.84101105  5.05996704  4.        
-1.22878301  2.27163696 -1.66540504  7.        
6.13499498 2.96256995 1.79760695 6.        
 3.83390808  8.466362   -1.07211304  3.        
-9.0997467   1.96951306 -4.57348585  5.        
-1.19264996  7.23951721  3.99301195  4.        
 6.83422089 12.07046509 -5.63778687  3.        
-7.97220612  1.75427997 -6.37197924  5.        
 0.209877   -1.27090502 -0.64007598  2.        
-0.419617   -3.51413012 -1.13406396  2.        
 3.16313195 10.16020966 -7.2185359   3.        
 5.12399292 11.46217346 -7.30502319  3.        
-3.83521295  1.99296606 -5.60040283  5.        
2.79192305 1.80896795 2.27468896 6.        
 -0.25929299 -10.92627716  -1.72406006   2.        
-2.05864692  3.20992303 -3.47961402  7.        
 1.34977698  7.13996077 -5.03622389  3.        
-4.65634203  7.78461504  5.29754591  4.        
-2.12202501  1.548576   -4.11160278  5.        
-7.29843092  5.4334178   1.98681605  4.        
-8.28447723  7.43541718  7.89892578  4.        
-3.49626207  8.62499237  7.02697802  4.        
-4.61452484  6.39246416  3.75338793  4.        
 3.30956292  7.54037523 -3.65130591  3.        
 1.61121404  3.2600019  -2.60739112  2.        
1.24066198 0.77886999 2.92633104 6.        
 4.61763     9.06886292 -2.69979906  3.        
-1.72668505  2.213341    1.08349597  2.        
-1.19728804  1.48133099  0.31103501  2.        
2.76211596 1.36955297 0.137207   6.        
-1.17056298 -2.35869598 -0.98849499  2.        
-0.20782501 -6.01442003 -0.79721099  2.        
-1.50665998  7.92319489  5.02819777  4.        
 2.864151    6.52581787 -3.15451097  3.        
 4.51775408 11.35398102 -8.00323486  3.        
 3.8079679   8.38623047 -2.79974389  3.        
-5.86930084  8.48207855  8.19110107  4.        
 4.37052107 10.57204437 -6.87072802  3.        
 -0.267921   -13.06458282  -1.49771094   2.        
-5.09238386  1.97748601 -2.50827003  5.        
2.24120307 1.41114795 3.64120507 6.        
-0.80121601 -9.99081421 -1.43386805  2.        
-7.04954481  7.90034485  7.10098314  4.        
-3.7860949   1.40423596 -0.89306599  5.        
 3.3475039  10.86899567 -8.32565308  3.        
-4.489326    8.75003815  7.70571899  4.        
 1.49237096  7.72864485 -5.74182081  3.        
-9.31098175  6.33995819  5.1254878   4.        
5.23339081 2.75446296 3.69854689 6.        
 2.34313202  7.99108887 -5.23208618  3.        
-3.80590105  1.58341205 -2.61361694  5.        
-1.59819806 -0.43788901 -1.91409302  2.        
-8.01849365  2.14679003 -4.92965698  5.        
-3.30282593  1.20177495 -1.50808704  5.        
 6.35423279 11.55895233 -7.03231812  3.        
 8.10584259 12.70377254 -5.75720215  3.        
-1.13542902  0.49552199 -0.42007399  2.        
-1.69394696  1.80387104 -1.45831299  7.        
-5.47093201  7.98645782  5.96997118  4.        
-0.225098    0.61030602 -1.22274804  2.        
2.18193007 1.26946294 2.64288306 6.        
 0.54248798 -1.55496204  0.065826    2.        
-6.30856323  1.89524806 -1.94015503  5.        
1.80664802 0.89416498 0.18450899 6.        
3.68875098 2.24682593 1.83001697 6.        
-7.99463701  7.54389191  6.66171312  4.        
 1.14441705 -0.31044     0.94589198  6.        
-3.72348809  7.59111786  4.8190918   4.        
-6.0390172   2.10299706 -2.85217309  5.        
 3.1271131   7.66511488 -4.57360792  3.        
-3.57790399  4.82648516  2.03527808  4.        
-0.52681702 -6.93723297 -1.146698    2.        
 7.25363207 13.04170227 -8.65127563  3.        
 3.84031701  8.96590424 -5.63882494  3.        
 2.14746094  4.98621416 -3.19164991  2.        
 7.10219622 11.9736557  -6.88577318  3.        
-0.47228199  2.13642907 -1.82681298  7.        
 7.45732117 12.61566925 -7.55581713  3.        
-4.61096191  8.47188568  6.60195923  4.        
-4.84865618  5.33646393  1.71490502  4.        
 4.82898712 12.62799072 -9.24597168  3.        
-2.95693994  1.58107805 -3.6559751   5.        
 7.48480177 11.80408478 -4.52993822  3.        
1.68613398 0.86007702 1.01272595 6.        
-6.34314013  2.19928002 -3.43508911  5.        
-7.61848497  2.08144403 -5.63275194  5.        
-5.87019396  1.63194299 -0.80746502  5.        
-6.45561981  8.30461884  9.20809937  4.        
 3.68714094  1.86114502 -0.33914199  6.        
  0.27577201 -12.32240295  -1.25118995   2.        
-0.97848499 -3.55421495 -0.84890699  2.        
-2.87441301  8.73137665  6.70001221  4.        
-2.81697798  6.87020922  4.11709595  4.        
 6.60139513 12.65652466 -8.88269043  3.        
 5.53011322 10.45879364 -4.22845507  3.        
4.53177595 2.42212701 4.62298584 6.        
 4.2792592   8.9694519  -1.75286901  3.        
-6.66337585  7.78177595  6.35946703  4.        
 3.06305695  6.80799103 -3.67608595  3.        
-7.97611189  7.73255205  9.04037476  4.        
-1.18280804  3.46106696 -4.20297194  7.        
-4.31002808  1.46604204 -0.38540599  5.        
-8.83561707  6.01530504  3.14071703  4.        
-5.82966614  6.6735611   3.76565504  4.        
 5.29872084 10.47293854 -6.41381788  3.        
0.99128002 0.85181397 3.5032649  6.        
-5.95484877  7.24520922  4.95635986  4.        
 9.54863739 13.59403229 -7.03887892  3.        
-2.40434289  3.22980499  0.74517798  2.        
-0.68830901  1.63318598 -1.54421997  7.        
 4.58568621 12.31407928 -8.73355103  3.        
 8.75226593 12.95285034 -5.49108887  3.        
-7.89180803  5.38438416  1.50973499  4.        
 6.7673111  11.17658997 -3.85775805  3.        
-2.19941711  0.054512   -1.89486694  2.        
4.77076721 2.67873406 3.30584693 6.        
 3.31774092  6.98188019 -2.54306006  3.        
-6.96354723  1.75923204 -1.33651698  5.        
 5.14263201  9.82276917 -1.841766    3.        
4.1019969  2.39474511 3.81213403 6.        
-8.10244846  6.77912903  4.58270311  4.        
5.85143995 2.95302606 0.49819899 6.        
6.62124586 3.13805389 4.01522779 6.        
-1.21949005  2.77825189 -2.56564307  7.        
 4.52616119  9.85577393 -5.90365601  3.        
 7.99159193 13.59250641 -9.00488281  3.        
-8.51844025  7.38835096  7.29989576  4.        
-0.75548601  6.75451708  3.03314209  4.        
-0.26926401  2.70114112 -2.64144897  7.        
4.72460222 2.424896   0.116425   6.        
-1.94276404  3.42546105 -4.03018188  7.        
 6.49585676 11.43439484 -6.20733595  3.        
-7.34246778  2.13864899 -3.04028296  5.        
 1.47774506  8.23187256 -6.413239    3.        
 8.97540283 13.64084625 -8.20901489  3.        
-0.65643299 -0.52910602 -0.37313801  2.        
1.05951703 0.29357901 1.634552   6.        
-6.3352809   7.54558611  5.63528395  4.        
 1.99783301  7.16812086 -4.84570312  3.        
-5.33762407  1.39708698  0.096191    5.        
 7.51087904 11.81002045 -5.44418287  3.        
 7.1568532  12.22395325 -6.20581102  3.        
-0.90464801 -1.90203094 -1.46832299  2.        
6.68721819 3.21353889 2.19256592 6.        
-4.93499804  8.72455597  8.6401062   4.        
-2.65405297  2.09279609 -5.06292677  5.        
 4.33060503  9.04095459 -5.3097229   3.        
 7.1568222  11.78028107 -3.79843092  3.        
3.58699012 2.20366693 3.03521705 6.        
 0.103584    0.012962   -1.22720301  2.        
-2.7153399   6.02905989  2.89584303  4.        
-2.40177894  3.82834601  1.29007006  2.        
-3.93052697  1.86970496 -3.95492506  5.        
 6.05721998 10.97866821 -5.80450392  3.        
-7.15813494  7.19382477  4.94052076  4.        
-4.08876801  4.94517517  1.47488403  4.        
-0.395798   -3.49583411 -0.53643799  2.        
-0.20652001  3.24675798 -3.40975904  7.        
 7.11709595 12.09645081 -5.08874512  3.        
-7.71803284  6.36406708  3.49792504  4.        
 9.56186676 13.52926636 -5.7805481   3.        
-5.73648787  2.1258769  -5.58871508  5.        
2.60888696 1.66075099 4.55215502 6.        
-9.71250153  1.68414295 -3.59484911  5.        
-0.34326199 -5.39073181 -0.46197501  2.        
-0.68614203  7.51921082  4.07199097  4.        
-0.749268   -0.077782    0.25119001  2.        
-0.27514601  1.249771   -1.39968896  7.        
 1.79585302  9.03878021 -7.2434392   3.        
-2.97171807  5.5354228   2.66519189  4.        
-0.472794   -2.42784095 -1.08438098  2.        
 3.91422296  8.57214355 -4.48602295  3.        
 2.22077203  6.9464488  -4.25799608  3.        
 4.81133986  9.64654541 -4.00106812  3.        
-6.8836441   4.88435411  0.99960297  4.        
-0.30748701 -9.69783783 -1.48486304  2.        
-6.46063185  6.21920776  2.90454102  4.        
-1.22409797  3.09011793 -3.27944994  7.        
-3.80886102  7.22473097  4.35397291  4.        
-0.28500399 -1.52529097 -0.80670202  2.        
 5.60995483 10.14306641 -0.85437     3.        
-8.50457001  6.16004181  3.74014306  4.        
 2.07698798  2.4759059  -2.11251807  2.        
-2.72091699  4.38206482  1.75549304  2.        
 6.57887316 12.12982178 -7.09851122  3.        
-8.43363857  7.05213881  5.50204515  4.        
-3.38395691  6.90482283  4.11380005  4.        
 4.77481794  8.99243927 -1.35803199  3.        
-1.52561903  6.35087585  2.92684889  4.        
1.19206202 0.60876501 2.24362206 6.        
-2.32385993  3.10597992 -2.80484009  7.        
 8.24523926 12.98647308 -8.40899658  3.        
 7.82522583 12.75719547 -6.24359083  3.        
 0.68492901  7.92940521 -6.68557692  3.        
-2.34267402  2.29173994 -1.98162794  7.        
 8.64581299 12.84454346 -3.48831201  3.        
-7.33880615  2.12406898 -2.38253808  5.        
 3.88663507 12.06713867 -8.99264526  3.        
6.0501709  3.04945397 3.12771606 6.        
-9.52627563  6.85575914  5.63131714  4.        
-6.25334883  4.94155121  0.66619903  4.        
-2.77175903  8.63213444  6.15798998  4.        
-8.76469421  1.77948797 -5.80835009  5.        
-2.63768005  1.78798699 -4.06677198  5.        
-0.47978199  0.59197998 -0.70852703  2.        
 1.44759405  3.75572205 -2.40789795  2.        
 -0.48614499 -11.21363068  -1.30200195   2.        
-3.86486793  8.45697021  6.63400316  4.        
-6.84855604  8.28313446  8.1930542   4.        
-0.89166999  1.08529699 -0.146942    2.        
 5.85653687 10.28574371 -2.62371802  3.        
 1.17977095 -0.107414    0.38348401  6.        
-2.04117608  1.90478504  0.74890101  2.        
-5.16092682  1.894135   -1.92181396  5.        
 8.75654602 13.39308929 -7.45074511  3.        
1.89080799 1.078354   1.60116601 6.        
1.39160895 0.15650199 1.175964   6.        
 5.74689484 12.5881958  -8.44903564  3.        
 2.59115601  9.73155975 -7.0874629   3.        
 3.1252439  11.56552124 -9.08380127  3.        
-1.77839696  2.50083899 -2.48101807  7.        
-9.40770721  1.80333698 -5.03726196  5.        
5.5489502  2.72254896 4.86190796 6.        
 8.19155884 12.56612396 -3.81054711  3.        
-5.5524292   6.90835619  4.33377123  4.        
4.11699677 2.29543304 0.394104   6.        
 2.44322991  5.81227922 -3.71890306  3.        
 0.400208   -2.06958008  0.33520499  2.        
-5.55406189  5.44618177  2.06796288  4.        
4.96100616 2.74597907 1.23468006 6.        
7.38120317 3.33526611 3.15515089 6.        
-8.19898224  2.14106011 -3.65103197  5.        
-0.840927   -6.56552887 -0.84197998  2.        
 -0.36957601 -10.23557281  -0.93490601   2.        
-2.27246904  2.80265808  0.201447    2.        
-7.76194     5.99487305  2.95776391  4.        
 0.88699299  8.92705536 -6.82138109  3.        
-7.60314894  7.83379412  8.02737427  4.        
6.52988386 3.10811591 2.80053711 6.        
 6.94597578 11.65341187 -5.98892212  3.        
 1.50943005  9.75066376 -7.82025194  3.        
-0.301018   -1.01678503 -1.03613305  2.        
-6.88407898  2.19826508 -4.49163818  5.        
-1.18632495 -1.47307599 -1.66946399  2.        
-5.75028181  1.977844   -1.69262695  5.        
3.36449409 2.00201392 4.19039917 6.        
 5.40947723 10.51729584 -5.4498601   3.        
 5.15792084 10.10858917 -4.4439702   3.        
4.08834124 2.49144697 1.45748901 6.        
-3.64650702  8.19103241  5.87976122  4.        
-6.39857483  2.21076989 -6.53045607  5.        
-3.59588599  4.93831587  0.80206299  4.        
 -0.209938   -11.76820374  -1.81799304   2.        
 -0.24424    -11.90772247  -1.03936803   2.        
-0.201141    2.53134203 -3.34039307  7.        
 6.7094121  12.25857544 -8.1440134   3.        
 4.92852783 12.19777679 -8.31689453  3.        
 8.40872955 12.9822464  -6.85552979  3.        
-5.91039324  8.15084839  6.68624878  4.        
-2.04795098  0.66494799 -1.39999402  5.        
-2.90618896  0.85028797 -1.29684401  5.        
 4.38513184  8.98638916 -0.97622699  3.        
-4.59954786  5.88837385  2.74585009  4.        
3.74968004 1.81553698 5.01321411 6.        
 5.09993696  9.90033722 -3.40203905  3.        
-8.98540497  7.01111603  6.56286621  4.        
-4.24706984  1.94316101 -4.45416307  5.        
 4.39033508  9.14590454 -3.45135498  3.        
 3.50162506  9.55702209 -6.3260498   3.        
 0.80116302 -1.16576397  0.55209398  2.        
-0.82064098 -1.49775696 -0.83050501  2.        
 6.71112823 13.61684418 -9.47814941  3.        
-6.94747877  2.22491503 -3.39269996  5.        
 4.14694214 10.95098877 -7.40359497  3.        
 5.05819702  9.54750061 -2.29342604  3.        
-6.69572401  2.00209808 -2.3157649   5.        
-0.69524401 -9.17761993 -1.139557    2.        
 2.64363909  1.36085498 -0.42715499  6.        
-0.19487    -1.95228601 -0.459564    2.        
 3.77549696  7.77924299 -2.02185106  3.        
-4.92678785  1.75572205 -1.04150403  5.        
 0.010452    1.93614197 -1.94058204  7.        
-8.18202972  5.45515394  2.27508497  4.        
 0.093903   -3.9518199  -0.33944699  2.        
-7.64076996  7.22293091  5.50994921  4.        
 0.57324201  1.34188795 -1.82775903  2.        
-9.27261353  6.27641296  3.90194702  4.        
-3.79921007  8.64526367  7.5149231   4.        
-5.44260406  1.95983899 -2.97015405  5.        
-6.29744005  4.41259813  0.38565099  4.        
-8.97225857  6.52323103  4.62106323  4.        
 6.34169817 11.11062622 -5.30981398  3.        
2.79667711 1.62119305 1.06375098 6.        
-7.71934509  7.53800201  6.12768602  4.        
 0.95595598  8.81480408 -7.43652296  3.        
 1.39538598  1.99657404 -1.52835095  2.        
-5.21800184  6.42215681  3.40765405  4.        
-0.68164802 -0.036346   -0.56191999  2.        
-4.14569092  4.81092119  0.934753    4.        
 5.80256701 10.8482132  -6.35684204  3.        
 2.0446701   9.00038147 -6.60928297  3.        
-2.14376807  3.86501288 -4.23776197  7.        
 -0.078003   -12.71416473  -1.11315894   2.        
-1.84060705  6.57824707  3.48580909  4.        
-1.76182604 -0.92662799 -2.01644897  2.        
-7.48918104  7.91090393  9.12445068  4.        
 4.38229418  9.34375763 -5.75866699  3.        
-6.66075897  8.10847473  7.41455078  4.        
3.10604095 1.92787898 3.2255249  6.        
 5.84125519 11.83629608 -7.81988478  3.        
7.13545179 3.25985003 4.19393921 6.        
 6.32821703 11.33242035 -4.35812378  3.        
3.23924303 2.06947303 1.02172899 6.        
-5.99316406  8.51354218  8.93093872  4.        
-3.17407203  4.60504103  1.61642504  4.        
5.00092316 2.85718489 1.833588   6.        
 6.75656891 11.76926422 -4.76669312  3.        
-5.18350983  2.07750702 -4.9650569   5.        
 0.76093298  8.45701599 -6.43643188  3.        
 5.53895617 11.16365814 -7.06863403  3.        
-0.086288   -2.97236609 -0.30554199  2.        
 4.64955091 11.76017761 -8.37207031  3.        
-7.25908709  6.68019915  3.88491797  4.        
 1.22122204  1.799492   -2.08032203  2.        
 8.59671021 12.8530426  -4.48379517  3.        
-1.50143397  1.84830499  0.101135    2.        
-1.99459803  5.80873108  2.42984009  4.        
-1.025841    3.20977807 -3.77529907  7.        
-8.21437073  1.88621497 -2.2259829   5.        
 1.81640601  4.22477722 -3.05490088  2.        
 8.30255127 12.72808075 -7.63134813  3.        
-5.99865007  5.14511919  1.64120495  4.        
 5.75993299 10.59690857 -4.84100294  3.        
 3.6757741   8.10826874 -4.90182495  3.        
-6.90782881  5.25752306  1.60980201  4.        
 0.201195   -0.76300001 -0.73413098  2.        
 2.71601892  9.14637756 -6.30145311  3.        
 3.67848206 10.81821442 -7.62725782  3.        
-2.87000299  0.84002697 -1.95889294  5.        
-0.886742   -7.52123308 -1.36862195  2.        
3.225456   1.62921095 0.089355   6.        
-9.07466125  6.59007978  5.55041504  4.        
 -0.016602   -12.45152283  -1.749542     2.        
-0.93940002 -2.86757708 -1.24066198  2.        
 4.83760786 10.61406708 -6.5900569   3.        
-5.09751081  4.87503099  0.88147002  4.        
-7.51037598  4.83139801  0.95187402  4.        
 4.9464488   9.99104309 -4.9598999   3.        
-0.69632     6.99877882  3.99786401  4.        
-5.63937378  6.13339996  2.79776001  4.        
 3.35240889  7.53665876 -2.98641992  3.        
-6.31294298  2.11361694 -5.39553785  5.        
-8.06635284  2.18228197 -3.06399488  5.        
-0.177315    0.184074   -0.84014899  2.        
1.70923603 1.24140894 3.688416   6.        
-1.10724604  7.56099701  4.37530518  4.        
-3.53637695  1.73091102 -3.50701904  5.        
-8.48085785  7.63916016  8.90066528  4.        
-0.44670901 -8.0397644  -0.98584002  2.        
6.68237305 2.85211897 1.51571703 6.        
-1.22965205  0.933411   -0.65325898  2.        
 1.95762599  2.8057251  -2.53546095  2.        
 7.65535688 12.9756012  -8.26251221  3.        
-6.44729614  7.06810808  4.60272217  4.        
-1.03614795  8.07741642  5.1229248   4.        
 8.9829483  13.22387695 -7.92584181  3.        
 3.86748505  8.0743103  -3.91390991  3.        
 2.63968706 10.22027588 -8.05325317  3.        
 7.94439697 12.75337982 -6.79370117  3.        
 4.19255114  9.75530243 -6.36319017  3.        
1.42171502 0.56983203 0.184113   6.        
-4.15072584  6.53856707  3.52853394  4.        
-0.401443   -2.46012092 -0.49981701  2.        
-1.80784595  7.23404694  4.11798096  4.        
-1.67709398  1.54544795  1.18298304  2.        
4.96115923 2.582901   4.41628981 6.        
 2.88095093  7.25357103 -4.25756788  3.        
 0.2351     -1.82983398 -0.23434401  2.        
-9.25852203  6.70896196  6.1749568   4.        
-3.83997297  5.93767595  3.04742408  4.        
 1.70955706  2.18994093 -2.29052711  2.        
-3.29238105  4.26561689  1.27111804  2.        
-5.18530989  7.90847015  5.56973314  4.        
 9.2335968  13.45795441 -6.42098999  3.        
 2.80514503  6.04117584 -3.29275489  3.        
 4.48078918  9.14888    -2.22943091  3.        
-3.31462097  1.41043794 -2.67663598  5.        
-2.38003492  2.59909797 -2.67907691  7.        
 3.39868903  7.71845198 -4.1210022   3.        
 2.11490607 10.37320709 -8.46884155  3.        
 -0.41918901 -10.29237366  -1.68579102   2.        
 2.06827497  3.2348249  -2.1560359   2.        
 6.23872423 11.77474213 -6.55157518  3.        
-1.35549903  0.74696398  0.0466      2.        
 6.52205706 11.75893402 -5.21109009  3.        
-0.550102   -4.40300798 -0.76446497  2.        
 0.42916101  0.36717999 -1.43579102  2.        
-0.12546501 -3.15568495 -0.76736498  2.        
-4.17910814  8.04226685  5.74453688  4.        
 7.85740709 12.2401886  -3.00146508  3.        
-7.47258806  6.86154222  4.33911085  4.        
 6.37136078 11.14936829 -2.26602197  3.        
-4.42206621  5.6080699   2.24655104  4.        
-7.13018799  6.37561798  3.40307593  4.        
6.34059906 2.8990941  4.84042406 6.        
 1.90511298  8.50026703 -6.45431519  3.        
-1.74978602  2.34176612  0.61132801  2.        
  0.07399    -13.17949677  -1.13735998   2.        
-6.36743879  5.89058685  2.55453491  4.        
-0.143333  -4.6566391 -0.913239   2.       
 7.10952806 12.4595108  -7.2507019   3.        
 1.85318005  8.03872681 -5.63369799  3.        
 0.581146    7.87794495 -5.95089722  3.        
 2.35292006  7.48559618 -5.03561401  3.        
-9.12715912  1.72214496 -2.44448805  5.        
 6.29830885 11.09886169 -3.28475904  3.        
4.63277388 2.22814894 5.16519213 6.        
 3.28265405  9.83628082 -6.81018114  3.        
-2.51298499  0.101044   -1.52703905  2.        
-1.91441298  2.86295295  1.11065698  2.        
 2.89356208 10.98085022 -8.51419067  3.        
-1.71880305  2.37799096 -1.623016    7.        
5.74714708 2.90975189 1.10598695 6.        
 9.14161682 13.21448517 -5.36950684  3.        
0.71028101 0.50904101 2.69140601 6.        
 2.58086395  5.57055712 -2.852844    2.        
 5.49983215 12.86826324 -8.7835083   3.        
3.02225494 1.96903205 2.66897607 6.        
-6.71508789  1.74128699 -0.91659498  5.        
-5.51242113  2.08512902 -6.01428223  5.        
-2.78374505  3.23184991 -3.75698805  7.        
-5.34125519  5.88910723  2.4407959   4.        
 5.99725294 10.89154053 -3.91287208  3.        
-7.46543884  1.80949402 -1.60287499  5.        
 2.71171594  7.75121307 -4.80093384  3.        
 1.38095903  2.72671509 -2.43542504  2.        
 3.55864692  9.28742218 -5.86142015  3.        
-2.91639709  5.20746613  2.31906104  4.        
-2.03858995  7.67876387  4.71441603  4.        
-0.684708   -8.25537109 -1.36685205  2.        
-7.99040985  2.24256897 -4.14208984  5.        
-5.8003459   4.85272217  0.444855    4.        
 3.74142504  8.19815063 -2.36502099  3.        
-8.33597565  6.89196777  4.99606323  4.        
-6.97200012  8.21213531  8.86279297  4.        
 6.8764801  10.9846344  -3.43362403  3.        
 8.63062286 13.268013   -8.38461304  3.        
-8.3037796   1.58399999 -1.58291602  5.        
-9.01518154  1.91370404 -3.22994995  5.        
-2.88331604  6.3405838   3.21649194  4.        
-1.91499305  8.25265503  5.37081909  4.        
-2.70446801  7.5715332   4.67416382  4.        
 9.04351807 13.1550827  -4.42352295  3.        
 7.75714922 12.46838379 -5.26184082  3.        
4.19916487 2.39029694 0.911102   6.        
 4.78884077  9.46743011 -1.34066796  3.        
 3.89875793  8.46174622 -3.43682909  3.        
 0.70423102  2.23972297 -2.31628394  2.        
-7.31016493  5.85327911  2.58032203  4.        
2.58359504 1.39704096 0.57553101 6.        
-0.23214699 -5.12099504 -0.94244403  2.        
 3.79051208 11.45608521 -8.36068726  3.        
 7.71613312 12.30461121 -3.58224511  3.        
-4.82630205  7.44722795  4.78356886  4.        
-0.53817701 -7.34771013 -0.91336101  2.        
 2.78438592  8.36296844 -5.35555983  3.        
-2.13092804  2.93320489 -2.32913208  7.        
-4.21272993  1.65675294 -2.09536695  5.        
 8.02107239 13.07846832 -7.85555983  3.        
-7.11170197  7.70813799  6.10797119  4.        
 4.00961304 10.16943359 -6.97973585  3.        
-0.78175402  1.59583294 -1.00857496  7.        
 2.16595507  9.8201828  -7.88143921  3.        
 6.88746595 12.51276398 -8.53839111  3.        
-1.66394806 -1.10433197 -1.20260596  2.        
-3.33435106  1.85234797 -4.815979    5.        
4.57316589 2.66766405 2.21060205 6.        
-8.64617157  2.04673004 -3.7593689   5.        
-3.40592194  1.31108105 -0.51284802  5.        
 0.6717      0.78324097 -1.64770496  2.        
 7.52108812 12.80628967 -9.08032227  3.        
2.18903303 1.382393   3.17666602 6.        
 7.19706011 11.67505646 -3.08819604  3.        
-2.75951409  8.51564026  7.09912109  4.        
-5.28893995  2.05963898 -3.64840698  5.        
-7.41134596  7.82980299  7.38888502  4.        
-6.28530121  1.66219294 -0.46810901  5.        
-5.30127716  8.58677673  7.54324293  4.        
5.76789093 2.90961504 2.09008789 6.        
 3.98522902  8.49088287 -1.54547095  3.        
 8.342453   13.1493988  -7.36496019  3.        
 -0.38056201 -10.65881348  -1.18673694   2.        
 7.55655718 12.00358582 -6.11035204  3.        
3.33225298 2.13074493 1.49435401 6.        
 5.94309998 10.54475403 -1.08334398  3.        
4.45783997 2.70626807 1.27227795 6.        
-4.28515577  4.57410383  0.44662499  4.        
 5.88508606 11.6115036  -6.94518995  3.        
 5.3720088  12.21273041 -8.45779419  3.        
 4.95650482 11.44361115 -7.74011183  3.        
 1.86956     5.97794294 -3.95797706  3.        
 6.33208513 13.09577179 -9.06607056  3.        
-7.37024689  2.25814104 -3.89913893  5.        
3.93247199 2.37474799 2.7754519  6.        
 5.25020599 10.02514553 -2.58810401  3.        
3.15903497 2.01294708 1.99667394 6.        
-7.83501387  5.34294891  1.98730505  4.        
 1.13410997  8.52637482 -6.70407104  3.        
-8.23470306  6.50305891  3.99984694  4.        
 6.49888611 11.82969666 -5.90533495  3.        
-4.80810499  1.63466597 -0.60873401  5.        
 6.73980713 11.314888   -4.57006788  3.        
 4.99958801  9.77850342 -5.39611816  3.        
 5.7470088  10.40430546 -1.91275001  3.        
-7.68020582  1.94330597 -2.11901903  5.        
 4.3066411  12.81936646 -9.38366699  3.        
-6.66165876  2.03285193 -6.06512403  5.        
 2.96392107 10.56799316 -8.26278687  3.        
-0.26725    -6.43552399 -0.97778302  2.        
 7.57479095 13.39911747 -8.96228027  3.        
-2.53099108  5.05612183  2.11453295  4.        
-2.11295295  1.44191694 -3.01434302  5.        
 7.53231096 12.28022766 -7.20922899  3.        
2.55736494 1.64086103 1.71536195 6.        
 1.34014904  7.55773211 -5.23703003  3.        
-0.45274401 -8.49905396 -1.01080298  2.        
 9.14334106 13.54100037 -7.24981689  3.        
 2.37908196  4.42857409 -3.1182251   2.        
-6.83795214  6.05995893  2.69573998  4.        
 2.80565596  6.35448503 -2.54751611  3.        
 1.86237299  5.09178209 -3.53582811  2.        
-8.42329407  7.1138382   6.20068407  4.        
-2.91456604  1.01985896 -2.40377808  5.        
-2.78521705  4.03772688  1.42907703  2.        
 6.84895277 11.51319122 -5.52105713  3.        
-4.03755999  1.83090198 -5.20385695  5.        
-1.53418005  7.04898119  3.75622606  4.        
 6.81241608 12.45393372 -7.73077393  3.        
-8.20345306  5.72128296  2.73614502  4.        
 6.53471422 11.82193756 -7.43295288  3.        
 7.42777205 11.89304447 -2.75534105  3.        
 3.61199999  8.03048706 -3.0063169   3.        
-6.56416321  6.85385084  4.12219191  4.        
2.54370904 1.55706799 2.56060791 6.        
 1.37680805  9.03890991 -7.06747389  3.        
-5.05815887  5.20106506  1.30194104  4.        
-2.3838501   5.76207018  2.7024231   4.        
 5.0944438  13.30052853 -9.40353394  3.        
 5.46819305 10.35949707 -5.87789917  3.        
-4.48290205  1.97363305 -2.94317603  5.        
-1.02276599  6.98513794  3.51391602  4.        
-4.51337385  1.93680596 -3.43997192  5.        
 8.21743011 13.31204224 -8.72967529  3.        
 4.30855608  8.80641937 -4.40634203  3.        
 1.45362103  8.11967468 -5.96679688  3.        
-6.64933014  1.90315294 -1.64212     5.        
 5.6211319  13.45627594 -9.38864136  3.        
-2.34537506  4.67968798  1.61648595  2.        
 1.04496801  7.78759813 -5.79156494  3.        
-6.28134918  8.35245514  7.38937378  4.        
5.12135315 2.909477   2.64617896 6.        
-8.75953674  7.02512407  7.14108276  4.        
2.28933692 1.16156006 0.145355   6.        
-4.45587921  6.92580414  4.00949097  4.        
 1.81124103  6.42974091 -4.28179884  3.        
-0.810013  0.391792  0.244019  2.      
-6.30531311  6.53715515  3.40917993  4.        
-6.22774506  2.07509589 -2.34521508  5.        
2.63246894 1.69579303 3.53485107 6.        
 6.33538103 12.75775909 -8.46575928  3.        
 8.75647736 13.0594101  -6.14614916  3.        
 2.49406409  6.62039995 -3.95703101  3.        
-5.88188219  2.1180501  -3.8908999   5.        
-5.53586578  2.16227007 -4.55581713  5.        
-4.71752882  6.13194323  3.10479689  4.        
-7.79718781  2.07557702 -6.11190796  5.        
-2.40387011  6.97474718  4.25787306  4.        
-2.54727888  2.80288696  0.80880702  2.        
-7.93373108  7.78222704  7.72866821  4.        
 0.21196701 -0.37179601 -1.02392602  2.        
-1.49985504  1.78357697  0.78527802  2.        
 4.35074615 10.24959564 -6.52264404  3.        
-0.70339203 -0.95346802 -0.81338501  2.        
-1.27805305  2.53939795 -2.0501399   7.        
-5.3795619   8.4280014   7.03140306  4.        
 2.07348609  3.95955706 -2.78225708  2.        
 5.99655914 11.14707184 -4.7723999   3.        
 7.11070299 11.95574188 -4.31689501  3.        
-8.20542145  2.09265089 -5.34451294  5.        
 -0.20193499 -11.35813141  -1.62814295   2.        
-0.40450999 -5.93080902 -1.20498705  2.        
 5.41438293 11.70792389 -7.831604    3.        
 6.11567688 11.13951874 -6.21603394  3.        
 4.20459795  8.91704559 -2.768677    3.        
 2.93608093  6.80001116 -2.68185401  3.        
-2.44061995  1.71743798 -4.73095703  5.        
-4.35927582  1.88818395 -4.87960815  5.        
 1.77727497  0.99012798 -0.41970801  6.        
 7.24944305 13.22834778 -9.20962524  3.        
-0.79032099 -5.12486982 -0.90301502  2.        
-0.82209003  2.0407331  -1.434479    7.        
1.33876801 1.08398402 3.35797095 6.        
6.94270277 3.21497297 3.0758059  6.        
-2.7881999   3.39682007  0.88739002  2.        
-2.82300008e-03 -9.68559265e+00 -1.16549695e+00  2.00000000e+00
 7.08495283 11.42937469 -4.06420898  3.        
1.61888897 0.700562   0.58032203 6.        
-6.92382812  2.09418511 -6.50268602  5.        
-2.86098504  1.67306495 -5.03637695  5.        
-0.123459   -0.980362   -0.17846701  2.        
 3.48084998 11.81626129 -8.97042942  3.        
-0.95051599 -0.84905201 -0.464203    2.        
-4.12026215  8.840065    8.04223633  4.        
 6.55526018 10.85872746 -1.57095301  3.        
 0.56835198 -0.49394199  1.03344703  6.        
 4.5353241   9.48642731 -4.89651489  3.        
3.79801202 2.17658997 0.71719402 6.        
 4.45527697 11.26687622 -7.54730177  3.        
6.34456587 3.11769891 1.42440796 6.        
-4.80280304  8.73462677  8.17193604  4.        
 2.84258294  8.69557858 -5.78707886  3.        
-4.4279561   5.06395721  1.72683704  4.        
-5.41103411  8.60926819  8.44940186  4.        
-2.85643005  1.69625795 -3.24481201  5.        
-8.45472717  7.47943878  8.37261963  4.        
-4.3540802   1.66153705 -1.43701196  5.        
 -0.25037399 -13.4630661   -1.31839001   2.        
3.51995111 1.99134803 4.65768385 6.        
-3.61465406  1.40812695 -2.01318407  5.        
-1.93091595  8.6652298   6.15786695  4.        
-0.34738201  0.66047698 -0.295807    2.        
 3.8003459  12.40808105 -9.34750366  3.        
0.62768602 0.092628   2.00009203 6.        
 0.13798501 -2.64470696 -0.118469    2.        
 3.55098009 10.40116119 -7.58371019  3.        
-6.75047302  7.55178118  5.76803589  4.        
-4.23650408  7.19251299  4.27639818  4.        
-3.830338    5.11128187  2.24734497  4.        
-6.32965088  2.16058302 -3.86825609  5.        
-8.79390717  7.15999603  7.59890795  4.        
-6.00249481  7.44924879  5.33740187  4.        
-1.62073505  2.0188601  -1.08911097  7.        
 6.77477312 11.4146347  -2.26415992  3.        
-3.67503405  5.65405989  2.76434302  4.        
-2.59723711  7.95251513  5.25982714  4.        
 1.55377996  2.505234   -1.88723695  2.        
 5.99565887 11.90908146 -7.37872314  3.        
4.87989807 2.72583008 0.456085   6.        
-6.95924377  2.19112396 -5.15908813  5.        
-0.410339    2.39122009 -2.21304297  7.        
 9.23268127 13.23781586 -7.57342482  3.        
-4.24275208  2.07083106 -5.71914721  5.        
 6.03520203 12.29163361 -7.91650391  3.        
 6.03099823 10.47460175 -3.43044996  3.        
 3.88017988 11.61602783 -8.80758667  3.        
 4.18117523  8.84876156 -1.330109    3.        
-4.73808289  1.92170703 -2.2628479   5.        
-2.69490099  2.89360809 -2.75225806  7.        
-2.1013341   1.84824395 -3.75537109  5.        
-0.41449001 -0.60980201 -0.88543701  2.        
 2.27177405  8.25048065 -5.57122803  3.        
-2.31014991  3.5357511  -3.69845605  7.        
-1.30866206  0.41103399 -0.80398601  2.        
1.95861101 1.13556695 2.13421607 6.        
-2.50083208  1.11070204 -2.63546705  5.        
-7.09210205  1.75862896 -0.681458    5.        
-8.48342133  6.56803894  4.62698412  4.        
 6.11946917 10.86395264 -2.60394311  3.        
 2.31143999  9.58321381 -7.52975512  3.        
-8.27136993  2.02581811 -6.23114014  5.        
 1.79153395  3.60342407 -2.91061401  2.        
 3.58657789 10.22847652 -7.00045776  3.        
4.45819807 2.57759094 2.99057007 6.        
-5.57253981  1.59819806 -0.28970301  5.        
-3.19037604  7.98057604  5.42144823  4.        
-6.89108992  7.44589996  5.37051392  4.        
-6.79637194  7.87595415  6.75857496  4.        
-6.87661695  5.49856615  1.96014404  4.        
-9.36210632  1.83343506 -4.19549608  5.        
-7.681427    7.85614777  8.71096802  4.        
-5.91916704  7.72135878  5.73123217  4.        
-0.63114202 -3.89175391 -0.92629999  2.        
-3.76802802  1.37837994 -1.31680298  5.        
 2.04514289  3.21580505 -2.60406494  2.        
 3.36508894  7.08828688 -3.57064795  3.        
 7.5197978  12.50798798 -8.04953003  3.        
 2.39893293  4.840096   -2.77883911  2.        
6.14722395 3.032341   4.00128222 6.        
-3.16519189  8.41407776  5.95495605  4.        
-5.71444702  1.84079003 -1.24060094  5.        
 7.0556488  12.87828064 -9.06866455  3.        
-5.3970952   4.95299482  1.24826002  4.        
-3.271523    7.60878801  4.78564501  4.        
-0.77513897 -8.76837158 -0.76385498  2.        
-5.23399981e-03  2.07004499e+00 -2.49166894e+00  7.00000000e+00
-0.238968   -1.45394099 -0.37921101  2.        
-5.01570892  8.25331116  6.23465014  4.        
5.52691603 2.94929504 3.41833496 6.        
-5.95384216  5.17084503  1.22213805  4.        
 7.2977519  12.64971161 -8.50143433  3.        
-2.03890991  5.53497314  2.11181593  4.        
 2.83548689 10.25462341 -7.62560987  3.        
-1.58099401  3.41719794 -3.81347704  7.        
-8.24505615  5.53736115  1.73788404  4.        
 1.095276    1.28118098 -1.90441895  2.        
 5.78716993 13.1230011  -9.03286743  3.        
 2.2825551   8.55664825 -5.99005079  3.        
-8.11248779  7.57739305  9.48394775  4.        
 6.83094788 11.40625763 -2.90805006  3.        
-3.55754089  1.95821404 -5.19464111  5.        
-0.041718   -5.65336609 -0.66061401  2.        
3.00711799 1.80133796 4.33337402 6.        
 4.15019178  8.83905029 -3.60720801  3.        
 0.0495      2.23644304 -1.65081799  7.        
-2.13822198  0.766693   -2.41473389  5.        
-2.46875     0.41068301 -2.14535499  5.        
 3.52413201  7.34818316 -2.54702806  3.        
 6.28723907 11.01643372 -1.85153198  3.        
 5.85947418 10.42683411 -3.97189307  3.        
 6.46755219 11.32080078 -3.60348511  3.        
-0.87405401  0.66239899 -0.068939    2.        
-0.23363499  2.95831299 -3.10757494  7.        
-2.67729211  6.7496109   3.74148607  4.        
-2.09522295  2.93308997 -3.1096499   7.        
-0.971542    0.66428399 -0.842987    2.        
-5.61612701  8.55032253  7.81613207  4.        
-0.63067597 -9.69297791 -1.19500697  2.        
 6.77589417 11.58815765 -3.786865    3.        
 5.4486618  10.13544464 -1.80053699  3.        
-0.27254501  1.01954603 -1.05230701  7.        
7.04779005 3.20231605 3.47888207 6.        
-0.86296803 -2.25877404 -1.25131202  2.        
3.80206299 2.37380195 3.48779297 6.        
 3.11769104 11.32073212 -8.74447632  3.        
-7.55964708  7.66694593  6.88571215  4.        
 7.56648302 12.68583679 -7.12237597  3.        
-1.88228595  6.30216217  3.13507104  4.        
4.47934008 2.55585504 3.57577491 6.        
-0.48661    -8.82146358 -1.27102697  2.        
-0.56635302  3.295609   -3.62564111  7.        
-3.29432702  8.90872192  7.6937561   4.        
 0.92277497 -0.71234101  0.85272199  6.        
 5.15367079 11.03150177 -7.14770508  3.        
 0.76122302  1.14632404 -1.46838403  2.        
-6.05054522  6.08627319  2.77587891  4.        
-2.44921899 -0.38280499 -1.53192103  2.        
-8.16163635  6.34985399  3.60778809  4.        
-1.678635    3.16696906 -3.322083    7.        
-4.09975386  1.84971595 -2.84884596  5.        
-1.16358197  7.83853197  4.79553223  4.        
-5.13465881  7.48202515  5.05670214  4.        
-8.2542038   2.15148902 -4.59008789  5.        
5.68527985 2.84582496 4.00381517 6.        
 5.13728285 12.80690002 -8.99752808  3.        
 7.35172319 12.3653717  -5.29699707  3.        
 3.13115692  6.81203508 -4.08380079  3.        
 7.15801191 11.58807373 -4.65988207  3.        
-0.48452801 -1.72493696 -1.10748303  2.        
-5.02788496  1.65779901 -0.26080301  5.        
 1.04885101  1.36473894 -1.23867798  2.        
 4.54550219  9.41563416 -4.29324293  3.        
-0.97078699  0.14546201 -0.13214099  2.        
 0.173317    0.557953   -1.13739002  2.        
2.46102095 1.60390496 4.04873705 6.        
-3.74098992  4.73403883  1.66119397  4.        
1.57957494 0.95324701 2.77587891 6.        
-6.31182909  8.02080536  6.40270996  4.        
 3.21894789  8.11458588 -4.82434082  3.        
-0.60644501 -6.10841417 -0.78622401  2.        
2.04753089 1.16131604 1.19985998 6.        
-3.57811689  6.71576691  3.65377808  4.        
-4.80506086  6.71251678  4.00637817  4.        
-2.35634589  8.59339142  6.11300707  4.        
-4.92297411  1.75959003 -1.47021496  5.        
 3.18022895  9.32505035 -6.22466993  3.        
3.34930396 2.01439691 0.57501203 6.        
 -0.115089   -11.38614655  -1.17453003   2.        
 2.47817206  6.18660688 -3.94433594  3.        
-2.22020006  2.72279406 -1.99117994  7.        
-6.85120392  6.32474518  3.10986304  4.        
-4.9728322   5.97726393  2.60836792  4.        
 5.69868517 10.84552765 -5.58523607  3.        
 1.94686103  4.60765123 -3.10266089  2.        
 2.50727797  9.27629089 -6.62616014  3.        
-4.11788893  7.69010878  5.02328491  4.        
 2.32814002  4.3336792  -2.36862206  2.        
-8.69910431  1.97158003 -2.87353492  5.        
-5.6271739   6.50862122  3.4538269   4.        
 4.65451002 10.85321808 -6.94363403  3.        
6.33606005 2.98857093 2.14956689 6.        
 8.07718658 12.56337738 -4.83639479  3.        
-5.05802107  8.47512817  6.78878784  4.        
 3.41351295  7.57598877 -1.77304101  3.        
 2.54761505  5.18242693 -2.99560499  2.        
-0.745049   -7.78769684 -1.092682    2.        
4.05691481 2.17883301 4.80667114 6.        
 3.37642694  8.71328735 -5.69274902  3.        
-9.39328003  1.82371497 -3.34573388  5.        
-1.82197595  1.73961604  0.43924001  2.        
 -0.50691998 -12.13171387  -1.67156994   2.        
-1.93950701 -0.423325   -1.69784606  2.        
-2.46184492  3.34899092  1.12701404  2.        
-3.28372192  4.92253113  2.29516602  4.        
 6.95268202 12.25976562 -6.643188    3.        
 5.63204193 10.46455383 -3.07476807  3.        
 5.07512712 10.1138916  -6.16641188  3.        
-8.28240204  7.46982622  6.93432617  4.        
 4.1858058  11.54792023 -8.12414455  3.        
-4.817276    2.00253296 -5.11550903  5.        
 5.55023193 11.18907166 -6.66693115  3.        
-5.15652514  6.8415761   4.25674391  4.        
-3.62817407  1.85491896 -4.38397217  5.        
 8.72785854 13.15026093 -7.12493896  3.        
 3.65692091  7.76137495 -3.77444506  3.        
-1.60252404 -1.33581495 -1.717255    2.        
 4.30905914  8.5484848  -1.84234595  3.        
-8.84889984  2.02095008 -4.10647583  5.        
-7.53664398  5.17330885  1.623474    4.        
-8.86350155  6.2613678   3.98370409  4.        
 3.85881805  2.0633769  -0.016449    6.        
 7.48134613 11.83621979 -2.36135888  3.        
-5.49822187  2.02023292 -2.57717896  5.        
-4.98846388  2.01631188 -3.93536401  5.        
 3.75544     8.87425232 -5.25750685  3.        
-5.76164198  7.08344984  4.62771606  4.        
-1.55648005  1.33002496  0.217072    2.        
5.68499804 2.93084693 2.48175001 6.        
 2.23992205 10.24253082 -8.04147339  3.        
 3.5421679   7.71768904 -4.54788208  3.        
-4.96301317  2.13684797 -5.9874568   5.        
 8.45012665 12.76113129 -4.12307692  3.        
-8.90558624  1.90422106 -5.3911438   5.        
-6.0136261   5.58534193  2.09484911  4.        
 2.77216291 10.01560211 -7.31155396  3.        
-4.70949602  2.09295607 -5.64675903  5.        
 7.29176283 12.17263794 -4.67330885  3.        
-0.34372699 -2.82357788 -0.953125    2.        
4.30178785 2.41358995 4.15975904 6.        
-0.91439098  2.30360389 -1.92782605  7.        
-6.12403107  2.15644789 -5.04699707  5.        
 3.37248206  7.56344604 -2.20611596  3.        
-6.50641584  2.12876892 -4.38088989  5.        
5.03498077 2.67484307 4.03573608 6.        
 4.62414598  2.54435706 -0.25006101  6.        
-1.16134596  6.51191711  2.93353295  4.        
 5.35765123 10.21725464 -3.5501709   3.        
-8.2516861   2.07347107 -2.72888207  5.        
5.48727417 2.79418898 0.47448701 6.        
 4.52854919  9.26631165 -1.60543799  3.        
5.92808485 2.96810889 1.45553601 6.        
 5.33700609 10.09996796 -1.40911901  3.        
0.86540997 0.66852599 3.02120996 6.        
 6.43465424 13.31266785 -9.38336182  3.        
-7.64682007  2.18541694 -4.71682692  5.        
-7.05173492  4.90110016  0.61672997  4.        
-1.89057195 -0.13578001 -2.19891405  2.        
-1.07760596  1.280182   -0.77407801  2.        
-5.82350922  8.10650635  6.22671509  4.        
-8.01700592  7.09757185  5.48535204  4.        
-6.75968218  8.14067078  7.80804396  4.        
 4.23776197 12.23566437 -8.9147644   3.        
 6.27103376 11.17428589 -3.96630907  3.        
-7.33157396  2.05804396 -5.90628099  5.        
-6.21773481  2.11005402 -4.65667677  5.        
-1.69423699  5.72916412  2.14498901  4.        
 3.451859   10.89968109 -7.94284105  3.        
4.27682495 2.52416205 2.6408391  6.        
-5.42502594  2.10731506 -5.34344482  5.        
-4.89022112  1.98847997 -3.55175805  5.        
6.51745605 3.09642792 1.81396496 6.        
4.94926405 2.806427   2.22323608 6.        
-8.73396301  6.80629015  5.58221388  4.        
 5.415802   10.92788696 -6.38967896  3.        
 7.27382708 11.792099   -5.81536913  3.        
 3.5904541   8.54257202 -5.07168579  3.        
4.11714888 2.52356696 1.85107398 6.        
-6.3810811   2.10870409 -3.05136108  5.        
6.29890394 3.0718379  3.58779907 6.        
 0.28313401 -2.94878411 -0.44512901  2.        
4.50282288 2.36064911 0.45223999 6.        
-5.79789686  8.33001709  7.04504395  4.        
5.73496199 2.99341607 2.87994409 6.        
-5.377388    4.82560015  0.55685401  4.        
-2.12115502  2.0147171  -4.18069506  5.        
3.73494697 2.21926093 3.9771421  6.        
-0.84039301  2.76487708 -2.67526293  7.        
-0.377518   -2.89569807 -0.56668103  2.        
-1.72956097  2.92623901 -2.409729    7.        
 6.30524397 11.39385986 -6.62854004  3.        
-5.48658705  1.86008406 -6.33651686  5.        
-0.47592899  1.72661602 -1.22598302  7.        
0.66976899 0.32302901 1.58654797 6.        
-8.73522186  2.06787109 -4.68426514  5.        
-8.52062988  5.79013109  3.07211304  4.        
-1.15782905 -1.90763104 -1.07501197  2.        
 5.27236891 11.9410553  -8.19168091  3.        
-7.80144501  1.613029   -1.46273804  5.        
 8.68424225 13.08933258 -6.58956909  3.        
-8.83825684  6.16743517  3.53271508  4.        
 2.31412506  5.27215576 -3.54489112  2.        
 4.80322981  9.31429291 -3.08432007  3.        
  0.083275   -12.0670929   -1.47927904   2.        
-1.76086402  6.09955597  2.68835402  4.        
 1.33500695  3.03705597 -2.77438307  2.        
 3.14439392  7.21250916 -3.87686205  3.        
 5.47567701 11.71695709 -7.44436693  3.        
-6.34410095  6.75794983  3.81213403  4.        
-1.52510095 -2.10488105 -1.37829602  2.        
4.84884596 2.63190508 3.68682909 6.        
-1.17899299  2.91230011 -2.93112206  7.        
 5.06248522  9.76637268 -4.28012085  3.        
-7.32500505  7.86764479  9.47692871  4.        
 1.63735998  7.31743622 -4.81848097  3.        
-6.25939178  8.46274567  8.20623779  4.        
-3.93776703  1.43032098 -0.49786401  5.        
3.17753601 1.93714905 3.80166602 6.        
 9.43476105 13.32082367 -6.11611891  3.        
-4.21758318  1.904778   -3.69222999  5.        
1.72659302 0.89584398 1.90396094 6.        
-5.99953508  8.41243744  8.55456543  4.        
1.84709203 1.28929102 4.04971313 6.        
-1.10637701 -1.10955799 -1.41589403  2.        
-0.25711101 -0.715195   -0.54556298  2.        
-3.69171906  1.84292603 -3.13955688  5.        
1.23787701 0.70491803 1.86962903 6.        
-2.39890289  6.13560486  3.12493896  4.        
 4.94341993  9.85269165 -5.85156202  3.        
 4.04568481  8.78996277 -4.78491211  3.        
 6.10241699 11.50547028 -6.08737183  3.        
 7.58201599 12.47245789 -6.14172411  3.        
 7.62197924 12.34191895 -4.36602783  3.        
 2.46009111  5.86820984 -3.32513404  3.        
 2.77328491  5.72714186 -3.51669312  3.        
 7.88490295 12.49950409 -4.10742188  3.        
 0.26412201  1.91697705 -2.2472229   7.        
 6.66815901 11.6162262  -6.81503296  3.        
-2.22228193  2.23902106  0.68170202  2.        
-2.52636003  8.85147858  6.81600904  4.        
 2.53253889 10.88865662 -8.61437988  3.        
 6.80764818 12.91281128 -8.68154907  3.        
-0.512833   -4.90959215 -0.74432403  2.        
 8.53766632 12.97884369 -7.87121582  3.        
-1.65567803  2.1463089   0.29025301  2.        
-0.169678   -2.10877991 -0.88845801  2.        
 4.47472382 12.56841278 -9.10748291  3.        
-0.90110803 -7.02228498 -1.17437696  2.        
-0.84139299 -3.26617408 -1.06338501  2.        
-3.92358398  5.44934797  2.40466309  4.        
 8.63508606 12.88352966 -4.8649292   3.        
-4.6317749   8.24325562  6.24542189  4.        
 8.37184143 12.97411346 -5.94341993  3.        
-2.15958405  3.72841597  1.57016003  2.        
-0.65715802  1.28337097 -1.32589698  7.        
 1.98297095  9.22059631 -6.9624939   3.        
 2.89201403  7.36914778 -4.70089722  3.        
-9.50483704  6.56313276  5.38528395  4.        
 6.41583204 12.43027496 -7.96841383  3.        
 3.48873901  7.80656385 -3.29440308  3.        
-4.97671509  8.66658783  7.72940111  4.        
 0.71968102 -1.16607702  0.178528    2.        
 0.125999   -1.86838496  0.129944    2.        
 4.64872694 11.70334625 -7.92068481  3.        
-0.81972498  3.05606103 -3.47195411  7.        
 8.77255154 13.53791809 -7.85784912  3.        
-5.42092085  1.69480896 -0.95077503  5.        
 9.23390198 13.36795044 -6.89102221  3.        
 7.37666321 12.06440735 -3.67242408  3.        
-2.64582109  0.464127   -1.29040504  5.        
-7.38948107  7.02742815  4.67147779  4.        
-0.26924899 -5.49760389 -0.98333699  2.        
 4.21638489  8.19262695 -1.49566698  3.        
 6.29390001 11.93356323 -6.94067383  3.        
-3.41216302  8.5901947   7.52362108  4.        
-1.25007606  0.382027   -0.030792    2.        
 -0.047333   -12.86667633  -1.73498499   2.        
-9.00973511  1.95035505 -4.94155884  5.        
 6.39550781 10.96537781 -4.29098511  3.        
-0.112755   -3.6853261  -0.70297199  2.        
 -0.56368297 -13.35314178  -1.50100696   2.        
 0.96022803  8.15409088 -6.54592896  3.        
-4.8055191   2.07442498 -4.28970289  5.        
-1.56519306  3.56654406 -4.16403198  7.        
 4.17969513 11.03627777 -7.83694506  3.        
 4.04808807  8.40475464 -2.50775099  3.        
 -0.288872   -10.0120163   -1.22946203   2.        
 -0.089134   -12.25101471  -1.07546997   2.        
5.91940308 2.83715105 4.71456909 6.        
 -0.402031   -11.65164948  -1.26870704   2.        
 4.66679382  9.20349121 -3.73330688  3.        
-9.52454376  1.81417096 -4.67593384  5.        
-4.09256697  1.48435998 -0.039551    5.        
 2.75440192  8.71772766 -6.15341187  3.        
 3.72882795  8.17874146 -1.32791102  3.        
 6.70343018 12.07945347 -7.81219482  3.        
-4.8417592   2.01518989 -2.79516602  5.        
 0.068703   -1.78980303 -0.81927502  2.        
-9.19995117  5.97024488  4.10845995  4.        
 2.09374189  4.01914978 -2.41125488  2.        
 7.73353577 12.60720062 -5.66287184  3.        
-9.11760044  7.08021593  7.77285814  4.        
-6.49013519  7.69695997  6.03704786  4.        
 5.16989088 10.12937164 -5.37536621  3.        
 6.04161119 12.55073547 -8.67855835  3.        
 2.94683099  9.83930206 -7.03051805  3.        
-0.54073298 -1.60716295 -0.54037499  2.        
-8.29493046  7.57029009  7.54934692  4.        
5.43909502 2.57270002 5.18667603 6.        
-3.04365492  8.78060913  7.05069017  4.        
  0.2295     -13.27077484  -1.46499598   2.        
-9.65904999  1.74461401 -3.98626709  5.        
 6.00788879 10.84545898 -3.38943505  3.        
 3.15539598  6.63013506 -2.94549608  3.        
-4.69289398  5.43875122  2.03839111  4.        
 4.7159729   9.47511292 -2.12817407  3.        
 6.75110579 12.30036926 -7.38211107  3.        
 6.4433589  11.11346436 -4.67333984  3.        
-0.41690099 -7.99577284 -1.367432    2.        
-4.48938799  4.7360692   0.71310401  4.        
6.99035597 3.15253401 3.86782789 6.        
3.75184608 2.34408593 2.27398705 6.        
-5.15750885  5.23009491  1.89404297  4.        
 1.62511396  9.40947723 -7.6187439   3.        
-0.47123     2.88807702 -3.38491797  7.        
-9.12068176  6.84310913  6.98974609  4.        
 0.89659101  0.78915399 -1.17324805  2.        
 5.88725281 10.58145142 -2.38546705  3.        
 5.61646986 10.29938507 -4.55255079  3.        
 3.8632431   8.47106171 -2.14471412  3.        
-0.40496799 -9.41575623 -1.09491003  2.        
-2.07967401  3.04408312  0.83194     2.        
 7.20060015 12.33808899 -7.96676588  3.        
 8.25414276 13.33731842 -8.29013062  3.        
-6.657516    4.87709808  0.66827399  4.        
5.12081194 2.820297   3.25921607 6.        
-7.10128021  2.07714796 -2.66247606  5.        
1.00734699 0.77387202 2.51855493 6.        
 5.04110718 12.21798706 -8.67724609  3.        
 5.20501709 10.55407047 -6.04968309  3.        
-5.14650011  2.1450119  -4.51431322  5.        
 3.48623705  1.86368597 -0.029175    6.        
-6.7074132   5.09857893  1.34341395  4.        
-3.24983191  6.30487823  3.24002099  4.        
 7.10057116 12.23693848 -5.83145094  3.        
-1.48246002  1.40420496  0.82370001  2.        
-5.03568983  4.78479004  0.148682    4.        
-1.32541704  2.20304108 -1.31613195  7.        
-5.71346283  2.2064209  -4.23580885  5.        
 -0.57562298 -10.32860565  -1.22604406   2.        
 -0.93701899 -10.38658905  -1.442963     2.        
 2.89221191  9.44999695 -6.90725708  3.        
-5.04988909  7.25341797  4.56460619  4.        
-0.054756    2.74054003 -2.31472802  7.        
 4.00615692  9.29367828 -5.62225294  3.        
-6.37566423  5.23871613  1.52850294  4.        
-0.347458   -6.10037184 -0.468384    2.        
 -0.142731   -11.07779694  -1.37237501   2.        
 4.72723389  9.42974854 -2.64007592  3.        
 7.61852312 12.87242126 -7.76312304  3.        
 5.87107897 11.15922546 -6.85024977  3.        
 2.88768792  6.47669983 -3.97665405  3.        
-5.53426409  2.26359606 -6.6464839   5.        
-8.53412628  2.00361609 -5.57675219  5.        
-1.82862794  8.4396286   5.72354078  4.        
5.45253801 2.87769294 1.83532703 6.        
-9.0820694   1.79439497 -2.83383203  5.        
-7.67237806  2.15209198 -5.23699903  5.        
 0.91086602  1.99918401 -2.13485694  2.        
-2.72394609  3.62952399  1.20117199  2.        
 5.09082794  9.78554535 -1.48220801  3.        
 0.41724399 -1.52419996  0.407379    2.        
-1.99700904  2.41106391  0.344147    2.        
-1.76920295  2.54981208  0.94955403  2.        
-3.067734    7.14351606  4.21026611  4.        
 6.21917677 10.58365631 -2.81472802  3.        
-3.6891861   8.32791901  6.21469116  4.        
-4.93148804  1.84628296 -6.21029711  5.        
 9.30478668 13.28361511 -5.00234985  3.        
-4.590065    8.62973785  7.22729492  4.        
-3.05609894  1.73071301 -4.29626513  5.        
 7.10217285 11.77030945 -3.43963599  3.        
3.58985901 2.29603601 2.66549706 6.        
 2.17684197  7.25488281 -4.52481079  3.        
 4.15138197 11.53636169 -8.48641968  3.        
 5.92645979 10.62310028 -1.54183996  3.        
-3.40544105  1.24909997 -1.06359899  5.        
 3.51030707  7.44818115 -3.36383104  3.        
-6.26946306  1.69402301 -0.90789801  5.        
4.97676897 2.39876604 5.34997606 6.        
-5.92157698  1.72150397 -0.46020499  5.        
 4.81411695 12.56249237 -8.88998413  3.        
 0.98410797  8.69496059 -7.08184814  3.        
 8.30136871 12.87683868 -5.50634813  3.        
-2.47105408  3.25584412 -3.43112206  7.        
-5.51763201  1.95894599 -2.01989794  5.        
-0.90798199 -6.93277693 -0.67709398  2.        
-4.63185883  5.18205976  1.40869105  4.        
-0.41445199 -7.27172899 -1.25528002  2.        
0.63125598 0.56619298 1.85107398 6.        
-6.56059313  2.0577929  -5.71713305  5.        
 6.87520599 11.8532486  -7.13913012  3.        
-0.73195601  7.56647491  4.50076294  4.        
-2.6584549   8.38690186  5.91891479  4.        
-0.89418799  3.58094811 -4.02285814  7.        
1.39076197 0.55908197 1.27938795 6.        
-4.92624712  6.25392103  3.53640795  4.        
-0.53369898  2.764359   -2.35794091  7.        
 3.93277693  8.20537567 -4.45385695  3.        
-1.27690899  1.52421606 -0.037537    2.        
-0.92584199 -1.48402405 -1.17462206  2.        
-7.46438599  6.26821899  3.20840406  4.        
 6.75993299 11.23402405 -4.21301317  3.        
 5.78521013 10.5896759  -5.20190382  3.        
-4.10224915  8.76315308  7.66723585  4.        
-7.30335999  2.15575409 -5.38268995  5.        
3.29544806 2.04601312 2.89752197 6.        
 4.22435808  8.77749634 -4.05892897  3.        
 4.00942183  8.39819336 -4.78457594  3.        
 2.83313704  6.48799086 -3.59210205  3.        
-1.96041095  7.320961    4.43023682  4.        
-2.21416497  0.87076598 -1.641541    5.        
-9.41936493  6.15851593  4.79083204  4.        
-0.60244799 -5.28553009 -1.16204798  2.        
-3.53025103  7.39008284  4.5062871   4.        
2.12172699 1.34264398 1.66992199 6.        
-0.91358203 -2.674721   -0.94101     2.        
-8.17874908  7.59432983  8.67901611  4.        
-7.42307997  7.26010895  5.22921705  4.        
-0.85485798  7.2794342   3.84298706  4.        
 7.31102705 12.26525116 -7.60913086  3.        
-7.57368517  7.36096191  5.83206177  4.        
 -0.075935   -13.64902496  -1.567963     2.        
 8.22355747 12.8180542  -8.05285645  3.        
-8.67893982  5.88997698  2.75311303  4.        
-0.54939997 -3.03702497 -1.15008497  2.        
 7.16104889 12.62211609 -7.75604296  3.        
-3.83828712  5.0400238   1.89886498  4.        
 4.65280104  9.26082611 -4.62487793  3.        
 4.38760424  9.12535858 -3.09628296  3.        
 2.6825099   7.80272722 -5.18621778  3.        
-7.72280121  2.16146111 -3.15246606  5.        
 3.02553606  7.07083082 -2.18337989  3.        
-8.82622528  1.72598302 -2.19583106  5.        
-5.98532915  2.15276289 -3.24221802  5.        
-2.59046197  4.67383623  1.90817297  4.        
 9.45905304 13.34212494 -5.49813795  3.        
-6.17797899  8.29854584  7.05517578  4.        
 -0.16111    -10.53658295  -0.93743902   2.        
-5.95838881  8.47016144  7.77600098  4.        
 3.13641405  7.06995392 -2.83380103  3.        
 4.93066406 12.92186737 -9.4473877   3.        
 2.72006989  6.26385498 -2.88577294  3.        
 5.42062378  9.85243225 -3.5592649   3.        
-7.04145002  8.06259155  7.41470289  4.        
-9.18795776  6.66829681  5.08422899  4.        
-3.21865797  8.5963974   6.65844679  4.        
 4.14289904 10.66825867 -7.12258911  3.        
-2.44896698  3.52246094  1.45929003  2.        
  0.058464   -12.58154297  -1.41006505   2.        
 5.21941423 10.02017212 -3.0149231   3.        
-0.507927   -5.27381897 -0.75537097  2.        
-2.39460802  1.75924695 -4.31933594  5.        
-0.09214     2.48635888 -2.95214796  7.        
-2.46205902  2.444206   -1.68835402  7.        
 1.60604894  2.97378492 -2.28976393  2.        
-3.25573707  4.70306396  1.96917701  4.        
 3.40645599  8.27524567 -5.20578003  3.        
-0.16767099  2.38045502 -2.51528907  7.        
 1.05304694  7.35712385 -5.29763794  3.        
 2.03374505  7.51565599 -4.87466383  3.        
-6.15244293  2.12811995 -6.29510498  5.        
-1.27708399  1.12210095  0.25140399  2.        
 5.46746111 12.47891998 -8.71725464  3.        
-5.82629395  5.41004896  1.85156202  4.        
-1.09635198  2.87238312 -3.71759009  7.        
 1.22355604  2.08000207 -1.87206995  2.        
1.76699805 1.24672699 2.74795508 6.        
 3.16410804  7.30271196 -4.49215698  3.        
-8.06521606  7.60863495  8.10846043  4.        
-0.26114699 -4.42484283 -0.51498401  2.        
 6.67910814 12.6554718  -8.29718018  3.        
 2.34529901  4.68338013 -2.47143602  2.        
 6.20079803 11.82375336 -7.64807081  3.        
 6.54395294 11.45789337 -4.0128479   3.        
4.92943621 2.78565192 2.91012597 6.        
-6.73195601  8.1113739   9.09512329  4.        
-3.20260596  6.78646803  3.76467896  4.        
 1.85902405  3.4714129  -2.30371094  2.        
-3.85597992  1.61020696 -2.26968408  5.        
-6.97200823  6.79885912  4.10913086  4.        
-0.79367799 -9.14595795 -1.47232103  2.        
-0.481354   -4.01956177 -0.63885498  2.        
3.40933204 2.1594851  3.33166504 6.        
-2.52330804  8.23816681  5.44482422  4.        
-0.42377499 -5.79537201 -0.618164    2.        
 4.56393385  8.76557922 -1.197083    3.        
 5.10606384  9.63004303 -3.18298292  3.        
3.404495   1.85439301 5.00354004 6.        
-2.35781908  7.55847883  4.78045607  4.        
 7.14523315 13.56296539 -9.3112793   3.        
 5.10826921  9.67267609 -3.77557397  3.        
 3.51823401 11.24254608 -8.33084106  3.        
-2.09666395  2.4605329  -1.73086596  7.        
 7.8843379  12.8503418  -8.53045559  3.        
 5.71280718 11.17538548 -6.28405809  3.        
 6.35024309 12.09085083 -7.99502611  3.        
-1.21459997 -1.67617798 -1.35827601  2.        
-8.5165863   5.28410292  2.11642504  4.        
-2.47785997  0.260811   -1.83313     5.        
 1.49825299  8.62737274 -6.53979492  3.        
 7.3900218  12.84173584 -8.02145386  3.        
 5.54217482 10.13539886 -4.10540819  3.        
-1.57064795  8.09798431  5.33151197  4.        
-8.4259491   1.80590105 -6.01425219  5.        
-7.01564789  7.83076477  6.49560499  4.        
1.09105694 0.050827   1.30920398 6.        
-5.49120283  8.19319916  6.26089478  4.        
-0.20237701  0.72551697 -0.88601702  2.        
 3.51396203 12.20782471 -9.28390503  3.        
-6.6711731   2.12100196 -5.33523607  5.        
5.77015686 2.85729194 4.34365797 6.        
-3.02708411  4.41110182  1.91131604  2.        
 1.55394006  9.30538177 -7.28762817  3.        
 2.53746009  8.03339386 -5.54177904  3.        
 4.31435394  9.34262943 -5.14508104  3.        
-4.64906311  1.71300495 -1.24005103  5.        
 8.63539886 13.59094238 -8.19790745  3.        
-5.97389221  4.5703578   0.35342401  4.        
 4.59511614 12.75795746 -9.56021118  3.        
-3.36474609  5.6003418   2.60394311  4.        
-6.57229614  5.02859497  0.98654199  4.        
1.93521905 0.93984199 0.54788202 6.        
 1.94669294  7.67780304 -5.45309401  3.        
-3.05634308  1.79685199 -3.92437696  5.        
-3.120399    1.02077496 -1.73541296  5.        
-2.39720106  3.03120399  0.42428601  2.        
0.94858599 0.53595698 1.97683704 6.        
-6.03774309  1.83172596 -1.48821998  5.        
 1.90392303  2.14974999 -2.01184106  2.        
-1.81540704 -0.70402497 -1.54669201  2.        
 5.53999281 10.84177399 -6.6965642   3.        
-2.39059496  8.46743011  6.44390917  4.        
-5.44285583  2.25622606 -6.31726122  5.        
2.34284902 1.26265705 0.94290203 6.        
-9.02507019  6.41813707  4.30023193  4.        
 1.69347405  7.31912994 -5.1555481   3.        
-1.78286695  2.21009803 -1.32128894  7.        
 3.08464789  8.37127686 -5.51800489  3.        
6.77671099 3.18945289 2.579041   6.        
-1.17368305  1.615417    0.62402302  2.        
 6.2182312  11.65076447 -7.35437012  3.        
2.28259301 1.57608795 2.91174293 6.        
 5.06412506  2.62438202 -0.008514    6.        
6.56715393 3.04113007 4.3442378  6.        
-8.48615265  7.30996704  9.01879883  4.        
 7.72914124 13.19081116 -8.56503296  3.        
-8.23743439  7.53315687  9.13037109  4.        
 8.76698303 13.19514465 -5.73028612  3.        
 8.51512909 12.9809494  -5.24798584  3.        
 3.77382708  7.86222792 -2.41213989  3.        
 4.05571795  8.97399902 -5.11996508  3.        
 0.85640001 -0.36300701  1.15899706  6.        
-8.53543758  1.87130702 -2.09490991  5.        
 5.8559041  12.79014587 -8.96496582  3.        
-3.81830597  1.90645599 -3.57965112  5.        
-3.52735901  1.51555598 -2.32363892  5.        
 6.06599379 11.30276489 -5.36062622  3.        
5.58335876 2.94631195 0.81045502 6.        
 2.10719299  8.78044891 -6.33978319  3.        
-5.57282305  6.29904222  3.08660889  4.        
-7.78730822  6.82379103  4.46029711  4.        
 8.84802341 13.53717041 -8.50592041  3.        
-2.34857202  6.66158295  3.87664795  4.        
-0.14051799 -9.41064453 -1.417786    2.        
 5.06575012 10.75634003 -6.90115404  3.        
-3.91853309  8.63886261  7.17947388  4.        
-4.27522278  8.43053436  6.58651686  4.        
-4.77947187  4.90725708  0.74673498  4.        
 3.16468     6.71690416 -3.36633301  3.        
 2.51198602  1.23444402 -0.098877    6.        
-8.31396484  5.74878693  2.37902808  4.        
 4.12050581  8.69071198 -1.03735399  3.        
-1.30667901  6.35172319  2.66912794  4.        
-2.97266412  5.8673172   2.72979689  4.        
-4.01118517  4.72754717  0.63595599  4.        
-7.704391    7.95635986  8.32553101  4.        
-1.69831097  7.75982714  4.69979906  4.        
-8.49571228  7.01207685  5.88699293  4.        
-8.15592194  7.39099884  6.40768385  4.        
 -0.41392499 -12.01089478  -1.31213403   2.        
-4.14859009  7.91852617  5.43231201  4.        
 2.63053107  5.81482697 -2.61224389  3.        
 3.72132111  7.79018402 -2.79684496  3.        
-0.35374501 -4.05496216 -1.06036401  2.        
 5.16699982  9.94819641 -2.15356398  3.        
 3.01760101  9.22189331 -6.51901197  3.        
 3.80130005  7.69954681 -1.67392004  3.        
 5.48052216 11.49242401 -7.11282396  3.        
-0.22464    -7.46071577 -0.96209699  2.        
 9.51624298 13.45371246 -6.69857788  3.        
 0.49907699  0.072136   -1.12338305  2.        
-5.25371599  5.61121416  2.13394189  4.        
-0.13276701 -2.58775306 -0.30996701  2.        
-7.86902618  5.0595088   1.42578101  4.        
-1.87723505  8.06777954  5.09252882  4.        
-0.72412097  7.00952911  3.32217407  4.        
-1.91519201  0.47798899 -2.26678491  2.        
 8.4913559  12.63842773 -3.18878198  3.        
 2.24127197  9.55634308 -7.20355177  3.        
 0.53333998  0.72506702 -1.34851098  2.        
 4.75440216 12.03820801 -8.64743042  3.        
-3.99272203  6.18385315  3.36834693  4.        
 7.55378008 12.85024261 -8.75030518  3.        
-0.82969701 -6.57250977 -1.30249     2.        
 1.47465503  3.5398941  -2.82546997  2.        
-4.31172895  5.01201582  1.23513806  4.        
 1.59867096  7.72343397 -5.42407179  3.        
 8.85827637 13.11805725 -5.19976807  3.        
-2.13516998  7.12848711  4.10961914  4.        
-9.27231598  6.78977203  5.85156202  4.        
-4.29238892  4.96517897  0.56060803  4.        
 2.02813697  4.79261017 -3.43554711  2.        
 1.27621496  2.03781891 -2.30841088  2.        
-5.51181793  7.54190111  5.1219182   4.        
 1.45700003e-03  6.52924001e-01 -1.46334803e+00  2.00000000e+00
-1.386536    1.79035199  0.408447    2.        
-8.74882507  7.14428711  8.31854153  4.        
 1.26757801  2.41612196 -2.4750061   2.        
-3.54012299  1.43401301 -1.68969703  5.        
-4.23316193  1.96767402 -4.12249804  5.        
-0.555489   -0.24903899 -0.78454602  2.        
-4.68553877  1.53306603 -0.31655899  5.        
-6.73400116  7.16279602  4.74188185  4.        
 6.79616499 11.96881104 -5.95812988  3.        
-0.44033101 -6.68161011 -1.34048498  2.        
-1.83047497  3.77339911 -4.08889818  7.        
-8.07144165  1.79856896 -1.40994298  5.        
 4.06412506 10.1173172  -6.62423706  3.        
5.18807983 2.6284709  4.65362597 6.        
-6.15736389  5.05530596  0.96240199  4.        
-1.86019099  2.66455793 -2.75738502  7.        
1.30032301 0.92778802 2.50097704 6.        
-6.67391205  2.14543104 -3.20208693  5.        
-1.42833698  7.40339708  4.15856886  4.        
-6.76933289  8.34475708  8.52783203  4.        
 4.90916395  9.59146881 -0.95993     3.        
 3.75012994  8.19499207 -1.86932397  3.        
 2.08535004  9.22429657 -7.27719116  3.        
-0.129219   -1.23393297 -0.82424903  2.        
-0.752213   -2.343292   -0.92877197  2.        
-2.11265612  2.88651299 -2.67587304  7.        
6.39540911 3.1193769  2.46298194 6.        
1.95937395 0.99840498 0.87237501 6.        
-0.248741  -5.0536418 -0.474426   2.       
-7.78172302  5.64867401  2.10076904  4.        
-9.15972137  6.66048384  6.50338697  4.        
-0.82424903 -8.3110733  -0.970734    2.        
-7.66118622  7.80131483  7.17547607  4.        
 7.13537598 11.61019135 -2.17346191  3.        
-0.77852601 -7.59605408 -0.82647699  2.        
 3.23744202  7.30179596 -2.39096093  3.        
-3.54925489  8.55101013  6.62005615  4.        
 3.24397993 11.03749847 -8.58932495  3.        
 1.83480799  9.64653778 -7.778687    3.        
 5.90535021 12.2875061  -8.35018921  3.        
-5.41384888  1.92834496 -1.70874     5.        
 4.24411011 11.90422058 -8.86126709  3.        
-7.41024017  1.92752802 -1.90530396  5.        
-7.69308519  7.52497911  6.53085279  4.        
6.90802002 3.26638794 1.95416296 6.        
-3.03292108  1.32610297 -2.42718506  5.        
 3.21330309  7.31693316 -3.23190308  3.        
-1.55429101  2.98809099 -3.06301904  7.        
-4.43237305  8.65045929  8.10043335  4.        
 4.80430603  9.92739868 -6.16107178  3.        
 3.7728579   8.32266235 -4.19210815  3.        
4.92390394 2.70320106 0.91149902 6.        
-7.10459089  8.08512115  8.24676514  4.        
 8.0484314  12.90385437 -6.434021    3.        
 2.61072493  7.04517412 -4.3120122   3.        
 1.694664    4.26515198 -3.36471605  2.        
-4.55975294  7.28568316  4.61196899  4.        
-7.12440491  1.83076501 -1.61309803  5.        
 2.84754205  1.44847906 -0.185974    6.        
-6.37412977  2.12625909 -2.6338501   5.        
-0.45410201 -6.85546923 -0.83804297  2.        
 1.06380498  1.204018   -1.57952905  2.        
1.334427   0.18309    0.36398301 6.        
-8.64820862  7.03192091  6.47836304  4.        
-7.59589386  5.06183577  1.17678797  4.        
-1.34654999  7.62283278  4.61395311  4.        
-8.82820129  7.14144087  6.81811523  4.        
 6.99281311 12.84659576 -8.42059326  3.        
-2.1860199   3.52357507  1.13207996  2.        
 -0.421074   -12.73163605  -1.325073     2.        
-0.31381199  1.90699804 -1.64483595  7.        
 2.55149102  9.49194336 -6.86965895  3.        
 4.42636919  9.06322479 -1.31411695  3.        
1.18640101 0.96531701 3.73852491 6.        
 7.37623596 11.68904114 -5.17309618  3.        
-3.30569506  8.76766968  7.24957323  4.        
1.88006604 1.16688502 3.42120409 6.        
-3.23154497  1.75690496 -3.39505005  5.        
-0.087067   -0.79508197 -0.88214099  2.        
-8.56942654  6.0018158   3.45330811  4.        
 5.94379377 10.37811279 -3.11090112  3.        
-2.60651398  1.55300903 -3.03524804  5.        
2.99924493 1.90093195 1.16275001 6.        
-5.31069994  7.0860672   4.45962477  4.        
 4.55065918  2.12606812 -0.137146    6.        
-6.30297899  7.36491394  5.21633911  4.        
 1.35204303  8.77536011 -6.78982496  3.        
 6.49714708 11.3469162  -5.6277771   3.        
1.24131799 0.104195   0.83142102 6.        
 1.54513502  0.74560499 -0.073364    6.        
 5.90354204 10.58889008 -4.35766602  3.        
-7.01858521  2.09885406 -2.3365171   5.        
 4.9763031   9.57449341 -1.71536195  3.        
-0.0774      1.02555096 -0.50744599  7.        
-1.73472595  0.50348699 -1.133636    2.        
-5.89411211  2.20100403 -4.72048998  5.        
 1.95881605  0.95447499 -0.139862    6.        
 4.86401415 11.17420959 -7.48632812  3.        
-5.82467604  2.14224195 -5.9503479   5.        
 6.88860321 12.18941498 -6.99819994  3.        
 6.30921888 11.06406403 -2.93759203  3.        
 4.43501997  9.09655762 -4.96814013  3.        
-0.159592    2.18347907 -2.06137109  7.        
 4.64614105  9.53086853 -5.75293016  3.        
 2.86252594 10.51902771 -7.91958618  3.        
-6.59780884  2.03707099 -2.00945997  5.        
 1.51106298  6.98967695 -4.69030809  3.        
 5.84339905 11.34139347 -7.12802076  3.        
6.98851013 3.13889289 2.28283691 6.        
-6.33047485  1.43483698 -0.242798    5.        
 9.25958347 13.22525024 -4.68777514  3.        
-4.10462904  1.51378596 -1.08477795  5.        
  0.03978    -12.99404907  -1.42950404   2.        
-4.59106398  8.53876495  6.91717482  4.        
-5.3608551   2.10618591 -3.24587989  5.        
-7.2159729   2.18022203 -3.56600904  5.        
-4.43346405  5.62346697  2.59475708  4.        
-7.04363298  2.26483893 -4.13919115  5.        
 4.79708099 11.16276646 -7.14810181  3.        
 3.41069794  7.48760986 -4.36474609  3.        
 0.77117902  7.9342351  -6.37567091  3.        
0.97806501 0.921951   3.18377709 6.        
-3.66125488  6.13059998  3.23199511  4.        
-0.68535602 -2.67811608 -1.18823195  2.        
 1.70832098  8.94891357 -6.81448412  3.        
-2.13301802  6.52114916  3.68460107  4.        
-6.420609    5.71411896  2.29168701  4.        
 1.19215405  7.87587023 -6.0627141   3.        
 2.62694597  8.95121765 -6.54000807  3.        
-3.06995392  1.56884003 -2.81057692  5.        
-2.19298506 -0.41781601 -1.33340502  2.        
2.86219001 1.75620997 1.96624804 6.        
 7.13703918 11.65381622 -5.52835083  3.        
-0.45252201 -2.27440596 -0.75616503  2.        
 4.24519396  9.80854797 -6.05069017  3.        
-1.77516901  6.86481524  3.61373901  4.        
 3.51348901 10.58319855 -7.84481812  3.        
 3.92578101  8.202034   -3.03396606  3.        
-5.31420088  1.88586402 -2.29602098  5.        
-2.31273699  2.49509406 -2.22735596  7.        
2.9881289  1.52753496 4.60812378 6.        
-2.73097992  3.166435    0.67254603  2.        
 1.84384894  3.72571611 -2.619385    2.        
 8.11266327 12.42575836 -2.94757104  3.        
-3.48162794  7.19898176  4.25418091  4.        
 -0.190704   -12.09926605  -1.70782495   2.        
 3.61552405  8.07357025 -3.71676612  3.        
-4.58403778  6.29239607  3.347229    4.        
 4.55466509 12.25482178 -9.04632568  3.        
 2.24599504  7.85447693 -5.50445604  3.        
-7.65479994  1.72184801 -6.39242506  5.        
-0.89004499 -0.114876   -0.33264199  2.        
 5.40489197 11.39542389 -7.44189501  3.        
 1.96053302  6.96578217 -4.4494319   3.        
 2.86214399  6.97629499 -4.0319519   3.        
 6.6890111  11.50992584 -5.86489916  3.        
-3.36146498  7.8166728   5.20736694  4.        
-6.4977951   6.36260986  3.22369409  4.        
-0.64630097 -4.26814985 -1.09799194  2.        
 2.34212494  5.5689621  -3.36364698  3.        
 2.61051893  9.64842987 -7.39498901  3.        
 6.4644618  12.95278168 -8.81359863  3.        
-0.082047   -0.25326499 -1.05761695  2.        
 5.613029   10.12654114 -3.71795702  3.        
 5.50122786 12.00830078 -7.77002001  3.        
 2.08650208  8.40650177 -6.2097168   3.        
 3.98974609 10.81312561 -7.69458008  3.        
-2.65914893  8.7025528   6.46728516  4.        
-5.34602404  6.10521698  2.674438    4.        
 0.02227    -0.998474   -0.61648601  2.        
2.128479   1.39332604 3.94448805 6.        
-2.52255988  0.81620002 -1.871521    5.        
-1.55908203  1.18223596  1.34094203  2.        
-7.10579681  5.6784358   2.27710009  4.        
 5.16550398 10.75214386 -6.48654222  3.        
-0.594742   -3.27202606 -0.85311902  2.        
 0.27115601 -2.28498793  0.1409      2.        
 4.14239502 11.21791077 -8.09808254  3.        
-5.92074585  2.15005493 -5.2906189   5.        
 0.880997   -0.84812897  0.56893897  6.        
-2.70340705  0.624138   -2.13598609  5.        
-3.78330994  7.71797895  5.10366821  4.        
-5.72517395  1.95715296 -2.82617211  5.        
 5.62036896 10.6219101  -6.22988892  3.        
 2.13793993  5.89032698 -3.684479    3.        
-4.91037798  6.4491272   3.85202003  4.        
 6.17958117 10.97750092 -4.96762085  3.        
-1.57786596  6.53359985  3.20599389  4.        
-5.16721296  8.50930023  8.64816284  4.        
 4.06283617  8.679245   -2.92254591  3.        
 2.20651293  8.99165344 -6.88134813  3.        
-0.093498   -2.41146111 -0.94137597  2.        
 3.48041511  9.02388    -5.70443678  3.        
 6.75730896 11.35930634 -2.5753479   3.        
-2.08640289  5.47789812  1.80413795  4.        
-2.53029609  7.75740814  5.01980591  4.        
-8.54135132  7.26965284  7.81759596  4.        
 8.45166016 12.71779633 -3.71389794  3.        
 9.02979279 13.58283997 -7.63522291  3.        
-0.315247   -3.43330407 -0.84695399  2.        
-4.71648407  5.77671099  2.47442603  4.        
-7.75790405  2.22177911 -3.92932105  5.        
 6.59151506 11.34996796 -3.1816709   3.        
-7.41795397  7.63210297  6.11575317  4.        
-2.95304108  1.99490404 -5.0878911   5.        
-2.40801191  4.09626007  1.523651    2.        
-0.92282099  1.83614302 -1.21661401  7.        
 1.11836195 -0.30280301  0.63168299  6.        
 6.37806702 11.30027771 -5.94750977  3.        
2.53621697 1.550331   2.24560499 6.        
-8.02478027  6.63996887  4.19055223  4.        
1.87502301 1.06340003 2.44049096 6.        
 6.25098419 11.47303009 -5.16351318  3.        
 4.061409    9.53105164 -5.82159424  3.        
-4.85044098  7.59046221  5.13766479  4.        
 1.40957606  1.68645501 -1.47625697  2.        
 5.54476881 10.29772186 -2.58200097  3.        
-6.97296906  2.00907898 -6.02557421  5.        
-6.09756517  1.737198   -0.154175    5.        
-0.39945999  0.101906   -0.57217401  2.        
 3.02490997  6.92931414 -3.09188795  3.        
 -0.119202   -13.34549713  -1.63739002   2.        
-6.46878815  1.94715095 -6.29809618  5.        
-1.23687005  0.79167199 -0.95309401  2.        
-5.11013794  4.68389893  0.47183201  4.        
 5.01180983 10.45155334 -6.27523804  3.        
4.42314911 1.99681902 5.20059204 6.        
 6.16789198 12.81594086 -8.99127197  3.        
-7.95341492  5.89433289  2.57330298  4.        
 2.47819495  4.97112322 -3.21740699  2.        
-6.39466095  4.68913984  0.498505    4.        
-4.46928406  4.88661194  0.313232    4.        
-6.2840271   8.31143188  8.81692505  4.        
-0.29187     1.55924201 -1.44906604  7.        
-8.27104187  1.76576996 -1.94183397  5.        
 6.64424896 12.02581024 -6.75845289  3.        
 0.829575    8.63361359 -6.68652296  3.        
-5.99875593  1.94523597 -2.07922411  5.        
-1.45452905  2.88490295 -2.76113892  7.        
-8.74083042  6.65984297  4.78283691  4.        
-3.02849603  4.04949903  1.22226     2.        
 2.08703589  8.08565521 -5.8372798   3.        
-8.60832977  7.33834124  8.11633301  4.        
-5.15975904  1.95066094 -2.8132019   5.        
 4.38553619  8.8092041  -2.19775391  3.        
 7.12753296 12.25733185 -5.51989698  3.        
-4.54791307  1.49632299 -0.71533197  5.        
-2.69008589  1.74525404 -3.65325904  5.        
 2.4630971   9.99150944 -7.93267822  3.        
-1.42467499 -1.45015705 -1.30569506  2.        
 3.46569109  1.61677504 -0.22039799  6.        
 6.02231598 12.62923431 -8.30621338  3.        
-3.02821398  4.3298192   1.58639503  2.        
-0.83227497 -6.09470415 -1.23782301  2.        
-3.51592207  1.653687   -2.70672607  5.        
 7.91223907 12.90612793 -7.61862183  3.        
 2.49601698 10.31873322 -8.31262207  3.        
 7.64837694 12.69442654 -6.49331713  3.        
-0.389229   -6.38481903 -0.64621001  2.        
 3.45525408 10.12849426 -7.3241272   3.        
-7.550179    2.09211707 -2.64239502  5.        
 6.32905579 12.05609894 -7.30267286  3.        
4.33636522 2.20165992 4.9437561  6.        
 0.86618799  1.63612401 -1.86785901  2.        
2.00922394 1.248245   2.94445801 6.        
-3.8231051   8.60287476  7.82296705  4.        
-3.29946899  1.77421606 -3.73037696  5.        
-5.52211809  6.64125776  3.71579003  4.        
-3.10699511  4.98481798  2.04605103  4.        
 6.70929718 11.94995117 -5.37109423  3.        
-5.03993988  1.57626295  0.16690101  5.        
 3.69288611  8.35914612 -4.71798706  3.        
 -0.222488   -10.7077713   -1.50515699   2.        
-5.74405718  5.01971388  1.39563     4.        
-0.34958601 -1.86503601 -0.81695598  2.        
-5.69223022  5.17362213  1.69985998  4.        
-3.80234504  4.84911299  1.01705897  4.        
-6.01849413  6.56666613  3.54284692  4.        
-1.70445204  1.85019696  1.12774706  2.        
 4.5102458   9.26509094 -5.42867994  3.        
 2.51872206  5.51371813 -2.55358911  2.        
-3.15054297  1.09467304 -1.15188599  5.        
 4.56117201  9.22335815 -1.07907104  3.        
 3.5508039   7.9704442  -4.02145386  3.        
-7.93375397  2.1884079  -4.44274902  5.        
 5.93065596 10.9132843  -6.08135986  3.        
-0.76103199 -4.52641296 -0.969208    2.        
-7.99963379  6.84913588  4.86709595  4.        
 1.77769494  8.77404022 -6.56765795  3.        
