3.59604597 6.646492   0.68115199 3.        
 0.32794201 -9.30754089 -4.33480787  2.        
-9.18629456  2.44078803  2.52526903  4.        
-3.62376404  3.88265204 -5.85565186  6.        
 0.98589301 -1.39830005 -1.51544201  2.        
7.44667006 8.38858032 7.70077515 3.        
 3.9370501   6.55165911 -7.53890991  5.        
-2.17350793  2.21492004  3.70593309  4.        
2.27204895 5.31894684 6.58145094 3.        
 1.08552504  3.8111949  -3.1560359   5.        
-5.09226179  2.616081   -0.84985399  4.        
8.37576294 6.10226393 3.03976393 3.        
-0.018654   -5.17343092 -3.17477393  2.        
1.60932195 2.94140601 0.81829798 2.        
 0.055397    5.51590681 -6.73165894  5.        
 4.79911804  5.3928299  -3.66668701  5.        
4.94835711 7.455513   4.54711914 3.        
0.73259002 5.95440722 3.1399231  3.        
-1.47756195  1.40207696 -0.89807099  4.        
-5.95332289  2.33467102  4.4536128   4.        
5.34775496 5.83797407 7.80004883 3.        
-2.09197211  3.61984992 -3.01074195  6.        
9.0567627  8.55183411 5.06680298 3.        
-8.06267548  2.48680091 -0.325775    4.        
6.55820513 6.56028795 0.58630401 3.        
-4.39257812  2.2022481   1.90255702  4.        
 2.46823096  5.77874804 -5.18356323  5.        
 0.59572601  1.293625   -2.52026391  5.        
-0.71143299  2.07063293  1.51235998  4.        
 3.438416    3.67449188 -2.31976295  5.        
3.18673706 6.4969101  3.08956909 3.        
-6.7875371   2.37338996  2.14865088  4.        
-0.74317902  4.61947584 -4.65859985  5.        
2.04756188 5.13056183 1.43301404 3.        
 0.86032099 -7.16913605 -3.79336596  2.        
6.84293413 8.35567474 5.45935106 3.        
6.33982086 7.07733917 2.75640893 3.        
 1.30441999 -3.49902296 -2.48916602  2.        
 4.90660095  6.61389208 -5.56604004  5.        
 1.77407801  6.2879262  -7.82061815  5.        
4.04365492 6.46619415 6.26239014 3.        
-3.14566803  2.21769691  0.089722    4.        
 0.66307801  1.68244898 -0.52179003  2.        
-4.13585711  2.57158709 -2.63491797  4.        
2.04029107 6.06852007 4.70132494 3.        
-1.932549    3.04543304 -5.1655879   6.        
-7.88526201  2.32727098  4.00640917  4.        
-0.47911799  2.89527106 -2.12207007  6.        
-4.05356598  2.08799005  4.19543505  4.        
 1.74642205  2.80854797 -1.66192603  5.        
5.87177992 7.39773607 6.80032396 3.        
-0.30475599 -0.030731   -1.28872705  2.        
 2.81697798  4.88530684 -3.60040307  5.        
7.62673998 7.47881317 4.08935499 3.        
-6.69970703  2.50701094 -1.65133703  4.        
-3.64597297  3.57815504 -4.09124804  6.        
4.64491987 7.02214003 2.19912696 3.        
 0.98078197  4.95510912 -4.51971388  5.        
-2.62200189  2.19297791  2.01168799  4.        
-6.3768158   2.49039507  0.455872    4.        
-0.42879501 -3.40112305 -2.512573    2.        
-2.56491089  2.2079699  -2.00222802  4.        
8.06439209 9.13949585 6.3119812  3.        
3.83009291 5.26160383 7.36050415 3.        
 5.08248901  6.86526489 -0.047638    3.        
 1.20262897 -5.90228319 -2.41177392  2.        
3.490448   6.79616499 4.6965332  3.        
 1.90508294e+00  4.27384186e+00 -1.40399998e-03  2.00000000e+00
-8.8714447   2.74590302  0.97927898  4.        
6.63843489 6.83306122 8.02966309 3.        
-5.4977951   2.22009301  2.96676612  4.        
8.97509766 6.78688812 4.30926514 3.        
-0.53060901  3.91721296 -3.259583    5.        
7.4869771  6.2328639  1.73495495 3.        
 3.51992798  6.3314209  -6.10827589  5.        
 1.41874695  5.84467316 -6.27859497  5.        
 3.80992889  5.94547987 -4.57550097  5.        
-4.54110718  2.34662604  0.458527    4.        
-1.79094696  1.93526495  0.57107502  4.        
1.215096   5.2759552  5.57235718 3.        
 0.58023798 -2.29515791 -2.61187696  2.        
 0.55766302 -0.31760401 -2.35534692  2.        
6.27765703 7.76036787 4.26409912 3.        
-0.27807599  1.62877703 -1.500458    2.        
-3.65702796  2.51662397 -1.25692701  4.        
2.1062851  5.84306288 2.63064599 3.        
-1.037117    5.11482191 -5.8572998   5.        
-1.24246204  2.10795593  2.76675391  4.        
-5.39363098  2.73720503 -2.25451708  4.        
 0.90102398  0.46902499 -0.98602301  2.        
2.76024604 5.60005188 0.42950401 3.        
3.02203393 5.98999786 1.66653395 3.        
2.89215803 6.0883708  5.71536303 3.        
-3.51274109  2.22057295  2.97253394  4.        
0.762909   5.8322978  4.44046021 3.        
-7.61773682  2.41766405  1.04309106  4.        
4.35525513 7.05488586 3.47232103 3.        
 4.04715014  4.62236023 -2.96096802  5.        
 0.74640697  2.73304796 -2.55029297  5.        
-5.64794207  2.23168206  1.591187    4.        
-1.31350005  3.25417304 -4.01782179  6.        
5.00173187 7.27613115 5.80862379 3.        
-0.30302399 -7.50553083 -4.12857103  2.        
5.68824816 6.86598206 1.438568   3.        
 2.22776008  3.6503911  -2.67700195  5.        
-2.39054894  3.85445404 -4.20822096  6.        
 0.919617   -4.68270922 -2.43661499  2.        
-7.88648987  2.4863739   2.71316504  4.        
 0.331177    5.21090698 -5.54519701  5.        
1.06729102 5.67383623 1.95834398 3.        
 0.91439098  2.84880805 -0.221985    2.        
 2.62640405  6.34032393 -6.94244385  5.        
-6.73508501  2.29849195  3.52078295  4.        
-0.74430102  1.50892603  0.121277    4.        
6.74547577 8.24805546 6.65100098 3.        
-1.61383104  2.90752411 -1.73443604  6.        
 0.73435998 -8.36321259 -3.75082397  2.        
5.02639008 6.52455091 6.93554688 3.        
7.835289   8.35427094 4.80410814 3.        
 0.62869298 -6.10423279 -3.43664598  2.        
-2.38485003  2.07347894 -0.778229    4.        
7.38933611 6.77903795 3.06503296 3.        
 0.81789398  5.6855998  -7.54547119  5.        
5.45057678 7.35250807 3.54507494 3.        
4.64280701 6.90678406 1.03872705 3.        
-3.51336694  2.1620481   1.21295202  4.        
 1.73631299  4.62167406 -3.76785302  5.        
-6.94261217  2.58793592 -0.49093601  4.        
 0.53857398 -3.97737098 -3.19506788  2.        
 4.81346083  6.57914686 -6.66198683  5.        
-3.001724    3.11192298 -3.3440249   6.        
1.61773705 4.05749512 1.02859497 2.        
 4.88424683  5.835495   -4.6599431   5.        
5.8935318  7.88548994 5.73565722 3.        
-2.53052497  3.49794793 -5.94518995  6.        
 2.62968397  3.45183611 -1.65478504  5.        
 1.63799298  1.94860101 -0.17761201  2.        
-0.58315998  0.78141803 -0.66329998  2.        
2.01529694 6.1612401  3.63226295 3.        
 2.82266998  6.18855286 -7.96722412  5.        
 0.32337201  4.44691515 -3.87655592  5.        
 1.43385303  5.48564911 -5.29916382  5.        
-5.06491899  2.25235796  3.94149804  4.        
3.30683899 5.68037415 6.58950806 3.        
8.57176971 7.68444109 4.63491821 3.        
3.72599792 6.59564209 2.24462891 3.        
0.81404901 3.49330902 0.57141101 2.        
6.59034681 6.68544817 1.82290602 3.        
-3.10671997  3.85755897 -4.89358521  6.        
-1.28804004  4.26010895 -3.79184008  6.        
 2.20114899  5.22087908 -4.39825392  5.        
-8.30567932  2.56037903  1.82562304  4.        
-4.58135223  2.59220099 -1.69067395  4.        
-3.12905097  2.38417101  4.0744319   4.        
 0.68624097 -0.41413099 -1.33902001  2.        
-1.727898    2.05669403  1.65084803  4.        
-1.18456304  3.34695411 -2.787323    6.        
-4.53019714  2.26300001  3.06442308  4.        
 0.088898    0.652031   -1.99618495  2.        
 3.760185    5.19385481 -3.68902612  5.        
-4.12118483  2.51935601 -0.40683001  4.        
-8.66701508  2.47146606  3.45471191  4.        
-6.08354187  2.59973907 -0.918823    4.        
2.79768395 6.44242096 4.13522291 3.        
-5.40071917  2.4863739   0.047821    4.        
6.81665802 7.57286787 7.45144701 3.        
5.86060286 6.54827881 7.42050219 3.        
8.15753174 6.74845886 3.7059629  3.        
4.20285797 6.96417189 5.42919922 3.        
 0.38761899 -1.23243701 -2.20037794  2.        
 2.36186194  6.09829712 -6.04391479  5.        
 0.977005   -5.12431288 -3.24566698  2.        
 0.153381    3.35984802 -2.87716699  5.        
2.41588593 4.6631999  0.73010302 3.        
 3.06385803  5.52198792 -4.24639893  5.        
1.81002796 3.32823896 0.00943    2.        
-2.51731896  2.17404199  1.09933496  4.        
 2.90426612  4.22795105 -2.89871192  5.        
6.82344818 7.25564623 3.60083008 3.        
2.03590393 5.80867815 5.58074903 3.        
-2.05120111  2.82336402 -2.57861304  6.        
8.23043823 8.9208374  5.45025587 3.        
 0.51348102 -3.12284803 -2.25402808  2.        
 1.14563     1.41138506 -1.23608398  2.        
4.58048201 5.7417531  7.20916796 3.        
-2.15679908  2.11104608  2.81677198  4.        
 1.09862494  2.31198096 -0.972534    2.        
 3.29910302  6.0605998  -5.2905879   5.        
 0.082794   -6.85279799 -3.54187012  2.        
 1.46825397  3.20932794 -2.41653395  5.        
-6.83093977  2.44419098  4.37680006  4.        
7.01071215 8.0852356  4.60891724 3.        
-7.45661879  2.45325494 -1.181427    4.        
-3.36152697  2.46666002 -2.22695899  4.        
7.51473188 8.84345245 6.96710205 3.        
 0.19950899  0.97145802 -1.19955397  2.        
-6.77423096  2.38410211  1.23117101  4.        
-1.56082904  3.70741296 -4.76065111  6.        
 0.67375201 -7.73704481 -3.16684008  2.        
5.7098012  6.64167023 0.50521898 3.        
5.36071777 7.14867401 2.65142798 3.        
 0.148109    4.88322401 -4.70434618  5.        
3.54689789 6.78854418 3.802948   3.        
-1.91523695  1.91370404 -1.54037499  4.        
4.16325378 7.16979218 4.34612989 3.        
7.40653181 8.71964264 5.98980713 3.        
-3.91160607  4.07070923 -5.02923584  6.        
-7.36319017  2.50664496  0.230652    4.        
 1.29356396 -6.71653795 -3.24298096  2.        
 4.11870623  6.32139587 -5.53488207  5.        
 1.14981794  2.29315209 -1.97924805  5.        
 0.113411    2.22902703 -2.39938307  5.        
5.63199615 7.73139191 4.91299391 3.        
4.3053441  6.93489122 0.211823   3.        
 0.34377301 -5.76730299 -2.74899292  2.        
7.77639008 6.28411102 2.52069092 3.        
2.93474603 6.02448988 2.47253394 3.        
-6.01391602  2.23370409  2.3374331   4.        
-1.87064397  1.704826   -0.262573    4.        
-1.22884405  4.51496887 -5.29342604  5.        
-3.48210096  2.24480391  2.16906691  4.        
 0.77150702 -2.36153412 -1.83435094  2.        
 1.43695104  6.0393219  -7.05758715  5.        
-5.02081299  2.27830505  1.10009801  4.        
1.24720001 5.95261383 3.82034302 3.        
-8.31739807  2.60516405  0.42660499  4.        
4.04902697 6.69867706 1.52606201 3.        
-5.95093489  2.19488502  3.61791992  4.        
-7.52908278  2.40504503  1.873505    4.        
-0.37336701  4.84324694 -5.32128906  5.        
-9.13305664  2.7194519   1.78714001  4.        
 0.73735797  5.44670916 -6.23501587  5.        
-5.188766    2.19953203  2.23211694  4.        
 3.3846209   6.51210785 -6.87115479  5.        
-0.28091401  5.15502882 -6.03359985  5.        
2.87893701 6.34975386 4.90045214 3.        
1.38803101 5.76283979 4.99911499 3.        
3.46765089 6.56604004 5.4319458  3.        
 2.23921204  4.24279022 -3.28793311  5.        
-2.86956811  2.3572619  -1.30481005  4.        
-0.50245702  4.27475691 -3.92681909  5.        
 0.057007   -8.38563538 -4.08435106  2.        
-3.78920007  2.31041002  0.51681501  4.        
-5.96162415  2.70211792 -1.65438795  4.        
-2.85179901  2.20735908  3.38134789  4.        
2.6437149  5.54621887 1.19485497 3.        
3.10173011 6.39382887 0.180389   3.        
2.44879198 5.61363983 1.96423304 3.        
 0.071571   -4.02871704 -2.61462402  2.        
-0.81076801  1.87141395  0.80023199  4.        
3.06071496 5.11925507 7.01321411 3.        
-2.38635302  3.67720008 -4.9382019   6.        
3.05306196 6.10555983 0.88900799 3.        
-7.10894012  2.34679389  2.88189697  4.        
-1.83570099  3.77316999 -3.70330811  6.        
1.34406996 5.68031311 2.64242506 3.        
-5.73228407  2.39987993  0.80093402  4.        
 1.48194098 -5.65628815 -3.1867981   2.        
6.28982496 8.0087204  5.08944702 3.        
1.33602905 4.97661591 1.34127796 3.        
 0.63042498  0.185104   -1.74615502  2.        
 0.794083    1.98902094 -2.56841993  5.        
 4.34745789  5.58223677 -4.19741821  5.        
6.88821411 6.425529   1.21899402 3.        
-2.50294495  2.02125597  0.35067701  4.        
4.69426012 6.82298994 6.27612305 3.        
-3.31683302  2.43487501 -0.62814301  4.        
7.07080793 6.63019609 2.4377141  3.        
-0.66653401  2.2827611  -1.79586804  6.        
 4.09676409  6.58763885 -6.69436693  5.        
9.16781616 7.84933519 4.99575806 3.        
 0.242134    3.96259308 -3.24984694  5.        
1.75069404 5.46917009 2.09622192 3.        
 1.01293194  4.35987806 -3.72705102  5.        
-1.43711102  4.49721479 -4.57607985  5.        
2.4967041  6.22359514 3.11502099 3.        
5.89308882 6.98660278 2.10485792 3.        
 1.02301002 -9.2170639  -4.42925978  2.        
 0.25575301 -1.88814497 -1.93493605  2.        
 1.590675    2.572685   -0.50689697  2.        
1.81040204 5.28475904 6.04934692 3.        
6.13991499 7.29135084 3.39773607 3.        
 2.13917494  3.21106005 -2.10009789  5.        
5.58289289 7.58457994 4.19711304 3.        
-3.20967102  3.31140089 -5.95071411  6.        
6.15124512 6.12836504 7.90539598 3.        
5.29104614 7.15148878 6.48849487 3.        
3.83866096 6.74311781 3.01873803 3.        
 0.062141    1.64868903 -0.87872303  2.        
2.05012488 3.7562561  0.57229602 2.        
6.30640411 7.10959578 7.35675097 3.        
-7.59742689  2.40643311  3.37332106  4.        
8.70592499 6.18038177 3.64663696 3.        
-2.90967607  3.6583941  -3.76315308  6.        
-0.86005402  2.18038893  2.19287109  4.        
-0.97838598  0.95954102 -1.20437598  2.        
-4.32914019  2.24664307  1.12472498  4.        
8.27812195 7.1944809  4.24850512 3.        
4.03582811 5.98426104 6.75485182 3.        
 3.25929308  6.63392591 -7.67785597  5.        
-4.05609083  2.268013    2.54626489  4.        
 0.716461   -3.84670305 -2.4146421   2.        
6.17235613 7.94715881 6.36016893 3.        
 0.29155001 -1.291412   -1.52374303  2.        
-8.55708313  2.6486969   2.70230103  4.        
 0.84445202 -6.45827484 -3.980896    2.        
-4.03694201  2.20134711  3.52328491  4.        
-0.49063101  3.41774702 -2.68182397  6.        
 3.91786194  4.09464979 -2.54089403  5.        
 0.51530498 -4.70189714 -2.97595191  2.        
-4.66980696  2.24973297  4.48730516  4.        
-6.079422    2.52414703 -0.25103801  4.        
-2.84421492  2.18137407  2.71072412  4.        
4.69548798 7.33024597 5.15502882 3.        
6.89061022 6.68267107 7.42822313 3.        
3.4366231  6.17353821 6.09506178 3.        
 1.98876202  6.19351196 -6.71417189  5.        
1.69212306 2.693542   0.170837   2.        
8.8340683  8.9154892  5.72988892 3.        
 0.82834601  5.26738691 -5.10855103  5.        
-5.22945404  2.61603594 -1.49774206  4.        
2.51349592 5.67306519 6.06512403 3.        
 1.94918096  5.76003313 -5.61050415  5.        
 3.37733507  4.64656115 -3.09521508  5.        
-6.3211751   2.23126197  2.92227197  4.        
 0.52403998  2.17104292 -0.099548    2.        
-1.20182002  1.29112196 -0.30249     4.        
6.97007799 7.68748522 4.08325195 3.        
7.11881304 7.88398695 7.97164917 3.        
3.53158593 6.36556196 1.28817701 3.        
 1.613922    5.21547699 -4.6966548   5.        
 0.219559   -7.62284803 -3.74563599  2.        
6.42053986 7.7349782  6.9316411  3.        
 0.69605303 -7.08264923 -3.11321998  2.        
7.11056519 8.10205841 6.12515306 3.        
4.70736694 7.11039019 2.92114305 3.        
-8.28924561  2.5123291   1.16937304  4.        
5.13318586 6.95523787 1.76672399 3.        
-3.89816308  2.53479004 -1.868958    4.        
1.06306505 1.81927502 0.088776   2.        
-1.55009496  2.19486189  3.32879591  4.        
 1.03785706  1.03205097 -0.70089698  2.        
7.4756999  8.52274323 5.31207323 3.        
 4.41379499  6.13070679 -4.98703003  5.        
 4.40378618  6.48532104 -6.13900805  5.        
-1.15371704  3.7773509  -3.3278501   6.        
-1.73648798  3.36410499 -2.43435693  6.        
-4.46282196  2.62260389 -0.97433501  4.        
 0.92591101  5.70862579 -6.85595703  5.        
 4.55229187  5.23848677 -3.09561205  5.        
1.66506195 6.02667999 3.11465406 3.        
 0.03418    -3.50705004 -2.98126197  2.        
 0.80585498  0.84407002 -2.11819506  2.        
1.42691803 3.77584791 0.43661499 2.        
 0.37265    -2.82763696 -2.89523292  2.        
-3.71923089  3.17503405 -3.60623193  6.        
-4.77192688  2.690979   -2.37057495  4.        
-0.29018399 -0.57612598 -1.61010695  2.        
-3.05776191  2.16647291  0.76959199  4.        
 0.105011    1.56778002 -2.00042701  2.        
 0.32076299 -0.58588398 -1.82345605  2.        
6.20379591 6.67110395 1.09539795 3.        
-1.76988196  2.07584405  2.27905297  4.        
 2.35755897  6.37469482 -7.58758497  5.        
4.90166521 7.320755   3.93499804 3.        
8.49752808 8.27230072 5.01351881 3.        
0.73930401 5.58836412 3.77526903 3.        
 1.61885798  3.69446611 -2.8127749   5.        
-1.12553406  3.02199602 -2.10788012  6.        
 0.22309101 -2.53224897 -2.15701294  2.        
1.80696905 4.66932678 1.07281494 3.        
 0.75753802 -8.97618103 -3.85528588  2.        
1.44617498 5.96071577 4.40820312 3.        
7.15033722 8.34014893 7.11196899 3.        
 0.64501202 -3.43331099 -2.91754198  2.        
 1.00832403 -6.24040222 -2.96969604  2.        
 0.26884499  0.34906    -1.27429199  2.        
5.25312805 6.91353607 0.97195399 3.        
-3.00487494  3.68276191 -5.50842285  6.        
 2.83116102  3.59847307 -2.31713891  5.        
-6.24032593  2.29747796  1.72647095  4.        
 0.56716901 -8.75097656 -4.40283203  2.        
-1.33560896  2.00243402  1.08105505  4.        
 0.73857898  0.78079998 -1.51593006  2.        
-1.39280701  1.65981305  0.202332    4.        
-2.48989105  2.99317908 -3.0410161   6.        
 0.93984199  3.27426195 -2.74078393  5.        
5.6427989  7.5594182  6.17993212 3.        
 0.78189099 -5.28915405 -2.6968689   2.        
-7.22301483  2.39539289  3.92031908  4.        
 2.99851203  6.14534807 -5.80700684  5.        
-0.076088    2.87889099 -2.59838891  5.        
 2.89043403  6.3107152  -6.40301514  5.        
7.5928731  7.0338521  3.56912208 3.        
 1.65940905  4.10065508 -3.3470459   5.        
1.16298699 3.04449511 0.286652   2.        
 0.69066602 -7.70788622 -4.10119581  2.        
 1.11426497  2.25584412 -0.342316    2.        
-0.48090401  0.62331402 -1.22656202  2.        
5.534554   6.83795214 7.01806593 3.        
-6.68182421  2.62780809 -1.07086205  4.        
7.93551588 6.50278521 3.04721093 3.        
-7.53606415  2.66362    -0.528229    4.        
-2.68096209  2.13985395 -0.273285    4.        
 1.23780799  1.58673096 -0.681427    2.        
4.50492096 6.41584778 6.68554688 3.        
-4.95127106  2.21389008  1.679443    4.        
 1.14244795  5.56186724 -5.82666016  5.        
 2.98825097  5.79480696 -4.75820923  5.        
-3.05213189  3.82807899 -4.31210279  6.        
 1.48178101  4.89962006 -4.22311401  5.        
7.98493195 7.75686693 4.45294189 3.        
-6.37080383  2.3049469   4.00268602  4.        
6.98709106 7.31926012 7.97857714 3.        
2.50463891 6.05741882 5.28543091 3.        
-5.37113905  2.36672211  4.42004395  4.        
5.30109406 6.25631714 7.36923218 3.        
8.38240814 9.31333923 5.86032104 3.        
-0.46450001  5.313766   -6.55877686  5.        
6.47337294 8.23873901 5.96557617 3.        
4.07754517 6.89821577 0.93679798 3.        
 1.15985894  6.08943176 -7.76760912  5.        
8.99414825 7.30249786 4.57974195 3.        
-7.07560682  2.42195892  0.74661303  4.        
-0.092209    4.56575012 -4.29443407  5.        
-3.36172509  2.10703993  3.61209106  4.        
-3.15329695  2.25321198  1.70571899  4.        
4.8733058  6.94722795 0.52264398 3.        
4.68700409 5.30492401 7.55389404 3.        
-4.86448717  2.49834394 -0.134644    4.        
 2.188164    4.94306183 -3.87817407  5.        
2.86579895 6.44979906 3.55047607 3.        
5.36750793 7.62121582 5.39785814 3.        
7.10636091 8.65097046 6.45944214 3.        
-1.96334803  1.67948198 -0.90960699  4.        
2.42541504 5.1256938  0.41558799 3.        
-1.37902796  3.89246392 -4.20083618  5.        
-3.67984009  2.39868212 -0.022034    4.        
 0.62972301  1.31362903 -1.052338    2.        
-4.56626892  2.20565009  3.69345093  4.        
0.92899299 5.4722209  4.88357496 3.        
 3.61824799  5.67216492 -4.13217211  5.        
-3.93120599  3.65331292 -4.66644287  6.        
-3.94467211  2.15790606  1.559448    4.        
-2.42555189  3.62631202 -3.45098901  6.        
4.01903486 7.04749298 4.91619921 3.        
 4.93405914  6.16722918 -5.24591112  5.        
-5.00535583  2.27711511  3.3378911   4.        
 0.60823798 -1.77996802 -2.42694092  2.        
 0.61662298 -6.72922516 -3.53768897  2.        
2.78874993 5.49402618 6.5343318  3.        
4.6235199  6.86370087 1.584198   3.        
-1.976349    2.10054803  1.06463599  4.        
-4.62763214  2.26719689  2.52636695  4.        
2.2971499  6.23660278 4.18908691 3.        
-6.07675219  2.30058289  1.20852697  4.        
 0.22138999 -5.65086412 -3.26815796  2.        
-6.75394392  2.55269599  0.016449    4.        
6.76893616 7.06732893 3.09521508 3.        
4.21760607 6.94786119 2.69061303 3.        
-0.12722801  2.115242   -1.92813098  5.        
1.09075904 2.48083496 0.14910901 2.        
 2.12371111  5.51139116 -4.86343384  5.        
3.48001099 6.3404541  1.83602905 3.        
 3.22186995  5.19718218 -3.77606201  5.        
2.28126502 4.16065216 0.87490797 2.        
 3.37779999  4.07038879 -2.68115211  5.        
-3.49401093  3.80331397 -5.31686401  6.        
 4.1318512   4.98027802 -3.35458398  5.        
-8.13356018  2.53960395  3.45379591  4.        
 0.44567099  5.76153612 -7.16482496  5.        
 0.17333999  5.37475586 -6.21679688  5.        
 0.71753699 -0.91103399 -1.66976905  2.        
 0.62123102  0.36489099 -2.26852393  2.        
 5.01526594  6.347229   -6.22442579  5.        
-2.43093109  3.42100501 -5.4255681   6.        
-3.64971209  2.43638611  4.20092821  4.        
5.84230804 7.17105913 2.92373705 3.        
 1.86754596  6.25162506 -7.28927612  5.        
3.01644111 5.84143782 6.17254591 3.        
 0.95840502 -5.67871094 -3.0909121   2.        
-2.34656501  2.22265601 -1.51751697  4.        
1.22257197 5.28245497 2.31243896 3.        
-1.03936005  4.33055115 -4.26745605  5.        
 0.49445301  4.75626421 -4.32424879  5.        
 0.76662397 -1.80613697 -1.82366896  2.        
-1.582268    3.52761793 -3.11560106  6.        
-7.3740921   2.41101098  2.42971802  4.        
-1.17471302  2.1324079   1.77240002  4.        
-7.14238024  2.838516   -1.35553002  4.        
 1.31259203  2.73919702 -2.23937988  5.        
7.81578779 9.02210236 5.8652339  3.        
-0.65502203  1.272385   -0.33651701  4.        
4.87266493 7.23511505 3.40090895 3.        
-8.74685669  2.63565111  2.12887502  4.        
 0.27843499  1.10613203 -1.69796801  2.        
 0.63272899 -4.26621199 -2.71188307  2.        
-2.68784308  2.17743707  3.87484694  4.        
3.70236206 5.49812317 6.9153142  3.        
-7.04740095  2.36093903  1.683411    4.        
3.93375397 6.6857152  5.77432299 3.        
-2.22934699  2.1319809   1.54196203  4.        
9.1415329  9.03212738 5.23852491 3.        
6.35080004 7.49803877 3.81896996 3.        
 2.63559008  5.26404619 -4.12811279  5.        
-1.84470403  3.71079302 -4.31567383  6.        
 1.38689399  3.14899397 -0.216644    2.        
6.39207506 6.90974379 2.23818994 3.        
-7.95626783  2.56321692  2.19900489  4.        
 0.175201   -0.181969   -1.37780797  2.        
 0.84278101  1.61434901 -2.21109009  5.        
7.54897308 8.01612854 4.46832323 3.        
4.12986803 6.89607191 2.18566895 3.        
 0.47905701 -0.806274   -2.46365404  2.        
 0.68882799  4.16549683 -3.39013696  5.        
 0.57176203  3.63773298 -3.04507494  5.        
 0.081802   -3.29740095 -2.52371192  2.        
7.5968399  8.99703217 6.44094896 3.        
-9.0088501   2.41222405  1.40594494  4.        
 2.85304308  6.48864698 -7.36850023  5.        
 4.32865095  6.40258789 -7.10250807  5.        
 4.73962402  5.88210297 -4.09378099  5.        
-5.04434204  2.37531996  0.440521    4.        
 0.85418701  1.76371002 -1.01718104  2.        
3.38653588 6.36542511 2.64617896 3.        
-0.111786    4.10515594 -3.57797194  5.        
-4.13770294  2.62374902 -1.43661499  4.        
2.40292406 5.10049391 0.97662401 3.        
7.04013777 6.45974016 1.74761999 3.        
 2.72084808  4.48915911 -3.28417993  5.        
 3.86415911  6.10700178 -5.16372681  5.        
1.58683801 5.29937696 1.62640405 3.        
-7.86656189  2.586586    0.216644    4.        
-5.55934095  2.29388404  3.92334008  4.        
8.55669403 6.71379089 3.99679589 3.        
-5.59989214  2.63707709 -1.01626599  4.        
6.2131958  6.69818115 7.81582594 3.        
1.59960902 5.57641602 5.49117994 3.        
-1.00387597  1.057289   -0.69039899  4.        
-3.07540894  2.44218397 -1.74609399  4.        
 1.06075299 -7.61225891 -3.7094121   2.        
 0.78336298 -4.44473314 -3.30023193  2.        
-2.27294898  1.93023705 -0.094879    4.        
-2.81947303  2.29828596 -0.74410999  4.        
4.47034502 6.96274614 5.83892822 3.        
-4.00653076  2.25334907  3.03039598  4.        
-1.92792499  3.39025903 -4.79794312  6.        
3.70601702 6.92658186 4.28112793 3.        
 0.77380401 -3.00419593 -2.68734694  2.        
6.53794909 7.98647308 4.65319777 3.        
 2.61146498  5.51625109 -4.63360596  5.        
-5.0582118   2.24939704  2.76669312  4.        
-1.29677606  4.95504808 -5.47854614  5.        
 0.46025801 -5.21520185 -3.14324999  2.        
-0.87525898  4.11763    -3.5279851   5.        
6.87708282 7.94753981 7.15542603 3.        
 3.65689898  6.22983599 -5.62530518  5.        
-3.87179589  2.54630995 -0.83001697  4.        
 0.90600598  0.043877   -1.20593297  2.        
1.84401703 6.11536407 4.10018921 3.        
 1.92266798  5.91863298 -6.09564209  5.        
-2.33349609  1.76676905  3.74099708  4.        
 0.350227    1.81531501 -2.37936401  5.        
-2.32038903  3.22765398 -2.66284204  6.        
 1.17012    -3.07415009 -2.32165504  2.        
 2.03991699  3.27645111 -1.63934302  5.        
4.04000092 7.05342913 3.828125   3.        
3.18844604 6.64266205 4.31356812 3.        
4.25387621 5.46425581 7.4223628  3.        
 4.2829442   5.94281006 -4.56185913  5.        
-8.00778961  2.5057981   0.789886    4.        
-0.83674598  4.79052019 -5.24926805  5.        
7.93460894 8.60897064 5.24505615 3.        
 4.24042511  5.32927704 -3.6503911   5.        
8.64105225 8.83019257 5.24346924 3.        
4.52204895 7.28152514 4.63366699 3.        
6.27277422 8.1038208  5.54724121 3.        
8.27635193 6.42160797 3.36514306 3.        
7.37867689 8.26971436 4.84616089 3.        
 0.870224   -3.41529107 -2.18664598  2.        
5.77743483 6.81646681 0.93191499 3.        
 2.85008192  5.95536804 -5.38366699  5.        
-3.3465879   3.41497803 -3.74850512  6.        
-0.69455701  4.93592787 -6.1161499   5.        
5.69419909 6.18427992 7.96899414 3.        
7.22904205 7.27891493 3.82617211 3.        
 0.511383    5.51423597 -6.63442993  5.        
 3.66883111  4.95236206 -3.30459595  5.        
0.901878   5.56366682 2.96054101 3.        
-1.69522095  2.1330719   2.89468408  4.        
1.23415399 5.89029694 3.20870996 3.        
-5.58052778  1.95601702  4.40508986  4.        
5.21840715 7.21756697 3.09616089 3.        
-0.79299903  3.10423303 -2.5310359   6.        
-1.04598999  2.926018   -1.66415405  6.        
 2.48566389  4.03679705 -2.95752001  5.        
2.16223907 3.37376404 0.341095   2.        
3.75318193 6.71615601 0.254547   3.        
5.87683105 7.45170593 3.73904395 3.        
6.92053223 8.50931454 6.02865601 3.        
 0.29921699 -8.12545776 -3.79348707  2.        
 0.45284301  3.0388639  -2.72695899  5.        
-5.66336107  2.56140089 -0.44067401  4.        
 3.7567749   6.61795807 -7.11651611  5.        
-2.45355201  2.14064002  3.1655879   4.        
-7.82686615  2.4442749   1.52938795  4.        
-6.70032501  2.30040693  2.6776731   4.        
-3.39206696  2.85738397 -3.61456299  6.        
-0.136246    3.65461707 -3.06951904  5.        
3.36966705 6.25989485 0.59823602 3.        
 0.64317298 -2.64590406 -2.29147291  2.        
-3.52684808  3.84492493 -4.58267212  6.        
 4.57105303  6.27177382 -5.53167677  5.        
 0.97452497  4.70582581 -4.13931322  5.        
-6.28151703  2.62231398 -1.32650805  4.        
6.68504286 7.16464996 7.60055494 3.        
2.47283912 6.29854584 3.71923804 3.        
7.95943499 7.08269501 3.93936205 3.        
-1.26051295  1.82252502  0.60409498  4.        
5.36869001 6.87503815 0.319336   3.        
-6.28014421  2.5867691  -1.95489502  4.        
4.97854614 5.75528717 7.42382812 3.        
1.73288703 3.37045288 0.74874902 2.        
 0.46283001 -7.22669983 -3.4720459   2.        
 0.111954   5.0217061 -5.1998601  5.       
6.88961792 8.23532104 5.0161438  3.        
2.46097589 6.21571302 4.76626587 3.        
3.08060503 6.34794617 5.35821486 3.        
-5.525383    2.19915795  3.4156189   4.        
8.24968719 8.01040745 4.71359205 3.        
 2.05752611  3.91596198 -3.02276611  5.        
 2.26319909  6.44026184 -8.02194214  5.        
-2.72477007  3.84587097 -4.65765381  6.        
3.67809296 6.01950788 6.48568678 3.        
6.70419312 6.85911608 2.55954003 3.        
-0.75635499  3.5936811  -2.99777198  6.        
-2.92095995  2.5026021  -2.30349708  4.        
 0.100998    0.68128997 -1.52673304  2.        
 0.31159201  2.63013506 -2.58331299  5.        
7.50166321 6.35920715 2.174896   3.        
2.75393701 5.52086592 1.62820399 3.        
 2.37872291  4.6400218  -3.53066993  5.        
 0.67498797 -0.24610899 -1.85607898  2.        
-2.09215593  2.10529304  1.97045898  4.        
5.985672   7.80690002 4.65036011 3.        
1.81281304 5.83842516 5.11547899 3.        
2.0720439  4.51335096 0.336761   2.        
-7.22970581  2.67564392 -0.86810303  4.        
 1.39354706  2.55110192 -1.57257104  5.        
 0.206779   -6.24654388 -3.4498291   2.        
-6.43658495  2.57291389 -0.64862102  4.        
-4.26936293  2.63882494 -2.21630907  4.        
 1.718292    2.86473894 -2.10955811  5.        
4.78316498 6.1314621  7.1506958  3.        
 3.4035871   5.91714478 -4.85199022  5.        
2.56167603 5.11875916 6.84994507 3.        
-0.16095699  2.49716997 -2.17861891  5.        
2.48690009 5.18207502 1.427917   3.        
-2.8380971   3.25588989 -5.71749878  6.        
 4.00922394  6.34410906 -6.00009203  5.        
-0.58651     5.00492096 -5.69369507  5.        
-1.74627697  2.86144996 -2.15304589  6.        
7.13725996 7.95339203 7.51171923 3.        
 2.84777093  3.74892402 -1.90295398  5.        
 3.63468909  4.43268585 -2.80856299  5.        
-4.1968379   2.39048004  0.18716399  4.        
-7.62026215  2.60294294  4.22457886  4.        
1.72125995 4.82054901 1.48498499 3.        
 0.045685   -7.19866896 -3.81088305  2.        
-1.90120697  1.88180494  0.14917     4.        
-2.81955004  2.17874908  1.41738904  4.        
 0.727135   -6.51300812 -3.16629004  2.        
-8.66899109  2.63989997  1.59390295  4.        
2.90785193 5.82240295 2.08624291 3.        
 0.922943   -7.99081421 -3.54095507  2.        
 1.36506605  1.97770703 -0.88345301  2.        
-0.81363702  2.66329193 -1.95098901  6.        
6.10340881 6.84576416 1.74996996 3.        
-1.97142804  2.08777595  3.30728197  4.        
-1.34289598  2.08342004  2.1972959   4.        
 0.241905   -0.64774299 -1.40090895  2.        
-5.76285505  2.63785601 -2.0350039   4.        
-4.64734697  2.57134295 -0.58532703  4.        
8.16699982 8.71837616 6.31536913 3.        
 2.89961195  3.8164289  -2.68508911  5.        
5.16384888 7.5402832  5.0249939  3.        
 0.62560999 -6.04220581 -3.00537109  2.        
 2.47765398  3.48091102 -2.09930396  5.        
-3.90853906  2.20593309  1.03961205  4.        
 1.16299403  5.20384216 -4.84454393  5.        
-0.084282    0.231537   -1.54882801  2.        
-3.74784803  2.1606369   3.88595605  4.        
6.157547   6.70461988 0.66946399 3.        
3.19693804 6.19763184 2.17974901 3.        
 1.30708301  2.67334008 -0.201233    2.        
8.17511845 6.12783813 2.5375061  3.        
7.45394087 6.54257202 2.63287401 3.        
-5.61749315  2.20611596  2.49627709  4.        
2.50556993 5.77308607 2.35711694 3.        
-0.19165801  4.7695241  -4.9369812   5.        
-3.90531898  2.22650099  2.12106299  4.        
2.08509803 6.01113892 3.04812598 3.        
-2.74775696  3.67220306 -5.17019701  6.        
 3.75501204  6.39588881 -6.4563899   5.        
 0.580948    0.71708697 -1.112396    2.        
-3.23687005  2.44365692 -1.11306798  4.        
 1.54264104  5.96733904 -7.63622999  5.        
-8.42596436  2.59450507  3.13012695  4.        
-6.34783888  2.219208    3.3713069   4.        
 1.205109    3.60777307 -2.80612206  5.        
-3.73943305  2.56771111 -2.490417    4.        
-5.84910583  2.44277906  0.398132    4.        
-7.61527205  2.4954381   0.56829798  4.        
 0.29925501 -3.6747129  -2.61526489  2.        
-4.9592061   2.62265801 -1.99993896  4.        
-2.22666192  2.10244012  0.72668499  4.        
-0.35378999 -0.212189   -1.80993605  2.        
1.30592406 3.42123389 0.170532   2.        
2.13087511 5.54014587 5.95767212 3.        
-8.29051208  2.7631681   0.039673    4.        
-3.06638288  2.24977899  2.21951294  4.        
-1.49623096  3.431458   -4.3503108   6.        
-7.13770294  2.28927588  3.40640306  4.        
8.68154144 7.08158922 4.3556819  3.        
-7.31040192  2.38464403  1.32482898  4.        
0.69306898 5.97805786 4.05496216 3.        
5.75819397 7.80309296 5.30404711 3.        
1.39528704 5.32168579 6.05001783 3.        
5.94075012 6.92975616 7.03115797 3.        
 0.85482001  5.34158278 -5.51687622  5.        
-2.34494805  2.14039612  2.4472959   4.        
2.61070991 5.45346785 0.78845203 3.        
 1.00163996 -0.61127502 -1.52328503  2.        
 0.450638   -8.39751434 -4.2192688   2.        
 3.96503401  5.46677399 -4.03482103  5.        
 0.45513901  0.88504797 -2.33505297  2.        
-1.29039001  3.3231051  -2.33926392  6.        
3.28349304 6.31090498 5.73583984 3.        
-5.92006683  2.20339203  3.01870704  4.        
 0.61864501  4.9802928  -4.71697998  5.        
4.50579119 7.20449114 3.94766212 3.        
-4.69032288  2.25843     1.34661901  4.        
4.98465681 7.11759186 2.48455811 3.        
 0.070717    1.34674096 -1.31118798  2.        
4.1108551  5.67619324 7.01760912 3.        
-2.15731001  1.80080402 -0.56726098  4.        
1.92993903 3.69625807 0.149231   2.        
-6.6402359   2.33739495  1.62915003  4.        
9.10909271 8.68367004 5.45452881 3.        
1.50592804 6.0481801  3.49310303 3.        
5.00288391 6.9154892  1.29797399 3.        
-6.37602186  2.40562391  0.94726598  4.        
3.14507294 6.62775421 3.90560889 3.        
2.1187129  5.44295502 1.78994799 3.        
7.17952681 7.07259417 3.47497606 3.        
-5.18835402  2.57659197 -0.45297199  4.        
 3.33407593  6.38481092 -6.47006178  5.        
-3.10718489  2.19007897  3.0254519   4.        
-0.51248902  1.16987598 -0.77346802  2.        
0.92575097 3.23788404 0.014343   2.        
3.66004205 6.78453112 5.14379883 3.        
3.82622504 6.78404999 2.59417701 3.        
2.49089789 5.88489485 5.71554613 3.        
8.77011871 7.98583984 4.82830811 3.        
2.92610908 6.25340319 2.88894606 3.        
 1.72968304  5.49028015 -5.01672411  5.        
-1.05145299  4.60339403 -4.93579102  5.        
 3.31961107  5.74003601 -4.47897291  5.        
2.94393206 5.72801208 0.77722198 3.        
3.78187609 6.85295916 3.4750669  3.        
-5.45467377  2.39906311  0.494324    4.        
-8.84127045  2.45783997  3.08572412  4.        
7.75666809 6.74550581 3.32241797 3.        
 3.3307879   6.55927992 -7.28308105  5.        
1.11389899 5.82839203 2.33981299 3.        
-5.72098494  2.24762702  2.05377197  4.        
7.02230787 6.83291578 2.87780809 3.        
 1.88821399  3.26301599 -2.41741896  5.        
-2.31317091  3.20374298 -5.75        6.        
2.13874006 5.63219404 2.2281189  3.        
 0.89496601 -5.99188995 -2.66760302  2.        
 2.30261207  6.31215715 -7.18911695  5.        
-1.44285595  3.84041595 -3.62060499  6.        
-3.47767591  2.50071001 -1.73178101  4.        
0.96327198 5.78115082 3.49169898 3.        
1.52333796 3.18363905 0.418823   2.        
-0.190865   -5.13077593 -2.80886793  2.        
7.50469208 8.62081909 7.30721998 3.        
-0.90934801  1.68511999  0.45288101  4.        
 0.59069097 -6.93390703 -3.98547411  2.        
 2.50724006  6.27242994 -6.56024218  5.        
-8.94037628  2.86270905  1.36199999  4.        
2.04498291 4.16188812 0.54483002 2.        
5.52364397 6.97495317 1.93722498 3.        
 1.09310901  2.9715271  -2.518188    5.        
-3.71599603  2.48223901 -0.461151    4.        
 2.45438409  5.96730804 -5.67163086  5.        
-4.72912598  2.19162798  2.1282351   4.        
 0.64903998 -2.24934411 -2.20812988  2.        
 2.82588196  3.27752709 -2.06750488  5.        
3.01774597 5.90385389 1.23751795 3.        
-2.66056108  2.11715698  0.71325701  4.        
6.4757309  6.66426086 1.39425695 3.        
-8.66422272  2.81352997  0.63934302  4.        
6.57100677 6.52633715 0.99078399 3.        
 0.81148499 -9.36006927 -4.11721802  2.        
-5.4235692   2.29532599  1.102386    4.        
-1.59001899  1.54750097 -0.50528002  4.        
-3.670784    2.03208899  4.30755615  4.        
-5.96059418  2.22018409  4.06787109  4.        
5.47363997 7.60707903 5.81796312 3.        
4.93221283 6.73681593 6.58892822 3.        
5.94147491 7.07215881 2.49499512 3.        
 0.307686   -4.21172285 -2.94244409  2.        
-4.6751399   2.29715705  0.83438098  4.        
4.04464722 6.69530487 0.53036499 3.        
1.61537194 5.76415205 2.358459   3.        
-7.39685822  2.56357598 -0.165527    4.        
-3.63948107  2.27810693  2.59628296  4.        
 3.2214129   4.95466614 -3.45657396  5.        
-4.57098389  2.17550707  4.09335279  4.        
 1.12635005  4.09530592 -3.44805908  5.        
 0.74994701  2.35294294 -2.4064939   5.        
 1.44800603  4.3468318  -3.58218408  5.        
 4.33107805  4.88243914 -2.85049391  5.        
-0.171638   -3.71894097 -2.54177904  2.        
-3.41115594  3.57498908 -5.7124939   6.        
 0.44295499 -1.53025806 -1.80721998  2.        
-3.23457289  2.24832106  2.65069604  4.        
-4.81168413  2.59458208 -1.16799903  4.        
4.28544617 7.0019989  3.08105493 3.        
5.91159821 7.68183899 6.50689697 3.        
 1.836182    5.08131409 -4.25622606  5.        
-5.64185286  2.61310601 -1.431885    4.        
 1.92565203  4.35310411 -3.509552    5.        
-0.925201    1.99739099  1.18319702  4.        
-6.41121721  2.27890801  2.24246192  4.        
-8.21067142  2.599792    2.51040697  4.        
3.36554003 6.65492201 3.47390795 3.        
 1.08716595  5.71697998 -6.4594121   5.        
 1.28890204  4.59513092 -3.92074609  5.        
-3.30047607  2.2197721   0.456909    4.        
 0.082733    5.18380022 -5.87466383  5.        
 0.332809    4.19238997 -3.56564307  5.        
-9.14518738  2.66930389  2.18154907  4.        
 2.01396894  5.67394304 -5.22763109  5.        
 1.70084405  6.02986097 -6.48852491  5.        
 0.48939499 -0.85554498 -2.06945801  2.        
5.02401018 7.42497206 5.43527222 3.        
8.48731232 8.94211578 5.95495605 3.        
5.33466291 7.4342351  3.92623901 3.        
-2.67977905  3.349617   -3.32309008  6.        
-2.91513109  2.13051605  0.400848    4.        
 1.03260005  5.83438921 -7.21694994  5.        
3.72796607 6.42707777 6.0036931  3.        
-0.14366101  5.01973677 -5.59307909  5.        
 1.51157403  5.62441301 -5.66262817  5.        
-7.5534668   2.41908312  2.91803002  4.        
 4.71241808  6.44506788 -5.868011    5.        
 0.87147498 -4.8236618  -2.80413795  2.        
-0.087318    3.30523705 -2.56701708  5.        
-3.45847297  2.2122879   0.82370001  4.        
4.35391998 6.802742   1.29528797 3.        
7.86378479 6.2026372  2.13818407 3.        
-7.89679003  2.46942091  3.10903907  4.        
-2.12205505  1.901039   -1.19650304  4.        
-2.08445001  3.74843597 -4.62805223  6.        
2.22123694 4.81547499 1.181885   3.        
-1.21975696  2.64002991 -1.87246704  6.        
-0.57303602  4.45038605 -4.34649706  5.        
 0.59725201 -7.49974108 -3.78042603  2.        
1.06507099 5.87367201 4.19174194 3.        
7.74143219 9.36196899 6.33920288 3.        
4.43914795 6.93370819 0.58123797 3.        
-6.32011414  2.18480706  4.37295485  4.        
 4.0319438   5.79889679 -4.28726196  5.        
-0.054703    4.35555983 -3.92498803  5.        
 0.57650799 -5.60514784 -3.04507494  2.        
-1.81854999  2.41113997  3.51342797  4.        
4.28378296 6.81156206 1.83630395 3.        
4.94065094 7.10224104 6.15216112 3.        
2.75273895 6.360466   4.53185987 3.        
-6.34923506  2.51660204  0.068115    4.        
 0.65204602  1.20150805 -2.1213069   2.        
 0.716591    0.35624701 -1.33978295  2.        
4.34172821 6.70819092 6.16003418 3.        
 1.33001006  5.897614   -6.70284986  5.        
-0.51711297  1.91455805 -1.60943604  2.        
6.43243408 7.45056915 7.19506788 3.        
1.13550603 5.44438887 5.23294115 3.        
 0.570786    5.32398176 -5.90823412  5.        
-4.2979579   2.1543119   4.53155518  4.        
-2.3917079   3.70845008 -3.82690406  6.        
4.63497877 6.74585676 0.28060901 3.        
3.81675696 6.6833272  1.21826196 3.        
8.31389618 8.53873444 5.24029493 3.        
1.10645294 5.77581787 4.72543287 3.        
 0.72258002 -3.35629296 -2.54000807  2.        
3.26463294 6.5593338  5.09481812 3.        
7.71516418 8.72885132 5.53726196 3.        
-2.57577491  2.22554803 -1.07534802  4.        
7.10640001 8.54330444 5.66723585 3.        
6.89070892 6.60128784 2.07177711 3.        
3.31345391 5.40615797 6.97824097 3.        
-7.18971205  2.39643097  2.05215406  4.        
-6.79142809  2.33491492  4.01171923  4.        
-4.11719513  2.28674293  0.71316499  4.        
6.49103498 8.17311096 6.37506104 3.        
1.15856898 3.78887892 0.709198   2.        
-3.80555701  3.97531104 -5.45733595  6.        
-2.87342095  3.64310503 -6.0317378   6.        
 0.51531202  0.53064698 -1.86114502  2.        
5.31051588 7.57565308 4.55187988 3.        
 1.42441595  2.84148407 -1.86401403  5.        
2.16613793 6.04355621 5.11019897 3.        
-3.29983497  2.34925103 -0.233124    4.        
 1.53269994  2.36411309 -0.193176    2.        
-3.66891503  2.19387794  3.3187561   4.        
5.8487401  6.21331787 7.62374878 3.        
-1.09465802  1.34310901  0.056885    4.        
5.60841417 7.35415697 6.52493286 3.        
8.95800018 8.18442535 5.08972216 3.        
1.93397498 4.49599504 0.76248199 3.        
-6.70147705  2.44352007  0.70559698  4.        
 0.93814099  1.09023297 -1.437958    2.        
 0.27024099 -0.54070997 -2.19305396  2.        
7.24785614 7.8582921  4.26980591 3.        
 0.48644301  0.019821   -2.20620704  2.        
-8.42555237  2.5861361   0.827362    4.        
2.48361993 5.95331621 2.68576097 3.        
 0.55828899  1.05599201 -1.33502197  2.        
 0.194473   -2.93065596 -2.30123901  2.        
8.95056057 7.65512896 4.75909424 3.        
7.11477709 7.58724213 7.67880201 3.        
 4.5256958   5.1601491  -3.47537208  5.        
1.92093694 2.98471093 0.109131   2.        
 0.97964501  1.93580604 -0.48263499  2.        
 3.01808906  6.44819593 -7.0352478   5.        
 0.93113703 -6.29319    -3.54925489  2.        
-2.07530189  3.79303002 -4.00711107  6.        
6.73213196 7.84231615 4.32363892 3.        
6.56426191 8.1791153  5.27322388 3.        
-5.36219788  2.21839094  1.82778895  4.        
-1.88607001  3.62105608 -3.3687439   6.        
-0.37680799  4.6627202  -4.62460279  5.        
8.44275665 6.50455523 3.68533301 3.        
 0.71589702 -1.26297796 -1.78387403  2.        
1.56594801 4.43239594 0.923401   2.        
5.14157915 7.04732513 2.15774488 3.        
-1.66861701  1.88582599 -1.26693702  4.        
0.73455    5.53263092 4.22701979 3.        
7.68144989 9.17278957 6.75411987 3.        
3.3901751  6.5527339  0.37481701 3.        
 0.48163599  5.13816786 -5.2166748   5.        
-8.92293453  2.61084008  2.71813989  4.        
5.99017286 7.62833405 4.07693481 3.        
1.768677   5.93648481 2.74157691 3.        
-3.95929003  3.56565094 -4.28265381  6.        
-1.907722   3.398628  -2.7572329  6.       
6.44072723 7.1915822  3.20263696 3.        
1.68155706 5.90892792 4.78057909 3.        
-3.66376495  2.18470001  1.85021996  4.        
 4.10307312  4.541008   -2.60925293  5.        
6.71931505 7.49486494 3.90210009 3.        
5.75572205 7.31630707 3.34918189 3.        
2.02986193 5.14906311 6.36911011 3.        
-3.51135302  3.87398505 -4.94515991  6.        
1.48645794 5.14897203 1.94207799 3.        
 0.22834    -4.81473494 -2.78335595  2.        
-1.40991199  4.62433577 -4.98977709  5.        
4.48527479 6.08417511 6.94876099 3.        
-0.127029   5.2436142 -6.4468379  5.       
 0.498108   -0.098801   -1.51968396  2.        
2.137573   4.85991716 0.41909799 3.        
1.44036102 4.06342316 0.655792   2.        
-6.67542315  2.31787896  3.03811693  4.        
-1.63639104  2.065552    1.27181995  4.        
 0.361305   -1.00031304 -1.76446497  2.        
 0.812576   -4.00531816 -2.96173096  2.        
4.545578   7.06565094 2.59802198 3.        
 0.852036   -7.45147705 -3.46334791  2.        
 0.34817499 -2.71212792 -2.55477905  2.        
 0.65290099 -8.67852783 -4.02856398  2.        
4.73096514 7.23433685 5.51998901 3.        
 0.72013903 -5.76370192 -3.36718798  2.        
-3.10442305  2.1673429   1.12579298  4.        
-1.695557    4.00202179 -4.60565186  6.        
-5.21987915  2.31892395  0.80499297  4.        
 0.58372498 -9.04081726 -4.16067505  2.        
-6.41555786  2.73792291 -1.63665795  4.        
-1.54171801  3.66919708 -3.97595191  6.        
3.20619988 6.20509291 1.23626697 3.        
8.09735107 8.33660126 5.04315186 3.        
-4.62685394  2.41175795  0.120239    4.        
 0.38360599 -2.05201697 -2.38800001  2.        
1.60066199 3.78018188 0.79730201 2.        
5.44083405 6.54885912 7.2252202  3.        
-1.402367    4.24455309 -4.17199707  5.        
 0.42019701 -3.1834259  -2.60107398  2.        
-1.20848894  1.15849304 -0.96014398  4.        
 0.49907699  0.092346   -1.19729602  2.        
 4.08701277  6.65061188 -7.23544312  5.        
 1.02846503  2.53269196 -2.20953393  5.        
1.61146498 5.51131392 5.83679199 3.        
7.28610992 8.60631561 6.84332323 3.        
1.02312505 5.59609985 4.42364502 3.        
5.50889587 6.12389421 7.63986206 3.        
 0.54393798 -5.03565979 -2.7497251   2.        
5.49389601 6.87562609 0.718445   3.        
4.73194122 7.32234192 4.24298096 3.        
1.42976403 5.55543518 1.809021   3.        
-2.33459496  3.3663559  -3.02935791  6.        
 0.66388702 -1.51662505 -2.08010888  2.        
 1.11637104 -5.04909515 -2.93206811  2.        
 0.56906903 -4.61216021 -2.64059496  2.        
 5.03221083  6.06459093 -4.8812561   5.        
 0.091751    1.505898   -1.62292504  2.        
5.93562317 7.8346858  6.12796021 3.        
4.33945513 7.18483019 4.94320679 3.        
-0.46916199  3.17213392 -2.41980004  6.        
-2.50350904  2.22789001  3.49951196  4.        
-0.764458    0.818726   -0.95864898  2.        
-8.32260895  2.42493391  3.72308302  4.        
-3.06650496  2.13330793  3.79464698  4.        
 0.29080999  1.36248803 -0.99365199  2.        
 3.59829712  6.59835005 -7.61160278  5.        
 0.364418    1.59451306 -0.71697998  2.        
 0.635818   -4.87848711 -3.24893188  2.        
-4.28452301  2.21865106  1.52786195  4.        
5.20897722 6.81797791 6.78109694 3.        
-0.96019697  4.21771193 -3.89514208  5.        
-1.49919903  2.09941101  2.50570703  4.        
 0.27334601 -5.90626478 -3.49578905  2.        
7.95915985 7.36860704 4.13287306 3.        
 0.341728    0.92338598 -2.01132202  2.        
7.11131287 6.26491499 1.47204602 3.        
 0.97301501 -6.91407824 -3.23065209  2.        
 0.914253    1.97270203 -2.24618506  5.        
3.95178199 6.744133   1.89648402 3.        
-1.19912696  3.58642602 -3.03375196  6.        
-8.46855164  2.32006788  0.30789199  4.        
 0.661057    4.47203779 -3.93502808  5.        
3.30691504 6.38293505 0.91250598 3.        
 2.16008806  6.14225006 -6.42123413  5.        
-1.50238001  1.50082397 -0.081299    4.        
7.17153883 8.40768433 5.20318604 3.        
 0.80846399  0.86659998 -0.90390003  2.        
 0.51424402 -3.88759589 -2.77560401  2.        
-1.59427595  2.58183289 -1.83679199  6.        
-5.80434418  2.50876594 -0.048553    4.        
 3.605896    4.0564189  -2.40658593  5.        
-6.95799990e-03 -7.79309082e+00 -3.93652296e+00  2.00000000e+00
-2.23224592  2.14430189 -1.95983899  4.        
-2.78810096  2.12155104  0.050262    4.        
1.64305902 3.53615594 0.326691   2.        
1.62313104 4.34358215 1.24755895 3.        
-7.57146502  2.39994097  3.71307397  4.        
-0.59614599  4.69741106 -5.02737379  5.        
5.57476807 7.08970594 2.3938601  3.        
-4.91661119  2.61006904 -1.62924194  4.        
3.6271739  5.77065277 6.71044922 3.        
-3.36530304  3.724823   -4.23315382  6.        
 1.62702894  2.91024804 -0.23175     2.        
3.29863    5.94319916 6.33029222 3.        
-7.04296112  2.48416901  0.338898    4.        
-5.13507795  2.54647803 -2.36132789  4.        
8.65986633 7.37255907 4.53778076 3.        
6.15010118 7.4199748  6.99081421 3.        
 0.126846   -7.19100189 -3.48031592  2.        
5.98117113 7.8801651  5.0438838  3.        
 0.96494299 -8.13532257 -3.84433007  2.        
 2.89363909  6.46613312 -7.7026062   5.        
6.4838872  6.79923201 7.64248705 3.        
-0.36045101  2.42221093 -1.81372094  2.        
 1.32631695  6.03191423 -7.37554884  5.        
1.34044695 2.79430389 0.148407   2.        
 4.49635315  6.61349487 -6.76760912  5.        
-1.33689904  2.03003693  1.41973901  4.        
 0.41632101 -6.50110579 -3.38613892  2.        
-0.55806702  4.02313185 -3.5839541   5.        
 3.75728607  4.68464708 -3.11813307  5.        
-3.28993201  2.43090105 -1.44393897  4.        
8.0867691  6.24606323 2.89453101 3.        
5.03970289 5.60172987 7.7147522  3.        
 1.31154597 -5.40767717 -3.04223609  2.        
 0.51161999  3.35096002 -2.82980394  5.        
 0.831406    2.43294501 -0.34780899  2.        
 0.67809302 -7.83580017 -3.70599389  2.        
6.22758484 7.80298615 6.668396   3.        
 4.34329987  6.50850677 -6.4845891   5.        
-0.84834301  3.41935706 -2.72924805  6.        
 4.91156816  6.28124189 -5.58187914  5.        
-5.28322601  2.23934197  1.39917004  4.        
6.20155287 8.05088043 5.92483521 3.        
-7.62783003  2.46460009  2.22116089  4.        
3.53041101 6.52254486 2.90176392 3.        
-5.35945082  2.64173102 -1.93774402  4.        
 1.02580297 -4.40166521 -2.57928491  2.        
0.69564801 5.94303083 3.60437012 3.        
5.36507416 6.90964508 1.37536597 3.        
 4.49557495  5.47863817 -3.91876197  5.        
6.57640123 8.00037384 6.79370117 3.        
-1.90111494  2.078125    2.60754395  4.        
8.70138645 8.47470093 5.17959595 3.        
-3.45376611  2.10830688  4.02978516  4.        
 0.19972201  3.65820289 -3.01367211  5.        
-2.1143949   3.40679908 -5.07128906  6.        
1.57864404 6.0417099  3.81613207 3.        
3.08328295 6.509377   4.69497681 3.        
-2.40593004  3.78179908 -4.55798292  6.        
6.77973223 6.55413103 1.50369298 3.        
3.56694794 5.26291704 7.13400316 3.        
4.21160078 6.30002594 6.58886719 3.        
5.05868483 6.67427778 0.220184   3.        
5.50317383 7.09436798 6.73419189 3.        
2.85080695 5.2454381  6.75549316 3.        
5.33436584 7.42728376 6.05581713 3.        
 0.91743499 -5.66370392 -2.66778588  2.        
6.82292223 8.38239288 6.36099195 3.        
-6.15003204  2.41725206  0.68231201  4.        
-4.55116987  2.59837294 -2.05218506  4.        
 1.31803095  2.17356896 -0.58630401  2.        
 3.194664    6.29541016 -6.12820387  5.        
3.70723701 6.50071716 1.66262805 3.        
1.26858497 5.91157484 2.88363695 3.        
 2.44483995  3.54884291 -2.41784692  5.        
 2.29781294  3.40309906 -1.79568505  5.        
-0.48921201  0.947487   -1.18435705  2.        
 4.5716548   5.99397278 -4.70635986  5.        
1.10329401 5.46832323 2.58013892 3.        
7.83779097 8.09446716 4.60678101 3.        
-2.15216804  3.77463508 -3.61575294  6.        
-0.13258401  0.59035498 -1.73510695  2.        
-5.96959686  2.25759912  1.54571497  4.        
 0.66434503 -1.07367694 -2.44537401  2.        
 1.01550305  1.151299   -1.08929396  2.        
6.10510302 6.76902819 1.389709   3.        
-0.96205902  1.94142902  1.92800903  4.        
 1.18262506  5.30503893 -5.15280104  5.        
9.18628693 8.39445496 5.31936693 3.        
 3.33671594  6.22103882 -5.57312012  5.        
-8.60727692  2.57338691  1.15084803  4.        
-4.68694305  2.26984406  3.39923096  4.        
 0.75651598  1.51575506 -0.78347802  2.        
3.90725708 7.07315111 4.51950121 3.        
-8.37427521  2.64918494  2.23544312  4.        
 2.50741601  4.99521589 -3.88604689  5.        
7.27553606 7.58273315 4.06304884 3.        
 1.51998901  3.41274309 -2.68823195  5.        
 0.44574699 -9.29428864 -4.01495409  2.        
7.18171692 6.4848938  2.15093994 3.        
-1.60800195  3.53459191 -2.67703295  6.        
 4.01524401  6.01027679 -4.89498901  5.        
3.07257795 5.49199677 6.70794678 3.        
6.47579193 7.28179216 3.51059008 3.        
-1.47809601  2.11462402  1.90646398  4.        
8.31246185 6.920609   3.95971704 3.        
-6.62864685  2.57987189 -0.279053    4.        
-5.24986982  2.21211195  3.58108497  4.        
-7.83001709  2.69780707 -0.40255699  4.        
 0.110489    1.20236194 -1.95458996  2.        
7.35546112 8.25362396 7.42367506 3.        
 4.77638197  6.09661102 -4.33023119  5.        
7.28386688 8.12506866 7.83807421 3.        
 3.05041504  5.95911407 -5.11489916  5.        
 3.20317101  3.84725189 -2.45315504  5.        
 3.19592309  4.41832018 -2.9615171   5.        
8.53829956 8.94509888 5.60940599 3.        
-0.490578    4.99173021 -6.35720778  5.        
5.82036591 6.63321686 7.01736498 3.        
 0.491539    2.17776489 -2.47775292  5.        
-4.17122698  2.60778809 -1.10565197  4.        
 4.26134491  6.24127197 -5.25970507  5.        
 2.64538598  5.68860579 -4.93264818  5.        
 0.83287001  3.57428694 -2.87121606  5.        
5.1258769  6.02084303 7.52435303 3.        
5.66010284 6.80513    0.20751999 3.        
 0.59439898 -3.66519189 -3.15512109  2.        
 2.67558289  6.15353394 -6.01773119  5.        
 1.52651203  3.90592194 -3.13180494  5.        
 2.1228261   5.89604187 -5.84802198  5.        
2.39554596 5.44872999 6.25909424 3.        
1.88114905 3.22366309 0.352997   2.        
0.708565   3.32360101 0.32305899 2.        
-7.39716291  2.43783593  0.81408697  4.        
 4.64988708  6.53102922 -6.39291382  5.        
5.39864397 6.5644908  0.255676   3.        
 3.0314641   5.3483119  -3.98138404  5.        
 0.371582   -2.26578498 -2.05349708  2.        
4.94000196 6.90626478 0.91741902 3.        
-5.02799988  2.1758039   4.24780321  4.        
-3.23861694  2.13550591  3.32046509  4.        
6.02565002 6.81758881 7.38632202 3.        
 1.13922095  2.11016107 -0.013245    2.        
 0.47727999 -3.55471802 -2.38143897  2.        
 0.49588001 -0.43529499 -1.59197998  2.        
5.70774078 7.71883392 4.45574903 3.        
6.38243914 6.43028307 7.81924391 3.        
 1.96027398  2.98988295 -1.80950904  5.        
5.08023787 7.334198   3.6187439  3.        
 3.49830604  5.42506409 -3.97442603  5.        
-3.77954102  2.53164697 -2.17834496  4.        
-2.20626092  3.19942498 -5.44866896  6.        
7.40290117 8.78349304 6.2996521  3.        
-7.01705217  2.22062707  4.25305223  4.        
-0.99904603  4.5593338  -4.48297119  5.        
-2.73559594  3.77758789 -3.99835205  6.        
-3.54991889  2.51036811 -0.82745397  4.        
-8.16109467  2.49780989  1.45761096  4.        
 2.54607391  6.34028578 -7.83776903  5.        
 4.61159515  6.21115923 -5.21875     5.        
3.24151611 6.21312714 1.63348401 3.        
-0.84674102  2.19928694  2.50656104  4.        
-3.14605689  3.76937103 -5.19274902  6.        
-6.41117907  2.26135993  2.55630493  4.        
-5.97231293  2.5533371  -0.545044    4.        
 2.35012794  5.11728716 -4.12908888  5.        
8.08922577 9.15375519 5.99911499 3.        
5.0868988  7.44786119 4.26528883 3.        
 1.715469    6.10307312 -6.83926392  5.        
1.81720698 4.08188581 0.78750598 2.        
2.78640795 6.17537689 5.35742188 3.        
6.55509186 8.24507141 5.57986498 3.        
-0.83217603  3.86061907 -3.14425707  6.        
-4.21311998  2.2363131   2.18109107  4.        
 0.911484    2.21031189 -0.61825597  2.        
 1.84453595  2.71532393 -0.102142    2.        
 0.72779101 -5.31403303 -3.27304101  2.        
7.88311005 6.85019684 3.59408593 3.        
-0.44580799  3.63153791 -3.02706909  5.        
 2.19235992  3.368958   -2.46286011  5.        
 3.20626807  6.41307116 -7.89331102  5.        
5.19746399 6.85150909 0.58004802 3.        
-4.21437788  2.59296393 -0.78674299  4.        
-7.98393202  2.46613312  1.12014794  4.        
8.34184265 7.42584991 4.44885302 3.        
 3.14174604  3.62892199 -2.23284888  5.        
-6.35831404  2.30610704  1.34390295  4.        
7.41901398 8.65155029 5.68512011 3.        
7.70929718 8.50923157 5.05307007 3.        
 0.60793298 -0.51790601 -2.12103295  2.        
-4.44369507  2.64260101 -1.37744105  4.        
-3.17760491  2.55738091 -2.47262597  4.        
1.48338306 5.50106812 2.25418091 3.        
-2.80522203  3.59172106 -5.73031616  6.        
 0.64290601  5.61920881 -6.95230103  5.        
-2.60166907  2.27362108 -1.68945301  4.        
8.04567719 6.62328291 3.422333   3.        
8.86151123 9.07977295 5.36682081 3.        
 3.028687    4.74231005 -3.33471704  5.        
-8.77066803  2.65320611  2.44973707  4.        
 1.22116101  1.67301905 -1.08490002  2.        
3.75102997 6.92859697 4.81118822 3.        
4.78343201 6.33231306 6.90884399 3.        
-1.34584796  2.1842351   3.09460402  4.        
 0.43513501  0.83763897 -1.70236194  2.        
-0.35160801  0.30912    -1.410339    2.        
-3.22406006  3.6300509  -3.93621802  6.        
4.81284285 6.94539595 0.122528   3.        
-7.53196716  2.66181207 -0.935974    4.        
 0.653175   -6.39016724 -3.746521    2.        
 0.389496    5.05226088 -4.9128108   5.        
-8.19634342  2.59207892  2.81958008  4.        
 0.50983399 -8.15646362 -4.018188    2.        
-1.56649804  3.11225891 -2.12890601  6.        
-7.70694685  2.5664289  -0.150787    4.        
-2.80780792  2.38946509 -1.94033802  4.        
 0.96010602 -4.02870178 -2.47140503  2.        
-8.09881592  2.42140198 -0.025635    4.        
-5.31162977  2.1872859   2.60122705  4.        
-4.37036085  2.24800897  3.45840406  4.        
6.9691391  8.34456635 6.84033203 3.        
 4.48524523  5.74163103 -4.444489    5.        
 4.73156023  6.11222792 -4.95239305  5.        
-2.71541595  2.20905304  2.30514503  4.        
-0.083694   -0.38765001 -1.73974597  2.        
-4.74110413  2.25839996  2.83996606  4.        
 0.61845398 -1.47296906 -2.38162208  2.        
 0.21039601  0.648148   -1.22970605  2.        
-6.74184418  2.58684492 -0.72442597  4.        
-2.37731194  1.99492705 -0.47430399  4.        
2.83368707 6.33770704 3.17013597 3.        
-0.210968    2.75439501 -2.33960009  5.        
-5.98134613  2.63697791 -1.26129198  4.        
-2.09580207  1.99555194  0.35827601  4.        
3.86196089 6.7736659  5.48889208 3.        
 1.99782598  6.2002492  -8.01193237  5.        
2.50093102 6.30240583 3.41342211 3.        
-0.027893    1.75804102 -1.79931605  2.        
-2.02044702  3.13690901 -2.64285302  6.        
4.19729614 6.85458422 5.7494812  3.        
-0.243202    3.90919495 -3.36706495  5.        
 1.51526594  2.84925795 -1.464203    5.        
 0.201866    4.64569092 -4.33010912  5.        
 1.57287598  5.7917099  -6.01864576  5.        
6.52019501 7.65193892 4.074646   3.        
-5.981812    2.27367401  1.88986194  4.        
-4.30673981  2.19879198  3.856812    4.        
6.75328112 7.08109283 7.890625   3.        
 3.70609307  5.9658742  -4.86419678  5.        
 1.77153003  4.89479113 -4.02163696  5.        
-0.188866    3.08552599 -2.33071899  5.        
 2.05921888  6.34800005 -7.6522522   5.        
1.74833703 3.76095605 0.50634801 2.        
-4.43670607  2.541466   -2.58596802  4.        
-4.958076    2.20168304  2.48129296  4.        
-3.146065    3.348068   -3.52703905  6.        
 1.01145196  5.55342913 -6.15020704  5.        
8.17285919 9.0795126  5.71417189 3.        
2.78310394 5.74063921 1.38580298 3.        
 2.31036401  5.40399885 -4.61767578  5.        
5.51925707 7.2434082  3.14492798 3.        
-7.86191607  2.46411109  3.64193702  4.        
6.59825897 8.10266113 4.97921705 3.        
1.87920403 4.01586103 0.160492   2.        
-1.64925396  3.39425707 -4.67260695  6.        
 0.934654   -1.07195306 -1.52734399  2.        
4.54052019 6.95545197 1.91744995 3.        
-4.16068983  2.44967604 -0.110138    4.        
6.76244307 8.39644623 5.79315186 3.        
2.74995399 5.70974684 6.25463915 3.        
 3.05634308  6.40276289 -6.64190722  5.        
4.63951921 6.61732483 6.49441481 3.        
2.06229401 6.15242815 4.36404419 3.        
-3.83906603  2.57755303 -1.49353004  4.        
6.18318892 7.18639421 3.03991699 3.        
1.51274896 4.72051191 1.13314795 3.        
 1.20432305  3.28695703 -2.54739404  5.        
1.10716295 3.39032006 0.39913899 2.        
 2.50890398  3.75814104 -2.63165307  5.        
 0.690826    3.854141   -3.22308302  5.        
 0.62575501 -1.94826496 -2.17016602  2.        
-5.77497101  2.27643609  1.31274402  4.        
 1.26486194  5.05467987 -4.47683716  5.        
 1.28553796  1.80961597 -0.480499    2.        
8.74968719 6.40377808 3.84771705 3.        
-4.77394104  2.60617805 -0.86685199  4.        
-5.11467695  2.59307909 -1.21752906  4.        
-2.53202105  2.16426802  1.72320604  4.        
4.38217878 6.88401794 0.88491797 3.        
 0.66668701  4.35250092 -3.65618896  5.        
3.08128405 6.04543304 5.95748901 3.        
-5.73928785  2.41239905  4.65405321  4.        
7.63445997 8.92066956 6.1499629  3.        
2.64359307 6.22280884 5.04257202 3.        
-4.42531586  2.27199602  2.75161695  4.        
-1.01393104  4.84757185 -5.48895311  5.        
 4.33333588  4.86289215 -3.16174293  5.        
-3.16995192  3.64702606 -5.88037109  6.        
 2.00487494  5.33878279 -4.64520311  5.        
 0.88537598 -9.06311798 -4.16403198  2.        
 1.94212306  3.68586707 -2.86410499  5.        
-1.86685896  2.65598297 -2.33905005  6.        
-6.60234118  2.24925208  3.787323    4.        
 0.32017499  0.144264   -1.50122094  2.        
-1.04428101  2.021492    1.49279797  4.        
 0.64102203 -5.91550398 -3.67172194  2.        
 2.6013031   4.26717377 -3.11410499  5.        
-0.81490302  2.98348999 -2.25555396  6.        
-6.94749498  2.358109    2.51483202  4.        
2.38496399 5.30069685 1.68542504 3.        
 3.77395606  6.55007219 -6.71450806  5.        
-0.974213    0.98839599 -0.398682    4.        
3.75081611 6.91847181 3.98339796 3.        
-3.54407501  2.29090905  0.294983    4.        
-0.261574    3.44692993 -2.87680006  5.        
 0.097046    3.0501709  -2.41793799  5.        
-6.0380249   2.21269989  2.63671899  4.        
-1.58565497  1.81236994  0.375824    4.        
 0.395432   -7.78611803 -3.56417894  2.        
 2.30612898  5.84139299 -5.44210815  5.        
-7.03978014  2.30689192  3.6902771   4.        
-2.96138811  2.38333106 -1.00842297  4.        
3.95121002 7.0544281  4.16311693 3.        
 2.79151893  5.07893419 -3.83474708  5.        
-0.89854401  3.01575494 -1.91097999  6.        
-0.50605798  0.62348199 -0.92712402  2.        
2.91212511 5.73857117 1.79772902 3.        
 2.03631592  4.59391785 -3.65103197  5.        
2.78264594 5.78704786 1.08108497 3.        
7.56326294 7.23712206 3.92263794 3.        
4.21968079 7.14478302 4.05215502 3.        
 0.63280499 -2.73864698 -2.64700294  2.        
4.56672716 7.17230177 3.65530396 3.        
-6.30160522  2.27339196  3.71212792  4.        
-1.35745203  1.35814703 -0.62640399  4.        
4.64608812 7.14182281 3.21337891 3.        
-2.07977295  3.76973701 -4.92749023  6.        
 0.86855298  5.44589996 -5.86743212  5.        
3.50046492 6.79962921 4.09927416 3.        
 1.01879895 -6.58010912 -3.18808007  2.        
0.79175597 5.61262512 3.3122561  3.        
6.01809692 7.94532013 5.35110521 3.        
-4.08297014  2.18144202  1.28305101  4.        
4.03698015 6.88156891 3.19796705 3.        
 0.54566997  1.60205102 -2.30071998  5.        
 1.12583196 -6.01738691 -3.13189697  2.        
4.46515703 7.10174608 5.47332811 3.        
1.49728405 3.07091498 0.050507   2.        
1.88288903 5.14216614 1.68280005 3.        
 0.715523    2.042274   -0.29028299  2.        
2.20655107 6.21772814 3.85534692 3.        
4.73919678 7.07790422 5.93240404 3.        
3.86342597 6.69127703 0.90905797 3.        
7.44273376 8.81699371 6.62329102 3.        
-5.62979889  2.31508589  4.21273804  4.        
 3.56892395  6.14710188 -5.18002319  5.        
 2.86680603  5.592453   -4.49963379  5.        
-4.28717804  2.62975311 -1.91717505  4.        
7.10381317 6.96265411 3.13330102 3.        
4.44603682 7.2387538  4.23971605 3.        
 1.31472003  2.66417694 -0.57138097  2.        
 2.30293298  6.26404619 -6.89544678  5.        
-6.96978807  2.67475104 -1.53420997  4.        
-6.94311523  2.65335798 -1.23541296  4.        
 4.65383911  5.62860107 -4.22732496  5.        
-8.63541412  2.73743391  0.35357699  4.        
-4.60685015  2.23775506  1.69992101  4.        
3.75232697 6.23499298 6.29538012 3.        
3.95018005 5.50731707 7.20144701 3.        
 0.37348199 -6.85057116 -3.41824293  2.        
 1.70518506  5.59750414 -5.43930006  5.        
6.64904022 6.96908617 2.84228492 3.        
2.30868506 5.91486406 5.4564209  3.        
3.46998596 6.78489685 4.40090895 3.        
 0.284462   -0.245941   -2.22195411  2.        
 0.33904999 -8.6371994  -4.085114    2.        
2.20441389 6.13967896 3.40502906 3.        
-8.83119202  2.67327905  1.84729004  4.        
7.67539978 6.0562439  1.87966895 3.        
2.49257708 6.27024078 4.42330885 3.        
-1.69551098  3.27967811 -4.9440608   6.        
6.17427778 6.91229296 2.02951097 3.        
7.67899323 6.52422285 2.82391405 3.        
-1.29437995  2.94611406 -1.82336402  6.        
-2.85262299  3.50105309 -3.51998901  6.        
-1.57579803  1.98533595  0.91043103  4.        
2.05321503 4.52770185 1.15213001 3.        
2.55500793 5.31946611 6.49111891 3.        
 0.74765003 -0.71099901 -1.41140699  2.        
 2.74189806  6.061409   -5.63668823  5.        
-6.6150589   2.70906091 -1.421417    4.        
7.8790822  9.11191559 6.54415894 3.        
 0.48516801 -4.07386017 -2.54495192  2.        
 4.13748884  6.41110182 -6.29809618  5.        
 0.762398   -5.79814911 -2.87850904  2.        
-2.06259203  2.10294294  2.28897095  4.        
-1.15965998  4.05069017 -3.43606591  6.        
-1.09477198  2.07768202  2.35485792  4.        
-6.2220149   2.44784594  4.49124193  4.        
 0.74718499  5.82600403 -7.28656006  5.        
5.02725983 7.17996979 2.87622094 3.        
-0.099068    4.75314283 -4.59420776  5.        
4.68888092 5.59191084 7.49313307 3.        
-5.21422577  2.25543189  3.13327003  4.        
5.98412323 7.73162079 4.3588872  3.        
 0.99504101 -5.42343903 -2.95153809  2.        
-5.41434479  2.64096093 -1.24917603  4.        
 1.58154297  6.19587708 -7.45694017  5.        
2.1753161  4.64558411 0.89621001 3.        
 0.62908202  1.89874303 -2.3440249   5.        
7.48574114 6.9077611  3.30969191 3.        
 1.28179896  5.66633606 -6.06149292  5.        
-3.21451592  3.89265394 -4.62420607  6.        
 4.30500793  6.37535906 -5.75341797  5.        
-0.83197802  1.39054096 -0.136292    4.        
7.01005507 7.61030579 7.96878099 3.        
-1.58354902  3.64503503 -3.38247705  6.        
 1.43283105  6.15745497 -7.84387207  5.        
6.08792877 6.39374495 7.80300903 3.        
 0.233086    5.61851501 -6.93838501  5.        
 0.38958699 -2.35625505 -2.40033007  2.        
-1.07688904  1.95018005  0.93914801  4.        
7.45854187 7.65780592 4.27932692 3.        
-7.24860382  2.39187598  4.21148682  4.        
 0.910851   -0.22924    -1.33993495  2.        
-8.05003357  2.15454888  3.84014893  4.        
 0.32310501 -5.06292009 -2.93673706  2.        
8.22621918 7.66957092 4.58932495 3.        
-3.62392402  3.31160688 -3.844208    6.        
-3.08049011  2.31972504 -0.50497401  4.        
-5.78203583  2.22003889  3.27337599  4.        
4.2927928  6.52121019 6.40048218 3.        
3.60795593 6.7200551  3.19308496 3.        
 3.62612891  5.76594496 -4.44082594  5.        
6.63066101 6.77420807 2.14407396 3.        
 2.51721191  6.21093798 -6.27697802  5.        
-5.73192596  2.5857389  -0.72119099  4.        
 0.67410302 -0.70918298 -1.87304699  2.        
 0.58210802 -2.00393701 -2.60870409  2.        
 0.58013898 -9.27632141 -4.47372389  2.        
3.50918603 6.40409803 2.23306298 3.        
-1.67053998  1.71349299  0.102234    4.        
-7.4947052   2.33883691  4.00216722  4.        
7.91634417 8.86235809 6.32406616 3.        
 0.612625    0.49470499 -1.57043505  2.        
 0.41473401  4.56090498 -4.12838697  5.        
 1.30880702  2.51515198 -1.88867199  5.        
 0.68592101 -2.91003394 -2.3969121   2.        
-2.89570594  2.20694709  4.07104492  4.        
2.8248899  6.45189714 3.84939599 3.        
-7.6412282   2.44850898  2.56887794  4.        
-9.0819397   2.73635888  2.51486206  4.        
 0.165604    1.98575604 -2.54180908  5.        
 1.096313    3.06134009 -0.13357501  2.        
-1.91912794  3.01382494 -2.40502906  6.        
 1.03509498 -3.3689959  -2.41598511  2.        
-0.47183999  2.74860406 -1.87640405  6.        
 0.700562   -5.20905304 -2.98791504  2.        
5.42510986 7.68173981 5.10430908 3.        
 2.63598609  6.44628906 -7.54998779  5.        
-2.4759059   2.3692019   3.88180494  4.        
-2.12931108  3.76132202 -4.34609985  6.        
2.21232605 3.88678694 0.83367902 2.        
-3.09107208  2.45632195 -2.07913208  4.        
 0.94303101  5.9379878  -7.50024414  5.        
 0.419624   -1.25339496 -1.91815197  2.        
2.40023804 4.97260284 0.722229   3.        
 4.52055407  5.44301605 -3.63632202  5.        
-3.44167304  3.13742805 -3.65686011  6.        
2.918854   6.14710999 0.64147902 3.        
 0.38919801 -1.67502606 -2.068115    2.        
 0.314926    1.47877502 -2.18908691  2.        
5.10854292 6.35292006 7.146698   3.        
 0.37294    -4.39833784 -2.73834205  2.        
-6.0725708   2.23647308  3.25576806  4.        
4.94862413 7.48375702 4.84884596 3.        
5.61319685 7.4717412  3.88705397 3.        
-2.51853204  2.03374505  0.044861    4.        
-4.81262207  2.28427911  3.11309791  4.        
-5.07940722  2.1851809   1.97134399  4.        
5.73943281 7.10461378 6.93667603 3.        
3.15869093 6.17998505 2.54772902 3.        
0.97107702 5.89299822 3.83367896 3.        
 0.66622198 -7.03391314 -3.39013696  2.        
-6.60909986  2.51689911  0.29708901  4.        
-2.35522509  2.04991889 -1.09451306  4.        
5.59596205 7.70329285 5.54217482 3.        
4.35535383 5.85196686 7.04324293 3.        
-1.88524604  1.72576904 -0.55892903  4.        
-3.99579597  2.59406304 -2.34832811  4.        
4.40759993 6.96823883 2.3414309  3.        
-2.53916907  2.15127611  2.65103197  4.        
 1.34093499  2.43460107 -0.410339    2.        
 0.84096497  3.00920105 -2.63775611  5.        
2.30155206 4.42820692 0.62533599 3.        
-5.37047577  2.20883203  4.18579102  4.        
5.65731096 5.91804504 7.76171923 3.        
-6.95744324  2.65100098 -0.93481398  4.        
 0.071709    1.10466003 -1.45462     2.        
-8.46733856  2.53148699  1.39120495  4.        
1.84894598 5.65401506 5.72277784 3.        
8.76255798 8.2932663  4.91949511 3.        
-2.36041999  2.38828301 -1.77703905  4.        
6.27485704 7.88951921 4.63314819 3.        
-7.55155897  2.39094496  1.511536    4.        
-7.17056322e+00  2.53253889e+00 -2.07499997e-03  4.00000000e+00
8.50468445 6.9152298  4.18530321 3.        
4.69144392 7.34378815 4.84817505 3.        
-7.33145905  2.3698349   3.0818181   4.        
6.65367079 7.684937   7.07885695 3.        
-8.04043579  2.5687561   0.44842499  4.        
-0.73220801  4.81601715 -5.54678297  5.        
-3.67615509  3.74119592 -5.61959791  6.        
-6.57585096  2.32433295  4.19241285  4.        
7.10289001 8.22415161 4.83429003 3.        
-3.26534295  2.2561419   1.99285901  4.        
 2.46227288  5.34548187 -4.39068604  5.        
1.44224596 5.98815203 4.05392504 3.        
1.03508794 5.80967712 2.99801612 3.        
 3.33418298  5.56852722 -4.19421387  5.        
 3.04443407  3.55142999 -1.98288     5.        
 0.52763402 -5.402771   -2.68008399  2.        
 0.56888598 -7.55934095 -3.50942993  2.        
 1.38272095  2.06917596 -0.33605999  2.        
7.27394915 8.00465393 4.51156616 3.        
 0.76366401  0.94203901 -1.18533301  2.        
-6.34714508  2.59371996 -1.00820899  4.        
-6.63449097  2.35054803  1.90704298  4.        
-0.28223401  3.12348199 -2.6468811   5.        
-5.46642303  2.20854211  2.21716309  4.        
-3.76566291  2.1217041   3.56939697  4.        
-8.45697784  2.59509301  0.18603501  4.        
-3.73206306  3.70123291 -4.3684392   6.        
-3.8548131   2.27088189  2.77221704  4.        
1.85650599 5.74559021 2.49581909 3.        
 0.76744801 -6.2338872  -3.14849901  2.        
 0.64534003  0.32085401 -1.98898304  2.        
2.29193902 6.05580902 2.86813307 3.        
-4.39396715  2.54689789 -0.451294    4.        
 3.79334307  6.35674286 -6.18447924  5.        
-3.34500909  2.23419189  1.506531    4.        
7.81884003 7.6328578  4.26953077 3.        
-4.86360884  2.55698395 -0.41336101  4.        
 2.7537539   6.33136702 -6.67080688  5.        
-7.3659668   2.38199592  2.71826196  4.        
 1.62008703  5.08023787 -4.45559692  5.        
-2.25248003  3.62133002 -3.23541307  6.        
 1.29745495 -6.98113298 -3.32162499  2.        
-2.4093399   2.10895491  3.8027041   4.        
3.9184649  6.15113783 6.518188   3.        
 0.040367    3.122787   -2.73001099  5.        
 0.69490099 -6.68080091 -4.04620409  2.        
-1.86204505  2.01581597  0.82522601  4.        
-5.62549591  2.65222192 -1.79623401  4.        
7.58061981 8.21064758 4.66781616 3.        
 1.93337202  3.40917993 -2.64682007  5.        
4.1401062  7.14280701 4.64956713 3.        
1.96384394 4.89756012 1.23657203 3.        
1.83938599 6.04632616 4.48638916 3.        
2.09810591 5.32947493 6.1723938  3.        
-2.88434601  2.21923089  1.93240404  4.        
-2.309273    3.00182295 -2.83343506  6.        
 2.55307007  4.82038879 -3.64395094  5.        
6.95631409 8.13306427 6.51666307 3.        
-1.782951    3.64462304 -2.96810889  6.        
-2.77146912  2.17955804  3.11990404  4.        
5.57542419 6.86720324 1.18789697 3.        
-2.57454705  2.1530149  -0.58218402  4.        
 0.135216   -0.76479298 -2.10919189  2.        
 3.35869598  6.25942183 -5.8442378   5.        
-4.13840485  2.18833899  1.79949999  4.        
3.11575294 6.09895277 1.93716395 3.        
 0.44432101  5.38264513 -6.25772095  5.        
4.87969208 6.96308899 1.87081897 3.        
6.21420288 7.04853106 2.51452589 3.        
-7.20010424  2.58793592 -0.397156    4.        
 0.61573797 -4.21641493 -3.08566308  2.        
 0.220367   -5.34330702 -3.11001611  2.        
1.12731194 5.69514513 5.04830885 3.        
 3.98149109  5.30020094 -3.8183291   5.        
-4.03787994  2.14858198  3.86355591  4.        
-4.17537689  2.23788404  3.26684594  4.        
 0.66182703 -4.43632507 -2.92401099  2.        
5.21078491 7.23741198 6.20892286 3.        
 3.896873    6.34034014 -5.69509888  5.        
 0.99563599  1.449471   -1.01089501  2.        
4.69516802 6.87406921 0.716461   3.        
 1.80421495  5.79865313 -5.87350512  5.        
 0.70852703  4.64697313 -4.15945387  5.        
-7.73189497  2.70366693 -0.71432501  4.        
 1.43510401  5.33162689 -5.05215502  5.        
1.59477997 5.72203779 5.23162794 3.        
8.46961975 7.89590502 4.82784986 3.        
 3.41648889  5.16140795 -3.58798194  5.        
-0.35890201  4.44400787 -4.17727709  5.        
-3.69222307  2.15216804  1.45580995  4.        
4.21205091 7.08798218 5.16430712 3.        
-1.06738997  3.12289405 -2.35467505  6.        
3.545578   6.46585083 1.01556396 3.        
-3.92493391  2.37196398  0.200409    4.        
-4.94727278  2.30995893  0.820068    4.        
6.98524523 7.39502001 3.86440992 3.        
2.76546502 5.94831896 5.91198683 3.        
 5.56999992e-04  2.63642907e+00 -2.50030494e+00  5.00000000e+00
-1.82355499  2.06463599  1.94879198  4.        
5.97515917 6.51475477 0.59954798 3.        
-1.78284395  1.47669995 -0.93014503  4.        
-2.25756097  3.61772203 -5.17053223  6.        
7.84934998 9.08730316 6.1464839  3.        
 0.72236598  4.90844679 -4.44921923  5.        
 4.71868086  5.61757708 -3.84939599  5.        
8.84078979 8.65928745 5.32232714 3.        
-7.31823015  2.37863207  1.66900599  4.        
 1.87689197  4.08436584 -3.18490601  5.        
2.51481605 5.34529877 1.01809704 3.        
-3.72870588  2.23086596  0.80941802  4.        
-2.78789496  2.18424201  1.08544898  4.        
6.78895617 8.10227203 4.78656006 3.        
-7.02856398  2.37880707  1.32443202  4.        
 0.46300501 -2.82595897 -2.19912696  2.        
-4.8755188   2.2428441   3.74813795  4.        
-8.60243225  2.55091906  0.61578399  4.        
-2.81710792  3.80271912 -4.90847778  6.        
0.79327399 5.71815491 4.03887892 3.        
8.83158875 6.65607405 3.90115404 3.        
 0.91080499  3.97199202 -3.34060693  5.        
 2.39288306  5.53117418 -4.88205004  5.        
-2.2660141  2.1470871  1.003021   4.       
2.68011498 5.3706212  1.41314697 3.        
-5.98535919  2.39818597  0.89602703  4.        
 0.244469    5.44875288 -6.55053711  5.        
6.11837816 7.19409895 7.13583422 3.        
 1.50093102  3.42605591 -0.016205    2.        
-3.91167498  2.56964111 -1.18469203  4.        
 1.17202795  5.46193695 -5.57778883  5.        
-0.730766    1.16626704 -0.57272297  4.        
3.98457289 6.58376312 6.02694702 3.        
-4.9928441   2.25951409  1.41720605  4.        
6.76561022 6.90834093 7.62011719 3.        
 0.65045899 -3.63749695 -2.74209595  2.        
-1.09676397  1.51814306  0.261475    4.        
5.72494507 7.76106977 5.977386   3.        
 0.63042498 -0.004417   -1.96581995  2.        
5.79284716 6.89944506 1.68429601 3.        
5.46939802 6.92423201 1.623016   3.        
 1.18754601  4.83712816 -4.23803711  5.        
 0.70845801 -1.00207496 -1.92260695  2.        
-5.36428785  2.54852295 -0.211151    4.        
-4.71169996  2.61965203 -1.45553601  4.        
1.38708496 5.88548279 4.6593318  3.        
-2.78784895  3.83955407 -4.25418091  6.        
 0.41522199 -0.199844   -1.80752599  2.        
1.33571601 5.53264618 5.47122192 3.        
 0.12979899  0.465866   -1.807495    2.        
 4.5455699   4.98870087 -3.26684594  5.        
6.56932783 6.36711121 0.77191198 3.        
6.82170916 8.15623474 6.96151686 3.        
-1.22709703  4.43505096 -4.10253906  5.        
1.79565406 4.25782824 1.03146398 2.        
4.47000885 7.18783617 5.21972704 3.        
-6.69060516  2.34957099  2.39712501  4.        
-6.12110901  2.45709991  0.38394201  4.        
 0.93483001  2.11576796 -0.893341    2.        
-5.34604597  2.62997389 -0.93267798  4.        
-5.62776184  2.24504089  3.66961694  4.        
8.29350281 6.03681183 2.75894189 3.        
 0.994385    4.53507996 -3.934937    5.        
-4.41007996  2.27200294  0.84906     4.        
0.77114099 5.45152998 4.66976881 3.        
5.58373308 7.17211914 2.85934496 3.        
 4.91764116  6.47466278 -6.43707323  5.        
 0.96415699 -0.486267   -1.29101598  2.        
-8.94078064  2.49664307  1.64929199  4.        
-6.25738478  2.29094696  2.02529907  4.        
5.26605177 7.49311113 5.60821486 3.        
 0.413109   -6.00252485 -3.16082811  2.        
 4.03372192  5.20416307 -3.53857398  5.        
 0.29606599  1.20758796 -1.33743298  2.        
4.08934784 6.96203613 3.58319092 3.        
 0.125092    4.25719404 -3.71862793  5.        
 1.89726305  3.10183001 -2.04241896  5.        
-0.34601599  5.26826477 -6.29797411  5.        
2.66902208 6.03192902 5.58227491 3.        
 3.85204291  4.33068085 -2.64401293  5.        
3.92293501 6.92277479 5.13040209 3.        
6.28369904 6.85930586 7.47827101 3.        
1.80738103 5.71710205 5.40359497 3.        
 2.77185106  5.81665802 -5.12793016  5.        
-1.43083203  3.42945099 -2.84442091  6.        
-7.04366302  2.31445289  3.13705397  4.        
 1.91668701  6.06170607 -6.33752394  5.        
1.88004303 3.97759295 0.42819199 2.        
2.97905707 6.50623322 4.40258789 3.        
-8.51618195  2.63103509  1.99795496  4.        
 0.79249603  1.21317303 -1.25384498  2.        
7.98969984 8.89498138 5.55795288 3.        
 0.369957    0.57872802 -1.63537598  2.        
6.06090498 7.58071089 6.77023315 3.        
 0.62351203 -7.08587694 -3.70910597  2.        
-2.64334893  3.63798499 -3.6065979   6.        
5.94090986 6.76498413 1.13351405 3.        
8.09700012 8.22337341 4.74981689 3.        
 1.49744403  4.73446703 -4.00482178  5.        
4.11971998 6.7721858  1.17620802 3.        
 0.45453599 -0.71475202 -1.63525403  2.        
 0.40633401 -4.47161102 -3.04675293  2.        
 0.85613298  5.58853197 -6.46560717  5.        
2.31536102 5.73281097 5.84185791 3.        
 0.85747498 -5.06646681 -2.57641602  2.        
 3.88203406  6.27806091 -5.42611694  5.        
3.11679101 6.54821777 3.33886695 3.        
 0.84263599  5.16157484 -4.86715698  5.        
 4.24795485  6.58059692 -6.92523193  5.        
 4.86403704  6.09823608 -4.67291307  5.        
-3.8980639   3.45846605 -4.04959106  6.        
1.58190203 2.92772698 0.443542   2.        
-6.91234589  2.3808589   1.91662598  4.        
 3.11508203  6.1195302  -5.47296095  5.        
7.13296509 8.63495636 6.12078905 3.        
3.0831759  5.70890808 6.39016724 3.        
5.28199816 7.10347795 2.40420508 3.        
-0.77717602  5.0245738  -5.87420607  5.        
-0.087029   -7.52619219 -3.97946191  2.        
 0.79749298 -4.27948809 -2.50711107  2.        
 1.29286206  3.03176093 -2.33334303  5.        
-2.92554498  2.21831489 -0.21652199  4.        
4.29199982 7.09197187 3.76382494 3.        
-3.72982001  3.91152906 -4.80401611  6.        
 0.630081   -3.21743011 -2.75549293  2.        
6.46829224 6.95011091 2.48809791 3.        
1.85062397 2.82496595 0.33395401 2.        
5.65224504 6.41112518 7.50268602 3.        
4.95138502 7.43228912 5.13525391 3.        
 3.103508    3.96791792 -2.75146508  5.        
 0.55882299  5.3057251  -5.64660597  5.        
 0.431198    4.85658312 -4.58105516  5.        
4.91918182 6.92021894 1.61486804 3.        
1.73684704 5.43963623 6.24798584 3.        
-4.06915283  2.35559106  0.41900599  4.        
6.64765215 7.37416077 7.42321777 3.        
6.82214403 6.3895421  0.96774298 3.        
-1.50480604  1.90234399  0.65631098  4.        
-1.58670795  3.69664788 -4.27081299  6.        
6.85080719 7.12011003 3.37808204 3.        
3.60017395 6.50738478 2.45700097 3.        
-0.065025    0.00695    -1.41531396  2.        
-7.06803894  2.38791704  2.28420997  4.        
 0.97553998  2.69904304 -2.42804003  5.        
-3.02732801  2.22990394  2.47772193  4.        
 3.94802094  4.83784485 -3.23452806  5.        
 0.792633    0.57527202 -1.21838403  2.        
 2.25350904  5.66511488 -5.08657789  5.        
-7.33386993  2.33191705  3.62741089  4.        
 0.56768    -2.5067749  -2.76504493  2.        
-0.133873    4.93630219 -5.22378492  5.        
2.25048089 5.76094818 2.42617798 3.        
 2.94674706  4.45944977 -3.15661597  5.        
4.33382416 6.78751421 1.55517602 3.        
-3.3969121   2.28775811  0.078247    4.        
 1.76001     3.01635003 -2.31796288  5.        
 1.70594001  5.93996382 -6.24316406  5.        
4.13762712 6.87999678 2.45159888 3.        
6.93769121 6.76939392 2.63406396 3.        
5.28288317 6.67186022 6.98434401 3.        
 2.26113105  4.06424713 -3.09115601  5.        
1.167274   5.94325304 3.50616503 3.        
-1.22905695  4.5095439  -4.37023878  5.        
7.67398787 8.81807041 5.78561401 3.        
2.625916   5.68444777 2.14218092 3.        
7.32968903 8.52894592 7.12744093 3.        
7.13431501 8.16439819 7.30404711 3.        
3.97358704 6.81831408 2.80856299 3.        
-3.27794695  2.25486803  2.39358497  4.        
-4.48326111  2.02876997  4.39764404  4.        
-2.01206207  2.10974097  3.05065894  4.        
-7.68737793  2.51404595  3.98886108  4.        
-0.366806    2.5711441  -2.03677392  6.        
-2.0279541   2.11639404  1.31967199  4.        
4.4441452  7.04130507 2.878021   3.        
1.30985999 5.60971117 2.0340271  3.        
 4.20397902  5.40969896 -3.94769311  5.        
-8.04543304  2.47496796  3.86340308  4.        
5.92700195 7.23848009 3.16894507 3.        
-0.72425801  4.16627502 -3.79742408  5.        
6.2952652  6.74864197 1.56655896 3.        
-0.80174297  2.09922004  1.79669201  4.        
-1.92048597  3.5624311  -4.54830885  6.        
-3.095016    2.19881392  3.54418898  4.        
-5.81752014  2.21852112  3.85025001  4.        
 2.43933105  4.39936781 -3.34509301  5.        
-1.24189794  4.56724596 -4.76196289  5.        
 2.59957099  3.36480689 -1.90069604  5.        
2.46047997 6.29972792 3.99645996 3.        
 0.33174101  5.29148912 -5.79272509  5.        
2.78238702 5.8575592  2.311584   3.        
-2.64524102  3.43935394 -5.59274292  6.        
3.46544695 6.69804382 4.99417114 3.        
-8.63013458  2.61888099  2.97058105  4.        
7.22985792 8.5069046  5.44104004 3.        
-5.68984985  2.46849108  0.18161     4.        
4.2904892  6.14466095 6.78210402 3.        
5.13879395 6.95637512 6.5687871  3.        
-7.77514601  2.4581449   1.80770898  4.        
0.86024499 5.6955409  4.68438721 3.        
-5.17123413  2.63726807 -1.75042701  4.        
 0.241844   -0.399551   -1.65994298  2.        
-8.11505127  2.66292596  0.207764    4.        
-2.03898597  2.09820604  1.71591198  4.        
 2.71805596  3.99161506 -2.84988403  5.        
 2.28780389  3.87551904 -2.90786695  5.        
-5.76209307  2.3519969   1.05474901  4.        
3.65306091 6.51651001 2.00796509 3.        
3.93898797 6.74204302 2.27267504 3.        
-0.008224    3.8602221  -3.26739502  5.        
-6.98319197  2.56753492 -0.235046    4.        
6.01697493 7.10643816 2.74249291 3.        
6.08216906 6.57083082 7.55425978 3.        
3.47777605 5.52911377 6.78848314 3.        
1.95204198 6.05020905 3.26779199 3.        
 1.36154902  4.04269409 -3.35113502  5.        
-3.4348681   2.59288001 -2.4785161   4.        
-2.2838521   2.13381195  1.79592896  4.        
 0.68431902 -6.79443407 -3.29132104  2.        
-1.315979    4.77092695 -5.18246508  5.        
 0.55638897  2.55702209 -2.531708    5.        
9.12149143 7.4525218  4.74914598 3.        
7.6421361  6.65655518 3.04425001 3.        
-2.41857195  2.16986895  1.36825597  4.        
-7.35033417  2.40302992  1.067047    4.        
 1.75902605  3.85836792 -3.02664208  5.        
4.64780378 6.86830902 1.32583594 3.        
 3.08119988  6.54905701 -7.47634888  5.        
-0.31136301  2.17332506 -1.75479102  2.        
8.55695343 6.25003815 3.44598389 3.        
6.34804487 6.77689409 1.83746302 3.        
 0.90232801  4.25006914 -3.51065111  5.        
1.08425105 2.77291107 0.18197601 2.        
-0.061981    5.27083588 -6.11001587  5.        
3.82781196 6.55520582 0.50738502 3.        
 0.50556898  2.79513597 -2.63143897  5.        
-0.88243902  4.40589094 -4.07546997  5.        
-4.27374983  2.25638604  3.027771    4.        
-6.09151506  2.49629211  0.085449    4.        
4.340446   5.6256938  7.16824293 3.        
3.46897888 6.29938507 1.54519701 3.        
8.12324524 9.3752594  6.12844896 3.        
 4.50111389  6.38726807 -6.9102478   5.        
 0.56648999 -0.21044201 -2.10861206  2.        
-2.12920403  1.87780797 -0.90478498  4.        
3.49968696 6.34822893 5.91168213 3.        
-0.16487101 -0.24334    -1.333588    2.        
-5.82231092  2.021667    4.34194994  4.        
-7.25729418  2.47853088  0.48303199  4.        
 1.08052802  1.78642297 -0.72653198  2.        
 0.072639   -8.06268311 -3.90008497  2.        
-3.74210405  3.96363807 -5.20745897  6.        
2.62634993 6.19020796 2.89440894 3.        
 0.35367599 -4.68738604 -3.1781311   2.        
5.67358398 6.65953112 7.28189087 3.        
-6.87358093  2.39617205  0.99337798  4.        
4.05547285 6.87154388 0.20260599 3.        
 0.80223799 -2.47084808 -2.0657959   2.        
-7.59402514  2.55893707  0.080841    4.        
 0.51168102 -1.83730304 -1.84472704  2.        
 0.41470301 -5.32858992 -2.89950609  2.        
 0.46489701 -3.48081994 -2.65188599  2.        
-0.26383999  1.41587806 -1.35644495  2.        
-3.32768202  3.77006507 -5.51034498  6.        
 0.58547199  0.56888598 -2.11587501  2.        
8.04943943 7.50791216 4.46017504 3.        
4.33599806 6.76204681 0.41980001 3.        
 4.78628492  6.45822096 -6.1870122   5.        
-1.35127294  3.61943793 -3.27514601  6.        
-0.82775098  0.83000898 -0.60086101  4.        
 2.75479889  6.43579102 -7.98565722  5.        
-2.629776    3.10792494 -3.22347999  6.        
-3.27489495  3.0019381  -3.43737793  6.        
1.74718499 5.29402208 1.90844703 3.        
-2.64883399  2.29865289 -1.42211902  4.        
3.71441698 6.62203979 5.63418579 3.        
 0.68122101  0.149666   -1.49710095  2.        
8.02397156 6.19451904 2.33850098 3.        
 0.74720001 -3.19121599 -2.33474708  2.        
-2.54247999  2.162292    2.92611694  4.        
-1.08371699  2.0887599   2.09906006  4.        
7.14250183 8.33332825 6.01980591 3.        
-2.17364502  2.04917908 -1.44271898  4.        
-4.79937696  2.28073096  4.1411438   4.        
5.33241987 7.51359606 4.16946411 3.        
8.33691406 8.56746674 4.9873662  3.        
-7.40779114  2.45969391 -0.84091198  4.        
-1.82205999  3.75923204 -4.01196289  6.        
1.93525696 3.47759295 0.39575201 2.        
 2.59677911  5.93349504 -5.4069519   5.        
6.99272203 7.86743212 4.27020311 3.        
 3.88572693  4.99597216 -3.43173194  5.        
 0.65400702 -6.68849182 -3.78674293  2.        
-0.70145398  1.79025996  0.584503    4.        
 3.52509308  6.48722792 -6.60449219  5.        
 1.228073    2.39637804 -0.162476    2.        
-3.01722693  3.73026299 -4.04672194  6.        
5.03702593 6.94160509 0.24380501 3.        
2.18411207 5.61198378 1.96917701 3.        
1.74411798 5.13012695 1.46939099 3.        
 2.13624597  6.04534197 -6.18695116  5.        
5.44026184 7.64859819 4.76739502 3.        
 0.68273902 -4.9336009  -2.93676805  2.        
-3.06610107  2.22350311  1.37075806  4.        
 3.52767205  5.91782379 -4.61917114  5.        
-5.30722809  2.6126101  -0.674164    4.        
2.30679297 4.86083221 0.94744903 3.        
 0.61070299 -1.19833398 -2.07553101  2.        
 1.69386995  4.39586592 -3.619385    5.        
 0.312599   -6.67436981 -3.58990502  2.        
 1.28566003  5.92523193 -7.62145996  5.        
-4.26515198  2.59056807 -1.65289295  4.        
1.47575402 5.34461212 5.70303297 3.        
 0.61058003 -4.66277313 -3.37881494  2.        
 1.77790105  6.08209991 -7.67364502  5.        
 0.91024798 -4.56561995 -2.73336792  2.        
4.18456316 5.23433685 7.34317017 3.        
2.24864197 6.18067884 4.61218309 3.        
-3.72659302  2.22575402  2.36480689  4.        
7.88739777 6.368927   2.79956102 3.        
-8.11094666  2.55033112  1.99972498  4.        
-2.2050631   2.15300798  3.23687696  4.        
 3.65424395  4.15996599 -2.63174391  5.        
 0.71924597  0.67671198 -1.83285499  2.        
 1.18975103  5.91433001 -7.03653002  5.        
 0.872284   -3.66697693 -2.33093309  2.        
7.04855299 8.31533813 6.27072096 3.        
8.46839142 8.78211212 5.42065382 3.        
 0.60839802 -8.38433838 -3.97531104  2.        
 1.40032995  3.69934797 -2.93808007  5.        
 0.75988001 -8.11505127 -3.68664598  2.        
-1.21088398  3.44497705 -3.8903501   6.        
 3.68920112  6.32222795 -5.85675097  5.        
5.95991516 6.30653381 8.00085545 3.        
3.2810359  6.39712477 2.8717041  3.        
8.50492859 7.27017212 4.32476807 3.        
 2.64182305  6.37912798 -7.28875685  5.        
4.88968706 7.05726624 2.26037598 3.        
-1.32305896  1.92642999  0.84240699  4.        
 3.952461    6.61370897 -6.96060181  5.        
 0.99102002  2.60285211 -0.25714099  2.        
0.93953699 3.15644097 0.27780199 2.        
2.59793806 5.55693007 6.38571215 3.        
-8.50502014  2.67682695  2.45953393  4.        
 0.29847699 -3.63211799 -2.86144996  2.        
 2.87268806  6.20612288 -6.16192579  5.        
-1.77867103  2.17713189  3.17611694  4.        
7.2927022  6.67838287 2.76657104 3.        
 0.67929101 -4.83224487 -2.59899902  2.        
6.83904982 7.42748308 7.65301514 3.        
-2.45628405  2.17082191  2.22613502  4.        
7.3419652  7.92797089 7.65185499 3.        
-2.17084503  3.27835798 -2.86364698  6.        
-6.89048004  2.2641449   3.32644606  4.        
6.47055817 7.03696394 7.52859497 3.        
-7.87174177  2.44334412  3.35458398  4.        
-7.94863892  2.61705804 -0.12704501  4.        
3.10407996 6.55555677 3.58630395 3.        
-1.41721296  1.45458198 -0.30941799  4.        
3.730232   6.50583696 1.36776698 3.        
7.35574293 6.46881914 2.34219408 3.        
-1.37487805  3.85038805 -3.95150805  6.        
-7.67345381  2.41522193  1.29751599  4.        
 1.60643005  2.6527791  -0.124969    2.        
1.25675201 3.58628106 0.41751099 2.        
 2.06145501  5.04268694 -4.16278076  5.        
8.16520691 8.72686005 5.18209791 3.        
-1.01639605  3.19229102 -2.58761597  6.        
6.1577611  7.94524384 4.88458204 3.        
4.33246613 6.93586016 2.05114698 3.        
 0.47933999 -5.77757978 -3.31674194  2.        
6.13317919 7.00141096 2.25531006 3.        
3.89148688 5.68386793 6.9064641  3.        
 2.74800897  3.74803209 -2.49377394  5.        
 1.69353497  6.15856886 -7.07775879  5.        
-2.00144196  2.21324205  3.51638794  4.        
 0.69977599  1.54614305 -1.08908105  2.        
-6.46398211  2.24564409  3.13998389  4.        
 0.377716   -6.18513489 -3.61505103  2.        
 1.06896996  2.03250909 -0.25140399  2.        
7.9652791  8.53909302 5.00134277 3.        
-1.07040405  2.28174591  2.74740601  4.        
-0.90369397  1.17934406 -0.23791499  4.        
3.08354211 6.26055193 5.60345507 3.        
7.92315722 7.89363098 4.71817017 3.        
-4.07688093  2.19423699  4.43435717  4.        
 0.46211201 -2.53882599 -2.10528588  2.        
 0.811333   -7.63182783 -3.68557692  2.        
 2.17811608  3.168396   -1.80960095  5.        
2.40782189 5.02574205 1.209167   3.        
 2.00913191  4.78367615 -3.83105493  5.        
4.78309584 7.11570692 2.62402296 3.        
5.46424103 7.3900528  6.25909424 3.        
