 3.73667097  3.08940911 -1.47396898  2.        
-12.42575455  -4.19293213  12.70916653   6.        
 13.94727325 -13.09253693 -12.25683594   2.        
 1.03692603 12.96134186 -8.8276062   3.        
  9.94032955  -1.91296399 -10.42651367   2.        
-5.44105482  0.92147797  5.11715698  2.        
13.56181335  2.17603302  0.98095697  4.        
 6.63109589 -3.36950707  4.23291016  5.        
 1.33182502  5.61310577 -8.01889038  3.        
-12.24222946  -0.31648299   6.84988403   6.        
-5.78436995 -2.90442705 11.04254246  6.        
7.83748579 4.52814484 4.03933716 4.        
 6.30946302  9.9078064  -5.64938307  3.        
 6.93429613  2.59055305 -7.17196703  2.        
 13.10030365  -7.02845812 -11.65026855   2.        
-1.54350305  2.24425507  1.01217699  2.        
 2.84823608 -2.27573395  0.052673    5.        
9.46226501 0.19089501 2.69799805 4.        
-8.17605972  0.082695    8.67800903  6.        
-8.86309433 -5.91947222 11.04077053  6.        
 2.17160797  9.48606873 -6.80423021  3.        
5.59334612 0.53536201 1.20623803 5.        
 5.00012207  6.06893206 -6.15966797  3.        
 6.2513051   0.98279601 -3.5879519   2.        
-14.01161194  -2.10945892   9.75146484   6.        
11.4713974   4.84394789  2.75414991  4.        
-10.30259323  -2.60348511  10.20776367   6.        
 4.26686096 12.44791412 -7.32235718  3.        
4.445786   3.73900604 2.36456299 2.        
-0.46173099  8.98252869 -8.78747559  3.        
 8.62319183  0.18382999 -8.43075562  2.        
 3.91741896 -3.73796105  2.64315796  5.        
 11.34078979  -4.42105913 -11.76669312   2.        
 0.54824799  2.846138   -1.24603295  2.        
 3.9708631   3.04747796 -4.58233595  2.        
 12.96094513 -10.15550232 -12.00338745   2.        
-2.58054399  1.26249695  3.75421095  2.        
 3.95190406 -0.29247999 -2.03094506  5.        
-5.23026991  0.060875    8.0067749   6.        
7.20775604 1.64569104 4.01629591 4.        
-10.15290546   1.660797     7.23059082   6.        
10.95360565  2.24985504  1.85671997  4.        
 6.19177198 -0.85115099  3.41613793  5.        
7.44872999 2.19084907 0.48614499 5.        
-7.95159483 -3.83768511  9.87991333  6.        
-11.21663284  -5.13484907  10.80633545   6.        
-10.51554871  -0.61277801   8.57998657   6.        
 6.05091906  0.95033997 -1.15933204  5.        
 2.81325507  7.05433607 -6.58175707  3.        
-7.53596115  1.17602503  6.60110521  6.        
 0.27473399 11.02790833 -7.57885695  3.        
 4.29473877 -1.41463494  1.78698695  5.        
 4.22104597  8.78410339 -5.86413622  3.        
9.18860626 2.76128411 3.28186011 4.        
-6.44039917 -1.26091802  9.54122925  6.        
1.15472794e+01 1.03300000e-02 1.77154505e+00 4.00000000e+00
-12.34255219  -2.46143293  11.27770996   6.        
 7.15684509  0.98269701 -5.62585402  2.        
 5.69405413  4.39220381 -7.36959791  2.        
 1.17430902  7.84387207 -7.81423998  3.        
 2.22297692 11.78520203 -7.09780884  3.        
3.39995599 3.85306597 0.571594   2.        
-8.33459473 -1.86547101 10.30194092  6.        
7.39417315 0.85250098 2.13348389 5.        
-12.41796875  -1.34095001   8.63143921   6.        
6.13539124 3.38856506 3.44558692 2.        
-10.86358643  -6.02336121  12.60290527   6.        
 5.46482086  2.27445197 -5.70477295  2.        
 7.85942078 -1.62548101  4.23165894  5.        
 3.96289802 -0.60903901 -0.052307    5.        
 3.98372602 10.49408722 -6.86758423  3.        
9.89296722 4.99829912 3.92962599 4.        
 2.32880402  3.11950707 -2.84564209  2.        
0.34934199 2.21449304 0.62261999 2.        
12.64323425  3.69294     1.71218896  4.        
 5.07907104 -2.48226905  3.49328589  5.        
-9.70008469 -4.08326006 11.27386475  6.        
 5.63873291  7.7109828  -5.36196899  3.        
 2.768013   12.96512604 -8.39440918  3.        
 5.51312304 11.33348083 -6.50640917  3.        
 7.16809797  0.91017199 -7.67175293  2.        
-4.42553711  1.36358595  3.7437439   2.        
-8.58162689  1.68013799  8.01873779  6.        
 2.74719191  5.32589722 -6.77706909  3.        
 2.16870904  2.44780707 -0.78695703  2.        
 11.52708435  -6.32463789 -11.65200806   2.        
-6.95709181 -0.186378    7.54037523  6.        
12.06762695  1.38117194  0.93435699  4.        
 10.91577053  -3.26844811 -10.57290554   2.        
-12.86956406  -4.56517792  11.14169312   6.        
 7.71291304 -0.16059101  3.44088793  5.        
 12.49272919  -8.58097839 -12.01995754   2.        
-4.58490705  0.297142    6.37106323  2.        
-2.7162931   1.91112494  2.08404493  2.        
 8.98316956 -0.99355298 -9.50418091  2.        
 0.72087902  9.48942566 -7.72640991  3.        
-3.7358551   0.78897101  5.09793091  2.        
10.73583984  3.38996911  2.96200609  4.        
-9.47134018  0.32296801  7.76925707  6.        
 3.10977197 -1.38987005 -1.24169898  5.        
 3.54054308 -2.80780005  1.41531396  5.        
-11.21271515  -3.48360395  11.69683838   6.        
 13.6656723  -11.53765106 -12.29049683   2.        
 4.34327698  3.17028093 -2.92571998  2.        
-9.12684345 -1.16312397  9.13943481  6.        
-11.75260162  -1.76904297  10.0015564    6.        
 0.278633    6.88066912 -8.65859985  3.        
7.65268707 3.00816393 3.3556211  4.        
-13.76011658  -3.08729601  11.40646362   6.        
8.49173737 1.38621497 3.17404199 4.        
-10.92818832   0.34930399   7.23776197   6.        
 5.41803694 -4.04303694  3.62033105  5.        
-6.22392988  0.34454301  6.27545214  6.        
 5.26966095  0.57373798 -2.53298903  2.        
 4.26831102  7.35709381 -6.72256517  3.        
-10.29410553  -6.301826    11.19268799   6.        
-7.07628584 -2.64967394 10.24893188  6.        
-0.190605   11.99025726 -8.59365845  3.        
 5.10833693  0.35887101 -0.218201    5.        
-9.20085144 -4.76199293 10.09249878  6.        
9.74544525 1.71221197 2.44189405 4.        
 5.43947601 -0.62310803  2.07034302  5.        
6.18617201 1.37033105 0.22348    5.        
-7.83772278 -5.01925707 10.64797974  6.        
-8.98724842 -3.11886597 10.52554321  6.        
-12.04399872  -5.70865583  11.78640747   6.        
-5.50926208 -1.51032996 10.55770874  6.        
 0.95399499 12.2511673  -7.63885498  3.        
 3.11896491  8.47985077 -6.63861084  3.        
-7.32253981  1.10678101  7.95556593  6.        
 4.9806819   9.95030975 -5.98516893  3.        
-1.13686395  1.77436101  2.22509789  2.        
 1.57421899 10.64527893 -7.47610521  3.        
-0.49819899 10.3197937  -8.55154419  3.        
 6.39854383 -2.06477404  3.96871996  5.        
-7.79351377 -0.94913501  9.44119263  6.        
-5.36902618 -0.467758    9.42370605  6.        
-13.21880341  -0.95490998   7.4934392    6.        
 1.71778095  6.70661879 -7.37619019  3.        
9.03165436 4.09198809 3.50546288 4.        
6.35468292 0.20121799 2.64810205 5.        
 5.9277339   1.82753801 -6.83984423  2.        
 4.0619812  -2.41007209  2.5935359   5.        
 3.77604699  6.08754015 -6.59454393  3.        
 4.65176392 -0.31428501  1.01031494  5.        
10.72213745  0.90759999  2.25897193  4.        
-11.49921417  -0.89191401   7.81436205   6.        
 4.78607893  4.84484911 -6.60665894  2.        
-11.09381866  -4.76059723  12.01299953   6.        
-10.56624603  -1.63285804   9.43807983   6.        
12.18071747  2.50904894  1.733459    4.        
 3.3782351  11.41095734 -7.46743822  3.        
-13.66263962  -1.37207794   8.81704712   6.        
 0.42361501  8.14671326 -9.00891113  3.        
 3.76646399 -1.68714094  0.709961    5.        
10.59380341 -0.36156499  2.44189405  4.        
 5.54692793  8.89076233 -5.7567749   3.        
 6.36643219  1.16235399 -2.31942797  5.        
 1.59418499  2.86837006 -1.90356505  2.        
-3.47119093  1.63443804  3.009552    2.        
-11.45388794  -2.91627502  10.57833862   6.        
 4.96775818 -1.45438397  2.82257104  5.        
 6.27591705  1.30679297 -4.75811815  2.        
-6.29452515 -0.51013899  8.49032593  6.        
 3.35166907  2.64582801 -3.35647607  2.        
 5.88004303  3.16526008 -7.17721605  2.        
-8.28749466  0.62003303  7.44015503  6.        
-12.89440155  -1.98450506  10.32821655   6.        
-9.86219025 -5.24008179 11.53564453  6.        
-9.50574112 -1.68108404 10.15536499  6.        
11.49408722  3.65457106  2.08059692  4.        
 2.56406403 10.62921143 -6.81594896  3.        
7.00003815 1.27158403 1.086761   5.        
 2.15592194  7.89620209 -7.15154982  3.        
 5.02633715  0.19112401 -1.38693202  5.        
-10.66164398  -3.84331489  10.64569092   6.        
8.81970215 0.240219   3.67581201 4.        
 3.41364288  9.61419678 -6.36657715  3.        
-0.42570499  2.63345289 -0.133698    2.        
-12.75601959  -3.18029809  12.25497437   6.        
 5.03620911 11.63960266 -7.61380005  3.        
 3.29763007  3.23625207 -0.384644    2.        
10.1995163   4.40118408  3.02072096  4.        
 11.7665329   -5.27323914 -11.1619873    2.        
-7.02298689 -4.12132311 10.43896484  6.        
 1.35235596  6.7155838  -8.43222046  3.        
-6.08884382  0.48850301  7.41345215  6.        
 2.92266107  2.31732202 -2.36929297  2.        
 0.98116302  2.47948503 -0.29757699  2.        
 4.9342351   2.5231781  -4.66986084  2.        
-12.16682816  -3.6046679   11.05206299   6.        
 12.11518097  -7.43473005 -11.91494846   2.        
7.84541321 1.71952796 1.64804101 5.        
-0.38288099  1.97687495  1.39526403  2.        
 6.91483307  1.40369403 -6.65957594  2.        
-10.16682053  -3.05754089  11.19900513   6.        
-8.51493835 -4.19696808 10.79309082  6.        
 3.15246606 12.55584717 -7.47772217  3.        
 1.92553699 12.73896027 -7.76644897  3.        
-10.15654373  -5.03547716  10.49853516   6.        
-9.11181641  1.76628101  7.00473022  6.        
 4.88341522  7.10257721 -5.80544996  3.        
5.17854309 3.13323212 2.8379519  2.        
 1.54446399  8.73218536 -7.37045288  3.        
3.9131391  3.56363702 1.44845605 2.        
 7.39280701  1.97507501 -7.88809204  2.        
 4.05241394 -0.87399298 -1.16473401  5.        
 2.71302795  3.19640398 -1.83978295  2.        
-1.99961805  1.50847602  2.92004395  2.        
-13.85605621  -2.19642591  10.78033447   6.        
6.73869324 2.53909302 3.52511597 4.        
7.93430281 0.90302998 4.06701708 4.        
 3.922508   11.90013123 -8.20175171  3.        
-7.46025515 -0.61004603  8.39770508  6.        
 8.28744507  0.96552998 -7.84439087  2.        
10.04284668  2.69899011  2.51275611  4.        
-9.24341965 -0.353973    8.52212524  6.        
 4.99410295  5.64141893 -7.21438599  3.        
-7.84788513 -3.16780901 10.66934204  6.        
7.3766942  3.61054993 4.12463379 4.        
 3.62866211 -1.53374505 -0.29455599  5.        
-11.41847992  -1.32343304   8.78875732   6.        
 4.36362505 11.5328598  -6.86691284  3.        
 7.20475817 -0.95600897  3.7910769   5.        
12.95969391  2.97587609  0.96334797  4.        
 4.68115187 -3.4251101   3.344666    5.        
 0.37705201  8.60515594 -8.03521729  3.        
 2.57802606  6.21550798 -7.25997877  3.        
-7.30544281 -1.69027698 10.11529541  6.        
-11.67694855  -5.3626709   12.64169312   6.        
 11.40272522  -4.09529114 -10.82025146   2.        
-3.42532396  0.85774201  4.16091919  2.        
-6.20108795 -2.20352197 10.41885376  6.        
 3.46964312  3.33892798 -2.45913696  2.        
6.41902924 0.62651098 1.73397803 5.        
9.94366455 3.47515106 3.53552198 4.        
 5.70317078 -3.17540002  3.9684751   5.        
 3.80777693  7.92453003 -6.06189013  3.        
 3.73780799 12.85164642 -8.209198    3.        
-5.30297899  0.088402    6.98577881  6.        
 6.61911011  1.99558997 -0.375397    5.        
11.50659943  1.45599401  1.83413696  4.        
 5.09600782  7.9774251  -6.15060377  3.        
 2.03442407  5.2565608  -7.41885424  3.        
-9.04602432 -4.92146301 11.13482666  6.        
-9.53030014 -3.89006805 10.31542969  6.        
 7.21682692 -2.62762499  4.36352491  5.        
 5.59933519  5.34489393 -6.32437086  2.        
 6.46420288  3.98252106 -6.98361206  2.        
 6.44439697  2.07436395 -6.07693481  2.        
-9.48111343  1.39979506  7.88247681  6.        
7.94409895 2.07042694 3.59155297 4.        
-4.6132431   0.83479297  4.66046095  2.        
-11.02627563  -2.07058692  10.5368042    6.        
8.83014679 4.90866089 3.9438169  4.        
 7.7962718   1.33890498 -7.10897779  2.        
-10.85383224  -5.61707306  11.69790554   6.        
12.97205353  1.37857103  0.66531402  4.        
7.94274902 0.64993298 2.87359595 5.        
 13.27585602  -9.26708984 -11.97119141   2.        
 8.89704895 -0.06472    -9.62564087  2.        
-11.48627472  -4.26089478  11.01678467   6.        
-10.33443546   0.91828901   7.77416992   6.        
 4.59480286  6.51885223 -6.98568678  3.        
 4.65227509  2.90183997 -3.76870704  2.        
-12.83877563  -1.76986694   9.34802341   6.        
 5.78471422 10.42604828 -6.22369385  3.        
 10.9686203   -3.61129808 -11.48147583   2.        
 7.62189484  0.80971497 -8.47094727  2.        
 4.58801317 -0.247269   -0.70300299  5.        
 4.91555023 10.66850281 -6.72647095  3.        
 10.33734131  -2.56092095 -10.94534302   2.        
-8.30145741 -4.77091217  9.89355469  6.        
9.47032928 0.99150801 3.14941406 4.        
 5.73908186 -1.71021295  3.43829298  5.        
-10.28051758  -0.09079      7.86645508   6.        
8.40946198 3.36970496 3.71203589 4.        
-6.68872786 -3.29036689 10.76757812  6.        
12.57672882  2.15348101  0.92608601  4.        
10.78691101  5.06193495  3.30837989  4.        
 0.15974399 10.18244171 -7.9494319   3.        
 1.13362098 11.40481567 -7.26901197  3.        
-9.49106598 -2.3956759  10.70526123  6.        
 9.55744171 -1.68164802 -9.53759766  2.        
-8.73735809  0.683846    8.21087646  6.        
-5.36442614  0.28597301  5.93307495  2.        
 1.92484295 13.03786469 -8.80023193  3.        
-0.744537    2.14871192  0.54284698  2.        
11.29483032  2.85945106  2.43041992  4.        
 13.97450256 -12.2676239  -11.88446045   2.        
 12.14707947  -6.59197187 -12.22674561   2.        
 2.88312507 -2.7899859   0.773956    5.        
 6.83625793 -0.27532199  3.22161889  5.        
-9.54434967 -6.04081011 11.72879028  6.        
 3.25183105  3.77669501 -1.21051002  2.        
-12.81755829  -3.89753699  11.74972534   6.        
-1.88860297  1.90638697  1.78710902  2.        
-10.57323456  -4.51589203  11.34875488   6.        
11.98804474  4.37194109  2.19049096  4.        
-7.30429792  0.24439999  8.27514553  6.        
-12.35256958  -1.01268804   7.61804199   6.        
 1.41879296  9.82359314 -7.10122681  3.        
 13.62326813 -10.75125885 -11.90545654   2.        
-4.49617004  0.68576002  5.51977491  2.        
-7.00036621  0.49855801  6.72323608  6.        
 11.64414215  -5.57189894 -12.068573     2.        
-11.85774231  -4.96640778  11.38189697   6.        
 0.31220999  7.64373779 -8.25250244  3.        
10.89652348  4.12202501  2.4941709   4.        
-12.88681793  -3.12543511  11.23019409   6.        
-6.15146589  0.93376899  5.65866089  2.        
-8.24546432 -0.77711499  8.68829441  6.        
-8.24264526  1.38919103  7.02679396  6.        
 0.19905099 11.85153198 -7.78350782  3.        
11.56874084  0.78627002  1.28436303  4.        
 8.02358246 -0.81507099  4.03210402  5.        
-11.75754166  -3.87255096  12.22064209   6.        
-0.27310899 11.21666718 -8.19915771  3.        
-8.28459167 -2.76622796 10.06307983  6.        
8.50482941 2.4142909  2.92157006 4.        
 3.6751399  -2.02127099  1.69686902  5.        
 0.78024298 10.38764191 -7.34130907  3.        
9.19405365 1.85382104 3.17352295 4.        
-8.48403931 -1.58490002  9.48596191  6.        
 1.40434301  2.47635698 -1.18197596  2.        
5.75485182 0.58405298 0.26840201 5.        
-6.03498793 -0.325966    7.7157588   6.        
 0.41918901 12.51315308 -8.35848999  3.        
-6.97647095 -0.75005299  9.06552124  6.        
 5.80394697 -0.440727    2.80096412  5.        
 4.00829315 -0.91758001  0.91998303  5.        
5.69251299 0.164368   1.98782396 5.        
-8.76865005 -3.75513506 10.01333618  6.        
 3.60398102  7.09135389 -6.30111694  3.        
-10.00148392  -1.05106294   9.27792358   6.        
-12.54355621  -5.44105482  11.18557739   6.        
-9.60849762 -5.60925293 10.72409058  6.        
-13.17541504  -2.35279107  11.22647095   6.        
-8.94620132 -2.28604102  9.94436646  6.        
 10.84580231  -4.71981812 -11.18045044   2.        
 4.83587694  2.77683997 -5.53720093  2.        
 0.93267798  7.36888123 -8.74465942  3.        
 4.18557692  9.88824463 -6.16982985  3.        
 2.79866791 -1.92959595 -0.71157801  5.        
 2.51394606 12.14788055 -7.78558397  3.        
  9.38554382  -0.68579102 -10.14236546   2.        
-0.023323    9.46961975 -8.2958374   3.        
 3.16799212 10.04722595 -7.0093379   3.        
10.41706085  1.61740899  1.99511695  4.        
-10.71541214   1.18101501   6.89730787   6.        
 6.67849016  2.41980696 -7.92202806  2.        
 4.57257795 -0.132057    0.182495    5.        
6.15661621 1.09456599 1.05316198 5.        
 2.32629395  8.60494232 -6.73001099  3.        
 4.28495789  5.48951006 -6.85922194  3.        
-11.62273788  -2.82927704  11.46490479   6.        
 7.56522417  1.03939795 -6.35324097  2.        
-8.77161789 -5.50788879 10.35458374  6.        
 3.44406891 -3.42049408  1.92806995  5.        
 9.36139679 -0.382332   -9.05157471  2.        
9.87095642 0.81044    2.3908391  4.        
 2.96392798  6.17613983 -6.55661011  3.        
 6.88413191  1.47061205 -4.2661438   2.        
 12.63458347  -7.98294115 -12.53045654   2.        
 4.20863295  3.1678009  -2.13986206  2.        
-11.46094131  -0.237564     7.32199097   6.        
-11.62364197   0.38882399   6.8505249    6.        
6.92414093 3.50003791 3.46612501 4.        
 0.69189501  6.22528791 -8.47439575  3.        
8.17031097 1.11492205 2.27059889 5.        
-11.83162689  -2.10810089  10.71487427   6.        
 2.31778693  2.51099396 -1.79305995  2.        
 1.68665302 11.95944214 -7.71688795  3.        
 4.65402985  0.226997   -2.17904711  5.        
 6.0051651   8.40518188 -5.27337694  3.        
 6.82660723  1.71250105 -7.40447998  2.        
 13.19717407 -12.21411133 -11.98916626   2.        
7.22406816 0.34996    2.7749939  5.        
 5.92772722  0.803482   -2.89608788  2.        
-10.55040741  -5.55579376  10.9319458    6.        
-8.00541687  0.029747    7.87048292  6.        
 5.7636342   0.99787903 -0.43420401  5.        
 3.28232598 10.93412018 -6.78039598  3.        
 1.15958405 12.92340088 -7.97433519  3.        
 5.73292494  0.68021399 -1.81497204  5.        
-10.86167908  -2.71256995  11.15982056   6.        
 4.36847687  6.65714979 -6.17684889  3.        
-5.45162201 -0.28791001  8.67410278  6.        
-7.22332811 -3.40682197 10.19772339  6.        
 7.10623217 -1.73638201  4.11602783  5.        
-5.63260603 -1.11061895  9.91174316  6.        
 13.2508316  -10.87620544 -12.56646729   2.        
-8.95243073  1.00247204  7.41500807  6.        
 5.36142683 -0.225281    1.417328    5.        
 4.9958272  -1.24188995  2.03497291  5.        
-13.08935928  -1.26713598   8.28158569   6.        
3.8584981  3.43794298 0.12912001 2.        
 1.85970294  6.30172014 -8.00402832  3.        
10.60715485  2.17210388  2.52877808  4.        
 1.165573    7.05825806 -7.76046705  3.        
 6.18132019  9.20676422 -5.3899231   3.        
5.11013794 0.22354101 0.71463001 5.        
 10.66783142  -2.62973809 -10.25326538   2.        
 7.04114485  1.06603205 -4.88565111  2.        
 6.6241231   0.77810699 -6.11776686  2.        
 0.25488999  2.58593011 -0.46362299  2.        
 6.03404188  4.85264587 -6.69161987  2.        
-12.04640198  -1.55226099   9.25018311   6.        
 6.27807617  3.10423994 -7.81204224  2.        
 10.55290222  -4.0655818  -10.95431519   2.        
 2.57017493 11.21518707 -7.44317579  3.        
 7.95153809  0.29861501 -7.91921997  2.        
10.82723999  0.198456    1.860291    4.        
-10.19247055  -6.10913897  12.09872437   6.        
 3.30957794  7.71816301 -6.58300781  3.        
 8.41717529  0.39280701 -9.11807346  2.        
-8.54724121 -0.798195    9.43515015  6.        
 2.07261705 10.17341614 -7.18508911  3.        
5.53378296 3.71796393 3.15408301 2.        
-7.91785812  0.71846801  8.17733765  6.        
-7.70415115 -2.36914802 10.53302002  6.        
 2.90671492  9.18439484 -6.74581909  3.        
8.4631958  4.14906311 4.16687012 4.        
12.06427765  3.2261281   1.58194005  4.        
9.57527924 4.58435822 3.3999939  4.        
 4.8708272   9.1002121  -6.02413893  3.        
 6.33803606  1.65967596 -0.97015399  5.        
-8.64291763 -2.4388051  10.65036011  6.        
-6.64391279  0.94737202  6.20831299  6.        
6.82603407 1.80073595 0.45828199 5.        
-7.83813095 -4.22267914 10.51263428  6.        
 5.62604523 -1.13997602  2.92697096  5.        
-8.27747345 -5.48323822 11.0758667   6.        
-10.55441666  -3.78122711  11.58737183   6.        
 4.76026917 -2.18271589  2.90893602  5.        
 1.881271   11.07645416 -6.97567701  3.        
11.49641418  2.75680494  1.73718297  4.        
 4.97712708  8.44068909 -5.6027832   3.        
 4.2907939  -0.142059   -1.40554798  5.        
-3.27859497  1.13848901  3.5088501   2.        
-11.80654144  -4.54582214  12.47940063   6.        
 4.3104248  -3.142349    2.75485206  5.        
-12.23073196  -4.20615387  11.46325684   6.        
 5.73455095  9.69255829 -6.02978516  3.        
-11.01366806  -0.12429      7.87710619   6.        
-9.74759674  0.93164098  7.35440111  6.        
 4.72119904 -0.74706298  1.58337402  5.        
 6.50393677  0.82386798 -5.36346388  2.        
 3.88966393  2.65837908 -3.98251295  2.        
-2.67798591  1.37303197  2.72210693  2.        
-9.5099144  -3.41115594 11.10235596  6.        
 2.97596693 11.94832611 -7.13787794  3.        
-0.102409    8.3463974  -8.56515503  3.        
 6.0002141   1.39888    -1.71499705  5.        
 3.24813795 -2.14646912  0.89028901  5.        
-10.38389206  -1.89289105  10.21237183   6.        
 5.85127306  2.55673194 -6.23193407  2.        
11.80617523  1.94699895  1.27600098  4.        
 1.86252606  5.98881483 -7.36669922  3.        
-12.38129044  -2.46976495  10.44854736   6.        
7.4248662  1.27384996 3.452667   4.        
10.00582123  5.25702715  3.28042603  4.        
  9.81387329  -2.607162   -10.37207031   2.        
 4.41517591 -1.70474994  2.42053199  5.        
10.32652283  0.28597301  2.53335595  4.        
-6.66593218  0.98843402  7.72662306  6.        
 2.36769891  6.74726915 -7.67269897  3.        
 12.0530014   -5.92896318 -11.40063477   2.        
10.48239136 -1.86014605 -9.9809866   2.        
-0.91350597  1.53566003  1.53259301  2.        
-11.32373428  -1.55689204   9.48632812   6.        
 10.15930176  -3.21153998 -10.74700928   2.        
 5.68221998 -2.39434099  3.84341407  5.        
 8.56002808 -0.28557599 -9.0033884   2.        
-9.71713638 -2.99067712 10.22485447  6.        
 3.49713111  8.94113159 -6.18737793  3.        
 2.23811293  6.86408186 -6.93484497  3.        
 6.54103804 -1.31504095  3.80679297  5.        
5.81316423 2.82466102 3.18487501 2.        
 1.65051997  7.42778015 -7.27163696  3.        
 4.03473711 11.64538574 -7.50515795  3.        
 5.38828993  0.65193897 -1.00827003  5.        
 4.55529022  3.15351105 -5.02160597  2.        
 5.07210493 11.77317047 -6.82012892  3.        
-7.63172197  0.54984301  7.21694994  6.        
 3.46406603 -0.89323401 -1.57653797  5.        
-13.61441803  -1.57798803   9.54165745   6.        
-10.73111725  -3.06368995  10.50561523   6.        
7.93740082 3.87773108 3.65826392 4.        
 13.03596497  -9.44376373 -12.59884644   2.        
9.34998322 2.34234595 2.70504808 4.        
-6.13888502 -1.57978797 10.0786438   6.        
-9.88144684 -0.59864801  8.29885864  6.        
-6.15734911 -0.76738     9.14471436  6.        
 4.43005419  7.6220932  -6.06967211  3.        
-5.55678606 -2.26316094 10.91924953  6.        
 6.56954193  3.15935493 -7.02536011  2.        
12.54248047  0.88049299  0.939331    4.        
8.38976955 0.81573498 3.54858398 4.        
 3.63133192 -2.59585595  2.07498193  5.        
-7.8387599  -1.74991596  9.65979004  6.        
-10.05612946  -4.25682783  10.56555176   6.        
-10.29948044  -2.43050408  10.88223267   6.        
-11.15075684  -0.818672     8.40753174   6.        
 12.33052063  -6.60835981 -11.56704712   2.        
 3.2597661  -1.76491594  0.257568    5.        
-9.2033844  -4.34347486 10.80557346  6.        
8.93919373 0.50226599 3.00857496 4.        
 0.97274798  8.83534241 -7.72891188  3.        
 5.16061401  4.320755   -6.95010424  2.        
-11.49180603  -5.35538483  11.97308254   6.        
-6.432549    0.016457    7.06582594  6.        
-8.70800018e+00  6.18699985e-03  8.17004395e+00  6.00000000e+00
-8.77145386 -0.31745899  9.0122366   6.        
 1.06446099  8.01753998 -8.59646606  3.        
-12.69078064  -0.88800001   7.04412794   6.        
10.78437805  4.80194807  2.68295288  4.        
-10.72293854  -4.68891096  10.67953491   6.        
-7.88152313  1.47350299  8.05267334  6.        
 6.48760986 -2.71433306  4.15359497  5.        
 5.34958696 11.21927643 -7.18872118  3.        
-4.11959791  0.91070598  4.20657396  2.        
 9.39613342 -0.27230799  3.1842041   4.        
-11.38658142  -3.62525201  10.81585693   6.        
-7.10629988 -1.22898102  9.66607666  6.        
  9.60243988  -1.39334095 -10.16482544   2.        
9.34507847 4.40241194 4.01135302 4.        
4.90490007 3.79714203 2.85025001 2.        
 13.62197876 -12.56234741 -12.50726318   2.        
 7.9575882   0.183929   -8.57980442  2.        
9.1451416  3.43156409 3.5254519  4.        
-12.1264267   -3.19172692  12.02560425   6.        
-6.70840502 -0.031708    8.15106201  6.        
 3.64506507 -1.12889099  0.36358601  5.        
-12.10510635  -2.97530389  10.78613281   6.        
-12.97360229  -2.73242903  11.76174927   6.        
-9.66858292 -2.31238604 10.01617432  6.        
-10.13092041  -3.47392988  10.42401123   6.        
-11.50338745  -6.06993914  11.64096069   6.        
-10.72686768  -1.03845203   9.0461731    6.        
 3.61959791 12.09082031 -7.22207594  3.        
10.10636902  3.57730103  2.86053491  4.        
 11.27515411  -5.62998199 -11.51895142   2.        
7.88783979 1.56981695 4.02438307 4.        
 2.98548889  3.11752295 -2.94396996  2.        
7.46692705 1.73381805 0.99325597 5.        
-9.6645813  -1.73336005  9.51364136  6.        
 3.41720605  5.54042006 -6.48815918  3.        
 6.49362183  1.35536206 -2.940552    2.        
10.74427032  4.04441786  3.14321899  4.        
7.34176588 2.2714541  3.7780149  4.        
10.24124146  1.32199895  2.63952589  4.        
-7.83214617 -0.37261999  9.00939941  6.        
 6.04994202  0.91140002 -4.21212816  2.        
-8.65839767 -4.90595198 10.59912109  6.        
-8.4324379  -3.474648   10.50930786  6.        
 4.40496111 10.49041653 -6.34936523  3.        
 12.66362     -7.79941607 -11.88946533   2.        
-11.87128353  -1.15557897   8.29000854   6.        
 3.86415911  3.12105608 -3.37533593  2.        
-8.9954567  -1.30960798  9.79187012  6.        
4.39572906 3.275208   1.90292394 2.        
11.05257416  0.91743499  1.66735804  4.        
-2.17060089  1.47125995  2.18576097  2.        
 5.78519392  3.84066796 -7.03250122  2.        
-6.68932295 -1.92058599 10.00125122  6.        
-10.15912247   0.38144699   7.4345088    6.        
-11.40142441  -5.46661377  11.33486938   6.        
6.79853821 0.56801599 2.25833106 5.        
-13.53960419  -1.95223999  10.16564941   6.        
10.07184601  2.87961602  3.13345289  4.        
-6.44113207 -2.69498396 10.76663208  6.        
 2.72543311  8.01425934 -6.84497118  3.        
10.05987453 -0.305473    2.79525805  4.        
12.37412262  2.76522112  1.12191796  4.        
 5.9384079  -3.76931     4.02813721  5.        
 4.37419081  6.01406908 -6.37466383  3.        
 7.57752991  1.405586   -8.11486816  2.        
10.62944794  3.07713294  2.41400099  4.        
-12.44961166  -1.78627002   9.91482544   6.        
7.70159912 0.67650598 3.51974511 5.        
 6.42858887  1.35051    -0.42556801  5.        
 1.19573998  6.22997999 -7.98794603  3.        
-9.02026367 -3.74269104 10.65835571  6.        
0.0326     2.12954712 0.082703   2.        
7.2974782  1.31213403 1.64184594 5.        
 3.92929792 11.03751373 -7.18374586  3.        
 3.65701294 -0.95414698 -0.54159498  5.        
 5.33258104  5.03836823 -6.85375977  3.        
 13.28005981 -11.82727814 -12.69329834   2.        
 3.75255609 12.75130463 -7.51651001  3.        
 13.13211823 -11.2628479  -12.08840942   2.        
 0.75524902  6.92008209 -8.25595093  3.        
12.10654354  3.71819305  2.18798804  4.        
8.49591064 2.83493805 3.40100098 4.        
-9.23912144 -5.4624629  11.37963867  6.        
 4.09308577  9.19330597 -6.31756592  3.        
7.80960083 2.51161194 3.01342797 4.        
 5.51245117  2.44387007 -4.88531494  2.        
-10.27088547  -5.74495697  11.46820068   6.        
 1.96636999 11.36312103 -7.52072096  3.        
 2.61413598 12.759552   -7.76419115  3.        
 2.54195404  7.43466187 -6.98873901  3.        
 4.97154188  5.60668898 -6.571136    3.        
 2.55498505 10.0145874  -6.7399292   3.        
11.24700928  3.45703912  2.61199999  4.        
 3.38717604  3.47068    -1.81271398  2.        
 6.06859589  3.62184906 -7.54812622  2.        
 0.78030401 11.65314484 -7.7192378   3.        
13.07680511  3.28517199  1.54916406  4.        
11.534729    2.09232306  1.99200404  4.        
-11.21020126  -4.15921021  11.93933105   6.        
-3.15973711  0.88819897  4.71563721  2.        
 12.63761902  -9.40861511 -12.13244629   2.        
-0.99872601  1.95568097  1.06778002  2.        
3.51248193 3.42932892 1.00335705 2.        
 7.39248705  0.87434399 -7.10168505  2.        
-13.23285675  -4.11573792  11.34552002   6.        
 3.72080207  3.12081099 -0.86224401  2.        
 4.81780195  7.19338179 -6.40774488  3.        
9.8351593  4.08129883 3.63320899 4.        
 1.55276501  8.03186035 -7.26031494  3.        
 3.79374695 -3.09458208  2.38879395  5.        
-11.17549896  -2.10687995   9.94522095   6.        
-6.11578417 -3.41461897 10.98733521  6.        
 4.51270294  8.22023773 -5.99227905  3.        
-7.33557081 -4.05625916  9.92153931  6.        
-9.83946609  0.019859    8.26992798  6.        
 1.62876904 12.74214172 -8.31552124  3.        
 1.54968297  2.45715308 -0.50991797  2.        
 4.53962708 11.94561005 -7.7781682   3.        
 1.38980103  9.31427765 -7.43548584  3.        
11.92362976  0.30925801  1.170959    4.        
 0.98901403 10.93534946 -7.62249804  3.        
 4.20893908 -0.51242101  0.517883    5.        
-10.59320354  -5.1270752   11.45697021   6.        
 4.35891724  2.60264611 -4.45089722  2.        
-7.64247084 -2.80447412 10.10610962  6.        
 5.01332903  7.80081892 -5.57904005  3.        
 3.76875305 -1.46550703  1.27145398  5.        
11.00476837  1.46666002  2.16833496  4.        
-13.2873764   -3.36902595  11.65164185   6.        
-7.52791595 -4.60858917 10.17074585  6.        
-9.95271301 -4.79811096 11.13796997  6.        
 11.49514771  -5.08447313 -11.66424561   2.        
 7.69826508 -0.76096302  3.50842309  5.        
-13.02909946  -1.41070604   8.86230469   6.        
-10.96659088  -6.13548994  11.98043823   6.        
-3.81671906  1.40554094  3.49740601  2.        
-5.29097795  0.62331402  6.42355299  2.        
 13.84523773 -12.83553314 -11.72497559   2.        
 4.61052704 -2.7582171   3.2411499   5.        
 11.75354767  -6.86003113 -11.79772854   2.        
 9.59118557 -1.08708203 -9.47103882  2.        
 11.62280273  -4.6350708  -10.95904541   2.        
 3.37156701  3.05895996 -3.78988695  2.        
 5.18780518 -3.27536798  3.6812439   5.        
 3.77389503  7.53404999 -7.00790405  3.        
8.1293869  0.260452   3.36392212 5.        
 3.10285997 -3.21350098  1.41354406  5.        
-5.051826    0.48389399  5.45010424  2.        
-5.8532939   0.063576    6.76367188  6.        
11.41584778  4.52249908  2.23751807  4.        
 2.01999688  9.00309753 -7.14569092  3.        
 2.40547895  5.66031694 -7.1529851   3.        
-10.1984024   -3.70214105  10.98382568   6.        
 5.19752502  6.60487413 -5.75894213  3.        
 2.88691711 11.34532166 -6.92852783  3.        
 3.61472297 12.32025146 -7.8939209   3.        
 12.93164825  -8.860466   -12.29342747   2.        
-4.8044281   1.3563      4.19293213  2.        
 2.62973809  3.35618591 -2.40084791  2.        
 7.30768585  2.03458405 -7.31060791  2.        
-11.88018799  -2.316643    10.16766357   6.        
 13.22052002 -10.24884796 -12.52053833   2.        
 3.35542297  6.59709883 -6.66915894  3.        
 5.53522491  8.21725464 -5.6378479   3.        
 1.03384399  2.93085504 -1.56240797  2.        
 2.23818994 10.69924164 -7.37850904  3.        
3.29938507 3.30468798 0.39724699 2.        
 0.048805   10.74784946 -8.04434204  3.        
 4.03111315 -0.51780701 -0.70257598  5.        
-8.35202408  1.10882604  8.10763645  6.        
-10.82579803  -6.08577013  11.353302     6.        
 0.68000001  8.09677887 -7.98770094  3.        
 1.65074205 11.69089508 -7.15878296  3.        
-9.72469711  0.81855798  7.93652296  6.        
9.64125061 3.29155707 3.07601905 4.        
 2.02943397 12.27902985 -7.37533617  3.        
-7.59610701 -2.17363691  9.98388672  6.        
 4.37957811 11.02102661 -6.59658813  3.        
-7.52963591 -0.29737899  7.91311693  6.        
 3.50571394 10.32514191 -6.58804321  3.        
-1.36518896  1.90564704  1.51272595  2.        
-12.22599792  -4.71161604  11.0161438    6.        
-10.99064255  -3.80876207  11.19512939   6.        
-6.97805786 -2.10017395 10.46871853  6.        
9.32377625 5.11360216 3.72369409 4.        
-11.93183899  -0.63242298   7.50775194   6.        
0.61616498 2.34003401 0.126678   2.        
-11.05356979  -5.60396624  12.25668335   6.        
-5.73488617  0.035652    7.375       6.        
 6.72769213  1.26610601 -3.74087501  2.        
10.22679901  4.65057421  3.61657691  4.        
 5.30254412  9.47429657 -5.72003222  3.        
-2.85192895  1.04073298  4.2094121   2.        
 5.88998413  1.37674701 -3.91632104  2.        
6.88749695 0.90897399 1.56027198 5.        
10.0141449   2.09241509  2.77706909  4.        
-9.6084404   1.48183405  7.21466112  6.        
-12.8470192   -2.62547302  10.74417114   6.        
 4.6198349  -3.98864007  3.26150489  5.        
-7.74000502 -3.67009711 10.38519287  6.        
9.12146759 1.349648   2.87121606 4.        
-9.21525574  0.29740101  8.27911377  6.        
 6.44703722  1.07607996 -1.56988502  5.        
-13.56442642  -1.16986096   7.98257494   6.        
 3.78730011  2.99835992 -2.82461596  2.        
 6.44646502  1.72539496 -6.62252808  2.        
 5.89965105  1.98275805 -6.2931819   2.        
-8.0148468  -0.424622    8.30621338  6.        
-5.63768816 -0.352844    8.11828613  6.        
 3.0023191  10.89133453 -7.27670288  3.        
-7.44763613 -1.07501996  9.01513672  6.        
7.09522295 2.97670007 3.58285499 4.        
 5.80561781  0.94345897 -2.30697608  5.        
 5.19915819 10.22366333 -6.4251709   3.        
 4.61170197 12.06801605 -7.09277296  3.        
 3.7849431   3.53720093 -0.490814    2.        
4.38283491 3.82215905 1.61532605 2.        
 0.13018     7.45138502 -8.74639893  3.        
-9.74448013 -0.842484    8.78424072  6.        
6.50249481 1.45107996 0.794586   5.        
8.47988129 3.9889679  3.57525611 4.        
-8.60652924 -4.28561401  9.93927002  6.        
 2.01153588  2.65372491 -1.28243995  2.        
-3.20760298  1.721367    2.52438307  2.        
-9.74895859 -5.7431488  11.2701416   6.        
11.90586853  3.10522509  2.10296607  4.        
 4.11224413 -2.18050408  2.087677    5.        
-8.95199585 -1.74554396 10.16693115  6.        
 7.46716309 -2.06514001  4.38497877  5.        
-0.446114    9.65391541 -8.60803223  3.        
 5.97124481  2.2389369  -5.47601318  2.        
 4.80254412  0.265755   -0.73156703  5.        
 13.40672302  -9.85916901 -11.85195923   2.        
8.4546051  1.96713996 3.39663696 4.        
11.58414459  4.00046492  2.50622606  4.        
4.70537615 3.22666192 2.36144996 2.        
-7.98532486 -3.23892903 10.06036377  6.        
-11.7530632   -4.86691999  11.93575954   6.        
 6.63964796  1.22115302 -5.78356886  2.        
9.78146362 1.48831904 2.94824195 4.        
-0.23201799  2.12751007  0.75387597  2.        
-7.33758497 -2.93747711 10.6444397   6.        
 1.71917701  6.96783495 -8.10333347  3.        
 5.1991272   0.34026301 -1.89111304  5.        
 4.78473711 11.34660339 -7.17333984  3.        
-2.03506494  2.13665009  1.30615199  2.        
 3.26797509  3.77329302 -0.25640899  2.        
-9.23544693 -2.74338508 10.11734009  6.        
 7.01035309  0.871346   -6.54953003  2.        
-2.12739611  1.31741297  3.44400001  2.        
-10.71835327   0.3396       7.83087206   6.        
 3.73659492  8.40180206 -6.32852221  3.        
 2.04438806  8.44213867 -7.17449903  3.        
 3.901016    6.62237597 -6.55749512  3.        
 4.97558594  2.3290329  -5.25030518  2.        
 6.0293498  -0.135719    2.30215406  5.        
 0.86801898  2.5945971  -0.82315099  2.        
 4.98853302 11.21609497 -6.62127686  3.        
 0.99422503  7.43846083 -8.13879395  3.        
-12.30208588  -3.72968292  12.44061279   6.        
-9.41878891 -2.89821601 10.91271973  6.        
 4.33086395 -1.12608302  1.31124902  5.        
 5.13410997 -0.98976099  2.584167    5.        
-8.21546173 -1.21510303  9.18359375  6.        
7.80039978 1.20423102 1.83078003 5.        
 3.41033196 -1.82186103 -1.09075904  5.        
 6.97322083  1.21781194 -7.17807007  2.        
-8.8235817   0.54264802  7.68234205  6.        
-13.55402374  -2.64238     10.95782471   6.        
 3.65934706 11.58833313 -7.00991821  3.        
11.03827667  1.73636603  1.68966699  4.        
6.60993195 3.01303101 3.28585792 2.        
7.48168182 4.11890411 3.95489502 4.        
-6.47674608  0.25633201  7.71972704  6.        
 4.92017412  6.68023682 -6.25222778  3.        
-10.51721573   0.70275098   7.17336988   6.        
8.90451145 1.10195899 3.38995409 4.        
12.44190216  1.70989203  1.21365404  4.        
11.623909    1.35548401  1.25024402  4.        
 1.45476496 12.45246124 -7.73406982  3.        
 3.00016809 12.44919586 -7.9911499   3.        
12.59626007  3.05236793  1.65679896  4.        
-9.26588821 -3.43473101 10.17626953  6.        
-12.5719223   -1.14181495   8.14871216   6.        
-1.550529    1.60786402  2.62951708  2.        
-9.05405426  1.09661901  8.02761841  6.        
7.9902339  1.38224804 3.38308692 4.        
 3.12364197 -1.74836004 -0.31610101  5.        
-8.12322235 -2.69980597 10.67221069  6.        
-0.52101898 10.85939789 -8.60754395  3.        
-10.09903717  -1.43269396   9.65130615   6.        
 10.7437439   -3.29639411 -11.08679199   2.        
 13.03569031 -10.72167969 -12.09298706   2.        
-7.56928587 -0.055679    8.64126587  6.        
 5.34674788  7.2573781  -5.56991577  3.        
-11.29600525  -2.37334394  10.89694214   6.        
13.03226471  1.92364502  0.74279797  4.        
9.5228653  3.78346992 3.30520606 4.        
-6.90373993 -0.37214699  8.52474976  6.        
 0.36196101  9.17686462 -8.05206299  3.        
 3.33404493 -1.34883106 -0.72345001  5.        
 7.7014308   0.85596502 -7.603302    2.        
3.59730506 3.93515801 1.172791   2.        
 5.2334671  -1.83287001  3.29476905  5.        
-10.66995239  -0.51249701   8.02648926   6.        
 3.13132501  2.91894507 -2.44509912  2.        
 12.59398746  -7.20761108 -11.81396484   2.        
-9.52813721 -5.13404799 10.48269653  6.        
 11.12444305  -4.11344194 -11.362854     2.        
-4.7720108   0.17518599  6.97348022  6.        
 7.38391876  1.55695295 -7.55020094  2.        
-5.07911682  1.10040998  4.63205004  2.        
5.96102095 0.678711   0.77533001 5.        
 0.98256701 12.61645508 -8.42010498  3.        
-0.72539502  1.94718206  1.81973302  2.        
 1.49559796  7.68221283 -8.21133423  3.        
-12.20919037  -1.93440998  10.37698364   6.        
 4.62249804  9.52981567 -6.22485399  3.        
 5.49203491 10.73149109 -6.54888916  3.        
-5.73487091  0.58309197  5.68991089  2.        
-7.78545809 -4.37117815  9.76855469  6.        
 4.65599823 10.0345459  -6.46560717  3.        
-11.33351898  -2.47182488  10.29888916   6.        
 3.79910302  9.8837738  -6.62908888  3.        
 6.02757978  4.35446882 -6.87619019  2.        
10.14980316  1.99903095  2.24893188  4.        
7.70187378 0.20678701 3.05447412 5.        
-11.10298538  -5.64421797  10.90118408   6.        
 6.53649902  0.99826002 -4.40249586  2.        
-7.12881517  0.12979101  7.15194702  6.        
-12.01181793  -5.45108795  11.23608398   6.        
 6.33887482 -0.220604    3.0505681   5.        
13.16832733  2.50206804  1.11615002  4.        
 3.63294196 -2.30342102  1.25241101  5.        
 1.75553894 10.53606415 -6.96859694  3.        
 2.73234606 11.70379639 -7.56012011  3.        
 2.17322493 12.73126984 -8.23248291  3.        
 8.14432526 -0.46513399  3.6560359   5.        
8.36042786 4.6750412  3.99597192 4.        
 4.45316315 -0.43918601 -0.231079    5.        
 6.40020704  1.91110206 -7.16882277  2.        
-8.32855606 -5.24820709 10.11206055  6.        
-1.62103999  1.45886195  1.84579504  2.        
11.37747955  0.51551801  1.75674403  4.        
 1.08871496 10.00178528 -7.51718092  3.        
 9.003685   -0.170959   -8.73199463  2.        
 6.77610016 -0.71246302  3.50424194  5.        
-12.64759827  -2.08406091  10.77938843   6.        
 0.67559803 12.0951767  -8.05288696  3.        
6.7191391  1.51607502 0.033081   5.        
 0.57621002  9.99881744 -7.69250488  3.        
 11.02133179  -3.73976111 -10.85299683   2.        
 10.27028656  -2.29167891 -10.23700047   2.        
  9.53459167  -1.96088398 -10.10150146   2.        
6.12774706 0.61782098 1.30105603 5.        
8.29493713 0.52407801 3.97021508 4.        
-8.64067841 -3.14688897 10.06494141  6.        
-5.73257494 -0.88041699  9.45498657  6.        
 11.86045074  -6.0610199  -11.95343018   2.        
 3.26789093 -2.37576294  0.34484899  5.        
 1.25717902  8.32957458 -7.64517212  3.        
-11.09884262  -4.52159119  11.55026245   6.        
-11.11704254   0.70814502   6.91159105   6.        
 7.242661   -0.44837999  3.4962461   5.        
 0.94537401  6.76243591 -8.7520752   3.        
-8.58821106 -0.42354599  8.52270508  6.        
5.62734985 0.272057   0.71633899 5.        
 0.037003    8.83894253 -8.48220825  3.        
-9.94566727 -1.99528503 10.46990967  6.        
-9.51876831 -5.09297895 11.01043701  6.        
-8.72598553 -0.85867298  8.86328125  6.        
-8.24193954 -1.47465503  9.93017578  6.        
 6.25154114  2.75234199 -7.06079102  2.        
-9.17765141 -4.24578094 10.18453979  6.        
9.5076828  2.82081604 2.87899804 4.        
-10.08061218  -2.98170495  10.59249878   6.        
10.3903656   4.925354    2.99356103  4.        
-8.09967422 -2.28549194  9.9581604   6.        
6.28752089 0.26876101 2.11141992 5.        
 2.72372389  6.65585279 -6.89764404  3.        
 3.30015612 11.96979523 -7.68307495  3.        
 9.93828583 -1.68568397 -9.88549805  2.        
-8.92138672 -5.39744616 10.83505154  6.        
-11.79535294  -2.461555    11.14843845   6.        
-11.02746964  -4.19301605  10.79324341   6.        
-8.92562103 -5.88860321 11.55053711  6.        
9.88529205 0.432594   2.86154199 4.        
 5.58681488  0.51608998 -0.416565    5.        
 3.3368299  10.53566742 -7.09881592  3.        
 5.402946    5.93029022 -6.4439702   3.        
-9.48959255 -3.88207197 10.82574463  6.        
 4.00133514  7.41280413 -6.27392578  3.        
10.55064392  2.75354791  2.80233788  4.        
7.73969316 2.53572106 3.54406691 4.        
11.1822052   4.31493378  2.87020898  4.        
 1.83980596  9.49999237 -7.19113207  3.        
-9.6747818  -4.6619029  10.25140381  6.        
-7.6232028   0.366974    7.86514282  6.        
-4.91437483  0.50079298  6.04241896  2.        
-12.37744522  -2.813766    11.79858398   6.        
 6.12251997 -2.93492889  3.81521606  5.        
-11.70934296  -4.76439714  10.94152832   6.        
-8.21393585 -4.59419298 10.36019897  6.        
8.65866756 0.117996   3.21182203 4.        
5.38949585 0.21354701 0.17648301 5.        
11.16235447  2.37467194  2.29959106  4.        
 7.56684113 -1.30417597  3.82064795  5.        
-10.80453873  -1.72915602   9.87063599   6.        
 6.75993299  2.83000994 -7.5786128   2.        
 6.02422285  1.29388404 -2.77111793  2.        
-8.54558182  1.68921697  7.29299879  6.        
 4.28423309 -3.57506609  3.00805712  5.        
 2.18178606  2.9744339  -1.93005395  2.        
-7.8334918   0.99432403  7.10086107  6.        
-9.15013123 -0.66362798  9.16885376  6.        
-5.87528181  1.13515496  5.24554396  2.        
-13.08177853  -1.86647797   9.87921143   6.        
 3.92383599 -1.15290105 -0.049988    5.        
 8.26070404  0.568214   -8.20233059  2.        
-6.56219482  0.231003    6.62332201  6.        
10.3127594   0.63814503  2.17086792  4.        
-10.81127453  -3.14424109  11.40216064   6.        
 0.44696    10.52884674 -7.73831177  3.        
 13.8054657  -11.21337891 -11.91842747   2.        
 5.59647417  4.61895704 -6.81704712  2.        
-5.75029802 -0.61451697  8.89968872  6.        
 0.34597     8.22306061 -8.39245605  3.        
-4.00956678  0.60173798  5.56317091  2.        
 2.10464501  7.2314682  -7.24072313  3.        
 2.86005402  9.664711   -6.91305494  3.        
10.72431946  4.52419996  3.26507592  4.        
-7.63470078 -1.28126502  9.77160645  6.        
-7.04949188  0.55139202  7.98330688  6.        
-9.04877472  1.82232702  7.94372606  6.        
5.77890778 0.18396001 1.50183105 5.        
 3.25005293 12.88887024 -8.31808472  3.        
9.47919464 0.99663502 2.62585402 4.        
6.79593706 0.14357799 2.90704298 5.        
 5.88913679  9.27131557 -5.78198195  3.        
-12.52032089  -3.53889489  11.38912964   6.        
-10.29819489   1.19414496   7.17211914   6.        
 4.43088484  2.88639092 -3.32968092  2.        
10.32876587  4.17163086  3.43569994  4.        
11.98448181  1.04136705  1.36132801  4.        
-2.87771606  1.34471095  3.31536889  2.        
11.32913208  3.1381681   1.99627697  4.        
-13.91246033  -2.243927    10.2935791    6.        
-9.0331459  -2.17170691 10.52267456  6.        
-10.10963058  -5.88194323  10.9692688    6.        
9.22503662 0.18885    3.25262499 4.        
7.74857283 3.42745996 3.69113207 4.        
 6.22297716  3.56505609 -7.06720018  2.        
-13.20899963  -2.33546495  10.58932495   6.        
 4.29257202 12.34473419 -7.91360521  3.        
-11.96054077  -1.40983605   8.78762817   6.        
7.31149292 2.66723609 3.27343798 4.        
-10.79877853  -5.14454603  11.95251465   6.        
-10.74071121  -2.27571106  10.08843994   6.        
-10.68147278  -3.45603895  10.94158936   6.        
 4.96463013 -0.246788    0.64227301  5.        
 1.72695196  5.65651703 -7.69689894  3.        
 2.99625397  3.12249804 -3.48513794  2.        
-5.79046583 -1.90798199 10.57730103  6.        
 2.3001399   6.26465607 -7.6807251   3.        
-10.93875122  -1.50922406   9.14926147   6.        
 2.82367706 10.40673065 -7.16314697  3.        
-3.71749902  1.01838696  3.77603197  2.        
13.43771362  1.67268395  0.84109497  4.        
-10.3090477   -0.24272899   8.32803345   6.        
 4.53683519  7.81954193 -6.50152588  3.        
 3.89128089 -0.440063   -1.57144201  5.        
 4.72893476  5.29319    -6.88882494  3.        
-8.28166962  0.40713501  8.00271606  6.        
-9.52455902 -4.53618622 11.27981567  6.        
 6.09283495 10.35340118 -5.85525513  3.        
-0.34998301 10.02307129 -8.19665527  3.        
8.81885529 3.19070411 3.25863695 4.        
 0.21471401 11.38294983 -7.90835619  3.        
12.0993042   2.33303094  1.25674403  4.        
-9.14637375 -1.75994098  9.69683838  6.        
10.10536194  1.20200396  2.190552    4.        
 9.19753265 -1.34142303 -9.76382542  2.        
8.82334137 3.68070197 3.78695703 4.        
-7.12822723 -3.58938599 10.63510132  6.        
-7.03164721  0.97582197  6.49490404  6.        
 6.78340197 -2.33361006  4.13015795  5.        
-10.16012192   0.49099699   7.9154048    6.        
 5.33859205 -2.82629395  3.77127099  5.        
6.56037092 0.87625098 1.19995105 5.        
-8.67807007  0.076813    8.64572144  6.        
-6.96020508 -0.40513599  7.96899414  6.        
 9.00405121 -0.59240699 -9.769104    2.        
 1.49162304  6.55735779 -7.77328491  3.        
12.62521362  2.34692407  1.36328101  4.        
 3.02378893  2.63887    -2.93176293  2.        
 8.93173218 -0.47592199 -9.24459839  2.        
 1.30384803 12.07263184 -7.36340284  3.        
-7.8120842  -1.802544   10.19772339  6.        
 5.04548597 -0.008232    1.13095105  5.        
6.06160688 0.95428503 0.023804   5.        
10.93531799 -0.099869    2.21765089  4.        
 5.81475782 -1.23918903  3.41397095  5.        
 4.3999629   7.10369921 -6.01055908  3.        
 3.6391139 -1.112854  -1.173859   5.       
 11.06530762  -5.08068085 -11.40112305   2.        
8.04701233 3.84101105 4.12057495 4.        
 3.84116411 11.03256989 -6.7154851   3.        
-11.70026398  -3.25535607  11.82241821   6.        
7.63471222 1.97153497 4.0473628  4.        
-5.1988678  -0.045624    7.54458618  6.        
 3.68182397  3.16853309 -2.03134203  2.        
 1.39749897 11.50057983 -7.65240479  3.        
-8.31566238 -0.381569    9.12890625  6.        
 2.90366411  5.79484606 -6.83273315  3.        
 1.38497901 10.93309784 -7.1497798   3.        
-7.12567902 -2.11272407  9.9927063   6.        
 2.46834612  9.02811432 -6.99307299  3.        
7.50939894 0.788643   2.58898902 5.        
-10.38518524  -5.45883894  11.82809353   6.        
-8.49113846 -1.95814502  9.77752686  6.        
 5.247437   -0.226578    1.87695301  5.        
8.0802002  2.90834808 3.17831397 4.        
-8.76922989 -4.95490313 10.11605835  6.        
-9.36872101 -6.09777117 11.29293823  6.        
-10.14726639  -4.86502123  11.58068848   6.        
12.00815582  2.0687561   1.68621802  4.        
-2.34065294  2.03365302  1.65240502  2.        
4.91858721 3.72860694 2.35376    2.        
8.85593414 2.31305695 3.221771   4.        
 5.58731079 -0.810341    2.47842407  5.        
 5.52173615 10.09915924 -5.91757202  3.        
 5.0344162  -3.79685998  3.49636793  5.        
10.93582916  2.819664    2.12606812  4.        
11.51246643  0.99221802  1.74710095  4.        
11.59026337  2.53685808  2.1439209   4.        
 0.216805   11.94851685 -8.24450684  3.        
 3.35189795  9.14324188 -6.59680223  3.        
-7.36042023 -0.52393299  8.91256714  6.        
 3.27571106  3.31678796 -1.11157203  2.        
9.05277157 4.54514313 3.63214111 4.        
-7.44038010e+00  7.40099978e-03  7.48232985e+00  6.00000000e+00
9.38626099 1.73381805 2.74475098 4.        
6.18748522 0.96569097 0.476807   5.        
-10.07328033  -4.34457397  11.10861206   6.        
 5.91061401  1.18049598 -3.33196998  2.        
 7.44456482  1.40445697 -6.80508423  2.        
 5.6108861   2.71193695 -5.8598628   2.        
11.97185516  1.529526    1.51272595  4.        
-10.49256134  -4.03382921  11.19674683   6.        
-3.71724701  0.947182    4.51724195  2.        
4.09307909 3.61697412 2.00988793 2.        
 0.89794201  5.73826599 -8.14376831  3.        
10.4983902   2.494591    2.20745802  4.        
 4.67304993  8.67958832 -5.97073412  3.        
 2.17468309  6.38636017 -7.09634399  3.        
-11.14798355  -0.56140101   7.9743042    6.        
8.22660828 1.30704498 3.83843994 4.        
-9.42671204 -1.22624195  9.63250732  6.        
3.775841   3.42904711 0.58880597 2.        
-9.19836807 -5.82954407 10.68902588  6.        
7.42375183 1.24047899 3.93212891 4.        
-10.19091797  -1.90092504   9.78738403   6.        
 8.21152496  0.55154401 -8.73049927  2.        
 13.54443359 -11.82807922 -11.94622803   2.        
 6.92659807  2.23167396 -7.57498217  2.        
 4.2269969   0.080757   -1.98193395  5.        
-4.30548906  0.484512    5.90313721  2.        
 7.30124712e+00 -1.47200003e-03  3.16836596e+00  5.00000000e+00
 5.11586809  8.97994232 -5.60522509  3.        
 2.13341498 11.85204315 -7.64309692  3.        
 11.32517242  -4.68154907 -11.38171387   2.        
 12.81303406  -8.23795319 -11.92687988   2.        
13.36961365  2.88947296  1.27554297  4.        
10.7053299   1.16093397  1.85669005  4.        
10.33026886  3.71359205  3.36141992  4.        
 2.31437707  5.21858215 -7.04397583  3.        
-8.800354   -4.51368713 10.9760437   6.        
 6.77941895  1.20008099 -6.23205614  2.        
 4.08043718 -0.968979    0.37338299  5.        
 3.35732293 -2.69400001  1.00482202  5.        
-10.18313217  -1.02707696   8.85198975   6.        
-8.51469421 -2.93549395 10.75064087  6.        
 12.37518311  -8.12803745 -12.04223633   2.        
 4.55179596  0.072548   -1.08895898  5.        
-6.70936584 -1.45871699  9.97622681  6.        
6.24915314 2.74401093 3.39279199 2.        
9.9148941  0.086456   2.46566796 4.        
-0.38797799  2.34168196  0.222321    2.        
 3.70652795 -1.65444195  0.219391    5.        
 0.025818    7.902946   -8.56600857  3.        
8.90749359 4.21151018 4.05844116 4.        
 13.15138245  -9.66466522 -12.21054077   2.        
 6.17927599  1.10853601 -0.74536097  5.        
 4.69998217  0.010857   -1.65835595  5.        
 10.44573975  -2.885185   -10.59191895   2.        
-5.78900909  0.333092    6.12301588  2.        
 1.322662    7.17467499 -8.40585327  3.        
-10.2725296   -3.48057604  11.38070679   6.        
-0.138779   11.6498642  -8.12039185  3.        
-11.10813904  -3.28424096  10.65093994   6.        
 2.07530999 12.25007629 -7.88070679  3.        
 5.02038622 -0.025276    0.019287    5.        
-7.38362885  0.82383001  6.85388184  6.        
 6.5880661   1.17189801 -5.06671095  2.        
-12.88996887  -4.98718977  11.32144165   6.        
-11.49121475  -1.97271705  10.43817139   6.        
 2.36547899 13.05613708 -8.59448242  3.        
-5.98918104 -2.41872406 10.76382446  6.        
-8.22689819 -4.02279711 10.37481689  6.        
9.87017822 4.11950684 3.16998291 4.        
 7.03404188 -3.04650903  4.33194017  5.        
-11.80028534  -3.39965105  10.87078857   6.        
5.56279802 3.21994805 3.06967211 2.        
 0.28591201  9.73939514 -7.931427    3.        
6.98059797 2.08946991 0.140137   5.        
-11.8807106   -4.03709412  11.22396946   6.        
-9.87319183 -2.78211188 10.98422241  6.        
 4.03808594 -2.71079993  2.24621606  5.        
 2.80391693 -1.74836695 -1.12988305  5.        
 4.71889496 -1.36511195  2.41769409  5.        
-10.64550781  -5.91378784  12.21820068   6.        
 5.18428802  5.22192383 -7.24310303  3.        
 4.37345123  9.30515957 -5.91711378  3.        
-9.06653595 -3.40001702 10.95407104  6.        
 3.50659204 -1.83500695  1.23110998  5.        
 4.39497423 -0.65788299  1.16113305  5.        
-6.76325178 -2.935745   10.41238403  6.        
10.55452728  4.27874804  2.76489305  4.        
-4.91742706  0.69564801  5.07138109  2.        
 2.76544905  7.53923798 -6.60739088  3.        
 11.72454834  -5.57085419 -11.54107666   2.        
 2.62906599 12.18393707 -7.34814501  3.        
10.43057346  1.73202503  2.59762597  4.        
 6.18863678 -3.40441895  4.14071703  5.        
12.2057724   3.9871521   1.83685303  4.        
-8.94369888  1.43614995  7.2658391   6.        
-7.849895    0.244911    8.40841675  6.        
-9.59614944 -3.21784902 10.64489746  6.        
 0.65586901  7.650177   -8.96688843  3.        
 2.66121697  2.82997894 -2.10080004  2.        
 1.09422302 12.3614502  -8.06311035  3.        
-10.72779465  -0.023682     7.54095507   6.        
-9.34152985  0.78977197  7.50305223  6.        
 4.5544281   6.96898603 -6.69854689  3.        
9.4699707  0.54245001 3.1000061  4.        
 4.30355787 -0.50398999 -1.10082996  5.        
8.16410065 2.40482306 3.38250709 4.        
-11.78866959  -0.089836     7.04873705   6.        
 4.0848918  11.95467377 -7.18041992  3.        
 5.89655304 -2.00038195  3.79522705  5.        
 13.74202728 -11.98271942 -12.32089233   2.        
 3.25111389  7.06202698 -6.68862915  3.        
-10.88675308  -2.62572503  10.33178711   6.        
 7.23240709  0.93670702 -6.06747389  2.        
12.56109619  1.32634699  0.99963403  4.        
 10.42301941  -3.63877106 -10.8934021    2.        
11.12696075  4.94496107  3.0375061   4.        
 7.81246901  0.82314301 -8.03808594  2.        
-12.45362473  -1.62890601   9.07525635   6.        
 1.58302295  7.12674713 -7.60858107  3.        
-10.09770584  -0.56781      8.74200439   6.        
-6.04972792 -1.15747797  9.75219727  6.        
 1.39704895 10.30542755 -7.10909986  3.        
 3.05193305  9.84642029 -6.55062914  3.        
 3.82267809  2.70521498 -3.53790307  2.        
 2.98979211 10.50773621 -6.74536085  3.        
 12.27362823  -7.02146196 -12.23858643   2.        
-9.9164772  -5.79305315 11.74606323  6.        
 13.57197571 -12.82901764 -12.07913208   2.        
 13.46134853 -10.25849915 -12.04489136   2.        
-6.55435181 -0.23629799  7.78503418  6.        
-9.14025116 -3.98578596 11.08413696  6.        
 2.30381799  9.74157715 -7.14587402  3.        
-10.19419098  -4.36546278  11.53793335   6.        
-10.68497753  -5.13368988  10.68179321   6.        
-6.63876295 -0.626472    8.77841187  6.        
5.9407649  0.58345002 1.70489502 5.        
 0.62710601 11.26834869 -7.44830322  3.        
 4.19898176  2.95907593 -4.09591722  2.        
 3.570961    6.393188   -6.33627319  3.        
-6.90405321 -3.71147895 10.25787354  6.        
8.27072906 0.78562897 2.60467505 5.        
-11.52856445  -4.3525238   12.19058228   6.        
-8.56945419 -2.44284797 10.17214966  6.        
12.00865173  2.82518005  1.36758399  4.        
 5.39995623  0.66918898 -2.11206102  5.        
-8.67507935 -1.19429004  9.28009033  6.        
-13.30817795  -1.48445904   9.19976807   6.        
-9.91292572  1.31693304  7.82247877  6.        
11.42144012  1.70345294  1.47042799  4.        
 4.95597076 -0.80339098  2.07867408  5.        
 0.51337397  7.35862017 -8.52441406  3.        
-10.76651382  -2.32140398  10.79214478   6.        
 4.13186693 -1.73931098  2.07260108  5.        
-9.57072067 -6.01773119 10.90835571  6.        
8.76774597 1.94303894 2.99728394 4.        
-12.46556091  -4.35526323  11.11929321   6.        
-5.85360718 -0.491272    8.48275757  6.        
-13.26261902  -2.89407396  11.23236084   6.        
-5.53955793  0.42677301  6.73052979  6.        
-8.25899887 -1.13213301  9.65310669  6.        
 5.57992506  0.79009998 -1.41644299  5.        
-10.56334305  -4.81931305  11.77096558   6.        
-8.56842422  1.20588696  7.27758789  6.        
-8.33119583 -3.63877892  9.97988892  6.        
 0.63324702 10.79833984 -7.39901686  3.        
10.00196075  0.96264601  2.78234911  4.        
 3.56496406  7.5244832  -6.23480177  3.        
 4.69485521  2.76042199 -4.21487379  2.        
8.84104919 1.64947498 3.33572412 4.        
7.36166382 3.579422   3.5501399  4.        
-6.11216021 -0.296799    8.14682007  6.        
10.38723755  3.1888659   3.13699293  4.        
10.85027313  3.78412604  2.77032495  4.        
10.74066162  1.89562201  2.215271    4.        
 4.86769104  7.533813   -5.89529419  3.        
 6.55632782  1.46666706 -6.95929003  2.        
 3.36796594  3.07018995 -3.2467041   2.        
 4.03514099  5.59566498 -6.51473999  3.        
 2.80355811  8.76494598 -6.53125     3.        
 7.027596    1.67737603 -7.01663208  2.        
-6.39876604 -1.81167603 10.34454346  6.        
 6.79483795  1.59087396 -0.41940299  5.        
 6.04993391  0.89150202 -1.59866297  5.        
 1.42910802  7.53633881 -7.63430786  3.        
-12.72881317  -2.48932695  11.48226929   6.        
 4.67687178 -1.21031201  1.72381604  5.        
 1.90220594  9.81882477 -6.89614916  3.        
 4.90840912 -2.99654388  3.49179101  5.        
11.57359314  2.37128401  1.54528797  4.        
-6.65614319 -2.51865411 10.33877563  6.        
 4.05777693  3.32434797 -1.65383899  2.        
9.97521973 3.13452911 2.79244995 4.        
 4.37584686 -2.38942695  2.91192603  5.        
 5.05242205 10.60097504 -6.262146    3.        
-9.48807526 -0.188087    8.11657715  6.        
 3.87624407 12.06271362 -7.57360792  3.        
 5.78656006  0.68191499 -0.76678503  5.        
9.53324127 2.05937195 2.99411011 4.        
 1.89565301  2.60004401 -1.73699999  2.        
-0.195709   10.46815491 -8.27636719  3.        
 5.41169691 -1.50323498  3.03326392  5.        
-9.50542068 -0.89483601  9.26586914  6.        
-11.29322433  -4.14990187  11.43563843   6.        
 4.66407824  6.3643651  -6.40582323  3.        
8.08391571 3.39893293 3.4160459  4.        
-4.16881609  0.81825298  5.07507277  2.        
-9.87327576 -3.63529205 11.26428223  6.        
-11.14230728   0.299568     7.74475098   6.        
-12.93767166  -1.13604701   7.89639282   6.        
 6.98631287 -1.35711706  3.94189501  5.        
-11.26870346  -4.59485579  10.8449707    6.        
 3.40658593  8.10896301 -6.42120409  3.        
 5.21997786  0.56591803 -1.50781202  5.        
 0.796112    2.08698297 -0.176208    2.        
 1.48863196 11.08045197 -7.54425097  3.        
 2.14686608 10.74742126 -6.88015795  3.        
 5.47387695 -3.55045295  3.85510302  5.        
-9.64981461 -1.30085003  9.2232666   6.        
 6.36612701  1.14315796 -4.02856398  2.        
 1.09289598 10.44135284 -7.63574219  3.        
-10.79673767  -4.35289001  11.81011963   6.        
7.01533508 1.00691998 1.99249303 5.        
 0.396339    2.69956994 -0.85641497  2.        
-9.84298325  0.102203    7.77459717  6.        
10.53453064  0.13974801  2.18395996  4.        
 3.90708899  8.79758358 -6.30404711  3.        
9.72859192 2.30045295 2.50402808 4.        
 5.84496307  2.06924391 -5.85098314  2.        
 1.52703905  6.02553606 -7.80413818  3.        
 8.26125336 -0.045555   -8.80731201  2.        
-9.15890503 -0.77013397  8.75186157  6.        
 5.2838521   9.61061859 -6.12783813  3.        
9.89512634 2.46735406 2.95156908 4.        
-7.82992887 -0.839531    8.77996826  6.        
-6.61949205 -0.91011     9.24398804  6.        
 5.46079302 -2.23799896  3.50964403  5.        
 6.47399092  3.45062995 -7.39694214  2.        
 6.86030579 -1.88774097  3.79785204  5.        
-13.8893013   -1.63900006   9.86602783   6.        
 4.64048004  2.86267805 -4.64468384  2.        
 6.04748487 -0.75789601  2.95678711  5.        
 1.19872296 11.92719269 -7.77743483  3.        
 3.42485809  3.43459296 -0.026306    2.        
 10.58307552  -3.22336602 -10.30612183   2.        
 4.91479492  2.72417498 -5.09552002  2.        
 5.48511505  4.76613617 -7.36776686  2.        
 4.7520752  0.117645  -0.282471   5.       
 11.93206787  -6.4722209  -11.76318359   2.        
-11.53240204  -4.83703613  12.30160522   6.        
-11.83998871  -1.76859295   9.55679321   6.        
 4.44861603 11.64830017 -7.39544678  3.        
 3.73000312 -2.90135193  1.79177904  5.        
-10.1511879   -5.46832323  10.80471802   6.        
-7.53335619 -3.68549395  9.99997044  6.        
4.84320784 3.38596296 2.75103807 2.        
-8.55591965 -5.12010193 10.95431519  6.        
 5.00643206  4.80248308 -6.99645996  2.        
 5.49341583  5.42162323 -6.75701904  3.        
 3.13954902  3.19652605 -2.02627611  2.        
10.99680328  0.54444098  2.04309106  4.        
7.2335968  1.70114899 0.63800001 5.        
-8.2702446   0.025787    8.20428467  6.        
-7.43442917 -2.0251689  10.34906006  6.        
-10.35146713  -0.76535797   8.15359497   6.        
-7.06719208 -1.651245    9.70578003  6.        
 1.55235302  9.07695007 -7.12069702  3.        
-9.52068329 -2.007164   10.45575047  6.        
 12.19149017  -7.06546783 -11.71817017   2.        
 6.31744385  0.980057   -2.84637499  2.        
 2.24500299  8.19573212 -6.81118822  3.        
-7.73499298 -1.42717004  9.38528442  6.        
11.16918945  3.85934496  2.30169702  4.        
 2.95938897  6.65718079 -6.52960205  3.        
8.17086029 1.40435004 1.96121204 5.        
-11.40623856  -5.68847704  12.64053345   6.        
7.49723816 1.59993696 1.40380895 5.        
 4.26480913  2.73516798 -3.73269606  2.        
 5.52658081 -0.301613    2.33151293  5.        
-10.2975769   -1.39306605   9.21575928   6.        
-10.79294586  -0.88253802   8.18878174   6.        
 1.01104701  9.13432312 -7.38574219  3.        
-10.95013046  -3.88462806  11.75198364   6.        
 4.96620893 -0.46116599  1.25027502  5.        
 7.44191694  1.01926398 -7.99078417  2.        
8.99092865 0.916336   2.94897509 4.        
-0.41940299 11.37275696 -8.56225586  3.        
-8.63071442 -3.88849592 10.53051758  6.        
 0.35642999  2.24482703 -0.190979    2.        
 6.30833387  0.902008   -4.86947584  2.        
 2.63469696 11.66712189 -7.02859497  3.        
 4.43426514 -0.293571   -1.77621496  5.        
-12.06975937  -2.74139404  11.52072144   6.        
11.9509964   0.97945398  0.888367    4.        
12.79972839  2.78413391  1.40447998  4.        
 1.16614497  6.65222216 -8.02209473  3.        
8.9852066  2.67810106 2.92379808 4.        
 3.95514703 12.41068268 -8.15496826  3.        
 5.626266    8.64845276 -5.42294312  3.        
 3.63504004 -1.294487    0.77978498  5.        
 2.63497901  6.239151   -6.80969191  3.        
 8.02120972 -1.26206994  4.0977478   5.        
-9.36304855  0.66580999  8.08493042  6.        
11.64864254  4.13723803  2.11413598  4.        
-8.72192001 -2.81762695 10.4034729   6.        
 6.43799591  1.30591595 -1.93182397  5.        
 1.06950402  9.58200836 -7.51239014  3.        
-8.44831467  0.35308099  8.42947388  6.        
-12.54417038  -2.88541389  10.8727417    6.        
 13.12905121  -8.84092045 -11.92410278   2.        
 4.79346514 -1.75912499  2.59265089  5.        
-11.91186142  -0.92131799   7.87796021   6.        
-8.5966568  -5.71632385 11.29156494  6.        
-9.72317505 -3.51937103 10.33782959  6.        
-12.00148392  -2.66494703  10.52536011   6.        
 4.63845778  7.89998579 -5.75457811  3.        
-12.45068359  -1.71727002   9.50238037   6.        
 5.92943621  4.04679918 -7.37698412  2.        
12.75589848  2.612221    0.99426299  4.        
 6.10058594 -1.50218999  3.56787109  5.        
 2.26303101 12.52410126 -7.61996508  3.        
-9.00434875 -1.46465302  9.40081787  6.        
-9.74793243  0.52068299  7.52710009  6.        
 3.21705604 11.59405518 -6.98617506  3.        
 4.0918808   8.33618927 -6.12033081  3.        
 3.46387506 -2.41097999  1.61804199  5.        
 5.22922516  2.56446791 -5.93960619  2.        
3.92639899 3.67058611 1.045807   2.        
11.87709808  3.60524011  1.85888696  4.        
 4.30828094 11.20986176 -7.20214796  3.        
 2.72145104  8.42565918 -6.77999878  3.        
 4.62700701 -0.448975    0.50689697  5.        
 10.21658325  -2.70261407 -10.29663086   2.        
 2.57665992  2.79945397 -1.64233398  2.        
 3.34522295  6.03305006 -6.63940382  3.        
9.67859554 4.98549604 3.43286109 4.        
10.45027161  3.40480804  2.59616089  4.        
-0.352837    9.23595428 -8.3928833   3.        
-7.41130781 -3.87817407 10.53057861  6.        
9.75865936 1.24586499 2.41470289 4.        
-10.25296402  -3.89202905  10.54663086   6.        
9.45967865 3.91902208 3.70245409 4.        
 9.07984161 -0.029182    2.931427    4.        
-7.36099195 -0.986229    9.41021729  6.        
-6.8963089  -2.6344831  10.66333008  6.        
 6.77101088  2.2105031  -7.18365479  2.        
-5.76672411 -1.41225398 10.16104126  6.        
 3.49649811 -2.09986901  0.562805    5.        
-8.24093628 -3.05759406 10.46594238  6.        
 0.56520098 12.08462524 -7.65484619  3.        
-11.24201584  -2.77683306  11.30792236   6.        
 5.231987   10.91661835 -6.82107496  3.        
-12.15711594  -4.50641584  12.72286987   6.        
 1.57009101 12.95333099 -7.94009399  3.        
 12.68123627  -8.38145542 -12.43319702   2.        
5.38936615 3.70802307 2.76754808 2.        
 3.70495605  9.34581757 -6.53027296  3.        
-10.60707474  -4.25212908  10.64596558   6.        
 6.19039917 -2.46201301  4.01968384  5.        
 6.65166521  1.29582202 -3.31658912  2.        
 5.33515215  2.495857   -5.3633728   2.        
5.78175306 1.00842297 0.32147199 5.        
 2.82098389 -2.09561205 -0.33544901  5.        
-9.91906738 -2.35872602 10.74209595  6.        
10.60610962  1.34227002  2.23565698  4.        
-5.02102709  0.237793    6.65200806  6.        
 5.813766   10.83546352 -6.19854689  3.        
-6.12987518 -0.074585    7.40399218  6.        
 3.47157311 -1.31662798  0.041748    5.        
-7.48823881 -3.36391401 10.63656616  6.        
 3.7809751   3.03828406 -4.09500122  2.        
8.59263611 0.94493902 3.17379808 4.        
-11.65649033  -5.69111586  11.56521606   6.        
 1.66603804  5.25110579 -7.70239305  3.        
7.77210999 1.17439997 3.72634912 4.        
-7.82968092  0.32552299  7.51345778  6.        
 6.11196089  1.35368395 -4.27163696  2.        
 4.50610399  2.42955804 -4.79196215  2.        
 2.55777001  9.3924408  -6.69213915  3.        
 3.46340895  2.76075697 -2.97940111  2.        
-6.88488007 -1.23557305  9.32144165  6.        
-11.99570847  -4.07183123  12.487854     6.        
-8.9619751  0.240265   7.9498601  6.       
-9.23464584 -5.41896105 10.50408936  6.        
-5.3600688  -1.02722204 10.20565796  6.        
-9.41052341 -2.01473999  9.87805176  6.        
 4.72714996 11.03447723 -6.91525316  3.        
 3.68367791 -0.608841   -1.88076794  5.        
12.61914062  1.75677502  0.83685303  4.        
-8.18946838 -4.33977509  9.82217407  6.        
 4.07345581 -1.63188195  1.52090502  5.        
-11.42396927  -4.69226789  11.72879028   6.        
-10.63848114  -5.96068621  11.74490356   6.        
-6.39248705  0.65890503  6.06655884  2.        
-10.9969368   -4.99530792  11.62884521   6.        
 13.21556854 -11.94219971 -12.30773926   2.        
6.54882812 3.41542792 3.30481005 2.        
7.36359406 1.83227503 3.68939209 4.        
9.59252167 3.07021308 3.41442895 4.        
 2.87443495 10.89060974 -6.84906006  3.        
-13.01398754  -3.09804511  11.95101929   6.        
-11.54847336  -0.91829699   8.21890259   6.        
-11.50298309  -5.08695984  11.2232666    6.        
 0.800125    8.51620483 -7.91293287  3.        
 6.0064621   9.63669586 -5.63873291  3.        
 6.86186981  1.03640699 -5.33514404  2.        
 4.21976519  3.06327105 -2.53268409  2.        
 4.12606812 10.2019577  -6.62329102  3.        
-5.39313507 -0.70208001  9.7550354   6.        
-10.06151962  -6.09565687  11.51660156   6.        
10.94048309  3.48979211  2.3470149   4.        
-10.45064545  -2.11621904  10.54528809   6.        
 11.31398773  -4.397614   -11.07669067   2.        
7.89199781 0.84491003 2.39007592 5.        
 2.42097497 10.38090515 -7.12078905  3.        
 8.16036224 -0.061134    3.62396193  5.        
 2.40299201  7.77601624 -6.78359985  3.        
 1.81208801  2.32370806 -1.15682995  2.        
 3.43027496 -1.46765101  0.47561601  5.        
-11.52661133  -3.66099501  11.9631958    6.        
 4.32790422 -2.04413605  2.62423706  5.        
 2.61344099 10.80560303 -7.17715502  3.        
-12.89233398  -3.44085693  11.51559353   6.        
7.68842316 2.03917694 1.14050305 5.        
 4.64618683 -1.55522203  2.06762695  5.        
 4.09936523 -2.8024981   2.69351196  5.        
 4.93231201  9.56313324 -5.85720778  3.        
-11.99753571  -3.54724908  12.20254517   6.        
11.78723145  3.48584795  2.3027041   4.        
 5.24571991  5.59024811 -6.27407789  3.        
-11.93234253  -4.43534088  11.04907227   6.        
 4.32555389 -0.61941499  0.12655599  5.        
-10.61087799  -0.099144     8.10067654   6.        
-7.94232607 -4.87838697 10.26626587  6.        
-12.25045395  -5.13625288  11.15084839   6.        
8.50941467 0.49971801 3.32699609 4.        
 3.26238298  8.62314606 -6.27078295  3.        
-10.55126572   0.30072799   7.37426805   6.        
-11.54800034  -1.41227698   9.18325806   6.        
 6.01218414  1.35667396 -2.37258911  5.        
-7.63862991 -0.68971997  9.17361355  6.        
 3.40637207 10.91344547 -7.22241211  3.        
 4.06871796 10.73368835 -6.55432081  3.        
 4.03655195  6.98321486 -6.43844604  3.        
 3.37624407  3.1925509  -2.86248803  2.        
-10.19701385  -5.26805878  11.31259155   6.        
-6.70789289  0.59260601  6.38876295  6.        
12.21229553  3.35313392  2.01858497  4.        
11.16044617  0.20026401  1.63073695  4.        
 8.49677277  0.023773   -9.25894165  2.        
-12.09966278  -2.07279992   9.93386841   6.        
 6.12619781  8.78869629 -5.25430298  3.        
6.49416304 1.22685206 0.438934   5.        
 7.27014923  1.11785102 -5.26428223  2.        
-10.27463245  -4.59427595  10.55563354   6.        
 2.31691694 11.40983582 -6.98855591  3.        
-10.06900406  -3.36049604  10.80465698   6.        
 9.29761505 -0.83413702 -9.31185913  2.        
9.00090027 0.53781903 3.403687   4.        
 1.01743305 10.70384979 -7.27111816  3.        
-10.54871655  -3.41821289  10.55148315   6.        
-9.23585892 -5.75193024 11.10186768  6.        
11.24304199  3.94129896  2.737396    4.        
 13.35812378 -10.57501984 -12.28131104   2.        
-10.06141663  -2.22779107   9.98052979   6.        
10.85761261  3.00466895  2.74255395  4.        
8.28269196 1.62564099 3.60153198 4.        
6.63895416 0.83573902 1.99584997 5.        
10.23878479  5.0356288   3.73059106  4.        
-9.44346237 -0.53848302  8.92633057  6.        
 3.74834394 -3.49767303  2.37081909  5.        
 10.16885376  -2.30302405 -10.68927002   2.        
 3.36425805 12.6414566  -7.80658007  3.        
 3.31475091 -2.09467292  0.037231    5.        
 6.69554901  1.89041901 -6.32870483  2.        
 3.05978394  8.06557465 -6.61645508  3.        
5.40225983 0.095001   1.65377796 5.        
 5.92413282  9.99532318 -5.79647779  3.        
-9.05543518 -2.7808609  10.7930603   6.        
-5.59011078 -0.217949    7.74481201  6.        
 3.17175293 -1.793625   -0.758636    5.        
 5.42073107  4.02358198 -7.01260424  2.        
 0.30950901 12.25636292 -8.00692654  3.        
-13.17521286  -1.63828301   9.54394531   6.        
5.46047211 0.62356597 0.53591901 5.        
 7.08109283  1.37731194 -7.73901415  2.        
-10.14595413   0.80603802   7.27877808   6.        
-12.31829453  -2.23313093  10.94949341   6.        
 6.04067993  1.337906   -1.06323195  5.        
-8.93391418 -1.00692701  9.53906155  6.        
-11.71322346  -0.53607899   7.82745409   6.        
 4.2049408  10.83895874 -6.974823    3.        
 0.38194299 11.58017731 -7.55569506  3.        
-11.09019947   0.012115     7.37930298   6.        
-1.08631098  2.28605604  0.69464099  2.        
 0.783966    7.78608704 -8.21435547  3.        
-9.34712601  1.20845795  7.33944702  6.        
 5.75656891 -2.76628089  3.96472192  5.        
 1.68876696 10.04626465 -7.29098511  3.        
 0.86234999  6.49765015 -8.22769165  3.        
-11.00426865  -1.85432398  10.20074463   6.        
 1.04739404 11.76839447 -7.40585279  3.        
-8.40686417 -5.2073288  10.53393555  6.        
10.19297028 -0.195076    2.42394996  4.        
-9.89425278 -2.64225006 10.15078735  6.        
-10.94186401  -0.91992199   8.73040771   6.        
 13.62846375 -12.40301514 -12.02600098   2.        
 2.94625092 11.38711452 -7.45046997  3.        
 5.2455368   0.31941199 -0.84378099  5.        
 3.03591895 -2.42875695  0.70785499  5.        
 5.44960022 11.68410492 -6.68249512  3.        
 2.34375    11.53573608 -7.52612305  3.        
-8.87074661 -5.43549299 11.22866821  6.        
 3.22781396  9.50312042 -6.71093798  3.        
9.68619537 4.49063921 3.82800293 4.        
5.44428205e+00 4.44799988e-03 1.10418701e+00 5.00000000e+00
 0.57979602  6.66830397 -8.50790405  3.        
 3.37074995 -1.77112603  0.84881598  5.        
11.23651886  1.25667596  1.57409704  4.        
 4.02924299  6.24625397 -6.33322096  3.        
-8.29880142 -2.26984406 10.54760742  6.        
 5.30397797  8.57765198 -5.78137207  3.        
 3.22470093  7.3786931  -6.39593506  3.        
10.66257477  0.51146698  2.30868506  4.        
-8.60293961 -1.59578705 10.05239868  6.        
5.42617798 0.62127697 0.049469   5.        
-11.10379028  -1.15598297   9.00866699   6.        
-11.36598969  -1.71963501   9.84552002   6.        
 3.70713806 10.70327759 -7.07208204  3.        
 6.38264513 -0.64491302  3.13592505  5.        
12.60274506  3.08939409  1.24581897  4.        
-11.29232025   0.237534     7.12341309   6.        
 7.90149689  0.53653002 -8.36669922  2.        
6.94734192 2.23424506 3.78503394 4.        
 3.43769789  9.84055328 -6.78555298  3.        
-0.065353    2.44784594 -0.131897    2.        
 3.4847641   3.42958808 -0.78564501  2.        
 3.33002496 -3.04849195  1.69299304  5.        
-9.13275146 -5.07653809 10.32336426  6.        
 4.0267868   9.52837372 -6.11715698  3.        
-3.16503096  1.15973699  3.887604    2.        
-12.57738495  -2.19255805  10.21447754   6.        
 4.44548798 -3.16718292  3.12603807  5.        
10.32318115  3.90380096  2.80557203  4.        
-12.35398102  -0.74232501   7.19213915   6.        
-2.59037805  1.74420905  2.41983008  2.        
-8.69253922 -2.00037408 10.41741943  6.        
 4.69798994  5.9728322  -6.59789991  3.        
 1.59368098  2.67675805 -1.493927    2.        
 4.50197601  5.61163282 -6.55252123  3.        
 6.36837006  1.63446796 -0.104828    5.        
 9.30392456 -0.96121198 -9.76626587  2.        
8.11897278 1.84086597 3.2315371  4.        
-4.46366882  1.05672503  4.33343506  2.        
 0.105774   12.31430054 -8.4906311   3.        
 3.60826111 11.75491333 -7.42709303  3.        
 7.41336823  1.10901594 -7.41693115  2.        
5.90661621 3.67593408 3.2728579  2.        
-12.71583176  -0.91007203   7.50717211   6.        
 5.09149885 11.64043427 -7.2243042   3.        
-7.29445601 -2.34690094 10.52685547  6.        
-7.68924713 -2.74774194 10.63815308  6.        
-13.75510025  -1.44754004   9.19155884   6.        
 4.74163103 10.28064728 -6.17153883  3.        
-9.31686783 -2.90483093 10.46606445  6.        
 3.79703498 -0.79106897 -0.87020898  5.        
-1.11773705  1.95599401  1.82879603  2.        
7.47277117 2.17391992 3.42147803 4.        
-11.94606018  -0.42773399   7.17401123   6.        
7.7532649  1.78081501 3.40945411 4.        
-12.41807556  -3.27382708  11.1194458    6.        
9.38989258 0.57563001 2.70761108 4.        
 1.41198003 12.99809265 -8.72232056  3.        
-10.00255203  -1.76221502  10.16110229   6.        
 4.14048815 -0.81146199 -0.33581501  5.        
-9.69254303 -4.88339186 11.41705322  6.        
-9.79603195 -1.96840703  9.79702759  6.        
 11.5511322   -5.90367889 -11.65036011   2.        
-8.2061348  -4.79348803 10.6963501   6.        
-9.05038071 -3.10332489 10.14019775  6.        
-8.09412766 -3.60066199 10.65890503  6.        
-11.29527664  -0.42255399   7.64004517   6.        
 5.31514692 -0.96688098  2.20840406  5.        
 2.18355608  5.99686384 -7.12509203  3.        
 3.00539398 -3.00920105  1.07327294  5.        
 3.4713521  11.27548218 -6.87088013  3.        
-3.06639099  1.57126606  2.8560791   2.        
-10.80914688  -4.19487     11.3586731    6.        
-9.64283752 -1.47895801  9.8508606   6.        
-7.7010541   1.12741101  8.05380154  6.        
9.85507202 0.015549   2.8808589  4.        
 5.77983904  8.08003998 -5.36657715  3.        
 10.5735321   -2.9559021  -10.95358276   2.        
 1.13796997  7.62968397 -8.54019165  3.        
 0.74935901  9.8167038  -7.39489698  3.        
-10.51450729  -5.92951202  11.03518677   6.        
 2.76624298 10.0243454  -7.06668091  3.        
-7.9613719  -2.73387194 10.31777954  6.        
-7.51898193 -4.20650482 10.23010254  6.        
 4.76612806 11.53337097 -6.80307007  3.        
 4.87047577 -1.81507099  2.9725039   5.        
 1.92504096  6.36497498 -7.44308519  3.        
-8.33757782  0.73496997  8.21340942  6.        
-6.58292389 -0.466324    8.23351955  6.        
7.01765394 1.64349401 0.955872   5.        
 10.86573029  -4.30708313 -11.14724731   2.        
9.23825836 1.31760395 3.24029493 4.        
 5.78691912  9.00669861 -5.47424316  3.        
 7.21292114 -1.31038702  3.62997389  5.        
 3.55954003 12.426651   -7.40710402  3.        
7.26691389 3.22839403 3.34301805 4.        
-5.34578705  1.25147998  4.86895704  2.        
-8.84103775 -4.3248291  10.62786865  6.        
-9.71828079 -3.55234504 10.79629517  6.        
9.1131897  2.05432105 2.80639601 4.        
 5.75779009  0.82971197 -3.27902198  2.        
 3.00519609  3.42712402 -2.45703101  2.        
11.70759583  0.266655    1.532318    4.        
 1.65962994  2.57968092 -0.85827601  2.        
8.03879642 4.20669603 3.83123803 4.        
 5.62925005  2.19876099 -6.46203613  2.        
-11.78768921  -5.00072479  12.57232666   6.        
5.81814623 0.83036    1.10369897 5.        
-8.61332321 -1.27077496  9.76953125  6.        
 5.24936724  9.14224243 -5.97061205  3.        
 2.67011309 12.63425446 -8.12347412  3.        
-12.26945877  -4.02477312  11.11776733   6.        
-5.41409302  0.64969599  5.48925781  2.        
 3.97151208 -1.41007996  0.924622    5.        
-12.70674133  -2.26998091  11.11022854   6.        
-9.10919952 -0.14225     8.23117065  6.        
 1.62966204 12.26576996 -7.42687988  3.        
11.12025547  1.92834496  2.01178002  4.        
 5.18738604 10.92967987 -6.42584181  3.        
11.98358917  2.9011991   1.76931798  4.        
 4.45336103 10.64364624 -6.69775391  3.        
-13.75365829  -1.93468499   9.51953125   6.        
8.76663208 4.53710222 4.2033391  4.        
-8.6443634  -3.49335504 10.82684326  6.        
-7.00843096 -0.76525098  8.68545532  6.        
 0.999268   11.33456421 -7.61929321  3.        
 5.42392015  7.70310211 -5.67730713  3.        
 4.60531616  9.00061798 -5.76947021  3.        
 8.66980743 -0.74538398 -9.30584717  2.        
 6.81652117  1.193573   -4.57101393  2.        
 3.10690308  5.76010895 -6.50765991  3.        
-9.55574036 -4.34980822 10.94885254  6.        
-9.51389313 -0.61063403  8.4473877   6.        
 3.96741509  2.98183393 -3.75427198  2.        
 7.44545698 -1.63001299  3.97283912  5.        
-7.54866791  0.71471399  8.0897522   6.        
 5.11141205 11.39400482 -6.93304396  3.        
 6.83758497 -1.05240595  3.77212501  5.        
 6.16596222 -0.389099    2.70095897  5.        
 3.85232496  3.03668189 -2.44360399  2.        
 3.78321791 11.37440491 -7.42178297  3.        
-8.18246841 -0.68665302  9.30905247  6.        
-13.89162064  -1.90450299  10.45874023   6.        
 3.85877991 -2.34456611  1.765167    5.        
8.04590607 0.75064898 3.69128394 4.        
-13.92491531  -2.66509295  10.89215088   6.        
11.02594757  0.98721302  2.05065894  4.        
 4.20526886  7.80570984 -6.68011522  3.        
-7.55328703 -3.2389679  10.12753296  6.        
9.46476841 4.76020813 3.97027612 4.        
 5.57180786 -0.73840302  2.84738207  5.        
 5.01260424 -2.22428894  3.184479    5.        
-11.11647797  -5.32407379  11.76596069   6.        
4.2465291  3.35662794 2.23745704 2.        
6.91781616 2.7905879  3.30957007 4.        
12.36506653  3.48506904  1.570068    4.        
7.11202192 1.70774806 0.23403899 5.        
 4.27405596 12.12798309 -7.51791382  3.        
3.85640001 3.927742   1.51617396 2.        
 4.91243696  8.16777039 -5.85089111  3.        
-9.26972198 -5.39974213 10.97964478  6.        
 6.10848188  1.34841895 -0.231567    5.        
 3.78112793 -3.28418708  2.06521606  5.        
8.70966339 0.66127002 3.66613793 4.        
 2.23957801 11.16334534 -7.25900316  3.        
-6.45491791 -3.5754621  10.8302002   6.        
 7.11219788 -2.23315406  4.27731323  5.        
-11.61135483  -3.8932271   11.00811768   6.        
8.40016174 3.80668592 4.0029912  4.        
-9.89531708 -0.293816    8.51467896  6.        
 3.72940803 -0.75236499 -1.30792201  5.        
11.67745972  4.63896179  2.47729492  4.        
 4.3861618   8.95277405 -6.15310717  3.        
-10.70484161   0.67700201   7.67218018   6.        
 4.40847015 -0.76280999  0.80337501  5.        
 13.48628998 -11.20356846 -12.18899536   2.        
6.52788496 1.09126306 0.88867199 5.        
 3.52210999 10.21905518 -6.94485521  3.        
 5.13942003  5.27871704 -6.64559889  3.        
-11.27938461  -5.07723999  12.17254639   6.        
7.69674683 3.73106408 3.97876    4.        
 7.10369921  1.02577198 -6.88781691  2.        
 2.126297    2.92599511 -1.50790405  2.        
8.75791168 3.53981805 3.44934106 4.        
 5.69400787 -0.24675     2.00442505  5.        
-9.63628387 -4.32131195 10.39404297  6.        
 13.87178802 -12.65428925 -12.21105957   2.        
 5.04091597  6.14345503 -6.52099609  3.        
-12.64049911  -3.5778501   12.42868042   6.        
10.71879578  2.6528089   2.46041894  4.        
-11.74901581  -5.31942701  11.46212769   6.        
11.35560608  2.07769799  1.60592699  4.        
-9.01181793 -0.084381    8.64245605  6.        
 12.9235611   -9.18362427 -11.89266968   2.        
 1.64658403  8.47210693 -7.12753296  3.        
7.13902283 0.52968597 2.46279907 5.        
 1.09592402  2.67990899 -1.20196497  2.        
-10.14521408   1.12663305   7.50225782   6.        
 4.04881287 -3.35358405  2.5314939   5.        
9.30554199 3.14701796 3.13165307 4.        
-9.65223694  0.31089801  8.14035034  6.        
11.18210602  2.64263892  1.89379895  4.        
-8.93383789  1.47521996  7.99426317  6.        
8.57891083 1.31132495 3.52474999 4.        
-3.99623108  1.229828    3.89312696  2.        
-7.41985703 -1.60774195  9.60684204  6.        
-13.5901947   -2.75938392  11.33511353   6.        
 1.79468501  7.03308105 -7.21734619  3.        
 6.60982513 -1.67421699  3.96405005  5.        
 6.47914124 -0.96575201  3.61669898  5.        
-10.52440643  -2.85843706  11.18884277   6.        
-7.42309189 -2.50839996 10.11056519  6.        
 4.44189501 -2.75001502  2.87542701  5.        
12.96481323  2.24867296  0.94366503  4.        
 3.75665307 -2.66085792  2.47787499  5.        
 7.11811781  1.74648297 -7.71987915  2.        
 11.54169464  -4.93350983 -11.22366333   2.        
-12.17869186  -1.03933001   8.10174561   6.        
-6.0358429   0.54569203  5.89770508  2.        
8.70623779 2.88829803 3.08258104 4.        
 5.38633013 10.3965683  -6.08505201  3.        
-7.28982496 -2.96244788 10.28167725  6.        
 2.01332092  5.68196917 -7.20477295  3.        
-6.74018097 -1.46470594  9.61090088  6.        
10.31464386  0.97417498  2.55044603  4.        
 4.72613478 10.79314423 -6.43869019  3.        
 7.63412523 -0.83194     3.86190796  5.        
 2.00733209  2.34839606 -1.48452795  2.        
-0.240135    8.64737701 -8.72113037  3.        
 1.97245002  8.68107605 -6.90689087  3.        
8.19822693 3.02714491 3.50357103 4.        
 6.35953522  1.19189501 -1.16729701  5.        
6.45803785 0.96543097 1.60247803 5.        
 4.15007782  9.84661865 -6.53369093  3.        
-8.47053909 -4.30042982 10.44555664  6.        
-7.84169817 -4.58780718 10.50512695  6.        
 5.56607819  0.60247803 -2.74408007  2.        
-2.24117994  1.81122601  2.07336402  2.        
 2.5393219   5.8147049  -6.82846117  3.        
11.64271545  3.21704102  1.82723999  4.        
7.20160723 2.58001709 3.64358497 4.        
 4.19567108  5.84379578 -6.72802687  3.        
-12.50011826  -3.97928596  11.55633545   6.        
 6.33301497  1.66788495 -0.57663     5.        
12.23547363  1.96241796  1.05188     4.        
 3.35469103  3.49552202 -1.41848695  2.        
 5.33374786 -1.27637506  2.68591309  5.        
4.85228014 0.020081   0.422241   5.        
 1.90924799 10.77747345 -7.24459791  3.        
9.31411743 2.37639594 3.0653379  4.        
 2.121521    6.75808001 -7.26245117  3.        
-9.84600353 -5.263237   11.17327881  6.        
 12.72016144  -7.45410204 -11.57867432   2.        
 1.18957496  8.65904236 -7.38803101  3.        
10.3686676   4.63242292  3.28347802  4.        
 1.70510101 12.50592041 -7.99060106  3.        
 3.46474504  6.74316406 -6.35623217  3.        
 3.85345507 -1.14069402 -0.79437298  5.        
-5.21257019  0.70622301  6.04541016  2.        
10.32274628  2.39598107  2.53305006  4.        
-12.78862     -2.36543298  10.45202637   6.        
 5.96313477 -3.31777191  3.76092505  5.        
-9.53061676 -0.13726     8.48602295  6.        
 4.7182312   6.96669817 -6.11361694  3.        
-6.27381086 -3.10068488 10.90383911  6.        
-7.45591402 -4.84195709 10.43670654  6.        
-11.03630829  -3.64898705  10.73150635   6.        
-7.18237305 -0.040039    8.46057129  6.        
-10.54141998  -0.96639299   8.64651489   6.        
 9.65852356 -1.41722906 -9.76119995  2.        
-8.43958664 -0.112793    8.92379761  6.        
5.14997101 3.48886895 2.92315698 2.        
 6.86339617  1.75960505 -6.6560359   2.        
 2.34597802 12.45664978 -7.99557495  3.        
-8.15923309  0.951096    7.24603319  6.        
12.27742767  4.15948486  2.19238305  4.        
0.056297   2.11516595 0.96737701 2.        
3.35439301 3.71906996 0.180695   2.        
 2.09346795  6.5942378  -7.84585619  3.        
11.14825439  4.70761108  2.38815308  4.        
-0.039604    9.88575745 -7.9750061   3.        
11.2430954   4.20992994  2.29553199  4.        
 12.65613556  -8.99614716 -12.10922241   2.        
 4.9835968  -0.94612098  1.75155604  5.        
-9.24938202 -3.4148941  10.646698    6.        
5.22864485 0.019287   0.44564801 5.        
 1.43514204  7.94535112 -7.59127808  3.        
-0.33805799 10.78858185 -8.20492458  3.        
7.59472704 1.61051202 4.22506714 4.        
-10.92838669  -5.7360611   11.19918823   6.        
-9.62114334 -5.52619886 11.52362061  6.        
 6.14065599  3.85823798 -6.88046312  2.        
 4.93376207  0.100418   -1.01974499  5.        
-9.32176971 -2.32638597 10.10040283  6.        
 5.06707811  0.50814098 -2.24627709  5.        
-8.21832275 -5.19949293 10.86776733  6.        
 6.34897614 -3.0706861   4.05514479  5.        
 0.33149701 10.22978973 -7.57427979  3.        
 1.86070204  7.7012248  -7.36248779  3.        
-7.23672485 -1.30874598  9.32315063  6.        
8.16539001 2.49097395 3.01373291 4.        
 7.80059814  1.19804394 -7.60818481  2.        
 9.63225555 -0.100433    2.5753479   4.        
9.48735809 1.67068505 3.08825707 4.        
-13.36785126  -1.33448005   8.62094116   6.        
10.51894379  0.86333501  1.97006202  4.        
11.88504028  2.45900702  1.92520106  4.        
 6.17771196  1.52981603 -6.49526978  2.        
 2.18193007  9.0144043  -6.78274488  3.        
-7.3554759  -0.83078003  8.72698975  6.        
-1.69323695  2.10686493  1.39929199  2.        
-11.10394287  -1.87887597   9.66564941   6.        
 0.50973499  8.99619293 -7.78418016  3.        
 5.48877716 10.05445099 -6.26831102  3.        
6.64994812 1.27652705 1.16574097 5.        
8.37522888 0.90615797 3.89141798 4.        
-12.19561386  -1.39091504   8.35968018   6.        
9.95523071 4.34791613 3.43267798 4.        
-13.04772854  -2.168823    10.85742188   6.        
5.9836731  3.14394403 3.23904395 2.        
 3.93098497  2.84321594 -3.16598511  2.        
 9.70516205 -0.30966899  3.0154109   4.        
6.71762896 1.88476598 0.020447   5.        
 5.77867889  1.00735497 -0.940826    5.        
 7.26748705  1.11391401 -6.54760695  2.        
12.25714874  1.96007502  1.46032703  4.        
 6.1288991   0.88807702 -2.43817091  5.        
 6.61502123  2.8196559  -7.25665283  2.        
12.25124359  0.82414198  1.13052404  4.        
-12.66765213  -2.86844611  11.99163818   6.        
7.86663103 2.25494409 3.26638794 4.        
 3.47746992 -1.50894904 -1.23904395  5.        
-7.82979202 -2.51373291 10.03753662  6.        
-9.19599915 -4.52483416 11.15270996  6.        
 6.97914124  1.11794305 -5.90249586  2.        
-8.7833252  -3.8387599  10.90078735  6.        
 3.45918989  2.98016405 -2.55835009  2.        
6.52401018 1.65675294 0.34881601 5.        
-6.78613997  0.26660901  7.9810791   6.        
10.20750427  2.63228607  2.92306495  4.        
 6.20798492  0.98540503 -1.898682    5.        
6.77378082 0.312866   2.59976196 5.        
 2.93726301 12.84453583 -7.65582323  3.        
 13.05600739  -9.521698   -11.8704834    2.        
9.34469604 4.23376513 3.43344092 4.        
 6.73269701  1.15986598 -4.16043091  2.        
 1.36147296 12.55077362 -8.19271755  3.        
 1.95719099 12.90673065 -8.47634888  3.        
 1.90884399  8.09103394 -7.30679321  3.        
 3.70981598 -0.87689197 -0.20346101  5.        
 4.12479401  7.86646318 -6.2003479   3.        
11.80517578  1.76364899  1.71359301  4.        
-8.56229019  0.283867    7.83334303  6.        
 12.39347839  -7.38426208 -12.12139893   2.        
-9.76971817 -3.09289598 11.10733032  6.        
7.45694685 1.03745997 1.84338403 5.        
-9.35811234 -4.97357178 11.29711914  6.        
 2.69747901  8.78869629 -6.88180494  3.        
 3.03028107  9.08518219 -6.43429613  3.        
-11.37125015  -5.02436781  11.82403564   6.        
-7.27996111  0.4104      7.008636    6.        
 6.27954912  1.10289001 -3.26104689  2.        
 5.72029114  0.94960803 -0.090973    5.        
-10.92756653  -1.49471295   9.49786377   6.        
-13.27353668  -1.12266505   7.79571486   6.        
4.1975708  3.51542711 1.64474499 2.        
 3.08129907  5.50620317 -6.75039721  3.        
-5.06707001  0.202103    5.77224684  2.        
-9.63156509  1.03237104  7.66690111  6.        
 4.09577179 -0.449745   -0.36724901  5.        
 5.2406621   8.12059784 -5.47955322  3.        
 4.76424408 -2.48870802  3.08358788  5.        
 2.92203498  9.46690369 -6.54327393  3.        
-8.83859253 -1.97582996  9.77716064  6.        
 2.83975196 12.24112701 -7.70736694  3.        
 3.61066389  5.89860487 -6.35418701  3.        
10.56687927  2.13979292  2.03921509  4.        
-9.98891068  1.36257899  7.15997314  6.        
-6.85646105 -3.389359   10.37911987  6.        
-0.317451    9.64450073 -8.23608398  3.        
  9.82315063  -2.20948792 -10.28884888   2.        
 6.42703295 -2.391716    3.77566504  5.        
8.594841   4.29616499 3.6882019  4.        
 3.2556231  -2.58445001  1.31781006  5.        
 7.45635223 -1.03185296  3.56530809  5.        
 5.84468794 10.01599884 -6.13296509  3.        
8.70674896 3.19107103 3.58633399 4.        
-7.24085999 -0.26574701  7.7220459   6.        
 2.85108209  2.8042829  -2.6126101   2.        
 12.85861206  -8.57813263 -11.88409424   2.        
 3.13575697 -2.09040809  0.48883101  5.        
-12.29247665  -5.60739899  11.01580811   6.        
 6.13256788  2.00868201 -6.54733276  2.        
-2.28364611  1.46562195  3.112396    2.        
-7.94090319 -2.13929009 10.42999268  6.        
-9.70037079 -6.07978106 11.38858032  6.        
7.58030701 1.48187995 3.74111891 4.        
12.85887146  1.129601    0.87567103  4.        
 4.74298906 11.75552368 -7.15667677  3.        
 0.45211801 11.65118408 -7.90487719  3.        
-10.31891346  -5.78000593  11.93426514   6.        
 4.49801588 10.0399704  -6.13272095  3.        
12.5072403   2.72925591  1.57748401  4.        
9.9983139  3.80349708 3.36395311 4.        
 7.49659014  1.74549103 -8.12210083  2.        
 7.41896105  1.28118896 -7.76950121  2.        
 5.36423492  8.12064362 -5.9911499   3.        
 4.91078901  0.15460201 -1.902161    5.        
 1.01717401  7.09777117 -8.10577393  3.        
 5.56413984  9.324646   -5.88342285  3.        
-9.22326279 -3.8412931  10.17147827  6.        
-8.91188145 -4.59094191 10.02471924  6.        
 4.11766815  2.89992499 -2.81591797  2.        
-11.22671127  -5.75431824  11.3977356    6.        
 4.65149689  0.41808301 -1.89535499  5.        
12.30298615  3.66181993  1.87600696  4.        
-3.45263696  0.84696198  4.91564894  2.        
10.66162109  0.55384803  1.94442701  4.        
 0.688766    8.27047729 -8.83236694  3.        
 5.05721283  7.45834303 -5.62118483  3.        
 1.02117896  8.1865387  -7.84655809  3.        
-9.39686203 -1.53140998  9.44952393  6.        
-11.57732773  -1.12820399   8.55816746   6.        
-8.68912888  1.25083196  8.07299805  6.        
-12.62733078  -4.89009905  11.12652588   6.        
 2.93543196  7.29332685 -6.79223585  3.        
 5.22196198 -0.65228999  2.3313601   5.        
 6.54358721  3.12299395 -7.46038818  2.        
-12.44115067  -3.09362793  12.11242676   6.        
-6.83083296 -0.023582    7.21252394  6.        
 5.12742615  2.47516608 -4.98291016  2.        
 3.65367889  3.22451806 -0.51849401  2.        
-9.10054779  0.711128    7.87374878  6.        
-7.78131914 -1.12728095  9.05322266  6.        
6.43292189 0.55432898 2.22451806 5.        
-9.17269897 -5.09120893 10.86907959  6.        
 6.09621382 -0.056534    2.6968689   5.        
8.52833557 2.32112098 3.31143188 4.        
5.35470581 0.443703   0.82415801 5.        
 4.34158278 -1.99481201  2.25991797  5.        
-10.4450798   -1.59824395   9.75341797   6.        
 0.78483599 12.42048645 -8.18991089  3.        
 0.74276    10.29577637 -7.6660161   3.        
 5.04997206  0.108032   -0.560974    5.        
7.31436205 1.45933497 1.12158203 5.        
-8.88955307  0.31590301  8.37197876  6.        
-10.24678802  -3.87789893  11.48226929   6.        
 5.66264296  4.9487462  -6.85968018  2.        
-13.49931717  -1.78452301   9.87399292   6.        
 6.18867493 -1.19448102  3.45678711  5.        
 3.64221907 -1.99046302  0.962524    5.        
 3.61207604  3.34905195 -1.09008801  2.        
-4.14069414  1.47300696  3.42669702  2.        
 4.78147078  6.56792498 -6.70788622  3.        
 1.29590595  2.54468489 -0.715698    2.        
 8.27388     0.240242   -8.47399902  2.        
 5.6605072   0.63775599 -2.325073    5.        
 3.37574005 -2.388062    0.69152802  5.        
-8.66087341 -0.551727    9.22903442  6.        
-9.93534756 -0.24285901  8.08108521  6.        
7.54584503 0.443878   2.81353807 5.        
10.29950047  2.96843004  2.87002611  4.        
10.12577057  1.59228504  2.47412109  4.        
-5.68295288  0.83075702  5.3336792   2.        
12.342453    2.28475904  1.54074097  4.        
-5.82775116  0.28530899  7.16867113  6.        
-6.83895111  0.219437    6.82012892  6.        
-6.42934418 -1.70518506  9.96359253  6.        
11.07227325  1.27812195  1.88781703  4.        
 3.8042531  -1.93773603  1.34988403  5.        
 6.18296099 -1.72424304  3.8066411   5.        
10.21163177  3.39843011  3.34741211  4.        
 6.60526991  0.90268701 -5.68151903  2.        
9.79878998 0.401894   2.46200609 4.        
 5.75974989  4.17260695 -6.98666382  2.        
 5.02950287  0.41449699 -1.13604701  5.        
9.98439789 1.70420802 2.78997803 4.        
 3.53131104  7.38091278 -6.53643799  3.        
-13.85859299  -1.92260003  10.06552124   6.        
-3.13468194  0.99714702  4.39916992  2.        
