5.42002106 7.3808589  5.92620897 3.        
 -1.34616899 -10.13597107  -1.38098097   2.        
 1.61263299  3.50243402 -8.86782837  6.        
-7.25357103  2.86209893  2.01001     5.        
 0.83634198 -0.71147197 -0.18289199  2.        
-7.13168287  1.11529505 -6.54901123  4.        
 5.5149312   2.07136512 -3.85601807  6.        
0.79978198 4.99224091 2.73821998 3.        
-2.59134698  2.76796007 -3.47134399  4.        
5.53153181 6.34712219 0.65621901 3.        
-1.31840503 -5.10892487 -1.31942701  2.        
-2.47187805  1.22002399  3.2688601   5.        
 8.0568161  10.19272614  8.51974487  3.        
0.91626698 7.1437149  6.85800219 3.        
-8.41916656  1.57588995 -2.21697998  4.        
 1.36038995  1.74752796 -4.96115112  6.        
-5.33319807  3.01244307  5.65335083  5.        
9.1947937  7.93780518 4.47332811 3.        
-4.41838789  1.15309894 -0.24511699  5.        
 4.99552107  3.43097711 -7.32540894  6.        
-1.49755895  2.40528893 -7.09649706  6.        
3.78962708 8.0013504  8.91665745 3.        
-2.18042803 -1.99350703 -0.45098901  5.        
 3.31861091  0.630211   -1.88375795  6.        
1.32599604 2.34320807 0.90734899 3.        
-5.78890991  2.51815796 -3.91747999  4.        
3.88137102 5.75997877 3.34249902 3.        
-0.60309601  0.030396   -3.10812402  6.        
-9.40548706  0.215523   -4.70513916  4.        
6.75340319 6.63758087 3.3399961  3.        
-4.10318804  2.68468499 -6.10397291  4.        
-4.63685608  2.88283491  2.97207594  5.        
-6.38749695  2.9121089  -0.94632     4.        
-1.49295795  0.23774     0.97619599  5.        
7.94156694 8.07897186 6.89343309 3.        
-0.26010901 -2.49161506 -2.13595605  2.        
2.88934302 4.74861097 1.21316504 3.        
-1.32470703 -7.60961103 -1.803406    2.        
3.009583   6.72758484 5.49346924 3.        
 3.71117401  2.36426497 -5.48315382  6.        
6.0674901  8.73210907 8.28875732 3.        
-3.82605696  3.14813209 -1.42507899  4.        
-2.3524251   1.07683599 -1.80660999  2.        
-1.54905701  1.23294103 -4.96490479  6.        
0.272392   6.15051985 4.74954224 3.        
-7.29202986  3.14718604  4.32748413  5.        
-3.14046502  2.82384491  4.78253222  5.        
 0.80268902  2.63879395 -6.93618822  6.        
-7.69193316  1.62122297 -4.46331787  4.        
 1.53885698  0.596367   -3.14776611  6.        
 2.95181298  3.0640409  -7.33877611  6.        
-3.38589501  1.72650898  1.45629895  5.        
-5.5080409   2.38478088  1.06036401  5.        
 3.40911102  1.42255402 -3.72003198  6.        
7.35518694 7.38522291 5.12414598 3.        
-2.90352607 -0.129997   -0.368622    5.        
-0.82211298 -0.52433002 -1.25695801  2.        
2.90245104 7.29163408 7.35369921 3.        
 5.68815613  2.86082506 -5.6338501   6.        
9.51046753 8.91107178 6.18170214 3.        
2.02333808 5.81309509 4.07501221 3.        
-5.78462982  2.11960602 -5.73339796  4.        
0.32565299 0.82233399 0.60382098 2.        
 0.70770299 -0.80727398 -2.12841797  6.        
-1.12462604 -3.40354204 -0.64782703  2.        
5.29592896 6.19009399 2.39950609 3.        
5.27167511 6.52830505 4.41470289 3.        
6.8562932  6.98986006 1.57174695 3.        
4.60525513 7.6868968  7.4220891  3.        
-6.82472181  2.42854309 -2.53045702  4.        
-4.03833818  2.73326898 -4.38668823  4.        
 3.77293396  3.90532708 -8.55490112  6.        
1.73251295 3.67740607 1.86321998 3.        
-0.235542    1.82372296 -5.8130188   6.        
-5.19682312  2.95864105 -2.44155908  4.        
8.1668396  7.4754262  3.19793701 3.        
2.54028296 4.92767286 2.7936399  3.        
 4.60457611  1.32646894 -2.62765503  6.        
 0.161743    1.01104701 -4.1630249   6.        
4.07596588 5.72179413 0.73883098 3.        
-7.03890991  2.4475019   0.49557501  5.        
-6.2126689   3.1920011   3.17593408  5.        
-8.47241211  0.46782699 -5.94583082  4.        
 2.15180206  2.37853193 -6.17471313  6.        
2.25012207 7.93978882 8.59536743 3.        
-0.90000898 -8.73479462 -0.86383098  2.        
8.64636993 9.33837128 7.40490723 3.        
1.47615004 6.57479095 5.55038404 3.        
-8.76294708  0.94236797 -3.56063795  4.        
-3.2323761   2.5115509   3.32739305  5.        
-1.29940796  1.14835405  2.40701294  5.        
-0.31350699  2.67074609 -7.89941406  6.        
-3.89020491  2.47420502 -2.85711694  4.        
6.503304   8.11148071 6.98553514 3.        
-2.95793104  2.20332289 -5.17422485  4.        
-0.82014501 -1.93969703 -0.88610798  2.        
-0.99317199 -6.50613403 -0.976013    2.        
6.77073717 9.79444122 8.95504761 3.        
-4.55201006  3.01528907  4.37588501  5.        
-5.07778215  3.32143402 -0.65386999  4.        
-5.95787096  1.83539605 -0.18176299  5.        
-7.70104218  2.22548699 -1.24356103  4.        
8.40914154 8.11486053 5.60232496 3.        
4.06384993 7.04637194 6.35354614 3.        
7.41500807 8.96611786 7.81884813 3.        
-2.7269671   0.76183301  0.80639601  5.        
3.82898688 5.47489214 2.03830004 3.        
 1.86282396  0.332809   -1.89749205  2.        
-5.85137177  3.21749902  4.45040894  5.        
-1.44746399  0.88400298 -3.64398193  6.        
-1.48160505 -3.38687897 -1.90920997  2.        
3.94075799 6.37462616 4.64532518 3.        
-1.80152094 -0.76505297  0.195709    5.        
-1.83181     2.34141493  3.40539598  5.        
 2.73172808  1.87277997 -4.72366285  6.        
-3.20165992  2.09369707 -1.82940698  4.        
5.03811693 7.94869184 8.62017822 3.        
-1.84632897 -0.08326    -1.90194702  2.        
 4.35250807  1.94913495 -4.47103882  6.        
-3.93193007  0.56490302 -1.25128198  5.        
 4.09140015  2.85374403 -6.66165209  6.        
-4.43594408  2.32873511  1.87655604  5.        
-1.88813806  1.90520501 -5.94024706  6.        
 1.76230597  3.16985297 -7.69348097  6.        
-6.94016314  1.60517895 -5.43087816  4.        
-0.144989  0.015915 -0.234741  2.      
-7.83763123  1.81619298 -3.27352905  4.        
-0.47423601 -4.23628998 -1.29940796  2.        
-5.55037689  2.90341997  2.17611694  5.        
-1.26266503 -8.97475433 -1.98657203  2.        
2.15496802 6.96468306 6.44778395 3.        
6.4575882  6.93187714 4.49365187 3.        
 2.05939507  1.31008899 -3.93078589  6.        
-5.08909607  2.5976181  -4.91522217  4.        
0.89382899 5.64897919 3.70785499 3.        
-4.34993696  1.77893806  0.80560303  5.        
-2.3643949   1.48647296  2.11151099  5.        
1.72211504 7.27164507 7.81735182 3.        
-7.51088715  3.21875     3.19793701  5.        
 2.63885498  3.59226203 -8.29437256  6.        
 0.53105903  0.075424   -3.07577491  6.        
-1.46741498 -6.10277605 -1.92230201  2.        
1.00173199 1.62593806 0.094788   2.        
-0.159904   -1.40142798 -2.52944994  2.        
 2.75403595  0.895477   -2.97488403  6.        
-6.83741808  2.12140703 -3.91174293  4.        
7.53002214 7.06526995 4.01864576 3.        
6.65947008 7.43841505 5.99227905 3.        
0.45111099 6.66554308 5.97088623 3.        
-2.57820106  2.01614404  4.15585279  5.        
6.15087891 6.045578   1.52209496 3.        
 1.02198803  2.16582489 -5.96087694  6.        
 0.73247498  2.9747541  -8.0809021   6.        
4.62172699 6.78117418 5.4433589  3.        
-8.57454681  0.93376899 -4.64166307  4.        
-1.63636804 -1.30891395 -1.24124205  2.        
-0.39302799  2.27741194 -6.79037523  6.        
4.97091722 6.17378998 3.43572998 3.        
-0.34440601 -1.08123803 -0.428253    2.        
-5.31790209  1.27903795 -0.84939599  5.        
7.48803711 7.11881304 2.43850708 3.        
-6.59427595  3.26837897  5.22717285  5.        
5.637146   7.87560987 7.65258789 3.        
-2.7625351   1.92998505 -2.82965112  4.        
3.07169294 5.93915606 4.04763794 3.        
-1.34266698 -2.21236396 -1.75799596  2.        
 4.78219604  2.43287706 -5.31439209  6.        
4.73046923 5.88500977 1.56970203 3.        
-4.83892107  2.70104194 -3.51144409  4.        
-3.46706390e+00  7.86346018e-01  1.37299998e-03  5.00000000e+00
-4.99268293  2.28239393 -6.48684692  4.        
 0.65145898  0.223793   -1.96536195  2.        
-1.10567498 -4.84814501 -0.33679199  2.        
 4.01458693  3.3037951  -7.5942688   6.        
 3.13067603  2.60320306 -6.37652588  6.        
3.7330699  7.59825087 7.94250488 3.        
8.2009201  7.73487806 4.6755681  3.        
-3.27875495  2.19042206  2.36288404  5.        
-6.2650218   2.24704003 -4.7688899   4.        
-6.42453003  2.69554901  1.35415602  5.        
1.01653302 2.96327209 1.64269996 3.        
 0.32360101  1.57251704 -5.01657104  6.        
-7.81791687  1.11782801 -5.47158813  4.        
 5.06010389  2.94942498 -6.42507887  6.        
1.69710505 4.52224684 2.44393897 3.        
1.72827899 5.27894592 3.29406691 3.        
 4.566185    1.529091   -3.59558105  6.        
2.21583605 6.25276184 4.98055983 3.        
2.31554389 3.07321906 1.347229   3.        
6.86669922 6.29470778 2.26651001 3.        
-2.89859796  2.92131805 -4.51361084  4.        
-5.26570892  3.17204309  3.67004395  5.        
-0.59017199  1.30188799 -4.81189013  6.        
1.28420997 6.14791918 4.60418701 3.        
-6.03651381  2.82269311 -1.84133899  4.        
-0.62822002 -3.11480689 -1.50064099  2.        
 1.08168805  1.02639794 -3.8964839   6.        
-6.23882294  1.67349195 -6.44766188  4.        
7.58657789 7.65513611 6.03237915 3.        
8.76557159 8.40135193 6.54501295 3.        
 3.7006681   1.02340698 -2.66039991  6.        
9.3884201  8.35354614 5.42175293 3.        
-6.03205109  2.7053299  -3.02136207  4.        
-4.78586578  3.07747602 -1.59692395  4.        
5.83622694 6.55708313 3.55648804 3.        
 5.54112196  2.3591001  -4.7564702   6.        
-1.420151   -4.1999588  -1.05892897  2.        
-4.48149109  2.82025909  5.3213501   5.        
-2.38038611 -0.017151    0.396301    5.        
-5.13571215  1.86669898  0.31011999  5.        
-1.952209    0.84224701  1.58245802  5.        
4.49576616 5.77439117 2.618927   3.        
3.07558393 6.97977495 6.46087694 3.        
2.41431403 4.35973406 1.90438795 3.        
5.34043121 7.49883318 6.82592821 3.        
0.69220698 1.75921595 1.17782605 2.        
-1.56561303 -2.60738397 -0.68927002  2.        
-7.59462023  2.05026293 -2.25811791  4.        
 1.69938695  2.66104889 -6.94821215  6.        
-0.56004298  0.65841699 -3.76550293  6.        
-3.75235009  2.75498199  4.06903076  5.        
-6.80924988  2.07924604 -0.304474    5.        
2.93092394 7.36540985 8.54672241 3.        
5.97203112 7.01407623 5.3318181  3.        
 2.78622389  2.22551703 -5.57177687  6.        
 1.27017999 -0.035919   -2.54608202  6.        
-0.058746   -1.83919501 -1.57736194  2.        
-3.43915606  2.57509589 -3.61389208  4.        
-1.05712903  1.93824005 -6.32409716  6.        
6.13244581 6.38879395 2.73300195 3.        
-3.52765703  1.24334002  0.73703003  5.        
3.09994507 5.38471985 3.37341309 3.        
-6.38468218  3.09458208  2.31652808  5.        
-0.87292498 -5.46880293 -1.96896398  2.        
7.47659302 9.55487061 8.45001221 3.        
-2.5987401   2.04893494  2.9685359   5.        
3.79390693 7.28643799 7.1369319  3.        
-0.66078198 -7.18519592 -1.45245397  2.        
-6.94186401  2.52157593 -1.52410901  4.        
-3.35404205  2.932091   -5.40609694  4.        
-3.09778595  1.37040699 -2.27465796  2.        
-4.29042006  2.66004205 -5.21502686  4.        
0.70087397 0.32661399 0.017273   2.        
 0.018715   -0.59722102 -2.74462891  6.        
1.01797497 4.12879896 1.91174304 3.        
-4.68744707  0.92749798 -1.35559106  5.        
-1.62033796 -6.89551497 -1.47332799  2.        
-1.24746704 -0.72834003 -1.94851696  2.        
2.43767595 3.9809339  1.158813   3.        
3.50363207 5.30693817 1.27697802 3.        
-8.89455414  1.17418694 -2.77227807  4.        
-0.87029999 -5.70793104 -0.77603102  2.        
-2.09223199  1.13938105 -4.34368896  6.        
 4.46378279  3.78968    -8.11160278  6.        
-2.42929101 -1.01679206 -0.280884    5.        
7.96743011 8.92140198 7.18456984 3.        
-6.19393921  2.21806312  0.51159698  5.        
-6.49797106  3.32957506  3.94882202  5.        
 3.53376007  1.85090601 -4.455688    6.        
-1.74456799 -9.41559601 -1.38394201  2.        
3.0885241  4.86862183 2.18328905 3.        
8.54988098 7.60295916 3.90988207 3.        
-1.02974701 -7.94828796 -1.12088001  2.        
6.78296709 8.43875885 7.67825317 3.        
1.12530506 0.91388702 0.47274801 2.        
-3.66243696  2.71553802 -2.09094191  4.        
-1.02968597  1.53027296 -5.50653076  6.        
 5.20675707  1.26505303 -3.16113305  6.        
 2.70055389  0.134682   -2.03225708  6.        
4.75753021 6.10161591 0.54187    3.        
-3.856529    2.62307     2.83328295  5.        
8.02752686 9.73854065 7.85836792 3.        
4.38240814 6.17616987 4.00683594 3.        
-7.8062129   0.794182   -6.24838305  4.        
-8.25086212  1.46122706 -3.91238403  4.        
-9.36837769  0.57936102 -3.9312439   4.        
-5.59628296  3.07532501 -1.22818005  4.        
-3.16317797  0.49072301 -0.79284698  5.        
-8.80567169  0.42002901 -5.22601318  4.        
7.50797987 6.98979187 3.22845507 3.        
 0.29717299  2.18257904 -6.28137207  6.        
6.73078918 9.26702118 8.36703491 3.        
-7.24720812  2.7008059   1.23931897  5.        
0.16807599 5.7467041  3.98916602 3.        
5.50913191 8.55924988 8.81109619 3.        
-5.15938616  3.15107703  4.85009813  5.        
7.16535187 7.85385084 6.65734911 3.        
3.83375597 6.62685394 5.37426805 3.        
2.98433709 8.04851532 8.91253662 3.        
-1.831406    1.46398902  2.87420702  5.        
-1.66833496 -1.49491096 -0.026276    5.        
 0.35457599  2.31055403 -7.75869799  6.        
2.24176788 6.72558594 5.71914721 3.        
 2.16724396  0.47479999 -2.70254493  6.        
-2.74790192  1.30125403  1.43154895  5.        
3.19630408 6.30543518 4.80947924 3.        
 0.90120697 -1.34158301 -2.64123511  2.        
 1.82572901  2.04328895 -5.49099684  6.        
 0.21278401 -0.034348    0.47912601  2.        
4.3133769  7.89025116 8.34130859 3.        
 3.3730011   3.50090003 -7.95562696  6.        
-5.00437212  2.465904   -5.66101122  4.        
-5.37986803  3.06858802  2.92507911  5.        
 2.44717407  2.73382592 -6.83264208  6.        
1.18929303 6.86262512 6.19164991 3.        
-4.45259905  2.86180091 -2.3752439   4.        
6.07767487 7.60231018 6.63366699 3.        
9.13889313 9.06444454 6.81487989 3.        
-1.07817101  0.895401   -4.29608107  6.        
4.73711395 7.37135315 6.40362597 3.        
 4.41358185  2.67439294 -5.91671705  6.        
-1.00062597 -9.43109131 -1.438995    2.        
-2.21732306  1.53606403 -2.37857103  2.        
-0.851524    2.63565111 -7.3815918   6.        
-6.96963501  1.92130995 -4.61459303  4.        
-1.64496601 -8.43435669 -1.65411401  2.        
-1.68807995 -0.28586599 -1.21081495  2.        
0.86377001 6.45294189 5.15826416 3.        
-7.03675795  3.28782606  2.60061693  5.        
 0.431557    0.61302203 -3.56909204  6.        
1.63632202 7.17460585 7.00805712 3.        
-0.64916998 -1.22650099 -1.15145898  2.        
-4.42130995  3.38246107 -0.96804798  4.        
 2.98347497  3.88632989 -8.86581421  6.        
6.26586914 6.74404097 1.22213805 3.        
-7.02043104  2.19911194 -3.19290209  4.        
 0.806786    1.33473206 -4.52890015  6.        
-3.89979601  2.83084106  4.77377319  5.        
3.34475708 5.41013288 2.69348097 3.        
2.41126204 7.46151686 7.91537523 3.        
5.39421797 6.16394806 1.53933704 3.        
-2.60224104  2.72776008  4.23095703  5.        
1.63278997 2.92442298 1.19229102 3.        
-0.61570698 -4.99747515 -1.24658203  2.        
8.72450256 8.19036102 4.9657588  3.        
 2.69535804  1.31445301 -3.60577393  6.        
-0.90293902 -2.69723511 -0.93258703  2.        
7.36463881 8.38661957 7.27288818 3.        
-5.81713915  3.29781294  5.21878099  5.        
-4.31784105  2.91216993  3.66983008  5.        
 2.03983307  1.71790302 -4.75054884  6.        
 0.335022   -1.44703698 -2.02334595  2.        
 3.94121599  1.29392195 -3.27029395  6.        
-1.30355096  1.12137604  1.63906896  5.        
-2.0876689   1.62074304 -5.3279109   6.        
6.67781115 7.27117205 5.2749629  3.        
-0.82108301 -4.16468096 -0.69421399  2.        
0.45494801 5.45964813 3.12841797 3.        
-3.32787299  2.18760705 -2.50973511  4.        
-0.330284   -0.39967301 -0.76415998  2.        
 1.15155804  2.90609002 -7.4777832   6.        
-5.18512678  2.67674303 -4.22555494  4.        
8.92649841 8.58639526 5.88720703 3.        
-3.88407898  0.73323798 -0.55304003  5.        
-1.12309301 -3.57642388 -1.34729004  2.        
-4.86820984  2.21382093  1.25823998  5.        
 0.151161    2.59326911 -7.16101122  6.        
8.15576172 8.2283783  6.23269701 3.        
5.29115295 6.97727203 5.24563599 3.        
 1.47645605  1.39751399 -4.31683397  6.        
4.13577986 5.57399702 1.42938197 3.        
-4.87928009  2.73370409  2.2068789   5.        
 2.2502749   3.7447741  -8.92068481  6.        
-4.16738081  2.69663191 -3.63867211  4.        
2.43453193 5.2502141  3.440063   3.        
4.60744476 6.46540785 4.7306819  3.        
-1.25519598 -5.89039612 -1.31564295  2.        
6.29730177 8.87169743 8.909729   3.        
5.81322479 6.84262085 4.677948   3.        
-1.29567003 -2.00420403 -0.41046101  2.        
8.10967255 7.56181288 5.35906982 3.        
 4.00428009  1.64089203 -3.98303199  6.        
-8.30535126  1.42784095 -2.98495507  4.        
-2.94029999  0.29560101  0.151245    5.        
3.55574012 6.93205309 5.92889404 3.        
-5.37034607  2.79129004 -3.081604    4.        
0.26057401 6.31324005 5.41381788 3.        
 1.28289795  3.35595703 -8.30419922  6.        
-0.92932099 -1.72825599 -1.55477905  2.        
0.72066498 2.54890394 1.09719801 2.        
-4.02147722  1.91631305  1.36920202  5.        
-5.12361908  1.51835597 -0.25778201  5.        
-7.39903307  2.83687592  3.73199511  5.        
-0.471535   -2.31755805 -0.46316499  2.        
 3.53249407  2.94476295 -7.03631592  6.        
-1.66967797  2.05350494 -6.55584717  6.        
 0.127159   -0.65174901 -0.241364    2.        
-5.89932299  3.16400909 -0.57278401  4.        
5.75490618 8.1255188  8.25201416 3.        
 5.01556396  2.02565002 -4.53796387  6.        
 0.86181599  1.86272395 -5.39804077  6.        
-1.897331    0.628326   -1.96630895  2.        
-6.36882019  1.816208   -5.7208252   4.        
-1.01705897 -4.43070984 -1.61703503  2.        
 2.15476203  0.87426001 -3.24639893  6.        
-2.1215291   0.42501801  0.92172199  5.        
6.86811113 6.95134687 2.23046899 3.        
-3.47210693  2.73666406 -4.77713013  4.        
-3.96987891  1.15245795  0.23556501  5.        
7.17369795 7.02452087 4.6062932  3.        
 4.19117689  1.04744697 -2.20098901  6.        
2.62081909 6.15061998 4.47271681 3.        
-6.33647203  2.45020294 -3.54165697  4.        
6.88670397 6.95875502 3.96408105 3.        
-2.90334296  1.83432806  1.97149706  5.        
6.17004395 6.47782087 2.09204102 3.        
-1.08686805 -6.53793287 -1.61615002  2.        
-5.66969299  2.49939704 -4.64715576  4.        
0.73152202 5.96334124 4.32745409 3.        
-6.71079302  3.37703705  4.60220289  5.        
3.77361298 5.9863739  4.09594679 3.        
-1.28335595 -0.800713   -0.90487701  2.        
-6.94910383  2.6067121  -0.88339198  4.        
-1.55042303 -0.229408    0.54144299  5.        
-7.33740187  1.16469598 -5.89227295  4.        
-0.89079303  0.58089399 -2.95715308  6.        
-1.998016    0.319305   -1.41720605  2.        
-1.12840295 -7.22124481 -1.02044702  2.        
5.53544617 6.25692701 3.08209205 3.        
 1.46814001  2.40478492 -6.3470459   6.        
-0.40184    -2.44447303 -1.51736498  2.        
-6.972229    3.27108788  3.53125     5.        
5.13087511 5.85784197 0.99011201 3.        
5.08385515 7.97557783 7.94131517 3.        
2.21039605 7.1859889  7.26779222 3.        
-5.84151506  2.75006104  1.58532703  5.        
6.15702105 8.39014435 7.65319777 3.        
 2.33099389  3.02909088 -7.42746019  6.        
 3.82067895  2.63275909 -6.140625    6.        
-1.37515295  0.49985501  1.59240699  5.        
-5.56253099  2.04692793 -6.37362719  4.        
-3.01248908  2.45223999 -3.13253808  4.        
0.485764   1.38528395 0.35412601 2.        
-8.0133667   1.83586097 -1.81817603  4.        
1.44980597 4.89688921 2.88491797 3.        
 3.36018395  2.06648993 -5.01596117  6.        
-5.89356995  3.261307    3.80825806  5.        
 2.7148819   1.58940899 -4.16577101  6.        
-2.25559211  1.87764001  3.45968604  5.        
 1.90145898  3.42170691 -8.30358887  6.        
 0.63881701 -0.39138001 -2.6791079   6.        
 3.85412598  3.33418298 -8.31234741  6.        
3.57219696 7.51439714 8.53689575 3.        
7.10991716 6.77063799 2.80560303 3.        
-0.45436099  0.99383497 -4.27389479  6.        
 2.79485297  0.594643   -2.43432593  6.        
1.02479506 4.59170485 2.32665992 3.        
-4.4956131   1.50205195  0.25732401  5.        
1.07984197 5.31620789 3.22335792 3.        
-0.05751     0.275078   -3.25643897  6.        
 3.34590197  1.20527697 -3.14532495  6.        
-1.82423401 -7.75039721 -1.47415197  2.        
-4.31139421  2.57965112  2.42608595  5.        
-1.38203394 -3.08169603 -1.10311902  2.        
-2.02452111 -1.39486694 -0.53454602  5.        
 4.15918016  2.18873596 -5.11120605  6.        
3.17654395 7.35777283 7.89712477 3.        
-6.80258179  1.41210198 -6.13470507  4.        
-4.52681017  2.70946503 -2.99169898  4.        
 4.42346191  3.12442803 -7.18469191  6.        
-4.58483887  2.72762299 -4.12783813  4.        
-7.52071381  1.77034795 -3.90359497  4.        
1.48455095 5.66113997 3.82501197 3.        
-5.56594896  2.39701104 -5.23156691  4.        
 5.13262177  2.68516493 -5.78323412  6.        
-5.33374786  2.97849989 -1.856323    4.        
4.29753923 7.40073395 6.81286621 3.        
-1.87439704  1.07994103  2.12866211  5.        
-9.32124329  0.102943   -5.28903198  4.        
1.15436494 3.54411292 1.70111096 3.        
1.06487298 1.82962799 0.655182   2.        
-3.16976905  2.54496789  4.20517015  5.        
-6.31490278  2.31653595 -4.12353516  4.        
7.8261261  7.27831984 4.77481079 3.        
-0.24304999 -1.89813995 -2.18832397  2.        
7.34668016 9.93788147 8.88766479 3.        
 0.36390701  2.91991401 -7.61044312  6.        
8.58841705 9.91903687 7.93167114 3.        
 0.98571801  0.558586   -3.3570559   6.        
-3.77979302  2.27399397  2.05795288  5.        
-2.435112   -0.37079599 -0.075684    5.        
-1.06307995 -8.57893372 -1.40918005  2.        
7.93238115 7.49386597 3.97293091 3.        
8.25746918 8.6236124  6.73886108 3.        
 0.30503801  1.76670802 -5.59497118  6.        
-6.23236799  2.64240289 -2.47509789  4.        
-4.34745789  0.90792799 -0.879852    5.        
-3.78252411  2.79117608  3.46737695  5.        
-7.85649109  1.71142602 -2.6564939   4.        
-9.03777313  0.58663201 -4.41326904  4.        
-2.91880798  2.69430494 -3.94934106  4.        
-8.28942108  0.77594    -5.42861891  4.        
-6.37970686  1.70014906 -0.55950898  5.        
-7.5243988   1.46063197 -4.99713087  4.        
1.97104597 2.46573591 1.30239904 3.        
-8.11151123  1.19986701 -4.86810303  4.        
 4.95761919  1.82615697 -3.99707007  6.        
-4.17201185  2.95971704 -1.84881604  4.        
 1.70908403  0.97026098 -3.62081909  6.        
-2.83088708  2.32670593  3.73901391  5.        
 3.34010291  3.45275903 -8.54101562  6.        
4.4090271  5.98332977 3.3812561  3.        
7.17405701 7.41072083 5.71710205 3.        
-7.13155413  2.28085303 -2.01055908  4.        
6.2289052  6.74049377 4.00509596 3.        
-1.34297204 -9.03800964 -1.06118798  2.        
1.72769904 6.73635101 6.04663086 3.        
-6.65590715  2.9450531   1.81332397  5.        
0.84142298 1.29412794 0.79196203 2.        
1.86994898 6.09656477 4.55435181 3.        
-1.33338904 -1.93425703 -1.20938098  2.        
-5.15926409  3.15908003  4.28057909  5.        
4.51200104 5.9333272  1.036713   3.        
-1.39162505 -2.53176093 -1.246521    2.        
1.03663599 2.0746541  1.50116003 2.        
-2.34344506  1.644943    2.66259789  5.        
-6.61380816  1.93594396 -5.09011793  4.        
1.86568403 3.45259905 1.36251795 3.        
3.98963904 5.52524614 2.59204102 3.        
-0.96116602 -4.61661482 -1.01510596  2.        
-4.49127197  2.28022003 -6.15551805  4.        
 5.35585785  3.28787994 -6.76333618  6.        
-5.86325121  3.0597229   2.61453295  5.        
3.17698693 5.00296021 1.62139904 3.        
-3.69409204  2.56517005 -5.65820312  4.        
-0.64358503 -3.68772888 -1.08019996  2.        
-7.45046186  2.03807092 -2.86026001  4.        
-6.60862017  2.49080706  0.86721802  5.        
-1.00874305  2.24465895 -6.87893677  6.        
-5.59760284  2.14319611  0.458893    5.        
-1.65002406  0.84108698 -4.16159105  6.        
-1.07720196 -8.10823059 -1.82940698  2.        
-5.14390612  2.57907104  1.74294996  5.        
 0.89804798  2.44882202 -6.42291307  6.        
 2.704216    3.26494598 -7.85147095  6.        
8.09253693 9.19807434 7.75509596 3.        
-0.479958    2.06801605 -6.24603319  6.        
1.33557904 7.42665911 7.4536128  3.        
5.84927416 7.91960096 7.0246582  3.        
6.18253279 7.36734009 5.70117188 3.        
-0.017593    1.27127099 -4.616364    6.        
6.52198792 8.82527924 7.98880005 3.        
4.51677704 5.74928284 2.06060791 3.        
-1.56358302 -0.82252502 -1.50570703  2.        
0.50019097 1.94045997 0.69299299 2.        
7.64061689 8.08896637 6.3729248  3.        
 5.38232422  2.54412794 -5.30349684  6.        
-8.6558609   1.10015094 -4.07693481  4.        
8.6883316  8.03691864 4.28292799 3.        
0.95488697 6.68281603 5.68887281 3.        
-4.59671783  2.68978095 -4.67620897  4.        
-2.17266107  2.57447791  3.76831102  5.        
2.24354601 4.55289507 2.39624    3.        
-0.978477    0.26677701 -3.43206811  6.        
-0.89051098 -5.47098494 -1.28939795  2.        
1.99111903 7.71740007 8.15896606 3.        
-1.06560504 -1.23301697 -1.83273304  2.        
7.64090681 7.46398211 2.83676195 3.        
0.126831 0.41246  0.028717 2.      
-3.19476295  0.856071    0.537018    5.        
 2.42102098  1.98905897 -5.1595149   6.        
-3.41787004  2.6870501  -4.17327881  4.        
4.45727491 6.96364594 5.9319458  3.        
-9.18115997  0.85205799 -3.22079492  4.        
-6.60428619  2.519768   -3.02136207  4.        
 1.75717199  0.194199   -2.4146421   6.        
 5.08126783  1.65759301 -2.80392504  6.        
-3.07045007  1.13257599  1.01284802  5.        
6.5981288  6.11037397 1.82434106 3.        
1.94140601 4.1523509  2.07330298 3.        
 3.22921705  2.41929603 -5.87506104  6.        
-2.35145593  0.88700902  1.21737695  5.        
-6.12663317  2.15929389 -5.28598022  4.        
4.80655718 7.53900909 6.93866014 3.        
2.52519202 5.58721209 3.85507202 3.        
-1.35578203 -0.112579   -1.67337     2.        
5.24520111 7.60862684 7.34759521 3.        
4.63430786 8.16802216 8.90627956 3.        
-6.53278303  2.58825707 -1.87139904  4.        
2.83305407 6.82058716 6.00470018 3.        
 5.07346296  1.71558404 -3.48074293  6.        
5.79135084 6.10714006 1.128021   3.        
-5.76743317  2.88298798 -2.36908007  4.        
 0.232613   -0.95747399 -2.415802    2.        
1.97912598 4.93844604 2.92330909 3.        
-0.120255    1.58789098 -5.30886793  6.        
 3.26609802  0.84275103 -2.41305494  6.        
-2.10170007  1.00794196 -2.27710009  2.        
3.55389404 7.07447815 6.67169189 3.        
-0.32261699 -1.88913    -1.119385    2.        
9.49977112 8.40091705 6.03555298 3.        
-2.79319811  1.99144697  2.47876     5.        
3.47283196 5.67339277 3.66854906 3.        
-4.79833984  1.13053894 -0.71469098  5.        
-3.85647607  1.54935503  1.01507604  5.        
2.86048889 4.60257006 1.75939906 3.        
4.47467804 7.60066223 7.92550707 3.        
7.61998701 7.59516096 6.55606079 3.        
8.93604279 8.89046478 6.31628418 3.        
-0.90210003 -2.3824079  -1.36404395  2.        
-1.55296302  1.50201404 -5.52267504  6.        
6.66414595 7.8589859  6.50433397 3.        
9.3012619  8.15198517 4.94711304 3.        
-6.70583296  3.3163681   3.06021094  5.        
6.61766815 6.54671478 2.83615088 3.        
-3.07233405  2.33570099  2.81793189  5.        
6.27065992 6.47551012 3.2341001  3.        
7.7352519  7.40822601 3.47949195 3.        
-4.48188019  2.5291369  -5.67974806  4.        
-5.35894012  2.66945601 -3.66900611  4.        
 4.49963379  3.45613098 -7.69546509  6.        
5.06882477 6.00025177 1.94512904 3.        
4.0267868  7.59043121 7.51568604 3.        
-4.77168322  3.04066491  3.88113403  5.        
8.63123322 9.15689945 6.83846998 3.        
0.80445898 6.76365709 6.52154493 3.        
 4.5461812   2.81043196 -6.42303514  6.        
 5.46740007  2.98330688 -6.11270094  6.        
6.68147993 9.25244141 8.87878418 3.        
2.74913001 6.46661377 5.00500488 3.        
-6.63179016  2.16280389  0.170441    5.        
2.51997399 7.13900805 6.86114502 3.        
-1.47170305 -3.72425795 -0.84619099  2.        
-4.91152191  3.14659905  5.29861498  5.        
0.49494201 0.93741602 0.106598   2.        
8.6370697  8.11173344 6.10583496 3.        
6.54641724 6.61695099 1.77566504 3.        
5.32984877 6.42807817 3.69543505 3.        
-3.222435    0.305237   -0.32074001  5.        
-4.86294603  2.00336504  0.79333502  5.        
5.68465424 6.33298492 1.92337    3.        
1.17177606 2.56578803 1.36315894 3.        
-0.55898303 -1.49705505 -0.63024902  2.        
3.51006293 5.40524292 0.77728301 3.        
-0.059029   -0.16590101 -3.00219703  6.        
-2.76289392  1.02765703 -2.10534692  2.        
8.95844269 8.12926483 5.66790819 3.        
4.96435499 7.10624695 5.62881517 3.        
1.57985699 6.42286682 5.07778883 3.        
-2.9335711   1.84503901 -2.20584106  4.        
 4.82388306  3.09776306 -6.87652588  6.        
7.0136261  7.77432299 6.12496901 3.        
-4.34777784  3.04697394  4.86218309  5.        
 1.14027405  0.193443   -2.11599708  2.        
 4.64134979  2.16328406 -4.84689283  6.        
-6.36412811  2.76769996 -1.43124402  4.        
 4.4144969   1.36495996 -3.11111403  6.        
2.16310096 3.82649994 1.64852905 3.        
4.83903503 6.32676697 4.15466309 3.        
-1.34555805  1.82450902 -5.92871094  6.        
 1.09127796  0.12741099 -2.98480201  6.        
-6.16867113  3.34819794  4.8155818   5.        
-6.07240295  2.52326989  1.04238904  5.        
 2.98055291  2.85696411 -6.88378906  6.        
5.86437988 7.4005971  6.15518188 3.        
8.14343262 9.71289062 8.40945435 3.        
2.01160407 5.50291395 3.63815308 3.        
-1.97470903  1.21731603  3.28521705  5.        
-1.11365497 -1.11204505 -1.28784204  2.        
-6.01898193  2.93743896  2.01022291  5.        
6.01113081 6.51914978 1.59811401 3.        
8.70406342 7.75974321 4.69473314 3.        
-0.05262     0.74291199 -3.80419898  6.        
-0.365585    2.63210297 -7.2871089   6.        
-5.6882782   3.17604089  3.36596704  5.        
-1.92792499 -1.03387499 -0.19995099  5.        
-0.85613298 -3.97553992 -1.51226795  2.        
9.0016861  9.50540924 7.10519409 3.        
8.45539856 8.85151672 7.20053101 3.        
-3.799438    2.66980004 -5.17562914  4.        
-2.60110497  2.39080095 -2.77767897  4.        
5.00706482 6.13783312 2.79296899 3.        
-0.79881299 -0.82547802 -0.83196998  2.        
2.38564301 7.24148607 8.35290527 3.        
 0.083794    2.35154009 -6.70321703  6.        
-5.0190959   3.19770002 -1.12390101  4.        
2.93857598 5.24510193 2.93350196 3.        
-2.41975403 -0.55896002 -0.52642798  5.        
1.43735504 4.03475904 2.14419603 3.        
-7.38481092  2.00342607 -3.4962461   4.        
6.97409821 8.24207306 6.98773193 3.        
8.05106258 7.79001617 5.96917677 3.        
-1.052544    1.15122998 -4.78314209  6.        
6.40251923 6.95698595 4.97631788 3.        
7.21552277 9.37600708 8.08071899 3.        
-1.59520698  0.370781   -1.68173206  2.        
-1.99688697  1.30529797 -4.78863478  6.        
3.488976   6.1386261  4.45645094 3.        
 0.28973401 -0.22361    -0.085571    2.        
3.46642303 5.16947889 2.13241601 3.        
3.29338098 7.65969896 8.90386963 3.        
-8.10421753  0.85554498 -5.86700392  4.        
7.76093292 9.40225983 8.09173584 3.        
-1.36695099 -9.52610779 -1.73687696  2.        
-3.05654097  2.98989105 -4.9631958   4.        
 0.171616   -2.07771301 -1.92599499  2.        
-7.52453613  2.13490295 -1.68121302  4.        
2.67145491 7.68440294 8.89651489 3.        
1.29114497 1.358284   0.63702399 2.        
-1.41118598 -7.43182421 -1.34564197  2.        
 0.79475403  1.61731005 -4.94210815  6.        
6.99455309 8.8519516  8.05895996 3.        
 2.24575806  2.20192003 -5.65515089  6.        
-1.72201502 -1.95668006 -0.20147701  5.        
 3.75815606  0.86366302 -2.12200904  6.        
0.37097201 5.56942701 3.584167   3.        
-1.31427002 -1.26393902 -0.80304003  2.        
 2.24094391  0.248016   -2.29153395  6.        
-4.71851397  3.04105401 -0.791107    4.        
-1.68711805 -1.69498396 -0.68139601  2.        
4.34619093 7.79756212 8.8343811  3.        
-0.86196101  1.82948303 -5.90521193  6.        
4.01644897 6.92624712 5.7600708  3.        
-0.76651001 -5.99143219 -1.14157104  2.        
 5.53053284  2.15221405 -4.33078003  6.        
-4.866539    2.97360206  3.37441993  5.        
3.36537194 7.37903595 7.30969191 3.        
-1.02970898  0.65362501 -3.73623705  6.        
1.21989405 7.04029799 7.20190382 3.        
 2.57119012  2.51354194 -6.33904982  6.        
-2.28049493  1.154724    1.70712304  5.        
-1.35113502 -9.04890442 -1.53179896  2.        
-1.07137299 -6.95693207 -1.40588403  2.        
-5.46162415  1.753914   -0.035187    5.        
7.07740784 6.96330976 3.43014503 3.        
-0.58090198  1.60309601 -5.39477491  6.        
0.80920398 6.1937561  4.72735596 3.        
1.97787499 6.54569197 5.37713623 3.        
2.54788995 6.53556108 5.42129517 3.        
-0.531174   -2.37941003 -1.07312     2.        
 0.753555   -0.153229   -2.22167993  6.        
-4.02011108  2.62659407 -2.378021    4.        
 5.09053802  2.2465899  -5.01721191  6.        
-4.84077501  2.96347809 -2.13742089  4.        
 2.241997    3.25682807 -7.90960693  6.        
5.33913422 6.301651   1.09793103 3.        
-3.47381592  2.41122389 -3.09075904  4.        
 1.28639197  2.06710792 -5.59204102  6.        
-0.46027401 -1.96963501 -1.78424096  2.        
-3.35004401  2.61598206  3.76388597  5.        
-0.32649201 -0.56306499 -0.20486499  2.        
1.34822905 5.9659729  4.14657593 3.        
2.64804101 4.70011902 2.15939307 3.        
-8.53738403  1.37809002 -3.38272095  4.        
 3.62403107  2.72631788 -6.54940796  6.        
-3.21531701  2.60454607 -2.04470801  4.        
8.51917267 7.75711823 5.27026415 3.        
-1.45943403  0.78955799  1.94265699  5.        
-5.61438799  2.10633898 -0.32940701  5.        
5.23897505 7.32509613 6.3467412  3.        
4.8573761  6.68115187 5.05978394 3.        
-1.87266505  0.043457    0.80352801  5.        
4.37193298 6.574646   5.10977221 3.        
0.71569097 5.03607893 3.22433496 3.        
-8.17563629  1.23679399 -4.41470289  4.        
-3.39867401  1.97189295  1.84442103  5.        
1.71749902 7.02385712 6.58209181 3.        
 4.24713087  2.4809041  -5.53530884  6.        
-4.41722918  2.14733911  1.38961804  5.        
2.110008   7.06536102 7.94809008 3.        
0.595146   0.34250599 0.462708   2.        
2.70725298 4.31034803 1.32745397 3.        
-3.97954607  1.45125604  0.58514398  5.        
-2.51101708  0.40879101  0.61108398  5.        
4.38078308 5.87513018 0.41567999 3.        
-0.86103803 -3.37998199 -1.79116797  2.        
5.66313887 6.49383497 4.00094604 3.        
 1.09958696  3.14813995 -7.87142897  6.        
7.81452179 8.51766205 6.90267897 3.        
 0.47771499 -0.95233202 -0.330872    2.        
 0.59713     2.00099993 -5.93716383  6.        
 3.81671095  2.07497406 -4.83248901  6.        
-4.21591997  2.83888197  3.14117408  5.        
-1.967278   -0.35050201  0.28668201  5.        
-1.36184704 -6.57917023 -1.25531006  2.        
-0.81897002 -5.09069109 -0.85046399  2.        
6.29435015 7.63731384 6.23593092 3.        
-4.99595594  2.91181207  2.60812402  5.        
 3.53822303  3.250458   -7.61535597  6.        
-1.61952996  1.089661   -4.53958082  6.        
-2.29422808  0.56205702 -2.174438    2.        
 3.16146803  1.62962306 -4.22967482  6.        
-7.3185811   1.834427   -4.32116699  4.        
 1.88371301  2.50257897 -6.56741285  6.        
-1.37616003 -3.07757592 -1.55481005  2.        
1.40936995 3.1672821  1.55306995 3.        
7.69859314 7.67961884 5.50372314 3.        
-1.29033697 -2.94857001 -0.58175701  2.        
-0.904854   -3.2424159  -1.00680494  2.        
5.81735992 6.27645922 2.43127394 3.        
-5.7459259   2.64106011 -3.44024706  4.        
 4.12303877  1.16161394 -2.73123193  6.        
-5.94576979  1.92939794 -6.10668898  4.        
6.50739288 6.60172319 2.40454102 3.        
-7.05879211  2.64422607  1.66976905  5.        
-2.72218299  1.44344294 -2.50851393  2.        
 1.47321296  0.285072   -2.7844851   6.        
-7.11022186  3.10364509  3.03314209  5.        
-6.51943207  3.27245307  3.49270606  5.        
5.74156189 6.54979706 1.08029199 3.        
-5.49840498  2.96451592 -0.56802398  4.        
-0.99880999 -4.87664795 -1.52963305  2.        
 4.10832977  3.52519202 -7.97155809  6.        
-2.2256701   1.60723102  3.09246802  5.        
7.67796278 8.7442627  7.53308105 3.        
 0.091988   -1.17524695 -0.44482401  2.        
-1.01576197 -7.60831404 -1.45394897  2.        
-5.25722504  2.26149702 -5.96621704  4.        
 3.12171197  0.24533799 -2.127563    6.        
3.583565   5.27271318 1.71392798 3.        
 1.206177    2.5544889  -6.76776123  6.        
5.9485321  8.39655304 8.55615234 3.        
8.29145813 7.82754517 3.62585402 3.        
3.66803694 5.64309692 2.89123511 3.        
-3.2816391   2.45377398 -5.53506517  4.        
-3.52425408  2.9359889  -1.67282104  4.        
-4.14964294  2.88825202  4.2376399   5.        
-1.21810901 -4.90999603 -0.76165801  2.        
 1.91844201  1.52208698 -4.293396    6.        
8.4565134  7.54932404 4.36496019 3.        
7.07437897 9.72942257 8.50790405 3.        
-0.45719901 -0.74203497 -1.13708496  2.        
-4.75993299  2.591187   -5.31567383  4.        
 1.73654199  2.26457191 -6.02624512  6.        
-8.572258    0.76437402 -5.0812068   4.        
-1.26884496 -5.39290619 -1.79223597  2.        
-5.61356306  3.22672296  4.82052612  5.        
-5.9619832   3.02011108 -0.98986799  4.        
 0.65360999  0.95405602 -3.96456909  6.        
 1.91275001  2.94049096 -7.32626295  6.        
-6.22279406  3.3919301   5.42645311  5.        
2.64296007 7.64053297 8.36157227 3.        
-2.05165911  1.323524    2.44818091  5.        
 0.35862699  0.26773801 -0.31494099  2.        
8.33509827 8.07182312 6.69918823 3.        
-1.693398    0.483955    1.29070997  5.        
-0.151573   -0.99799299 -2.79614305  2.        
-1.35377502 -4.66130781 -1.20376599  2.        
-4.38038588  3.146065   -1.44723499  4.        
-1.61286199  1.10985601  2.73907495  5.        
-0.56060803  0.49623901 -3.35919189  6.        
5.27991486 6.70218706 4.90597486 3.        
 3.06388807  3.72586799 -8.34164429  6.        
3.03530908 7.07961321 6.88360596 3.        
5.6512599  7.65743303 6.56195116 3.        
 1.30128503  0.839203   -3.54067993  6.        
-7.04591417  2.28794909 -1.17178297  4.        
-3.82844496  2.71537805 -3.91088891  4.        
4.17037201 5.85241699 2.89706397 3.        
 4.48509216  1.76554894 -4.1000371   6.        
-1.01458704 -3.77192712 -0.870148    2.        
5.85656023 8.80316162 8.71939087 3.        
-8.04615784  1.51748705 -3.50882006  4.        
-2.42578101  1.567451   -1.99966395  2.        
9.04817963 8.43148804 5.16107178 3.        
 2.81131005  2.4109571  -5.99298096  6.        
-6.96752882  3.30304694  4.08596802  5.        
-3.52875495  0.34729001 -0.97628802  5.        
4.79076385 5.9729538  2.37207007 3.        
3.33306909 6.58062696 5.11404419 3.        
-6.93319702  3.10491204  2.16973901  5.        
-0.40732601 -2.8164289  -1.73764002  2.        
3.96762896 7.56607103 8.37002563 3.        
-4.97241211  2.84953308 -2.92336988  4.        
-3.46121192  2.67538404  4.49636793  5.        
-5.3371048   3.20748091  5.25820923  5.        
-1.68592095 -0.46293601 -1.77780199  2.        
-0.02282     2.15920305 -7.61761522  6.        
-9.15132904  0.46461499 -4.97369385  4.        
-2.42808509  2.17951989  3.77255297  5.        
-1.815292   -2.16706109 -0.595581    2.        
-0.041489    2.72961402 -7.55023193  6.        
9.31519318 8.74611664 5.80291796 3.        
-1.16200995 -0.47972101 -1.51318395  2.        
-1.05289495 -1.63636804 -1.08453405  2.        
 2.60120392  3.78920698 -8.68087769  6.        
1.04167199 0.52020299 0.32907099 2.        
-2.8519671   2.30342889  3.19998193  5.        
5.42643023 8.11362457 8.68670559 3.        
-1.01939404 -8.64609528 -1.863922    2.        
 0.48824301 -1.38343096 -2.41662598  2.        
 2.89076996  2.03531599 -5.08425903  6.        
 0.65104699  2.75539398 -7.31677198  6.        
6.13928986 8.02085114 7.44183397 3.        
 2.24900103  3.60380507 -8.46893311  6.        
-1.17901599 -5.97774506 -0.90637201  2.        
7.68895721 9.94438171 8.63525391 3.        
4.6516881  6.09347486 3.049896   3.        
0.99474299 2.14142609 1.08145106 2.        
-2.72647095 -0.083183    0.038208    5.        
-0.74639899 -6.85774994 -1.15270996  2.        
 3.18648505  2.22317505 -5.43408203  6.        
 2.329216    1.10670495 -3.55337501  6.        
 5.50016022  1.54604304 -3.27761793  6.        
8.14170074 7.35425615 3.60083008 3.        
-8.8920517   0.287155   -5.61642504  4.        
-7.29190111  1.39923894 -5.537323    4.        
-7.42636108  0.973427   -6.28362989  4.        
2.90625811 5.62567902 3.658813   3.        
4.29615784 7.40497589 7.23321486 3.        
1.04017603 2.92442298 1.18780506 3.        
7.190804   8.78660583 7.51226807 3.        
-0.83432001 -9.14437103 -1.181427    2.        
8.39565277 9.67412567 7.42858887 3.        
2.06413293 7.07192993 6.89166307 3.        
6.52776289 6.64810181 3.69320703 3.        
4.69702101 6.28611803 3.73239112 3.        
-1.34792304 -8.03170013 -1.51895106  2.        
7.6774292  7.17551422 4.39700317 3.        
7.48172808 8.04371643 6.85531616 3.        
-1.19818103  1.39530897 -5.12524414  6.        
-8.57230377  1.45275903 -2.66369605  4.        
 2.94939399  1.20674098 -3.27871704  6.        
-4.18677521  2.58184099 -3.19872999  4.        
-5.24259901  3.08614302 -1.46307397  4.        
-2.63343811 -0.011002   -0.664276    5.        
6.27468109 8.41111755 8.12014771 3.        
-0.023315   -1.23346698 -2.01925707  2.        
-7.02018023  2.59783101  0.90524298  5.        
3.32148004 4.96051788 1.13418603 3.        
 1.65016901  1.66515303 -4.61322021  6.        
-0.65705901  2.38962603 -7.09204102  6.        
 1.200966    1.49686396 -4.66982985  6.        
4.71522522 7.99552917 8.32629395 3.        
-5.98808289  2.45922089 -4.38320923  4.        
 1.50508904  1.18512702 -3.96121192  6.        
 4.82965803  1.42995501 -3.10656691  6.        
5.14446306 8.38781738 8.91091919 3.        
-9.43704987  0.48153701 -4.37246704  4.        
5.96203613 6.64577484 4.30792189 3.        
-3.00906396  1.62110901  1.63232398  5.        
 2.29777503  0.277908   -1.88238502  6.        
 4.01240492  3.0743711  -7.17770386  6.        
-8.98493195  0.73087299 -3.89300489  4.        
-3.40621209  1.42684901  1.08758497  5.        
-4.76365709  3.04739404  4.92501783  5.        
0.96513402 1.23628199 0.26931801 2.        
-5.67842913  2.96882606 -1.61898804  4.        
 3.14393592  1.83754003 -4.59194994  6.        
3.89411902 7.30363512 6.72076416 3.        
4.81758118 7.09388685 6.08642578 3.        
 0.172676    1.94857001 -5.96456909  6.        
4.27954912 6.3573842  4.40985107 3.        
-6.03858185  2.03411102  0.17645299  5.        
 0.14200599 -1.68701899 -2.29791307  2.        
 4.7840271   2.71057892 -6.10107422  6.        
 0.168404    3.02966309 -7.95648193  6.        
1.23918104 7.01479292 6.63668823 3.        
-0.99723101 -5.75067091 -1.69601405  2.        
-4.87278795  1.65341997  0.076294    5.        
-4.74962616  1.375633   -0.35241699  5.        
6.11199903 6.35694885 1.18774402 3.        
-1.05966198 -2.38879395 -0.71170002  2.        
-6.63147688  3.22656989  2.62219191  5.        
4.17768097 5.58345795 1.85110497 3.        
3.65763092 7.37001801 7.5974431  3.        
5.934021   8.08702087 7.84078979 3.        
-0.697456   -3.58297706 -1.47247303  2.        
-3.4702301   2.42839003  2.79742408  5.        
8.94991302 8.23129272 4.61865187 3.        
-1.01959205 -8.36338043 -0.98602301  2.        
6.23046112 9.05540466 8.5506897  3.        
-3.01374793  2.54425812 -3.53070092  4.        
9.21881104 8.59619904 6.32369995 3.        
3.38867903 7.5898509  8.18026733 3.        
-5.20082092  2.43600512  1.36511195  5.        
-2.592834    1.46348596  1.77203405  5.        
-1.83425903  1.78758204  3.121979    5.        
-5.58789778  2.84699202 -2.74224901  4.        
-6.55917406  2.16369605 -4.41052198  4.        
-7.913589   1.602844  -4.1229248  4.       
-4.09227705  2.64572096 -5.64532518  4.        
6.59909105 8.15841675 7.37741089 3.        
3.77597094 6.539886   4.9776001  3.        
-0.729469   -2.00334191 -1.33325195  2.        
 1.19606805  3.42793298 -8.69384766  6.        
 1.98915899 -0.058731   -2.19845605  6.        
-7.00497389  2.37357306  0.098236    5.        
-1.498703   -7.93570709 -1.96951306  2.        
 5.44230604  1.69731104 -3.6490171   6.        
 3.67921495  3.67772698 -8.18933105  6.        
 0.56768799  2.66185808 -7.84622192  6.        
 3.51515198  1.65346503 -4.03482103  6.        
-3.61415911  2.65012407  4.99578905  5.        
3.89166307 5.99466705 3.6716311  3.        
-2.21315789 -0.70103502 -0.14709499  5.        
-7.08091021  1.72457099 -4.94955397  4.        
5.3923192  7.93302107 8.1980896  3.        
-3.66188097  2.42797899 -2.52770996  4.        
-6.23577118  3.33520508  4.41799879  5.        
-7.94752502  1.72264099 -2.26379395  4.        
1.16516101 4.67163897 2.69543505 3.        
 0.5298      1.16899896 -4.28164721  6.        
 3.12586999  1.01055205 -2.87027001  6.        
 2.3138659   1.51984406 -4.16146803  6.        
-1.07232702 -4.03265381 -1.17785597  2.        
-8.75006866  0.56333899 -4.69308519  4.        
 0.31335399 -0.17901599 -2.85140991  6.        
6.84636688 6.87770081 4.40719604 3.        
-7.14191389  2.24359107 -2.69348097  4.        
-6.80738115  2.64376807  1.24417102  5.        
 3.08017707  3.24587202 -7.67306519  6.        
3.45299506 5.66392517 3.22961402 3.        
8.88490295 8.75366974 6.81723022 3.        
7.50472307 7.00436401 2.82251    3.        
-1.62875402 -2.996773   -0.79925501  2.        
 1.51292396  2.83428192 -7.32074022  6.        
-4.11444092  2.87666297  5.17178297  5.        
 0.493698    2.46943688 -6.74655104  6.        
3.81012011 5.44549608 1.06033301 3.        
5.04837799 6.01901197 1.36718798 3.        
-3.1043241   2.18051195 -2.84137011  4.        
-6.73260498  2.6925509  -1.208588    4.        
3.17670393 7.69207001 8.5227356  3.        
7.79939318 7.36287689 5.16467285 3.        
-3.87525892  2.50645399  2.45144606  5.        
-6.78660583  2.28774309 -3.55200195  4.        
-7.72347307  0.97650099 -5.85946703  4.        
3.93891096 7.65522003 8.75836182 3.        
 1.95106494  0.62286401 -3.00393701  6.        
-1.03633904 -9.90296936 -1.28506505  2.        
-2.90683794  2.29519606  4.37142897  5.        
 0.393684   -0.07856    -1.99813795  2.        
2.99436903 5.09137011 2.50009203 3.        
7.98706818 7.52644396 4.366364   3.        
5.77996111 7.22434187 5.80795288 3.        
 2.0160141   1.908813   -5.09939623  6.        
5.5915761  7.1449132  5.44625807 3.        
-2.08403802  1.53255498 -5.71621704  6.        
 3.90240502  1.51301599 -3.62020898  6.        
 2.4619751   1.69995904 -4.48794603  6.        
 2.60051703  2.89946795 -7.16543579  6.        
4.24512482 5.56804705 2.28723097 3.        
7.96411896 8.32023621 6.56826782 3.        
 3.97036004  1.79290795 -4.34841919  6.        
-3.51465607  0.99816102  0.34948701  5.        
2.57188392 5.80986023 4.18048096 3.        
 1.17553699  2.71266198 -7.1305542   6.        
-8.83950806  1.17218804 -3.22845507  4.        
-6.26071215  3.18089294  2.78219604  5.        
5.92622423 6.350739   3.081604   3.        
-3.97605109  2.11611891  1.70895398  5.        
5.13609314 6.0165329  0.62399298 3.        
 0.91096503  3.31710792 -8.43521118  6.        
 1.09692395  1.23502398 -4.27914381  6.        
6.69547319 8.86013031 8.34204102 3.        
1.17541504 6.3251338  4.95214796 3.        
-3.93241096  0.984604   -0.11908     5.        
-0.82446301  2.61609602 -7.77413893  6.        
7.11032915 7.22536516 2.08422899 3.        
-5.3599472   3.16754198 -0.88110399  4.        
7.00193787 9.38101196 8.67550659 3.        
-3.98867011  2.71650696 -4.8339839   4.        
 3.38169098  3.86961389 -8.56027222  6.        
-1.45351398 -9.7149353  -1.40408301  2.        
-5.83973694  3.12625909  3.0002749   5.        
0.46643099 1.20727503 0.717682   2.        
 4.18397522  2.76532793 -6.28039598  6.        
-6.9981308   3.01156592  4.54824781  5.        
-6.57455397  2.58560896 -2.27331495  4.        
 4.11162615  3.83940911 -8.36975098  6.        
1.94261205 3.169029   1.10415602 3.        
-1.98110199  0.96435499 -1.756531    2.        
2.97502089 7.56040192 8.17126465 3.        
4.934196   7.62899017 7.62487793 3.        
-5.93221998  2.32707191 -4.99148607  4.        
-4.91566515  2.39890289 -6.09680223  4.        
1.71549201 7.25898695 7.381073   3.        
2.56961107 7.33734083 7.55267286 3.        
7.08117723 7.24563599 5.36468506 3.        
 0.35122699  1.38969398 -4.66464186  6.        
-0.98380297  0.70823699 -3.35250807  6.        
-4.34492493  0.75110602 -1.23712206  5.        
-1.01930201 -6.11456299 -1.53088403  2.        
-2.56498694  1.50570703  3.51773095  5.        
-1.28716302  2.15914202 -6.61953688  6.        
-2.08034492 -1.56633794 -0.188751    5.        
-2.41917396  1.22844696 -2.19177198  2.        
7.84693193 9.84734344 8.18554688 3.        
0.378517   5.7999568  4.33609009 3.        
-4.76657915  1.818115    0.465179    5.        
8.1240387  7.4848628  4.96252394 3.        
-4.97383118  2.71009111 -3.90179396  4.        
-9.28417206  0.76588398 -3.5844419   4.        
-0.83179498 -2.81454492 -1.29461706  2.        
-1.32234204 -1.42793298 -1.61865199  2.        
-7.38683319  2.42340112 -1.04949999  4.        
-5.34966993  2.18287706  0.77136201  5.        
2.244385   6.00701094 4.52114916 3.        
-4.9091568   3.08149004  4.56411695  5.        
7.52268219 7.01728821 3.6131289  3.        
-5.49893904  3.2068789   3.97546411  5.        
8.98977661 8.3158884  6.15444994 3.        
-5.52870178  2.74862695  1.810516    5.        
6.59224701 7.24972486 5.65011597 3.        
-7.35839796  3.18166304  3.56485009  5.        
1.44284797 5.43609619 3.499084   3.        
-2.8474431   0.51316798  0.45599401  5.        
8.36356258 9.48717499 7.76272583 3.        
 2.10391212  2.75120497 -7.0039978   6.        
 1.55149102 -0.165649   -2.31921411  6.        
-0.09874     2.10116601 -6.27716112  6.        
2.18257904 7.30010986 7.65301514 3.        
-5.23529005  3.09869409  3.29473901  5.        
 1.486305    1.92343903 -5.29818678  6.        
-7.23414612  2.98016405  1.61398304  5.        
8.12541962 9.35015106 7.40515089 3.        
-3.13589501  2.55551195 -5.19586182  4.        
-3.16496301  0.61077899  0.15771499  5.        
 0.020439 -0.008438  0.109589  2.      
3.85402703 5.27522278 0.67163098 3.        
-5.44523621  2.94001794  2.54177904  5.        
-4.30429792  2.72876     2.77770996  5.        
2.14609504 7.58249712 8.51385498 3.        
-6.29822493  2.86095405  1.71322596  5.        
0.60974097 5.70159197 3.95492506 3.        
0.65746301 6.54391479 5.49731398 3.        
-0.42482001 -0.99213398 -0.78839099  2.        
-3.56683302  2.61477709  3.1807251   5.        
-3.72251105  2.55355811 -3.33828712  4.        
 1.66710699  3.1558609  -8.43521118  6.        
1.10230994 4.99399614 2.99514794 3.        
-4.19083405  2.73886895 -4.04199219  4.        
-8.22447968  1.668419   -2.58804297  4.        
 0.36148801 -0.584831   -2.51358008  6.        
2.56545997 8.04464722 8.77218628 3.        
5.02340698 7.51476288 6.60150194 3.        
 3.59066796  2.52114105 -5.85726881  6.        
-0.708      -4.64016008 -1.31741297  2.        
-6.66798401  1.40901196 -6.48529005  4.        
-6.74239397  1.61234295 -5.82284498  4.        
-2.60746002  1.89595795 -2.48940992  2.        
6.39949799 7.78395796 6.83535814 3.        
 0.92696398 -0.48408499 -2.24484205  6.        
-6.40866089  1.71993995 -6.11752319  4.        
-2.945328    0.188034   -0.77615398  5.        
 0.824081    2.99119592 -7.63482714  6.        
-2.63485694  2.78807807 -4.17199707  4.        
7.19365692 6.89085388 2.42681909 3.        
7.03929901 6.90436506 1.90313697 3.        
8.50697327 8.44410706 6.28070116 3.        
-8.67477417  0.80721301 -4.30645704  4.        
4.89431    6.56331587 4.51516724 3.        
 3.00947595  3.43692803 -7.99566603  6.        
0.69581598 1.62725103 0.54128999 2.        
2.51901293 6.94883013 6.51776123 3.        
5.48446703 7.87822723 7.26031494 3.        
-2.5375669   2.097435    3.36178589  5.        
 2.35948205  0.70628399 -2.91815209  6.        
7.80906677 7.22746992 3.06646705 3.        
0.79344201 0.70015001 0.122314   2.        
-3.56983209  0.625992   -0.39041099  5.        
-2.19287896  1.51723504  3.51263404  5.        
 5.26290083  1.99884105 -4.12722778  6.        
8.14804077 8.59926605 7.17184401 3.        
-2.03984094  1.27315497 -5.15423584  6.        
-1.30998194 -6.34397888 -0.877747    2.        
-1.53446198 -7.3120122  -1.743469    2.        
-7.17105103  1.98104894 -3.98309302  4.        
2.26237512 5.07421112 3.11645508 3.        
-4.1920619   2.64131188 -2.72702003  4.        
-4.64333296  2.7322309   2.49014306  5.        
-0.29188499 -1.49894702 -0.37616     2.        
 1.63461304  3.3529129  -8.05941772  6.        
7.26866913 7.15767717 4.27645922 3.        
-4.67857409  2.30548906  1.59475696  5.        
5.55527496 6.30266619 2.71832299 3.        
-4.52501678  3.16504693  5.43945312  5.        
4.88230896 6.12379503 0.94537401 3.        
-4.1343689   1.00426495 -0.59744298  5.        
2.46856689 6.78510284 6.02151489 3.        
-1.25099194 -5.48079681 -1.22347999  2.        
2.81177497 7.32510424 7.91336107 3.        
-0.85295898  0.763565   -4.03774977  6.        
7.12951708 7.13160706 4.98760986 3.        
-0.24240901  1.45333898 -4.99166918  6.        
4.43531799 7.20944214 6.20123291 3.        
6.81300306 7.92385101 6.91192579 3.        
-7.87122297  1.71379101 -3.778229    4.        
1.35710895 4.39569092 2.40832496 3.        
3.19675398 6.84170485 5.99240112 3.        
2.59739709 4.64615583 2.56942797 3.        
 0.69821203  0.358742   -3.25701904  6.        
0.61894202 2.86739302 1.24142504 3.        
-5.22515106  2.48352098 -5.32397509  4.        
0.689026   5.40901995 3.5118711  3.        
 0.85743701  0.81225598 -3.69946289  6.        
5.58627319 8.2046814  7.94036913 3.        
-8.76159668  1.26077294 -2.42086792  4.        
-4.59217787  2.04044294  1.03198195  5.        
-7.07134295  1.41134596 -5.88836718  4.        
7.311203   7.94769287 6.31863403 3.        
 4.71686506  1.89568305 -4.37951708  6.        
-2.87915802  2.65032196 -4.75302076  4.        
6.32965088 9.32826996 8.84051514 3.        
-1.69628894 -1.39563799 -0.89529401  2.        
 0.41685501 -1.06297302 -2.12313795  2.        
-4.7445302   2.93138909 -2.57684302  4.        
-1.38401794 -2.26010895 -0.80465698  2.        
-1.32737005 -8.69955444 -1.68334997  2.        
9.09203339 8.09744263 5.29067993 3.        
6.846313   8.48203278 7.32553101 3.        
-4.07179308  3.29534888 -1.205688    4.        
6.74529314 7.07363892 4.69274902 3.        
-4.97329712  1.08548701 -1.02676404  5.        
3.13059211 6.10851288 4.47088623 3.        
0.181465   0.70247602 0.23461901 2.        
0.83592999 6.80310106 6.16174316 3.        
-5.68258715  3.07369995  5.46551514  5.        
2.74550605 5.31698608 3.27270508 3.        
-2.0694499   0.66651201  1.24734497  5.        
-0.81294298 -1.23993695 -0.83224499  2.        
-6.1580348   3.22017694  3.56924391  5.        
-6.29749298  1.94519806 -0.210907    5.        
-0.77391797 -4.2940979  -1.11218297  2.        
7.50396681 7.3694458  5.44900513 3.        
-5.34024811  2.61748505 -4.57666016  4.        
6.44767809 6.50418806 1.41393995 3.        
-1.15318298  2.47232103 -7.16049194  6.        
-1.43653905 -2.33165002 -0.41180399  5.        
 1.85378301  3.68555403 -8.68023682  6.        
-2.70739698  1.06007397  1.17266798  5.        
 1.02374995 -0.288872   -2.59201097  6.        
-2.86173296  2.83662391  4.44900513  5.        
 2.45495605  1.33011603 -3.86767602  6.        
1.15309095 5.75373077 3.92742896 3.        
-8.52828979  0.52227002 -5.49923706  4.        
0.73883098 2.22512102 0.849365   2.        
7.96085405 7.94094896 6.32943678 3.        
-2.57930803  1.78527796  2.28360009  5.        
 0.53025103  1.72511303 -5.26211596  6.        
-6.47469282  2.6646421  -0.70666498  4.        
2.0557251  7.41481018 7.97680712 3.        
9.00486755 7.96736908 4.8850708  3.        
 4.451828    2.31172204 -5.26928711  6.        
-4.93407393  3.03968811  5.63574219  5.        
-0.79000098  2.13285089 -6.45050097  6.        
-7.21528578  2.29999495 -1.48895299  4.        
0.64021301 0.869331   0.758362   2.        
0.54081702 6.32192183 5.09933519 3.        
-1.67845094 -0.011795   -1.43365502  2.        
-1.54220605 -0.61977398 -1.21777296  2.        
-2.0357821  -0.026459    0.47085601  5.        
-4.58663893  2.96157098 -1.86377001  4.        
0.73578602 1.03253198 0.44314599 2.        
4.7081151  7.88313293 7.99221802 3.        
-0.011063   -0.39810899 -0.029388    2.        
 2.83595991  2.6703341  -6.55712891  6.        
-0.267387    0.506248   -3.55346704  6.        
-1.92837501  0.25732401 -1.93493605  2.        
8.68858337 9.58354187 7.66876221 3.        
-5.53329515  2.62789202 -4.23602295  4.        
 2.61994195  1.043365   -3.26419091  6.        
-2.62251306 -0.67626202 -0.26443499  5.        
2.51717401 4.16468811 1.58462501 3.        
3.66289496 5.46392822 2.47900391 3.        
 1.34520698  3.206177   -8.92126465  6.        
-6.52961683  2.31874108  0.52731299  5.        
3.57952094 6.79691315 5.60604906 3.        
 0.82070899 -0.158485   -2.86813307  6.        
 4.47251892  2.92880988 -6.74478197  6.        
 3.11451006  1.50520301 -3.89056396  6.        
5.55301714 8.38237762 8.37814331 3.        
7.85366821 7.19007921 3.81784105 3.        
-1.24274397  0.59079701  1.28143299  5.        
-1.39183795  2.0070951  -6.24838305  6.        
-6.11677599  3.28481293  4.09298706  5.        
-0.084869   -0.53956598 -0.49588001  2.        
1.53640699 3.48832703 1.60882604 3.        
1.45467401 5.1771698  3.09335303 3.        
1.79986596 6.60908508 5.67678785 3.        
-5.9042511   2.23042297  0.706177    5.        
8.53354645 7.98999023 3.97360206 3.        
7.38556719 7.43937683 2.34738207 3.        
-2.10041094  0.616211   -1.568573    2.        
-5.47768402  2.599792    1.49911499  5.        
1.62047601 7.59925079 7.75653076 3.        
5.73475599 6.40644121 1.39770496 3.        
4.60914612 7.26805115 6.71069288 3.        
2.2844851  3.70031691 1.29690599 3.        
 3.77983093  3.44753289 -7.88668823  6.        
-5.92887115  2.75385308 -2.64868212  4.        
 2.99811506  0.57280701 -2.15304589  6.        
-1.21427095 -3.39783502 -1.06323195  2.        
1.38733697 2.63898492 1.07937598 3.        
-3.17745996  2.71528602 -4.49441481  4.        
 4.09091187  2.56064606 -5.83496094  6.        
1.94847095 4.67355299 2.62957811 3.        
 2.44850898  2.34844208 -5.99755907  6.        
-8.07982635  1.070328   -5.24920607  4.        
4.08345795 7.49043322 7.84243822 3.        
-1.28723896  1.00035906 -4.57586718  6.        
-1.04752398 -8.87307739 -1.20468104  2.        
 3.62224603  1.36232805 -3.38320899  6.        
-2.67354608  0.195885    0.34628299  5.        
-7.80576277  1.42948902 -4.80084181  4.        
0.075874   0.40496099 0.37179601 2.        
1.12978399 6.55415297 5.35128784 3.        
-4.16149092  2.40112305  2.17349195  5.        
-4.06546783  0.71822399 -0.928406    5.        
 3.25997901  2.77146912 -6.7038269   6.        
3.39319611 7.98794603 8.90512085 3.        
7.40367889 7.27421618 4.65539598 3.        
-5.16175079  1.31114197 -0.54571497  5.        
 1.43630195  3.11213708 -7.78268385  6.        
-2.98764801  1.93192995 -2.53289795  4.        
5.37754107 6.22631121 2.03167701 3.        
-7.30120087  2.93339491  4.059937    5.        
-0.74794799  1.42447698 -5.15512085  6.        
-1.01696002 -5.13908386 -1.12542701  2.        
3.65897393 6.98696899 6.35848999 3.        
2.61183906 5.01016188 3.11721802 3.        
-4.61749983  3.37479401 -0.68862897  4.        
2.46086907 7.58791304 8.64593506 3.        
-0.81164598 -1.50401294 -1.286255    2.        
3.37764001 7.24699402 6.9069519  3.        
6.9869771  6.86743879 3.10797095 3.        
 3.87065911  1.144997   -2.97238207  6.        
-5.60528612  2.93462396 -2.05673194  4.        
3.85785699 7.02449799 6.05499315 3.        
5.96495819 8.46642303 7.99212694 3.        
-1.63082099  1.22150397  2.41833496  5.        
6.83895111 6.67274523 2.42126489 3.        
6.86055803 8.81816101 7.74957323 3.        
-1.31797004  0.833839   -3.95300293  6.        
-3.6998601   1.80662501  1.55487096  5.        
4.77054596 5.76714277 0.59316999 3.        
-1.36056495 -1.60772705 -1.29406703  2.        
1.237221   3.80661011 1.89797997 3.        
-5.81010389  2.59925795  1.241974    5.        
7.13764191 6.87487793 3.753479   3.        
7.78051805 9.28917694 7.66247606 3.        
-0.77858698 -0.92066997 -1.213745    2.        
 3.45838904  0.676552   -2.19042993  6.        
4.95116377 6.84789324 5.41168213 3.        
3.98913598 6.22023821 4.20849609 3.        
6.13525391 6.88393402 4.58645582 3.        
-1.75481403  0.93070197  1.84115601  5.        
5.58463287 6.4330368  3.36956811 3.        
7.04724121 6.52822924 2.10388207 3.        
-7.18569994  2.98802209  2.63922095  5.        
-2.80781603  1.63880897 -1.97091699  2.        
8.3048172  9.07148743 7.52615404 3.        
-6.37050581  2.56199598 -2.78305006  4.        
-3.1866231   1.98151398  2.11572289  5.        
3.44468689 5.92248487 4.12603807 3.        
8.44700623 7.907547   4.4780879  3.        
-1.96629298  2.0911479   3.58496094  5.        
1.31949604 2.04375505 0.70181298 2.        
-4.55990601  2.6571269  -3.32974195  4.        
8.33656311 7.79632616 5.67965698 3.        
 2.33388495  3.44191003 -8.17367458  6.        
-4.65801191  2.51934791  2.0401001   5.        
-5.05541182  2.9769361   2.93148804  5.        
-3.64027405  2.47275496 -5.975739    4.        
 0.206764   -1.25775898 -2.56213403  2.        
5.11798096 6.46585083 4.03253222 3.        
 5.6985321   2.68119097 -5.35171509  6.        
-0.75843799  0.98571801 -4.41293287  6.        
 2.33662391  1.87105596 -4.85848999  6.        
6.53904676 6.85289001 4.05706787 3.        
-4.48445082  1.07673597 -0.614685    5.        
4.32083082 5.78301191 1.62527502 3.        
0.28868899 6.00309706 5.04833984 3.        
-0.30605301 -2.20507789 -1.97158802  2.        
-3.22128296  2.29433393 -2.21231103  4.        
-2.01954699  1.18498194 -2.00671411  2.        
-0.39196801  0.30049899 -3.14859009  6.        
-1.04552495 -5.26863909 -1.50369298  2.        
1.91015601 6.32009077 5.09405518 3.        
 3.26375604  3.16519904 -7.3961792   6.        
-3.64151001  2.71034193 -4.41873217  4.        
8.25398159 7.93818712 5.35775805 3.        
 1.78933001  0.77654302 -3.27185106  6.        
1.59037805 6.26696014 4.7842412  3.        
 5.35669708  3.10781097 -6.48382616  6.        
8.68444061 8.7064209  6.43133497 3.        
-7.00122786  3.34829712  4.443573    5.        
-1.20065296 -0.90372503 -1.53143299  2.        
-7.30429792  2.0754621  -2.45761108  4.        
-2.61512804  2.58206201 -3.04867506  4.        
-3.28469896  0.195618   -0.62777698  5.        
2.24710107 4.06533813 1.97927904 3.        
6.74944305 6.67286682 2.03143311 3.        
-6.6125412   1.79921699 -0.34570301  5.        
5.18046618 8.20973206 8.47412109 3.        
2.03224897 6.78118896 6.16778612 3.        
6.17540693 6.54034424 3.54418898 3.        
2.26087189 4.75952911 2.69616699 3.        
 5.23716021  3.26618195 -7.07125807  6.        
-5.45054579  3.14841509  4.54367113  5.        
-1.37361097 -7.12383986 -1.45968604  2.        
-1.01634204 -5.6998291  -1.08679199  2.        
-1.42292798 -3.8578341  -1.14431798  2.        
-7.29280806  2.99012804  2.31195092  5.        
-1.90222895 -1.75051105 -0.397064    5.        
-6.55799103  2.29598999 -3.89193702  4.        
-1.83570898  2.09727502 -6.20346117  6.        
5.83154297 8.13839722 7.46163893 3.        
-1.70883203  1.64915502 -5.77359009  6.        
7.68041182 8.4716568  7.22991896 3.        
-0.94511402 -7.2444458  -1.29364002  2.        
8.83001709 9.08162689 7.09033203 3.        
-1.27095795 -7.77996778 -1.32067895  2.        
-5.49956512  2.27032495 -5.66552687  4.        
-4.09552002  2.88221693  3.91119409  5.        
-3.41590095  2.72956896 -5.10165405  4.        
 8.28029633 10.10160828  8.29553223  3.        
-6.12657881  2.72669196 -2.17486596  4.        
 1.17030299  1.88240004 -5.21520996  6.        
7.38809204 9.99050903 8.51004028 3.        
-1.05782294 -6.1402359  -1.17416406  2.        
-2.77239203  2.46569109  4.03070116  5.        
3.63242292 7.80858612 8.66943359 3.        
1.94592297 2.83639503 1.23553503 3.        
-4.50455523  2.71578193 -3.809937    4.        
-4.69696808  3.190063   -1.30191004  4.        
0.94746399 1.66846502 0.99295002 2.        
-7.96222687  1.62635803 -2.95471191  4.        
-7.23149109  1.72985101 -4.65811205  4.        
 1.58454096  3.470505   -8.3684082   6.        
2.76421404 6.3167882  4.71536303 3.        
-7.89743805  1.96442401 -1.541412    4.        
-5.09478807  2.231323    0.96933001  5.        
7.12468719 9.19110107 8.33380127 3.        
-7.74622297  1.30157495 -5.21182299  4.        
6.87037706 7.52828979 5.73532104 3.        
0.691284   5.27292585 3.00149488 3.        
-3.56312609  0.51483899 -0.696747    5.        
8.2218399  7.70294905 4.19909716 3.        
-4.22628784  2.25215197 -5.96856689  4.        
-2.37490797  0.67127198  0.974976    5.        
-6.55799103  3.34941912  4.91433716  5.        
-1.22869897 -1.85398102 -1.568542    2.        
9.15342045 9.10428619 6.4284668  3.        
6.39780378 7.12958479 5.41925097 3.        
-5.2918849   2.74987006  2.0531919   5.        
-6.00960493  2.88961005 -1.52465796  4.        
-7.37267303  2.05536604 -3.17605591  4.        
 4.16961718  1.44982898 -3.44000196  6.        
4.22357178 6.15102386 3.72512794 3.        
-7.07316589  1.23142195 -6.25237989  4.        
-5.49208784  2.49617004 -4.93246508  4.        
0.42454499 0.53171498 0.072021   2.        
2.85504198 7.84696198 8.68533325 3.        
9.16953278 8.60034943 5.55355787 3.        
-4.86658478  2.69054389 -4.28228807  4.        
5.7539978  7.63446808 6.90545607 3.        
 0.93291497  2.03344703 -5.67971802  6.        
5.3632741  7.11440992 5.75216722 3.        
-2.60644507 -0.25206    -0.40509     5.        
-1.08538103 -0.79332    -1.24282801  2.        
-6.13310194  2.55280304 -3.28765893  4.        
-5.68068695  2.71431708 -3.13253808  4.        
-8.67013645  1.19444299 -3.73974609  4.        
8.15873718 8.31668091 6.87262011 3.        
-3.10528588  2.47096992  4.55511522  5.        
6.88683319 9.1690979  8.10238647 3.        
9.24101257 8.35973358 5.8477478  3.        
5.50761414 6.75673723 4.62228394 3.        
-1.05644202 -8.26047516 -1.45813     2.        
-7.66365814  1.97454095 -1.92343104  4.        
-6.14359283  2.00819397 -5.5939641   4.        
8.5548172  8.28207397 5.84527588 3.        
-7.20849609  3.19054389  3.88980103  5.        
-3.64611006  2.741997    3.75857496  5.        
4.29871416 6.383461   4.76944017 3.        
1.05614495 6.09319305 4.38452101 3.        
3.78608704 5.50399017 1.62100196 3.        
 0.43117499 -0.586586   -0.16149899  2.        
1.21033502 5.62340498 3.61697412 3.        
 0.213211    0.111107   -3.10299706  6.        
-1.66059101  1.36844599 -5.25149488  6.        
 1.66293299  1.87219203 -5.03552198  6.        
2.1132431  4.26139784 2.32086205 3.        
-4.22901201  2.94113898  4.54354906  5.        
-0.69152099  0.33457899 -3.00469995  6.        
-1.30115497 -6.83826494 -1.59484899  2.        
-4.36543989  1.64350104  0.51351899  5.        
8.10872555 7.76920319 5.11508179 3.        
4.16924286 8.05560303 8.90234375 3.        
-6.98628187  2.96599603  1.86840796  5.        
-0.37368801 -0.212624   -3.03393602  6.        
0.648148   1.60826898 0.85678101 2.        
 2.6018219   3.1426239  -7.57449293  6.        
-2.2539289  -0.84986901 -0.48956299  5.        
-8.34680176  1.65650201 -1.91632104  4.        
 2.02400208  1.01680803 -3.59271193  6.        
-1.05202496 -3.086555   -0.769867    2.        
-0.96340197 -6.91186523 -0.92471302  2.        
-3.77826691  2.91215491  5.07574511  5.        
4.18900299 6.66551208 5.35516405 3.        
-2.22956896 -0.47725701  0.156799    5.        
 1.86589003  0.37109399 -2.70779395  6.        
4.51543379 5.79827881 1.32540905 3.        
-6.50735521  1.88131702 -5.44125414  4.        
-3.89505005  2.86610389  4.42807007  5.        
-5.2407608   2.21458411 -6.2989502   4.        
 2.70348406  0.71086901 -2.72033691  6.        
7.89930677 7.72071791 6.64291382 3.        
-0.32427201  0.779854   -3.96539307  6.        
5.61711121 7.00745392 5.16076708 3.        
1.54648602 6.83631897 6.28787184 3.        
7.98062897 7.60398102 3.42971802 3.        
8.81909943 8.32814789 5.35543823 3.        
-4.01042891  2.79490709 -2.06707811  4.        
-6.91687012  2.00906396 -4.31390381  4.        
 3.8508451   2.19223809 -5.18737793  6.        
5.341362   7.77080488 7.70123291 3.        
-5.57475281  2.16328406 -6.07870483  4.        
-3.92340112  2.83583808 -5.89138794  4.        
 0.047882    0.53443098 -3.56451392  6.        
 3.00788903  0.78710198 -2.67788696  6.        
 1.42152405  2.23332191 -6.02648878  6.        
 3.81741309  2.91781592 -6.90139818  6.        
4.47520494 5.83692217 0.737701   3.        
 2.5058291   0.484604   -2.36819506  6.        
-4.52800798  1.35183704 -0.024963    5.        
 1.00704205  3.1603241  -8.17803955  6.        
5.06143188 7.486938   7.11825609 3.        
-1.24462104 -2.62517595 -0.61267102  2.        
 2.30400896  2.54698896 -6.50424194  6.        
5.07320404 5.9983139  2.51522803 3.        
4.11538696 5.677742   1.13183606 3.        
-6.2051239   2.39090705 -3.82257104  4.        
-0.978607   -7.49790192 -1.04598999  2.        
8.59068298 8.48696899 6.793396   3.        
 4.71767378  3.2370379  -7.20294189  6.        
2.43580604 6.44721985 5.09609985 3.        
6.3194499  7.50988817 5.947052   3.        
8.18222046 8.10805511 5.94247389 3.        
-6.20058393  2.36198497  0.80374098  5.        
6.51835585 8.60746002 7.70788622 3.        
5.16648912 6.30763197 0.74069202 3.        
1.66321599 2.70301795 0.94137597 3.        
4.67076111 7.87393188 8.79940796 3.        
8.36650944 8.88948822 6.86791992 3.        
7.98020887 8.83977509 7.48849487 3.        
-4.36968184  2.68228889 -4.91113281  4.        
8.33532715 7.88330078 4.91845703 3.        
-5.43017578  1.55807495 -0.316681    5.        
-6.71861982  3.35256195  4.28863478  5.        
1.33724201 7.15112305 6.91369581 3.        
4.72479296 5.94271803 1.92581201 3.        
-6.74546099  3.29567003  3.74762011  5.        
8.74038696 9.64861298 7.3656621  3.        
1.30207801 6.67651415 5.79141188 3.        
5.55731201 7.51718903 6.17361498 3.        
8.48951721 8.05083466 5.16308594 3.        
6.4042511  6.78603411 1.54544103 3.        
-3.77486396  0.54041302 -0.94912702  5.        
2.70837402 7.19560194 7.105896   3.        
 0.240532    0.301476   -3.35107398  6.        
 0.40744799  0.058334   -0.01532     2.        
6.35189819 8.94929504 8.28204441 3.        
2.80411506 7.01465607 6.62982178 3.        
-9.14241791  0.42675    -4.6628108   4.        
2.63978601 6.7069931  5.77108812 3.        
-2.69839501  2.89173102 -3.8465271   4.        
-1.32535505 -8.38851166 -1.71691895  2.        
-0.76737201 -2.20341492 -0.726318    2.        
3.03416395 6.60140991 5.20376587 3.        
3.30820489 6.70764208 5.40304613 3.        
6.18217516 7.98689318 6.9316411  3.        
-3.64612603  1.686836    1.27139294  5.        
 1.42526996  0.14771999 -2.235291    6.        
 5.14347792  2.81565905 -6.06634521  6.        
6.43107605 8.23583984 7.62854004 3.        
7.09826708 9.75630188 8.93835545 3.        
-3.07049608  1.82235003 -1.92660499  2.        
-0.36406699 -1.69954705 -0.87548798  2.        
8.72442627 7.73317719 4.13281202 3.        
7.62468719 8.24047089 6.66052198 3.        
-8.06562042  0.67276001 -6.1257019   4.        
1.32512701 3.04344201 1.22869897 3.        
 2.39570594  0.065125   -2.09256005  6.        
5.35460711 7.57958984 6.5097661  3.        
8.58818817 8.04704285 4.72225904 3.        
 0.065529   -1.70826697 -1.99731505  2.        
-1.77277398  0.337807    0.799164    5.        
-1.10274506 -2.13955688 -1.24502599  2.        
 1.178635    2.36467695 -6.24130201  6.        
 1.99810803  2.21855211 -5.84204102  6.        
3.28259993 6.82646179 5.694489   3.        
 0.34555799  2.72795105 -7.36440992  6.        
-6.66151381  2.64193702 -1.58096302  4.        
-3.08261108  2.50763702  3.87814307  5.        
-1.64446998 -0.499084    0.22418199  5.        
-3.00705695  0.179787   -0.136475    5.        
-1.10778105 -4.3442688  -1.03460705  2.        
-0.221771    1.13394904 -4.42315722  6.        
-1.31085205  0.93463898  2.17230201  5.        
-0.30714399 -0.750763   -0.45318601  2.        
-2.16179705  1.255867    2.07214403  5.        
3.36972809 5.28077698 2.40432692 3.        
-3.16222405  1.44065106  1.27706897  5.        
 3.888695    0.95030999 -2.38861108  6.        
3.01856208 4.76092482 1.512146   3.        
-1.19460297 -3.27874804 -1.39077795  2.        
-0.54084003 -0.65553302 -0.81860399  2.        
-0.37518299  2.49701691 -7.00692701  6.        
 4.74472809  3.41531396 -7.51205397  6.        
8.31913757 9.81008244 8.03625488 3.        
2.97206903 7.2637558  7.6567378  3.        
-2.81563592  2.12965393  2.75387502  5.        
 4.79623413  2.94023108 -6.58465576  6.        
-2.66445208  1.61719501 -2.24319506  2.        
3.44322991 7.53030396 7.86196899 3.        
-5.07537794  2.69843292 -3.31347704  4.        
-1.20095801 -8.21140289 -1.19018495  2.        
 4.79717302  2.56257606 -5.59371901  6.        
-5.63191223  1.98548102  0.196198    5.        
 1.48395503  2.52906799 -6.62875414  6.        
-1.063362   -1.05631995 -0.98916602  2.        
7.48078918 8.44980621 6.99484205 3.        
 5.11906385  2.5539701  -5.50518799  6.        
7.178123   8.75572968 7.81787109 3.        
 5.28388977  2.15898895 -4.60580397  6.        
-5.69290209  3.09003401 -0.78787202  4.        
-3.50393701  2.48657203 -2.27087402  4.        
-0.73050702 -1.57862103 -0.87158197  2.        
-3.57273889  2.30495405  2.28250098  5.        
-1.35227203 -3.50656891 -1.65789795  2.        
3.64524794 6.40470886 4.73501587 3.        
3.25476789 7.44223785 7.58892822 3.        
-6.74265289  1.98670995 -4.81048584  4.        
7.82251692 7.98376513 6.03497314 3.        
-8.42658234  1.06196594 -4.27710009  4.        
5.05131483 8.07163239 8.23287964 3.        
-1.24980903 -5.61993408 -1.49658203  2.        
-1.30108595  1.580948   -5.67840576  6.        
-0.87497699 -2.36601305 -0.96273798  2.        
-5.84402514  2.27722907 -5.28723097  4.        
 4.74131823  3.61870599 -7.78973389  6.        
-6.76722717  2.45846605 -2.01922607  4.        
-5.14093781  2.04710388  0.593445    5.        
-1.30854797 -5.92074585 -1.73510695  2.        
0.97373199 2.40738702 0.91918898 2.        
0.94104803 1.44808996 0.48800701 2.        
-7.20523119  1.54427302 -5.28292799  4.        
-4.46653795  2.98077393  3.92758203  5.        
7.09197187 8.49817657 7.52932692 3.        
 0.140846  0.104591 -0.174042  2.      
-3.80170393  2.87944007 -1.860901    4.        
2.64616394 7.40895081 8.16271973 3.        
6.90193176 8.09864044 7.24725294 3.        
 4.32827806  1.60636902 -3.76986694  6.        
-3.94455695  2.5266881  -5.88394213  4.        
-1.04891205 -6.64383698 -1.33285499  2.        
8.68733215 8.00325775 5.72729492 3.        
3.3196559  5.16662598 1.865448   3.        
3.6215589  5.83337402 3.8808291  3.        
3.01874495 7.59804487 8.78805542 3.        
4.07865906 6.6113739  5.03716993 3.        
-6.78385878  2.3836441  -3.24362206  4.        
-0.95371199 -5.85980177 -1.34234595  2.        
2.38127899 7.59715319 8.18591309 3.        
-0.043427   -0.87869298 -2.53820801  2.        
 0.74363703  2.26611304 -6.23529005  6.        
-5.0645752   3.10855103  3.92596412  5.        
-2.57511091  1.928146    2.68075609  5.        
4.69498396 6.01739502 2.7588501  3.        
-2.29113793  1.91082001  3.81002808  5.        
6.59491014 9.02541447 8.69628906 3.        
-4.31201887  2.83596802 -2.10711694  4.        
 2.50871301  2.15380096 -5.47100782  6.        
 0.38855001  0.85907698 -3.85061693  6.        
0.48339099 6.01458693 4.52368212 3.        
8.63276672 9.41828156 7.11224413 3.        
6.414536   6.24837494 1.62585402 3.        
-7.64116716  1.87209296 -3.59204102  4.        
 1.24922895  0.51540399 -3.21286011  6.        
 1.18801105 -0.15482301 -2.27926612  6.        
7.27541304 8.16171265 7.09002686 3.        
6.95468903 9.47141266 8.37567139 3.        
-1.1875    -9.2029953 -1.262604   2.       
6.55474806 6.53485107 3.13531494 3.        
-6.24937391  2.33287001 -4.47866821  4.        
 3.44042993  2.62694597 -6.32989502  6.        
-1.28309596 -6.32072401 -1.538239    2.        
-5.36411285  2.67567396 -3.98123193  4.        
1.83909595 7.05342102 7.64300489 3.        
 0.25762901  1.20987701 -4.43975782  6.        
-1.73431396 -1.03024304  0.032776    5.        
-6.80470324  2.79186296  1.59719801  5.        
 5.45632219  2.83303809 -5.82641602  6.        
3.30461907 5.75177813 3.919312   3.        
5.77335405 7.83391619 7.38577318 3.        
-0.99965698 -4.25511217 -1.369385    2.        
-6.14303589  3.239815    5.17758179  5.        
-0.91548198 -3.944206   -0.51022297  2.        
-0.123955 -0.977768 -0.24942   2.      
1.44271898 4.66098785 2.52947998 3.        
9.11192322 8.42573643 4.86587477 3.        
8.30497742 7.44290209 3.98370409 3.        
-7.64119005  1.91958594 -3.06933594  4.        
-3.92959595  2.75373101  3.09948707  5.        
-2.8372879  2.2263031 -2.6877749  4.       
8.77880859 7.89533186 5.20407104 3.        
8.45147705 7.66426897 3.42938209 3.        
-3.61427307  2.35948205 -2.81777906  4.        
-6.08734083  2.67554498  1.33209205  5.        
1.74768806 5.89655304 4.16348314 3.        
4.0920558  7.31277514 7.03170776 3.        
-3.35524702  0.57653803 -0.18481401  5.        
-3.02470398  2.43900299  3.53323388  5.        
 5.23111677  1.80461097 -3.83502197  6.        
-1.90789795 -1.31259894 -0.019135    5.        
1.91950202 3.56703901 1.63580298 3.        
7.32823896 7.7072978  5.88671923 3.        
4.18561506 7.7725749  8.09536743 3.        
-8.60352325  1.38666499 -2.99111891  4.        
-0.26979801  2.16524506 -6.53967285  6.        
 0.44060501  2.90925598 -8.04782104  6.        
-7.60119581  1.19869995 -5.69766188  4.        
-7.15102386  2.06259203 -3.69424391  4.        
-5.18822479  1.65551805  0.102478    5.        
 3.41988397  1.03969598 -2.81399488  6.        
 0.114052    1.44440496 -4.84298706  6.        
-5.98488617  2.37302399 -4.69900513  4.        
-8.72702789  0.88165998 -3.85873389  4.        
-5.99917603  2.56433105 -3.58255005  4.        
-3.74930596  1.26556396  0.532471    5.        
-0.15847    -0.440956   -2.93356299  6.        
-5.80076599  2.42745209  0.95706201  5.        
-5.47831011  2.96886396 -2.33740211  4.        
-4.44519806  2.80060601 -2.66912794  4.        
-4.87884521  3.08515906  4.16067505  5.        
-4.73158979  2.44146705 -5.82144213  4.        
5.82592821 8.42589569 8.82858276 3.        
-4.96151018  3.05030107  3.64880395  5.        
 4.37795305  1.29142797 -2.82217407  6.        
-4.67680407  2.9637301   3.60699511  5.        
 2.88156891  1.71709394 -4.51000977  6.        
-8.30197144  1.53900099 -3.28924608  4.        
1.98972297 5.15602112 3.21139503 3.        
6.18127394 8.67700195 8.71307373 3.        
6.34992218 6.44733381 2.93115211 3.        
5.60257006 6.21151018 2.23230004 3.        
-4.42568207  3.069664    5.16442919  5.        
 3.65672302  3.11861396 -7.37347412  6.        
-5.88490295  1.89239502 -6.39798021  4.        
 5.04576921  1.62369502 -3.19671607  6.        
 3.4787221   1.95290399 -4.76519823  6.        
-8.84733582  0.59873998 -4.97433519  4.        
-7.23503923  3.00377703  3.35760498  5.        
-0.87843299 -3.43919396 -1.241974    2.        
-3.72599006  0.924667    0.089661    5.        
6.22807312 6.48384905 2.38580298 3.        
-8.32012939  0.90927899 -5.16223097  4.        
-2.27947998  0.22224399  0.575836    5.        
6.74971008 6.970047   1.94110096 3.        
-7.41799212  2.20078301 -2.0445559   4.        
 4.15499115  1.24790204 -3.01699805  6.        
4.60272217 6.41504717 4.31555223 3.        
-3.58715105  2.64113593 -5.38424683  4.        
-0.80957001 -3.11500597 -1.26290905  2.        
-3.68139601  2.0544591   1.79345703  5.        
-3.7786479   2.65699792 -3.62207007  4.        
 1.71298206  2.15327501 -5.74447584  6.        
 4.82367706  1.57704902 -3.39453101  6.        
1.04701197 2.16535997 0.76150501 2.        
9.05995178 8.66751099 6.56546021 3.        
-3.30862403  2.6362381  -3.87463403  4.        
-0.41065201 -0.32280001 -0.35955799  2.        
-6.31701708  2.10669708  0.26437399  5.        
 3.25619507  3.01660204 -7.12048292  6.        
1.66255903 3.15219903 1.39755201 3.        
-0.65432698 -1.82582104 -1.10702503  2.        
8.35179138 7.99627686 6.15939283 3.        
5.56851196 8.28067017 8.89550781 3.        
5.38256788 6.06755781 0.78164703 3.        
3.40577698 5.42936707 3.05374193 3.        
 2.05900598  3.16118598 -7.68780518  6.        
-1.61832404  0.70381898 -3.8067019   6.        
 3.38422394  3.66747999 -8.2199707   6.        
-0.61411297  1.75594294 -5.75970507  6.        
-6.05798292  1.82734704 -0.46081501  5.        
4.50212908 7.36021423 7.02475023 3.        
5.1364522  6.12480879 1.68490601 3.        
-4.11084795  3.0904851  -1.55697596  4.        
-6.04511976  3.02962494  2.38259912  5.        
1.22034395 3.26656294 1.78100598 3.        
 0.169861   -1.26586103 -2.24145508  2.        
 5.12017822  3.09359694 -6.67617798  6.        
-1.54503596  0.73781598  1.63619995  5.        
 3.4804461   2.22839403 -5.35839796  6.        
-5.67269087  1.71641505 -0.25869799  5.        
-8.33402157  1.10286701 -4.66705322  4.        
-5.63279009  3.22530389  3.67507911  5.        
-1.13905299 -2.86991906 -0.97030598  2.        
4.49432421 6.97774506 5.62237597 3.        
7.68415785 9.16576385 7.91226196 3.        
 4.85680389  1.45049298 -2.71615601  6.        
-9.07099056  0.25583601 -5.26022291  4.        
-0.85241699 -5.37609911 -0.91525298  2.        
4.7845149  6.02536011 1.23660302 3.        
-2.37463403  1.85995495  3.07043505  5.        
8.49056244 9.85079956 7.6437068  3.        
-5.20606184  2.8746109   2.38388109  5.        
6.32914019 8.25707245 7.31640577 3.        
-7.64207506  1.865906   -2.48190308  4.        
6.82306719 6.63353014 3.03927588 3.        
5.91475677 6.63596296 3.9498899  3.        
8.9048996  7.85524702 4.36148119 3.        
-1.32862794 -9.44605255 -1.45745802  2.        
-5.90610504  3.22411394  4.85406494  5.        
-4.07669115  2.85971808  3.51229906  5.        
-1.68370104 -1.57496595 -0.31265301  5.        
-4.26456404  2.15978193  1.68710303  5.        
 0.62869298  1.47241199 -4.75        6.        
-2.61622596  1.63217199  2.03735399  5.        
4.71305084 6.07801819 3.33691406 3.        
-1.09413195 -7.84411621 -1.607849    2.        
-1.17517102 -1.39807105 -1.20980799  2.        
8.24246979 9.04521942 7.08166504 3.        
-3.04870605  0.109215   -0.47903401  5.        
7.67405701 7.79951477 5.79437304 3.        
 5.02274323  1.26738703 -2.93481398  6.        
1.26339698 4.30106306 2.14883399 3.        
1.47826397 6.09137011 4.3939209  3.        
2.54048896 4.43998003 2.23526001 3.        
4.20540619 5.75318193 2.60668898 3.        
-2.96037292  2.65193892 -4.23455811  4.        
-5.25466204  2.92228699 -2.72476196  4.        
-6.54161119  2.03032708 -0.076691    5.        
-7.02876282  3.36219001  2.88214111  5.        
-7.08750916  2.22975898 -2.29391503  4.        
1.01159704 6.93866682 6.41574097 3.        
-3.14784193  2.01630402 -2.30310106  4.        
0.86292303 5.81591797 4.04107714 3.        
-0.69985998  2.2645421  -6.83328295  6.        
5.82831621 6.38729095 2.81051612 3.        
-5.29982805  3.14196801 -1.17376697  4.        
-3.24678802  2.398453    3.0601809   5.        
-3.14884901  2.74683404 -4.80123901  4.        
-0.24246199 -2.43608904 -1.75994897  2.        
-0.76604497 -7.45837402 -1.37322998  2.        
7.30399323 9.10002136 8.08978271 3.        
-4.32609606  2.53871894 -5.98974609  4.        
-6.88833618  2.18596697  0.303406    5.        
-1.50022101  2.30266595 -6.82543898  6.        
-5.05084991  3.00711107 -1.80105603  4.        
 0.62259698  2.38358307 -6.48391724  6.        
-6.17029619  2.92061591 -1.28006005  4.        
 1.75518     1.29935503 -4.05178785  6.        
-3.69289398  0.80779302 -0.20175201  5.        
-4.25342607  1.95132399  1.19973695  5.        
-3.24140191  2.45011091 -3.37893701  4.        
2.26444197 6.59303999 5.42987108 3.        
-6.66357422  3.17098999  2.32321191  5.        
-4.76281023  3.32152605 -0.93298298  4.        
7.70131683 7.35102081 4.16842604 3.        
5.02259111 6.59808397 4.7718811  3.        
 4.28770494  3.23431396 -7.41503906  6.        
1.31785595 2.62132311 1.606323   3.        
-4.56955004  3.00845289  4.66427612  5.        
-9.35632324  0.19373301 -4.98895311  4.        
-5.82972002  3.26635003  4.11911011  5.        
 2.50173903  0.333359   -2.10171509  6.        
-3.13725996  1.83720398  1.77352905  5.        
-2.35519409  2.44261193  3.94809008  5.        
2.30784607 6.22242022 4.709198   3.        
6.82798815 6.85181379 3.5214839  3.        
8.14849091 7.40864611 4.57379103 3.        
8.39807129 8.59328461 7.02938795 3.        
 3.0123899   1.92317998 -4.83300781  6.        
1.07204401 6.77320099 5.93554688 3.        
-0.62391698  2.6909709  -7.54855299  6.        
-5.35813093  2.68903303 -3.36447096  4.        
 0.188255    2.6655879  -7.71048021  6.        
-0.77367401 -2.55458808 -1.17355299  2.        
-1.30689204 -7.44606781 -1.022614    2.        
1.706375   2.54618096 1.17785597 3.        
-2.68223596  1.33605194 -2.15243506  2.        
-2.87480903  1.66771698 -2.60168505  4.        
7.52957916 7.26937103 3.28839111 3.        
-9.07084656  0.949875   -3.46661401  4.        
 0.51390803 -0.80979902 -2.33960009  2.        
7.95922899 7.38748884 2.88211107 3.        
7.63353014 9.64542389 8.17388916 3.        
-4.15167999  1.15468597 -0.048126    5.        
-1.08468604 -4.87274885 -1.205688    2.        
 1.08579195 -0.05632    -2.76397705  6.        
-5.49185181  3.15598297  4.26092482  5.        
5.2637558  6.23352814 2.8742981  3.        
-6.14767504  1.87746406 -5.91131592  4.        
6.83228302 6.77190399 2.73837304 3.        
-3.88820601  2.63610101 -5.44503784  4.        
-0.25324199  1.68875098 -5.54067993  6.        
-6.94359589  2.3064189  -0.195251    5.        
-1.57979596 -0.003288   -1.83752406  2.        
-6.28818512  2.7184751  -1.75555396  4.        
-7.48162794  1.37789202 -5.28738403  4.        
-1.06439996 -1.92922997 -1.03356898  2.        
-1.36448705  0.90173298 -4.31967211  6.        
-6.84655809  1.78202796 -5.14898682  4.        
6.30005693 7.94921923 7.18850708 3.        
6.88281202 7.13299608 5.13037109 3.        
 1.75016797  2.39228797 -6.30767822  6.        
-4.20794678  1.42441595  0.41674799  5.        
-0.65115398 -1.76628101 -1.72552502  2.        
1.74894702 5.61750793 3.72793603 3.        
7.36975908 7.21492004 2.67926002 3.        
1.72147405 4.27005005 2.31365991 3.        
-1.78912401  1.20193505  3.06964111  5.        
-0.85942101  0.47373199 -3.58715796  6.        
-5.26570892  2.96307397 -2.14825392  4.        
-3.52884698  2.0904851   2.06796288  5.        
1.99987805 6.22694397 4.79711914 3.        
-2.08554792 -1.62910497 -0.68365502  5.        
-0.32072401  2.68419695 -7.578125    6.        
-1.46795702  1.35390496  2.75408912  5.        
-1.50210595 -0.70462799 -1.75689697  2.        
-1.44605303 -3.55982995 -1.09167504  2.        
-2.00345612  2.38635993  3.63943505  5.        
 1.33622003  3.27690911 -7.99108887  6.        
5.82923079 6.37616682 2.16589403 3.        
8.98232269 9.28865814 6.73980713 3.        
-7.12390089  2.39630103 -1.75164795  4.        
 3.64397407  1.56145501 -3.79959106  6.        
5.46581316 6.51434278 4.20861816 3.        
-0.59094203 -2.79724097 -1.52258301  2.        
-3.0251081   0.89619398  0.86321998  5.        
 3.21617103  1.30616796 -3.37618995  6.        
-0.80677801 -6.46003723 -1.18441796  2.        
-1.17662799 -2.5866549  -0.88497901  2.        
7.147614   9.05947113 7.81234694 3.        
-1.94417596  0.98243701 -4.52716112  6.        
 4.14359283  2.96883392 -6.95001221  6.        
-0.106209    2.48569489 -7.09463501  6.        
6.01230621 6.6294632  1.09823596 3.        
2.13586402 5.3335948  3.44885302 3.        
7.45114088 9.33912659 7.92901611 3.        
-7.56397295  1.54051197 -4.70544386  4.        
-4.54798079  0.88517803 -1.07742298  5.        
6.53613281 8.55132294 8.05578613 3.        
-2.16178894  0.935013   -2.01104689  2.        
5.95223999 7.81869507 6.76449585 3.        
1.70164502 6.53266907 5.32064819 3.        
1.12322199 3.34878492 1.49987805 3.        
2.80517602 4.90653992 2.40185595 3.        
6.58669281 9.58061981 8.95526123 3.        
0.350555   6.55087996 5.73355103 3.        
6.40549517 6.47634077 2.63580298 3.        
7.99173021 7.30619001 4.19033813 3.        
7.89237213 7.56614685 3.16461205 3.        
-2.19612908 -1.70130897 -0.40756199  5.        
 4.77200317  1.68735504 -3.83682203  6.        
1.79751599 3.91079712 2.05554199 3.        
3.40389991 5.14635515 1.48568702 3.        
-3.31689405  2.56716895  4.71389818  5.        
-6.51581621  2.47589898 -3.32629395  4.        
-5.39401197  3.25852203 -0.61709601  4.        
-7.01536608  2.56778693 -1.15390003  4.        
6.8395772  7.24565077 5.50842285 3.        
5.73797607 8.57229614 8.47158813 3.        
-1.150841  -9.1572876 -1.804474   2.       
-1.58713496  0.98355103  2.15667701  5.        
-6.26621199  2.15485406 -5.04217482  4.        
7.3008728  8.09548855 6.61105299 3.        
-2.03330207  1.07633996  1.89727795  5.        
-1.21662104  0.61112201 -3.53115797  6.        
 3.58779907  3.55159807 -8.45370483  6.        
3.25280809 5.62924194 3.42312598 3.        
 1.04913294  1.70993805 -5.01538086  6.        
 -1.09061396 -10.19272614  -1.28073096   2.        
5.26917982 7.72496796 7.09381104 3.        
 3.78839111  1.74206495 -4.13018799  6.        
4.24125719 6.98410797 6.1091609  3.        
-8.01386261  0.95201099 -5.62002611  4.        
8.00218201 9.4039917  7.94949293 3.        
2.92355394 4.6955719  2.0375061  3.        
 2.70777106  1.448982   -3.884094    6.        
 2.84826708  3.77498603 -8.51306057  6.        
 1.34973097  1.02441394 -3.74450707  6.        
-1.42604804 -0.54541802 -0.97464001  2.        
-2.44830298  1.18563795  1.48574805  5.        
-6.87620497  2.39290595  0.78137201  5.        
3.89569807 5.46312714 1.33947802 3.        
3.16620588 4.88942719 1.91583204 3.        
-5.90211487  2.87031603 -2.09152198  4.        
8.1542511  7.6700592  3.92340112 3.        
5.76337385 6.29387712 1.65844703 3.        
-0.53842199 -4.49900103 -1.14648402  2.        
-0.801476    2.00679803 -6.20193481  6.        
-1.78144097  1.36834002  2.60143995  5.        
4.58623505 5.77888489 2.32885695 3.        
7.39806414 9.7467804  8.64468384 3.        
 4.52136183  2.56504798 -5.63302612  6.        
7.66869307 7.19472504 2.70245409 3.        
6.01168108 8.27102661 8.18490601 3.        
3.98490906 7.51244307 7.25186205 3.        
-3.41581011  2.83847809  4.94525194  5.        
8.47754669 8.28807831 6.59777784 3.        
7.19996595 7.08725023 4.01638794 3.        
-4.88597107  2.6445241  -4.73132277  4.        
-5.75314283  2.88461304  1.94848597  5.        
1.26027703 2.31539893 1.445068   2.        
-6.15921783  2.99254608 -0.79608202  4.        
-6.93315077  3.32403588  3.21981812  5.        
 3.06331611  2.30355096 -5.66967821  6.        
-0.25037399 -1.66438305 -2.33786011  2.        
3.09965491 7.12591505 7.14962816 3.        
5.19197083 6.95652008 5.50405884 3.        
4.11668396 5.87770796 3.43078589 3.        
-0.555664   -1.21960402 -0.62762499  2.        
8.8135004  8.99042511 6.54415894 3.        
-1.78320301 -0.65893602 -1.54785204  2.        
-2.93676805  1.247154    1.226776    5.        
1.92427099 7.26528215 8.16925144 3.        
6.9910202  7.03362322 4.20925903 3.        
-4.88153076  2.50157905  1.70129395  5.        
2.85365295 5.38440704 3.51834106 3.        
 5.39237213  2.38919091 -4.98779297  6.        
-1.31938899  1.51825702 -5.37530518  6.        
 0.53004497  2.62580109 -6.98077393  6.        
-5.90035295  2.98065901 -1.28106701  4.        
-3.42561293  2.71347809 -1.902161    4.        
-5.15913391  3.19474792  5.54013109  5.        
-6.34283495  2.52301002  0.98571801  5.        
5.77088213 8.44150543 8.18710327 3.        
7.9151988  7.28483582 4.48522902 3.        
 0.81138599  2.51135993 -6.69143677  6.        
-1.62364197 -1.81226397 -0.43991101  5.        
 4.36921692  2.15181708 -4.89047194  6.        
7.72514296 9.07557678 7.49697924 3.        
-1.39355505 -0.380669   -1.40069604  2.        
5.6109848  6.41233778 3.74273705 3.        
 3.08025408  2.50299811 -6.09133911  6.        
7.97373199 7.59417677 4.74288893 3.        
-0.78353101 -3.87780809 -1.22238195  2.        
 2.159729    1.61413598 -4.52520704  6.        
2.26126099 5.49846697 3.75451708 3.        
-4.65307617  2.64955902 -5.06866503  4.        
-7.03144121  2.80635095  2.16284204  5.        
-2.34341407  1.55309296  2.3777771   5.        
-1.39724004 -1.24229395 -1.42971802  2.        
-1.29487598 -8.41378784 -1.44464099  2.        
6.75507307 6.29535723 2.01504493 3.        
5.55004883 6.2360692  1.26184106 3.        
 0.55996698  1.89653003 -5.68548584  6.        
2.9047699  7.65002394 8.44525146 3.        
-0.56374401 -0.99014997 -1.03985596  2.        
-2.915802    1.99128699  2.23266602  5.        
0.38835099 1.13787103 0.284271   2.        
 3.60780311  0.85402697 -2.46484399  6.        
0.86817199 1.88492596 0.83898902 2.        
