-8.3746109  16.82949257  9.49026489  3.        
  2.74336195 -20.30654907  -2.49328589   2.        
  6.03289795   8.2469101  -10.48999023   6.        
 2.09925103 -4.48957109 -1.82211304  2.        
-7.67805481  1.69754803 -8.81292725  4.        
-2.40736389 10.07292175 -0.13848899  2.        
8.75717926 6.89588881 0.69500703 5.        
 1.86990404  3.71655297 -3.15237403  2.        
-7.93650103 15.87252045  1.39193702  3.        
  2.70666504 -12.3859024   -2.49481201   2.        
 0.61473101  9.66057587 -6.45431519  6.        
-0.80900598  1.46467602 -9.02340698  4.        
-2.85703993 17.30510712  5.57018995  3.        
-4.37673187  2.57192993 -3.53948998  4.        
 7.78160095  4.26830292 -4.90072584  5.        
4.89790297 3.21244788 1.20950305 5.        
 5.86616516  9.84198761 -5.4251399   6.        
-0.58845502 -0.886742   -4.41067505  2.        
-10.40371704  15.08024597   5.47720289   3.        
 3.57276893 -0.212189   -1.85327101  2.        
-4.59668684 19.17930603  9.45849609  3.        
-1.34372699  5.72389221 -0.92858899  2.        
-4.13921404 13.87665558  0.908539    2.        
-6.93759918 17.24843597  5.65768385  3.        
  2.349617     9.79957581 -10.14404297   6.        
 1.90874505 -8.45623016 -2.27020311  2.        
  2.67849708 -16.34980774  -2.2718811    2.        
10.37758636  6.35367584 -2.80783105  5.        
-4.2409668   2.10287499 -7.29754591  4.        
 6.55493879  4.80394697 -1.55575597  5.        
 1.447083    7.20163012 -3.89395094  2.        
 -3.97164893   1.43500495 -10.71051025   4.        
-4.24665785 16.85228729  2.43731689  3.        
-0.28190601  1.386024   -1.98416102  2.        
 4.76140594  2.79861403 -4.46795607  5.        
-6.95227814  2.07739997 -5.4906621   4.        
-7.59583282 19.87416077  9.71429443  3.        
 3.50397491  9.50414276 -7.35711718  6.        
 3.39131904  9.53292084 -3.77975512  6.        
-1.79348004  1.17123401 -6.07516479  4.        
 4.53166199  2.54921007 -1.61834705  5.        
 1.15132105 -1.85339403 -2.25064111  2.        
6.52767181 5.45925903 1.75906396 5.        
 6.53347015  9.31645966 -7.99835205  6.        
-8.33832455 15.75614929  3.97219896  3.        
-4.83076477 17.73429108  7.32376099  3.        
-9.793396   15.26993561  7.946136    3.        
-2.41094995  1.021034   -3.62399292  4.        
-7.18223619 18.21966553  7.93713379  3.        
-0.10675     3.72474694 -1.36227405  2.        
-0.104584   -3.31002808 -3.66091895  2.        
-5.78857422 15.1348114   2.03063989  3.        
 8.42597198  6.25736189 -1.525635    5.        
-2.57013702  7.85555315 -0.84375     2.        
-4.02072096 11.685112   -0.046112    2.        
 1.74552906  1.45220196 -2.88977098  2.        
-5.50362396  1.91944897 -9.16992188  4.        
-5.99925184 16.35256195  3.878052    3.        
 4.42441607  9.20017242 -9.34423828  6.        
 3.23140001 -2.38876295 -2.11190796  2.        
-8.44786072 16.65899658  7.04769897  3.        
 0.92108899  9.45523071 -8.55343628  6.        
 6.2094121   3.98020911 -3.51956201  5.        
 2.13800001  8.80990601 -5.30969191  6.        
 2.11090112 -6.4419632  -2.740906    2.        
-3.66057611  1.73012495 -5.35614014  4.        
-2.96491194  1.75396001 -8.94891357  4.        
 8.63008118  5.52905321 -3.46301293  5.        
  2.55162811 -10.34477234  -2.615906     2.        
10.22437954  7.07918596 -0.93185401  5.        
  2.63663507 -14.35961246  -2.82971191   2.        
 1.27829003  2.30777693 -1.08608997  2.        
-4.92309618 17.31459045  5.25985718  3.        
  2.56765795 -18.32273865  -2.5093689    2.        
-6.3924098   2.24714708 -7.3630681   4.        
-9.9562149  15.34397888  2.95086694  3.        
 7.20283508  5.89047194 -0.017883    5.        
-8.1259613  18.26454163 10.77752686  3.        
5.72572279 4.57922411 0.155426   5.        
-0.221191    1.20532203 -7.22122192  4.        
 1.00296795  5.36460876 -3.61444092  2.        
 1.07751501  0.062462   -1.77984595  2.        
 3.95476508  9.57415771 -5.57699585  6.        
-3.59564209 17.55081177  3.94921899  3.        
 3.68186212  1.37440503 -2.66094995  2.        
4.03207397 2.20606208 0.087219   5.        
-5.28697205  2.23031592 -5.05706787  4.        
 6.23809099  3.33178711 -5.16586304  5.        
 5.1499629   9.45463562 -6.97055006  6.        
-6.24323988 19.02104187  9.15924072  3.        
 1.37957001 -4.01859999 -3.23910499  2.        
-3.3211441  17.07913208  7.33331299  3.        
-8.804039   15.86257172  5.54623413  3.        
 -1.969643     1.38533795 -10.18914795   4.        
-1.96432495  1.43136597 -7.71746778  4.        
 -5.82198286   1.41111803 -10.65078735   4.        
-4.22060394 15.33317566  1.813416    3.        
-3.88483405 17.97940063  8.57522583  3.        
-1.58383906  0.279457   -4.78393602  4.        
 2.49683404  9.5851593  -8.58761597  6.        
  4.64100599   9.11379242 -10.89974976   6.        
 5.36380005  3.81686401 -1.16906703  5.        
-7.20944977 15.7297821   2.88412499  3.        
-1.16140699  7.28288317 -0.613617    2.        
 2.06633806  9.37014008 -6.81936693  6.        
 7.26327515  4.91330719 -2.93768311  5.        
 4.97891188  3.28827691 -2.96106005  5.        
-7.42672682 18.16181183  9.46676636  3.        
-0.54450202  0.31598699 -5.84478807  4.        
 0.30773199 -1.88825202 -3.78619409  2.        
-6.27323103 18.01890564  6.82476807  3.        
 1.95780206 -3.08816504 -2.14483595  2.        
-9.23049927 15.69181061  9.24777222  3.        
 5.8144908   8.85523987 -9.18463135  6.        
 2.44213891 -1.19172704 -2.14398193  2.        
 4.74327803  9.70868683 -4.38885498  6.        
 0.94634199  2.60592604 -2.85751295  2.        
-2.99875593  1.55893695 -6.67690992  4.        
-7.7176671   1.82993305 -7.38345289  4.        
5.52204084 4.52423906 1.55743396 5.        
 1.02818298  8.12081909 -4.85830688  6.        
-5.37033081  2.10814691 -6.44522095  4.        
-9.78028107 15.60991669  6.60870409  3.        
-5.20868683 18.60531616  8.30413818  3.        
-8.53972626 15.88858032  2.61560106  3.        
-9.67250824 15.3870697   4.36724806  3.        
7.67090607 6.30705309 1.27276599 5.        
-7.43158722 16.67386627  4.4041748   3.        
-4.6133728  16.68286896  3.75485206  3.        
 3.90527296  2.51002502 -3.34881592  5.        
 2.0820241   8.91823578 -3.97271705  6.        
 3.90921807  1.06799304 -1.37579298  2.        
-8.09575653 17.30570221  8.19259644  3.        
-4.24229383  2.05181909 -8.85110474  4.        
-6.84361982  1.50567603 -9.7923584   4.        
-6.36473083 20.30654144  9.27618408  3.        
 4.84690905  3.16687012 -0.155579    5.        
-5.93709612 14.59139347  0.88034099  3.        
-5.01522779 15.83885956  2.76769996  3.        
-2.6193769   1.11286902 -4.94479418  4.        
-4.01479292 17.20726776  6.26721191  3.        
-3.70185089 12.90846252  0.086823    2.        
  3.45804596   9.22879791 -10.38198853   6.        
 6.38618517  9.63684082 -6.77087402  6.        
-7.2699132  17.25556183  6.97546387  3.        
 5.10263777  9.2654953  -8.22787476  6.        
-0.228264    6.07673597 -1.39306605  2.        
-3.44170403  1.73385596 -3.65304589  4.        
 5.92735291  3.76879907 -2.27975512  5.        
-1.13322496  4.58985901 -1.37451196  2.        
-5.27849579  2.15432    -7.98165894  4.        
 7.4154048   5.60865784 -1.20340002  5.        
 0.15242     2.54633307 -1.59753394  2.        
 9.08735657  6.83729506 -0.53631598  5.        
-2.41041589  9.0922699  -0.87484699  2.        
 9.13004303  6.26674604 -2.5279851   5.        
-8.8094101  15.98438263  8.09381104  3.        
-6.84509277 15.36849976  1.29070997  3.        
 1.43032098 -5.55840302 -2.28613305  2.        
 8.74754333  4.91513777 -4.59295607  5.        
 0.59722102 -0.80996698 -2.46734595  2.        
  3.41513801 -17.29212189  -2.36270094   2.        
 0.98271197  1.24724603 -1.93502796  2.        
-8.67595673 17.21517181 10.61795044  3.        
 9.74881744  5.85261488 -3.70788598  5.        
-3.18808007 10.88626099 -0.51135302  2.        
-6.55084181  1.95032501 -8.49435425  4.        
  2.40190101 -13.91026306  -1.76767004   2.        
 2.39238691 -7.41342878 -2.03988695  2.        
 2.8079071  0.786484  -2.1529851  2.       
-7.97701311 16.74517822  5.99231005  3.        
  2.18798089 -11.44358826  -2.10388207   2.        
 0.79955298 -3.0228579  -3.02862501  2.        
 0.82929999  4.29305983 -3.28094506  2.        
 2.94129205  9.37044525 -6.0958252   6.        
-6.03380585 16.85539246  4.89514208  3.        
-3.32444811  1.71100605 -7.83447313  4.        
 1.09694695  9.31690216 -7.41516113  6.        
 7.87351179  5.55368805 -2.22967505  5.        
6.47386217 5.29809618 0.64910901 5.        
-5.87111712 17.39343262  5.97112989  3.        
-4.65708923  1.65248096 -9.85281372  4.        
-4.87908888 14.51809692  1.43429601  3.        
 1.12463403  8.89653778 -5.75649977  6.        
  2.93530297 -15.18886566  -2.16079712   2.        
-3.81145501 17.24074554  4.98886108  3.        
 7.28786516  4.2460022  -3.91497803  5.        
-1.54510498  8.31523895 -0.561737    2.        
 3.12276506  9.33370972 -4.90188599  6.        
 8.14985657  6.46182299 -0.107544    5.        
-4.24896193  2.118752   -4.52523804  4.        
 2.5748291  -9.30226898 -2.17343092  2.        
 3.84783196  9.44580078 -8.46520996  6.        
 -3.13007307   1.563393   -10.04806519   4.        
-7.29263306 19.32647705 10.58935547  3.        
-6.08747101 15.91947937  2.79425001  3.        
 6.59133911  5.10689497 -0.42846701  5.        
 9.43990326  6.74959612 -1.61923206  5.        
 1.63355303  9.63407135 -9.3369751   6.        
-4.31951094  1.93023705 -6.1725769   4.        
 4.9574132   9.61103821 -5.92660522  6.        
-1.86593604  1.54280901 -8.97769165  4.        
-5.47693586 19.74077606  9.64367676  3.        
 0.81394202  6.40093994 -3.615906    2.        
-7.08339691  2.04007697 -6.53259277  4.        
  5.12757921   8.77968597 -10.00210571   6.        
-6.24804688 18.67527008  8.05969238  3.        
-8.45355225 17.84189606  9.734375    3.        
 5.50381517  3.420578   -4.08779907  5.        
 3.26781511  9.51322174 -9.40014553  6.        
-6.25768995  2.24573493 -4.69323683  4.        
 1.83329797 -0.34841901 -2.35830688  2.        
  2.36135101 -19.28247833  -2.18502808   2.        
-0.94386297  0.91884601 -6.58007812  4.        
 0.76632702 -2.80354309 -4.01037598  2.        
-0.66609198  2.91078901 -1.14431798  2.        
  2.76888299 -13.38181305  -2.55184889   2.        
-5.24426985  2.36479998 -3.97781396  4.        
 4.42790985  2.11855292 -2.50674391  5.        
-0.98259699  1.48329902 -7.85086107  4.        
 0.166336    0.151199   -2.14932203  2.        
-7.10533094 18.78116608  8.73797607  3.        
 4.08626604  9.57208347 -6.54519701  6.        
 1.48190296  0.57545501 -2.49923706  2.        
-8.18640137 19.10002136 10.29110718  3.        
5.2233119  3.85893202 0.55996698 5.        
 5.08572388  3.3860631  -2.0002141   5.        
 4.00494385  1.92217302 -0.93682897  5.        
 7.84324694  5.00876617 -3.71740699  5.        
 1.45130897 -6.98246002 -2.29449511  2.        
-8.99344635 16.34260559 10.04205322  3.        
-8.24145508 16.36663818  4.81448412  3.        
  2.55764008 -17.15013885  -2.78396606   2.        
 5.9552002   4.48638201 -0.82809401  5.        
-4.9237442  17.4969101   6.21820116  3.        
-9.12446594 15.61341858  3.32876611  3.        
9.72767639 7.15944719 0.088379   5.        
 1.72849298  8.06325531 -4.18707323  6.        
-5.9800868   2.17177606 -5.70202589  4.        
 1.97443402  9.50767517 -7.79989576  6.        
 2.89949012 -0.27478001 -2.51507592  2.        
 7.01077986  3.73260498 -4.78653002  5.        
 1.31468201 -3.77916694 -2.137573    2.        
10.35838318  6.887321   -1.84594703  5.        
 6.49399614  4.43996382 -2.60992408  5.        
-1.23651898 -0.225327   -4.07324219  2.        
-8.97428131 15.89287567  7.174438    3.        
 2.45911407 -2.03394294 -2.5496521   2.        
 4.44220018  3.35604906 -3.71661401  5.        
-5.66054487 18.23607635  7.49511719  3.        
-6.79476213 19.42024231  9.80078125  3.        
 2.30839491 -6.13179016 -1.89553797  2.        
-2.08066607  7.13312483 -0.55606103  2.        
-1.37584698  6.5571208  -1.31085205  2.        
-4.94070387 13.50978088  0.66302502  2.        
 1.52081299 -4.71375322 -2.62384009  2.        
-0.58489197 -0.29721799 -5.10806322  2.        
-3.86618805 16.92003632  3.26055908  3.        
-5.3079071  16.7787323   4.32989502  3.        
-0.39642301  5.06536913 -1.14505005  2.        
-6.63909197 15.49082184  2.21957397  3.        
-7.50569201 15.99616241  3.72210693  3.        
 4.48580217  9.49994659 -7.61465502  6.        
-9.62949371 15.54904175  5.37277222  3.        
-3.95942712 17.54518127  7.79531908  3.        
 1.60715497  4.83832502 -3.21557593  2.        
-8.67070007 16.71816254  8.58599854  3.        
-9.40315247 15.82640839  2.39733911  3.        
 3.62706804  0.46720099 -2.41906691  2.        
-5.3185811  19.25991821  8.88824463  3.        
-2.95302606  1.37099504 -5.81692505  4.        
 -4.92368317   1.43148804 -10.6619873    4.        
 0.71935999  3.42747498 -3.20330811  2.        
-3.09100294 11.56022644  0.034668    2.        
 5.43505907  3.0635829  -4.95794678  5.        
 3.8999331   9.49613857 -4.54370117  6.        
 5.45566607  3.86670709 -0.27514601  5.        
-7.42253923 17.74221802  8.70901489  3.        
-0.42330199 -1.44281006 -3.66375709  2.        
-3.33938599  1.65599096 -4.50747681  4.        
-1.36709595  0.55255902 -5.64871216  4.        
 4.42002106  2.64823198 -0.72473103  5.        
4.40831804 2.6734159  0.70696998 5.        
 2.29583001 -5.11054993 -2.38159204  2.        
-7.52522993 16.63328552  5.25610399  3.        
 9.37549591  5.12752485 -3.9685359   5.        
-5.9572978   1.56240797 -9.82070923  4.        
 5.69692183  9.28126526 -7.60327101  6.        
 6.5428772   8.81991577 -8.74441528  6.        
6.97785997 5.86360216 1.0625     5.        
 4.2717061   1.74868798 -1.75979602  5.        
-8.91736603 15.87100983  4.68630981  3.        
-0.11985    -1.57778203 -4.53903198  2.        
-7.78485918 15.78842926  2.25048804  3.        
-9.08099365 16.00775146  6.32989502  3.        
-1.86180902  1.43760705 -6.86819506  4.        
-4.11216688 18.60327148  9.09384155  3.        
-3.87181807  1.80131495 -9.55706787  4.        
 1.32830799 -0.91749603 -2.01391602  2.        
 0.92001301  1.77240705 -2.8309021   2.        
 6.34557295  3.65475512 -4.27511597  5.        
-5.01914215 15.46817017  2.00009203  3.        
-3.23260498  9.98139191 -0.11731     2.        
 7.19186401  5.15963697 -1.97235096  5.        
 1.29111505 -2.65240502 -2.41268897  2.        
-5.48266602 17.77581024  6.81414795  3.        
 5.71739197  9.58597565 -6.24917603  6.        
  2.87211609 -11.16065216  -2.46722388   2.        
-2.0232389   9.34411621 -0.164612    2.        
-4.67891693 18.00177765  8.12158203  3.        
 3.2473681  -1.01988995 -2.13348389  2.        
-10.20715332  15.18022156   3.77789307   3.        
-8.18860626 17.48794556  8.98828125  3.        
-7.11522722  2.03422499 -7.90560913  4.        
-1.98442101  0.45277399 -4.09011793  4.        
-4.43907213 14.61455536  0.72683698  2.        
-2.73565698  8.58529663 -0.32308999  2.        
-7.63018799 18.9201889   9.69165039  3.        
-4.43984222  2.0728991  -5.31787109  4.        
-4.44754791 17.00474548  4.54293823  3.        
-6.62039185 16.7979126   4.33700609  3.        
-7.64376783 17.63304138  7.58587694  3.        
 1.30999804  9.18770599 -6.59899902  6.        
-3.11005402 17.57641602  4.59127808  3.        
 2.72459412  9.35610962 -4.194489    6.        
-6.30569506  2.2443769  -6.55279493  4.        
 2.79163408  9.62750244 -7.84121704  6.        
 0.795708    2.00517988 -1.74810803  2.        
 5.86556196  9.15164185 -8.43844604  6.        
 4.87476397  3.18130493 -1.10968006  5.        
-2.44384789  1.60016596 -8.33370972  4.        
  4.24210405   9.1140213  -10.20874023   6.        
-5.39026594 16.16323853  3.39926195  3.        
-5.07787323  2.26791406 -7.21887207  4.        
-4.2868042  16.11264038  1.963287    3.        
  5.37271881   8.7766571  -10.75991821   6.        
 5.12368011  9.61628723 -5.14819288  6.        
-0.086662   -2.56349897 -3.93365502  2.        
 5.728127    3.44538093 -3.18939209  5.        
-3.74488091  1.81433105 -6.74237108  4.        
-2.84573388  1.69935596 -3.13769507  4.        
 2.47168708  9.71231842 -9.37005615  6.        
 4.28755999  0.59548199 -2.00964403  2.        
 6.11854506  4.14938307 -1.52114904  5.        
-6.82436419 16.29495239  3.471802    3.        
 2.85205793  9.46492767 -6.86984205  6.        
-6.91726685 17.7339859   6.46530104  3.        
-4.4257431  12.88989258  0.38442999  2.        
 2.28910089 -3.88565111 -2.28253198  2.        
 1.92185199  9.13929653 -6.08593798  6.        
-4.19028521 17.40451813  7.02242994  3.        
-9.09439945 16.4601593   9.2640686   3.        
 2.21495104 -7.7275238  -2.73165894  2.        
-4.51013184  2.08056593 -8.09375     4.        
-6.69937897 17.84450531  7.45461988  3.        
 4.64431     2.85959601 -2.36499     5.        
-0.43798101  4.44363403 -1.68591297  2.        
6.09012604 4.94582415 1.24145496 5.        
-3.19100904 17.25131989  6.26718092  3.        
-8.98743439 17.10286713  9.90484619  3.        
 2.07885695 -9.73685455 -2.59054589  2.        
 8.38788605  5.86380005 -2.71090698  5.        
 1.88205695 -1.03293598 -2.70401001  2.        
-3.69955397 12.23131561 -0.478333    2.        
 0.207184    1.96189106 -2.23596191  2.        
-3.51065803 12.1652298   0.259857    2.        
  2.54605889 -15.11727142  -2.86453295   2.        
-2.53759789  1.65029895 -9.57284546  4.        
 7.70752716  6.105721   -0.61404401  5.        
 1.31616998  3.38284302 -2.734375    2.        
-10.26106262  15.10743046   6.30151415   3.        
-0.897057    5.7878952  -1.59509301  2.        
-2.50067902  9.84503937 -0.85290498  2.        
-2.54233599  1.71544695 -7.32275391  4.        
 0.51374102  9.24318695 -7.88909912  6.        
-1.74454498  7.41052198 -1.17193604  2.        
5.08869886 3.92355394 1.37249804 5.        
-6.43354797  1.74324799 -9.20706177  4.        
-7.89088392 16.90210724  7.48910522  3.        
-4.48762512 16.30789185  3.02081299  3.        
-8.01441956 15.82435608  3.20169091  3.        
-10.34898376  15.12652588   4.549438     3.        
 7.96837616  5.35037184 -3.06494093  5.        
 1.08974504  7.42037201 -4.51089478  6.        
 1.464607    5.94902802 -3.64169312  2.        
7.65926409 6.29627991 0.42697099 5.        
 6.8503418   4.4402771  -3.34603906  5.        
-5.3217392  14.17705536  0.92727703  3.        
-1.39920795  1.31324005 -8.44805908  4.        
  3.01348901 -14.13034058  -2.1252749    2.        
 6.25948286  8.50540161 -9.66009521  6.        
-2.01289392  0.726753   -5.18551588  4.        
-8.61859894 16.64892578  7.76571703  3.        
 2.76282501 -2.94655609 -2.00280809  2.        
 0.57850599 -3.55992889 -3.55172706  2.        
-8.71494293 18.00026703 10.40249634  3.        
-2.75255609  9.31368256 -0.227264    2.        
-7.31399488 16.9235611   6.24291992  3.        
 9.8796463   6.58798218 -2.3066411   5.        
-9.49399567 15.70057678  8.45169067  3.        
-1.53408003  1.63817596 -9.66558838  4.        
-4.81623793 18.60624695  8.91680908  3.        
 1.75036597  8.41131592 -4.84307909  6.        
 9.6238327   6.2061162  -3.08761597  5.        
-6.85968018 16.84913635  5.05792189  3.        
-7.64782715 18.57379913 10.33044434  3.        
  2.67287397 -18.97144318  -2.80914307   2.        
 3.56475091  0.51122302 -1.70080602  2.        
 2.82184601 -1.84375    -1.88403296  2.        
 8.52198792  6.53688002 -0.86303699  5.        
 2.16787004 -5.38109589 -1.72808802  2.        
 0.306999    3.37609911 -1.83462501  2.        
-4.28554487 17.26003265  5.60501099  3.        
 1.63796997  9.46530247 -8.55981445  6.        
 5.11546278  8.99842834 -9.11557007  6.        
-8.46677399 15.98356628  1.91064501  3.        
-6.37250519 20.04384613  9.94055176  3.        
-0.27545899  1.97651696 -1.554474    2.        
  2.5344851  -11.76763916  -2.80493212   2.        
  2.76982093 -15.77918243  -2.73248291   2.        
-7.26460314 15.49019623  1.85104406  3.        
-5.06723785  2.13690901 -5.7252202   4.        
-5.81901503 18.68228912  8.65640259  3.        
-3.5705409   1.63659704 -6.05212402  4.        
 2.407547   -8.69534302 -2.7115171   2.        
 2.49610901 -8.15995789 -2.009552    2.        
-9.70912933 15.60514832  7.3125      3.        
 -2.58673096   1.35943604 -10.53359985   4.        
 1.76312304 -7.71131897 -2.18823195  2.        
-3.66700697  1.90894306 -8.4677124   4.        
 1.39344001  2.2030561  -2.48977709  2.        
-1.12582397  1.37803698 -7.08285522  4.        
-0.37988999  1.44954705 -8.21328735  4.        
-5.77921295  2.09906006 -8.47024536  4.        
-0.62697601  0.88284302 -7.7782588   4.        
-4.95144701  2.04440308 -8.75561523  4.        
 0.52127802  0.75396699 -2.18856812  2.        
-0.84895301  6.31006622 -0.92285198  2.        
 8.04121399  4.67545319 -4.39541578  5.        
-7.81635284 16.67605591  6.66784716  3.        
-9.06414032 15.63627625  4.04602098  3.        
-5.88326979 19.62097931  9.07666016  3.        
-1.21408796 -0.396568   -4.8279109   4.        
 0.79135901  0.134735   -2.45471191  2.        
-8.35743713 16.2853775   6.34860182  3.        
-6.8925252  18.84387207  9.42544556  3.        
-5.47537994 14.87188721  1.46792603  3.        
 2.39139605  8.99530792 -4.69253492  6.        
 4.50105286  9.27640533 -8.66119385  6.        
 1.63397205 -6.21823883 -2.28414893  2.        
-2.86206102  1.33073401 -4.04278612  4.        
-4.02882385 17.01565552  3.93194604  3.        
-7.0868001   1.53060901 -9.15005493  4.        
4.73702192 3.36216688 0.558716   5.        
 4.4486618   9.61154175 -5.00054884  6.        
  2.70098901 -17.66216278  -2.35421705   2.        
 3.18915606  9.56941223 -8.59976196  6.        
 4.3693471   2.88154602 -3.01147509  5.        
-6.20509291 15.06925201  1.28784204  3.        
 1.21332598  6.25801897 -4.19561815  2.        
 2.82199907 -0.36137399 -1.84347498  2.        
8.22284698 6.58583784 0.98034698 5.        
 0.316513   -2.41707611 -3.35830688  2.        
 3.78695703  2.084023   -2.83340406  2.        
5.50498199 4.43982697 0.78146398 5.        
-8.35909271 16.4610672   5.51174879  3.        
-3.60720801 11.08486176 -0.01889     2.        
 1.51178706 -3.28096008 -2.61505103  2.        
 -5.33751678   1.54287004 -10.08670044   4.        
-2.13453698  8.35919189 -0.93646199  2.        
 1.09503198 -1.48451996 -2.8092041   2.        
-2.4602809   1.33451104 -6.34732103  4.        
 4.36380005  2.59513092 -3.82769799  5.        
-7.94203186 17.96422577 10.14550781  3.        
-10.20429993  15.18683624   6.96179199   3.        
 2.26092505 -6.75339508 -2.17007494  2.        
-7.68411303  1.75006104 -8.10772705  4.        
 9.65950012  7.32873487 -0.55334502  5.        
-6.35250092 17.30081177  5.34497118  3.        
  3.00798798   9.71295166 -10.11688232   6.        
-3.93826294  2.08883691 -3.93853807  4.        
 0.84609997  6.95299482 -4.02804613  2.        
-5.72477007  2.27199602 -7.36660814  4.        
-3.52689409 17.17745972  5.70040894  3.        
-6.72318983 18.2984314   8.40838623  3.        
-9.59873199 15.383461    6.01428223  3.        
 8.74945831  5.34007311 -4.08532715  5.        
 0.57199901  9.14002228 -6.04882812  6.        
-4.30413818 14.83851624  1.37423694  3.        
-2.03849006  7.79946899 -0.45590201  2.        
-2.34920502  1.26554894 -5.5713501   4.        
-4.67923689  2.03487396 -6.74880981  4.        
 6.62217712  4.19671583 -4.02853394  5.        
 7.91715193  5.85517883 -1.62609899  5.        
-0.41894501  1.15539598 -6.26568604  4.        
 0.52825201  9.26747894 -7.09262085  6.        
-2.335953    0.93940002 -4.38015795  4.        
-5.48094893 15.45265198  2.51992798  3.        
6.31851196 4.86033583 0.110718   5.        
 3.88922095  1.22632599 -2.00857496  2.        
-6.89058685 20.00766754  9.52011108  3.        
8.74762726 6.78108215 0.054138   5.        
-5.65396881 17.22595215  5.26971388  3.        
 8.62397766  6.0772171  -2.11679101  5.        
 1.71449995 -1.53574395 -2.20440698  2.        
 2.14944506 -2.30963111 -2.05136108  2.        
  2.51289392 -14.72454834  -2.00363207   2.        
 0.32643899  1.29281604 -1.78497303  2.        
 1.09561205 -4.22466278 -2.69604492  2.        
  3.98672509   9.31192017 -10.76861572   6.        
-1.00559199  0.040062   -5.48550415  4.        
-6.779953   19.30298615  8.93664455  3.        
 7.10124207  5.05227709 -1.29107702  5.        
4.48031616 2.66597795 0.029022   5.        
-3.83625793 13.21335602  0.63522297  2.        
-4.22216797 12.26406097  0.14321899  2.        
-1.019135    5.21673584 -1.165344    2.        
-8.39195347 17.28521729 10.04904175  3.        
-3.53464508 16.97515106  6.72921705  3.        
 6.30230713  9.36213684 -7.34109497  6.        
-0.25110599  3.14617896 -1.58911097  2.        
 8.97345734  5.98366499 -3.17678809  5.        
-3.20117211 17.0582962   4.97198486  3.        
 3.24641395  9.41794586 -5.51968384  6.        
 5.49342299  3.8379209  -1.81951904  5.        
 1.22485399  8.6477356  -5.15142822  6.        
 3.42430902  9.55269623 -6.46255493  6.        
-8.30567169 18.47991943 10.1852417   3.        
  2.44074202 -19.78125763  -2.66854906   2.        
-1.84491706 -0.135956   -4.26577806  4.        
-7.96626997 16.26066589  4.06063795  3.        
 7.09511614  5.54531908 -0.53213501  5.        
 1.43756902  6.5731349  -3.58786011  2.        
 5.69425201  8.51351166 -9.98706055  6.        
-7.33019304 15.8086853   1.250916    3.        
-7.04482985  1.99232495 -7.15530396  4.        
-9.39954376 15.82995605  7.80731201  3.        
-7.55703688 18.3380127   8.84335327  3.        
 2.404495    9.6355896  -7.27337694  6.        
  2.50777411 -10.77596283  -2.13906908   2.        
 2.61897993  9.13330078 -5.53713989  6.        
10.20815277  6.00810194 -3.2971189   5.        
-7.80517578 17.67346954  9.54299927  3.        
-9.66094971 15.36151886  3.54220605  3.        
-5.72515106  2.37915802 -4.37091112  4.        
-4.95987701  2.28334808 -4.52267504  4.        
 1.14051104  3.97350311 -2.80255103  2.        
 6.01612806  4.09362793 -2.94351196  5.        
 3.71761298  9.38653564 -9.80456543  6.        
 5.07781982  3.25170112 -3.67370605  5.        
 5.90313005  3.3626101  -4.59161377  5.        
-6.90541792 19.80397034 10.27160645  3.        
6.72656202 5.4334259  0.076843   5.        
 4.73143005  9.5394516  -6.49505615  6.        
-3.11252594  1.47347999 -5.0501399   4.        
-6.45279694 17.39863586  6.17260695  3.        
-4.34777784 13.58803558  0.40676901  2.        
-5.36348009 16.70610809  3.68661499  3.        
-1.613029   -0.109535   -5.25900316  4.        
-1.13136303 -0.99950403 -4.67575121  2.        
-1.51232195  6.586586   -0.71243298  2.        
 1.36414301  9.38674164 -7.96392822  6.        
-4.72621107 14.07131195  0.78674299  2.        
 3.88386512  3.03852797 -3.65969896  5.        
 5.09410906  9.42935944 -7.5812068   6.        
-2.79256392 10.64200592 -0.11142     2.        
 -3.96391296   1.543648   -10.10717773   4.        
-9.07565308 16.2641983   8.6088562   3.        
 0.96368402 -0.430244   -2.16430712  2.        
 1.19556403 -3.18424201 -2.10546899  2.        
 5.82778883  9.40387726 -6.82339478  6.        
 7.07082415  4.65380096 -2.42370605  5.        
-6.31568193 19.02690125  8.55749512  3.        
-7.97667694 18.32976341  9.65740967  3.        
-8.05745697 16.89377594  8.63452053  3.        
-4.51947021 15.66938019  2.30258203  3.        
 1.84316301  1.05587006 -2.44506788  2.        
 7.44140577  4.54798079 -3.41671705  5.        
 3.89282203  9.48554993 -7.81689501  6.        
  2.87737298 -16.99817657  -2.29776001   2.        
 5.34565687  3.56093597 -2.51333594  5.        
-6.33425093  2.18759203 -7.95678711  4.        
-3.29974389  1.67362201 -7.23739576  4.        
-6.64921618 15.81088257  3.07717896  3.        
 1.268646    1.40127599 -2.51998901  2.        
-4.56489611  2.29018402 -4.03042603  4.        
 6.30391693  4.41147614 -2.02359009  5.        
 0.95253003  4.86690521 -3.18765306  2.        
 2.99959612  0.17302699 -2.13763404  2.        
 5.05806017  3.52720594 -0.57495099  5.        
 2.4041059  -3.40097094 -1.88439906  2.        
 2.798599   -1.46315801 -2.5289309   2.        
 3.7366941   9.41861725 -9.05404663  6.        
-0.23996     1.60088301 -7.65768385  4.        
-0.219284    4.34321594 -1.14913905  2.        
 2.65588403 -9.88412476 -2.17645311  2.        
 1.664482   -4.07995605 -2.69045997  2.        
  2.54913306 -15.68437958  -2.197052     2.        
  2.66168189 -11.78756046  -2.12872291   2.        
 1.50289905 -2.30773902 -1.98898304  2.        
 9.00831604  6.69191694 -1.14898705  5.        
-6.61548615  2.1082921  -6.07559204  4.        
 2.84741998 -0.85829198 -2.5284121   2.        
-5.18058777 18.19806671  7.82672119  3.        
 2.04827905 -5.63511705 -2.315552    2.        
 2.00605011 -9.2003479  -2.24728394  2.        
-0.67646003  3.77767205 -1.25320399  2.        
-4.39907122 18.38475037  8.45959473  3.        
 8.9087677   6.48012495 -1.80874598  5.        
-9.96511841 15.19657135  5.05481005  3.        
-7.52934313 17.40914726  8.11480713  3.        
 9.56878662  6.9123311  -1.07772803  5.        
-4.55368805  1.92827594 -9.35369873  4.        
  2.97526503 -19.09267426  -2.33004808   2.        
  2.41392493 -13.80748653  -2.38439894   2.        
-3.02576494  1.86724102 -8.38491821  4.        
 1.54885101  4.185112   -3.25921607  2.        
-4.73239088 15.19877625  1.57739305  3.        
-6.52742815 18.37121582  7.61489916  3.        
7.31970215 5.83716583 0.598755   5.        
 2.32795691 -2.77159095 -2.45278907  2.        
 4.46808577  9.52474976 -7.00695801  6.        
5.97127485 4.79164886 0.70022601 5.        
-7.21422577  1.805107   -8.43286133  4.        
 1.35043299  0.009872   -2.41918898  2.        
-3.26464105  1.74179101 -9.52020264  4.        
-5.14550018  1.83692205 -9.61679077  4.        
-0.91034698  0.74002802 -5.96325684  4.        
 9.15917206  5.68412018 -3.88424706  5.        
 0.92211902  1.86251104 -1.20983899  2.        
-8.54144955 15.7145462   3.39190698  3.        
-9.30506134 15.47921753  4.83520508  3.        
  2.48704505 -12.7627182   -2.12646508   2.        
 0.43722501 -2.34767199 -4.10800219  2.        
 4.33329821  9.58167267 -6.03097486  6.        
 0.92851299  5.88639784 -3.8339541   2.        
-5.94301605 16.63252258  4.37838697  3.        
-7.21538496 17.80171204  7.1277771   3.        
 1.37157404  2.21547699 -1.64034998  2.        
-5.06170607 16.36593628  2.97647095  3.        
-6.05030823 16.07020569  3.387146    3.        
 1.26783705  9.33683014 -8.98800659  6.        
-0.406647    0.82381397 -6.84310913  4.        
-7.26021624 16.48868561  3.86309791  3.        
-5.56356096 15.81192017  2.98815894  3.        
6.61253405 5.44811201 1.18722498 5.        
-3.82179308  2.27011895 -3.41415405  4.        
-8.44769955 17.7252121  10.81988525  3.        
-3.882797    2.04553199 -7.73309278  4.        
-7.94728804 17.99115753  9.08654785  3.        
 -4.39824677   1.257393   -10.33068848   4.        
 6.4789958   4.61877394 -1.02633703  5.        
5.99456787 5.45595503 1.57183802 5.        
-0.33451101  1.48839605 -6.71395922  4.        
-1.427719    1.20468104 -6.52633715  4.        
-0.207993   -1.88501704 -4.01516724  2.        
9.25118256 7.0366292  0.46283001 5.        
 4.00706482  9.62589264 -4.006989    6.        
-5.31996918 17.44606781  5.82342482  3.        
 8.03643036  6.15632582 -1.06475794  5.        
 1.74589503  9.37626553 -7.27887011  6.        
 2.003021    9.97112274 -9.73904419  6.        
-2.22253394  8.79299927 -0.44125399  2.        
 4.03660583  1.71471405 -2.26403809  5.        
 0.87529802 -3.57088494 -2.96585107  2.        
8.25933075 6.69095612 0.434845   5.        
-6.13137817 15.41295624  2.43325806  3.        
 1.65879095  8.79312134 -5.64202881  6.        
 3.68438697  9.47252655 -5.10195923  6.        
-6.44135284  2.16076708 -5.28918505  4.        
 -3.29795098   1.47304499 -10.56967163   4.        
-5.14729309 14.93543243  1.91314697  3.        
 3.37274909  9.47064209 -4.33035278  6.        
 8.46659088  4.37846422 -4.59008789  5.        
-4.48313904 17.46508026  6.55224609  3.        
-7.7468338  19.33036804 10.04492188  3.        
 2.04675293  8.49785614 -4.38418579  6.        
-4.60439301 16.19631195  2.44647193  3.        
 6.23860884  9.76441193 -6.20523119  6.        
 7.17670393  4.21942902 -4.45529222  5.        
-5.7588501   2.30296302 -6.78573608  4.        
  2.704041   -16.56317902  -2.78009009   2.        
 1.81011999 -3.96154809 -1.97836304  2.        
-5.96585894 17.69429779  6.50195312  3.        
-7.13983917 19.33618927  9.35281372  3.        
-4.41746521 16.83802032  3.15435791  3.        
-7.16702318 19.13082886 10.0899353   3.        
-8.57986355 16.15579224  6.86682081  3.        
-9.0266571  16.08242798  2.08798194  3.        
 4.96377611  2.82901812 -1.81085205  5.        
 1.16617596 -0.88594103 -2.53796411  2.        
-6.55110216 19.77115631  9.11065674  3.        
 6.58257294  4.06415606 -3.04846191  5.        
-5.91945601  2.19671607 -5.12310791  4.        
-3.81206489  1.95857203 -4.88070679  4.        
-3.49482012 17.46273804  8.07495117  3.        
 4.66227722  9.01539612 -9.83294678  6.        
 2.08826494  9.6056366  -8.9524231   6.        
  4.77992201   8.89051056 -10.41906738   6.        
-9.282341   15.79290009  5.83566284  3.        
-4.96405792 17.60514832  6.77484083  3.        
-3.93617296 17.3544693   4.35009813  3.        
 0.60800201  0.33334401 -1.84622204  2.        
-5.12654877 19.35444641  9.4828186   3.        
-0.120392   -1.00571406 -4.66427612  2.        
-2.79987311 10.17047882 -0.533539    2.        
-1.43900299  1.49101305 -7.51434278  4.        
 2.31198907 -3.35648298 -2.46002197  2.        
-6.44419098 15.24737453  1.74368298  3.        
-3.59004998  1.90811896 -9.00411987  4.        
 2.41413093  9.30809021 -6.40853882  6.        
-8.65922546 17.3433075   9.54714966  3.        
-3.32350206e+00  1.06230164e+01 -6.74400013e-03  2.00000000e+00
-4.07469893  1.88182104 -5.67022705  4.        
-6.58609819 16.38903809  3.98455811  3.        
 5.45623779  9.62088776 -5.71777296  6.        
  2.21343994 -18.84924316  -2.55209303   2.        
  3.101372   -14.85674953  -2.5527041    2.        
 1.42873394  7.83354187 -4.5814209   6.        
 5.88094282  3.74124193 -3.87393188  5.        
-4.39636183 17.16697693  5.08621216  3.        
 6.20327806  4.51791382 -3.49133301  5.        
-9.3473053  15.89211273  6.78616285  3.        
-1.96861303  0.64782703 -4.64331102  4.        
  2.15282393 -10.24389553  -2.27023292   2.        
 -6.43336487   1.54196203 -10.13677979   4.        
-4.86362505  2.03073907 -6.24478197  4.        
-3.40914202 11.37425232 -0.479431    2.        
-6.2065959  19.66371918  9.60028076  3.        
 2.69850206 -2.35363793 -2.16159105  2.        
 4.1512599   2.28548408 -0.42962599  5.        
-4.98426104 17.17365265  4.74615479  3.        
 0.249146   -2.98951697 -3.41772509  2.        
-2.97410607  1.30546606 -3.47668505  4.        
-7.06687212 18.39163208  9.10296631  3.        
-0.81161499  5.69680023 -1.05224597  2.        
-8.58615875 16.41443634  9.10534668  3.        
-2.36696601  1.60486603 -6.82018995  4.        
 0.236275    1.80578601 -1.66644299  2.        
 4.54650116  9.44831753 -8.14276123  6.        
-7.79927778 17.30455017  7.02618408  3.        
-6.60546923 18.63629913  8.85217285  3.        
-10.13309479  15.28299713   7.47961378   3.        
 3.3235929  -0.494095   -2.28204298  2.        
-7.613029   17.92797852  8.24920559  3.        
 6.17619324  4.77682495 -0.41577101  5.        
-2.80187988  1.625664   -7.86517286  4.        
-1.83437395  7.88053083 -0.93853801  2.        
-1.33640301  1.47985804 -8.97195435  4.        
-7.55139208 16.96456909  5.76486206  3.        
-2.39610291  1.58783698 -8.86141968  4.        
-9.09070587 15.79875946  2.82421899  3.        
-6.14450788 18.04793549  7.39263916  3.        
 7.50350189  5.17573595 -2.54727197  5.        
 9.36812592  6.52024794 -2.131073    5.        
-4.82567596  2.10774207 -7.6723938   4.        
 1.76963794 -5.11976624 -2.36163306  2.        
-5.65967607 18.28936768  8.02496338  3.        
-3.42546797  1.97602797 -3.18685889  4.        
-8.93037415 16.27767181  7.56484985  3.        
 1.52053797  5.35430908 -3.53085303  2.        
-0.113579   -1.29675305 -4.06072998  2.        
-4.22315216 14.34153748  1.13384998  2.        
 4.21059418  2.32269311 -1.20327795  5.        
 7.53105211  5.51628923 -1.79525805  5.        
 7.33049011  4.01493788 -5.08914185  5.        
  5.29527998   8.40381622 -10.32376099   6.        
 8.31584167  5.0512619  -4.04870605  5.        
-1.87179601  1.44534302 -8.23120117  4.        
-0.87812799  1.32998705 -8.43063354  4.        
-7.27159119 15.66807556  2.37045288  3.        
-9.13013458 16.00429535  9.67019558  3.        
 4.64715576  9.56700134 -5.51126099  6.        
7.16543579 5.90489197 1.54592896 5.        
-2.55831099  7.33872223 -0.558685    2.        
-5.52924299 17.08359528  4.78546095  3.        
 5.72242689  4.33039093 -0.39032     5.        
-8.50442505 15.94729614  4.99209595  3.        
10.396698    6.62406206 -2.3283999   5.        
-7.50994921 17.32100677  6.51208496  3.        
-2.36299109  8.20330811 -0.47637901  2.        
  3.02753401 -10.67311859  -2.38415504   2.        
-8.64186859 16.71730804  9.92947388  3.        
 4.17724609  2.55655694 -2.6564641   5.        
10.06159973  7.1051178  -0.30215499  5.        
-1.64530897  7.51219177 -0.62945598  2.        
-5.8241272   2.17950392 -6.19424391  4.        
 7.74686384  4.47594404 -4.02099609  5.        
  2.37973809 -20.00449371  -2.20712304   2.        
-8.39933014 16.49571991  8.20767212  3.        
 3.29863691  9.53962708 -7.86099195  6.        
-8.02799988 16.82997131  8.00793457  3.        
-4.42092085 17.82653046  7.62063599  3.        
 6.51152802  3.5386889  -4.78344679  5.        
 5.10262299  3.03066301 -2.52096605  5.        
-7.14343309 17.65109253  7.69747877  3.        
 7.70027924  6.21237183 -0.076813    5.        
 3.64100695  9.53029633 -5.97915697  6.        
-5.5968318  19.1869812   9.31173706  3.        
-3.44085693 11.86564636 -0.230957    2.        
 3.001297    9.59765625 -7.35614014  6.        
6.65846205 5.88154602 1.48532104 5.        
-7.13880205 17.38771057  6.12097216  3.        
-8.53947544 17.12043762  9.02432346  3.        
-5.96598816  1.88342297 -8.96084595  4.        
-6.6955409  17.60344696  6.90344191  3.        
 9.9444809   6.91896105 -1.41857898  5.        
 1.603508   -4.33922577 -2.24591088  2.        
-2.06996894  1.48987603 -9.43856812  4.        
-7.72119904 16.35597992  4.67202806  3.        
 1.34518397  2.79563904 -2.6096499   2.        
  3.49109602   9.58856201 -10.7366333    6.        
 1.00899506  0.62700701 -2.23608398  2.        
-0.74069202  1.20642102 -7.36199903  4.        
-0.80141401 -1.34148395 -4.46887207  2.        
 4.06590986  9.55391693 -7.33859205  6.        
-0.67233998 -0.94046003 -3.91586304  2.        
4.94937086 3.66558099 0.96304297 5.        
 5.44207811  8.76638794 -9.51159668  6.        
 5.38981581  3.37873101 -1.59939599  5.        
  2.86151099 -13.92630005  -2.70968604   2.        
 1.84778595 -3.62989807 -2.35372901  2.        
-4.16897583 13.15946198  0.049866    2.        
-4.01929522 12.54434967 -0.25415     2.        
 6.78147888  4.86404419 -2.07418799  5.        
-5.3850708  19.78200531  9.15451145  3.        
 1.97119904 -7.12093306 -2.3434751   2.        
-7.72139692 19.07341003 10.61065674  3.        
 6.03765917  9.16678619 -7.94802904  6.        
 1.24057806 -1.36878204 -2.32223511  2.        
 5.73941803  4.24514818 -1.21353102  5.        
-0.78249401  4.30867815 -1.16198695  2.        
-7.1835022  15.88933563  3.35415697  3.        
-4.98055983 16.65183258  3.37496996  3.        
-4.13758802 17.90539551  8.0869751   3.        
 1.50154102 -2.82838392 -1.94378698  2.        
 6.7640152   5.2361598  -0.87524402  5.        
-7.12351179 17.84871674  8.26348877  3.        
-0.43788901  0.65442699 -6.37802076  4.        
 4.42787886  2.44757795 -2.13568091  5.        
-0.65650898  4.91399384 -1.53921497  2.        
-3.00239611 16.93647766  5.86831713  3.        
-1.09771705  1.43296802 -9.55056763  4.        
 1.02530706  3.82532501 -3.26098609  2.        
 5.29607391  9.52889156 -6.5029912   6.        
-7.26135302 18.55348969  9.72021484  3.        
-1.23015594  6.08560896 -1.279724    2.        
 2.55036902 -9.58960724 -2.59100294  2.        
  2.99272895 -18.59942627  -2.32467604   2.        
5.12666321 3.55459595 0.183807   5.        
 2.09999108  9.53116608 -8.27645874  6.        
-0.33351099 -0.56918299 -4.78286695  2.        
 3.68337989  9.60704041 -6.87719679  6.        
 0.74996197 -2.77648902 -3.45138597  2.        
-4.15819502 16.14094543  2.64541602  3.        
 0.80347401  8.7877121  -5.36239576  6.        
 1.19995105  1.68702698 -1.96438599  2.        
 3.99319506  1.55172002 -1.40643299  5.        
-3.8109889   1.86794305 -7.2746582   4.        
 5.2567668   3.15560102 -4.41693115  5.        
 0.41983801  9.22264099 -6.55325317  6.        
-1.89415002  0.86804199 -5.70461988  4.        
-7.79095507 17.29447174  8.72192383  3.        
-10.40802002  15.40338135   5.04892015   3.        
-8.71164703 16.25902557  6.01296997  3.        
-7.67888594 15.73625946  2.7497251   3.        
-9.97895813 15.24410152  5.65252686  3.        
-7.95986223 17.75865173  8.65383911  3.        
-7.46201277  1.90218401 -6.92071486  4.        
 1.75980401 -0.838745   -2.27450609  2.        
-4.45468903 15.7118454   1.61679101  3.        
 9.20641327  6.96924591 -0.016937    5.        
-0.94373298 -0.47391501 -4.3717351   2.        
6.81993914 5.63915205 0.637115   5.        
-4.99113512 16.91559601  3.9876709   3.        
-5.33822584 18.77900887  8.9440918   3.        
-5.55007887  2.20272803 -5.46295214  4.        
-8.86446381 16.81433105 10.42196655  3.        
-9.54275513 15.56590271  3.06863403  3.        
 3.26953912  0.710289   -2.02816796  2.        
 0.62985998  2.51048994 -1.66461205  2.        
  2.715904   -19.58275604  -2.32418799   2.        
 5.30587006  9.14202881 -8.69555664  6.        
-5.83091021 18.0644455   7.01318407  3.        
-8.15785217 15.99307346  4.52029419  3.        
 7.56613207  5.64921618 -0.67211902  5.        
 2.37400794 -8.20890141 -2.47241211  2.        
 5.1174469   9.77833557 -4.68261719  6.        
  2.7888341  -14.50318909  -2.32922411   2.        
-8.120224   17.31140137  9.65414429  3.        
 2.06793189 -4.70239305 -2.27331495  2.        
  2.60588098 -10.97168732  -2.8188169    2.        
 3.64903307  0.93942302 -2.33923292  2.        
-7.44831085 18.69526672  9.14346313  3.        
-1.13700902  0.040672   -5.0065608   4.        
 0.746925    1.52816796 -1.62820399  2.        
-7.33052778 19.45727539  9.78164673  3.        
-6.67482805  2.11349511 -6.82598877  4.        
-8.93964386 16.0338974   9.08599854  3.        
-7.99131012 16.58622742  5.16625977  3.        
 1.78980303 -2.44640398 -2.343292    2.        
-4.88812304  2.63886309 -3.8197329   4.        
-3.80899811 17.39089203  3.55493212  3.        
  2.39349389 -18.59979248  -2.16384912   2.        
 4.63597107  2.97711205 -3.92852807  5.        
 3.34538293  0.06736    -2.44537401  2.        
-5.86785889  2.20446801 -7.87023878  4.        
  2.52391005 -15.20367432  -2.3968811    2.        
 1.45426202  9.04766083 -6.17007494  6.        
 4.77691603  2.73825097 -1.24487305  5.        
-8.31292725 16.45302582  7.46191406  3.        
  2.5564959  -13.23014832  -2.15258789   2.        
 8.23577881  5.32657623 -3.62789893  5.        
 2.40306807 -8.87116241 -2.27270508  2.        
5.8866272  4.84765577 1.65628099 5.        
 9.38910675  5.841187   -3.40231299  5.        
-6.74581194 18.84632874  8.43945312  3.        
 1.09725201 -3.69756293 -3.43804908  2.        
-6.44957685 17.83635712  6.34732103  3.        
 1.52547503  6.74822187 -4.01577806  2.        
-5.81387281 19.14775848  8.72348022  3.        
-7.21303606 16.98438263  5.3371892   3.        
-3.80390191 17.26423645  7.24984694  3.        
-2.80864692  1.26326704 -5.3474431   4.        
 7.89681196  4.86702013 -3.27288795  5.        
 1.33499205  0.946747   -2.01248193  2.        
 0.96692699  9.32083893 -6.22674608  6.        
-8.93118954 17.49515533 10.15518188  3.        
 4.61836195  3.0310359  -3.37930298  5.        
 6.64683485  3.54189301 -5.25705004  5.        
 -2.55513      1.54892004 -10.02950954   4.        
3.89226508 2.52792406 0.39697301 5.        
 0.024872   -2.01160407 -4.40081787  2.        
-5.3565979  17.93747711  7.30184889  3.        
 1.13481903  3.04353309 -3.0002141   2.        
 5.64935303  3.76373291 -2.8561101   5.        
-5.00918579 19.00855255  9.184021    3.        
 6.26599884  8.69032955 -9.23101807  6.        
-4.14256287 17.09745026  2.82101393  3.        
-8.3137207  17.72886086 10.30194092  3.        
 9.07095337  5.35063219 -4.42324781  5.        
-4.57804918  2.16001105 -4.881073    4.        
 5.39190722  3.57545495 -3.55587792  5.        
 8.50313568  6.57765198 -0.399048    5.        
-4.71260786 17.2988205   5.78778076  3.        
 3.23747206 -0.729469   -1.76953101  2.        
5.36887407 4.15956879 0.23642001 5.        
 6.12897491  4.19422197 -2.39562988  5.        
 2.86637092  9.71232605 -9.67510986  6.        
-8.54297638 15.76329803  4.40313721  3.        
-8.85986328 16.44734192  8.22512817  3.        
-5.44960785 17.56370544  6.40414381  3.        
 1.53568304  7.64480591 -4.15029907  2.        
 3.006042   -1.39065599 -2.00122094  2.        
 2.3685379   9.14015961 -5.96932983  6.        
-2.21080804  1.40860796 -7.2310791   4.        
-2.99307203 17.45893288  5.06436205  3.        
-2.82746911  9.77754211 -0.19812     2.        
 6.06973314  8.90045929 -8.76599121  6.        
  2.65593004 -12.96715546  -2.71490502   2.        
 2.07906294 -6.09131622 -2.446594    2.        
 5.75569201  4.03704786 -0.74154699  5.        
-0.088821   -0.72039801 -4.30639601  2.        
-1.27402496  0.96076202 -6.13458204  4.        
-3.54743195 17.38857269  4.64459181  3.        
 2.68493605 -0.81472802 -2.049438    2.        
-6.83215284 18.08698273  7.08917189  3.        
 4.7853241   2.77636003 -2.79254198  5.        
 5.79277802  3.8644259  -3.37011695  5.        
 0.84211701  9.341362   -6.69033813  6.        
-6.8674159  15.64430237  2.5934751   3.        
 6.41446686  9.14624786 -8.40518188  6.        
 2.72432709  9.36675262 -3.73831201  6.        
-1.58811903  7.01660204 -0.842682    2.        
-9.05487061 15.65365601  5.22875977  3.        
-7.21534014 16.66152191  4.80465698  3.        
 4.1421361   9.23731232 -9.73617458  6.        
-6.73038483  2.13287401 -7.64544678  4.        
-4.52045393  2.10934496 -5.76409912  4.        
-4.29369307 17.03834343  3.54290795  3.        
 -5.76233721   1.39197505 -10.20098877   4.        
-4.0667038  16.60695648  2.98190308  3.        
-6.38942003  1.57883406 -9.68267822  4.        
 0.24457601  2.97532606 -1.48242199  2.        
-6.71029711 18.0984726   8.00146484  3.        
-7.91428423 18.74246216 10.00485229  3.        
 5.28461504  3.36901093 -1.06817603  5.        
-7.03787994 16.50415802  4.25918579  3.        
-2.70317101  1.18504298 -4.47744799  4.        
-8.72736359 16.42926788  9.59140015  3.        
 4.7473979   3.09709907 -0.59097302  5.        
 5.56278181  9.24285126 -8.11572266  6.        
-8.01512909 15.80490112  3.65307593  3.        
-7.04776001 18.18113708  8.69970703  3.        
-8.12934875 16.97014618  6.9753108   3.        
  2.73235297 -17.94579315  -2.70282006   2.        
 2.83209205  9.59435272 -9.12701416  6.        
 9.06286621  4.88351393 -4.18127394  5.        
-6.46501923 17.4987793   5.73312378  3.        
-3.27267504  1.57674396 -4.06955004  4.        
-5.72341919 16.46363831  3.54049706  3.        
-6.32654619 18.50154877  8.46960545  3.        
 4.96970415  2.904495   -4.85226393  5.        
 1.76085699  0.191551   -2.39273095  2.        
 1.32237196  4.54582977 -3.02725196  2.        
-8.38587189 16.94458008  8.25411987  3.        
-7.68552399 15.77516937  1.75125098  3.        
7.87639618 6.34437609 0.81689501 5.        
 1.23679399  7.07247877 -4.26879883  2.        
-4.22935486  2.04937005 -6.59539795  4.        
-3.75300598 12.53906345  0.33581501  2.        
-5.42658997  2.12201691 -5.99542189  4.        
-4.98048401  1.97885895 -9.19781494  4.        
-6.75367689 18.56600952  8.05050659  3.        
  2.27203393 -17.98770905  -2.53924608   2.        
5.32762909 4.11946917 1.04894996 5.        
-4.86668396  2.18232012 -5.24191284  4.        
-8.81845093 16.81173706  9.25979614  3.        
-6.07495117 18.23345947  7.79327393  3.        
 7.60823822  4.3322072  -4.47335815  5.        
-1.26987505 -0.086731   -4.49560499  4.        
7.36676788 6.10156202 1.02044702 5.        
 1.43116796 -0.45288101 -2.19998193  2.        
 6.14297485  4.56100512 -1.35543799  5.        
 8.34280396  5.58091021 -3.128021    5.        
 0.015709    2.32333398 -1.95629895  2.        
  2.44060493 -12.03072357  -2.45986891   2.        
 4.18063307  3.0338819  -3.98965406  5.        
-7.25726318 18.41152191  8.33010864  3.        
  2.77111006 -13.71487427  -2.13833594   2.        
-1.58991206  7.89026594 -0.404358    2.        
 0.01918    -2.16490197 -3.56936693  2.        
-0.075951   -1.71136498 -3.60296607  2.        
-7.5704422  17.1938858   7.39645386  3.        
 1.85944402 -6.59697008 -2.32919312  2.        
-8.14661407 15.75530243  2.76965308  3.        
 4.22210693  2.80218506 -3.44906592  5.        
-2.25437903  0.77879298 -3.96136498  4.        
-2.55155206  9.42811584 -0.60440099  2.        
 1.05226898 -2.21498895 -2.485291    2.        
-1.99238598  1.18981194 -6.52618408  4.        
-0.40794399  4.04176283 -1.48465002  2.        
4.55423689 2.95236206 0.396851   5.        
-3.48402405 17.33439636  5.27035522  3.        
-6.93785906 17.30071259  6.54861498  3.        
-1.29810297  6.20072222 -0.70373499  2.        
-4.42627716 17.09990883  4.10434008  3.        
-5.37476397  2.11250305 -8.65139771  4.        
-3.01739502  1.64053297 -6.15921021  4.        
 6.91558123  4.34617615 -2.92080688  5.        
4.45371199 2.77552009 1.13238502 5.        
-3.86714196 17.26261902  6.67752123  3.        
-9.18729401 15.75799561  8.81542969  3.        
-4.75631714 18.66642761  8.4855957   3.        
-6.38326979 16.20915222  3.63775611  3.        
-7.02674913  2.23538995 -5.98852491  4.        
-3.35191393  1.81260705 -6.54702806  4.        
-0.56428498  3.30616808 -1.30450404  2.        
 2.47736406 -4.26956892 -1.80401599  2.        
  2.90137506 -15.94431305  -2.1998601    2.        
  2.48577905 -19.31424713  -2.61135888   2.        
 4.07496595  0.83374798 -1.71127295  2.        
-6.42968798 16.96612549  4.7470088   3.        
-5.20636702 15.72130585  2.30181909  3.        
 4.71373701  9.14174557 -9.02343845  6.        
 1.42866504  1.82465398 -2.70330811  2.        
  2.83516693 -12.50351048  -2.08630395   2.        
-9.14256954 16.70865631  9.80401611  3.        
 1.58742499 -5.08854723 -2.83523607  2.        
  3.02124      9.67975616 -10.55007935   6.        
-0.86429602  0.53279901 -5.5848999   4.        
 2.28348494 -7.74642897 -2.29525805  2.        
 6.76586103  3.98859406 -3.67745996  5.        
-9.89985657 15.20426941  6.51867723  3.        
-5.30565596 15.21512604  2.20236206  3.        
-5.62208605 18.70314026  8.22387695  3.        
-5.95782518  1.769714   -9.37741089  4.        
  6.11592913   8.47109222 -10.06994629   6.        
-5.75678205 16.7361908   4.00381517  3.        
-9.9407959 15.0605011  4.283813   3.       
-3.35506392  1.71958196 -5.68878222  4.        
 5.78272295  3.82193804 -1.50125098  5.        
-9.84026337 15.3684082   3.97137499  3.        
 4.46487379  1.92498004 -2.12460303  5.        
-3.56431603  1.65247297 -9.99221802  4.        
 3.27896905  9.50125122 -6.97662306  6.        
-0.87479401 -0.66703802 -4.76663208  2.        
 5.84845686  8.54611206 -9.54187012  6.        
-6.78826094 17.12625885  6.04125977  3.        
-8.29108429 16.95137787  7.69128418  3.        
 2.93571496  9.58283997 -8.24298096  6.        
-0.31032601  2.75028205 -1.32238805  2.        
 5.97538805  4.2156601  -3.79119897  5.        
 -5.40922499   1.445526   -10.53936768   4.        
 8.19181061  4.59590912 -4.83737183  5.        
-8.23777008 16.6856308   6.58941603  3.        
-0.633591    1.19683802 -6.81036377  4.        
 1.414482    8.27211761 -5.06955004  6.        
-0.599823    4.69342804 -1.08377099  2.        
-8.20851898 15.81922913  2.30462599  3.        
 9.76877594  6.26663208 -2.68954492  5.        
 2.55163598  9.04690456 -5.08593798  6.        
-5.00882006  2.0724721  -8.30361938  4.        
-1.45653498  1.50812495 -8.07177734  4.        
 6.04133606  3.962677   -1.89746106  5.        
 0.85939801 -0.32534    -2.56494093  2.        
  2.51644111 -11.39665985  -2.46771193   2.        
 2.15208411 -6.88483381 -2.6494751   2.        
 -4.92449903   1.59233105 -10.18170166   4.        
 6.77630615  3.82902503 -4.18044996  5.        
 2.11259508  8.63633728 -4.83517504  6.        
-9.51654816 15.30887604  8.61804199  3.        
-7.27983904 20.1594696   9.70346069  3.        
 1.22556305  5.0017848  -3.60952806  2.        
-1.20041704  4.90686798 -0.93670702  2.        
-9.09250641 15.7677002   8.32748413  3.        
 2.60103607 -1.77358305 -2.24057007  2.        
-3.87596107  1.87417603 -3.55914307  4.        
-5.23898315 17.16239166  5.51736498  3.        
 8.13156891  5.83655596 -1.99261498  5.        
-9.71692657 15.61924744  2.68469191  3.        
-6.99726915 18.14518738  7.49139404  3.        
 9.52767181  5.6284709  -4.08804321  5.        
-9.41880798 15.75891113  6.26571703  3.        
 5.51389313  9.39039612 -7.17910814  6.        
 2.1035459  -5.02377319 -1.999084    2.        
 0.931503    9.30941772 -7.87637281  6.        
 1.14247894  0.99473602 -2.3973999   2.        
-5.63127089  2.28988695 -4.81869507  4.        
-9.30966187 15.72436523  7.37997389  3.        
-5.31786299  2.1572721  -6.88961792  4.        
-5.1529541  14.52693176  1.09216297  3.        
-1.50457001  0.091324   -3.99615502  4.        
-3.57413507e+00  1.15396423e+01  1.40399998e-03  2.00000000e+00
-2.39563704  1.53873396 -7.79562378  4.        
 2.83768511  9.16456604 -4.64227295  6.        
 4.31272078  9.57575226 -4.56472778  6.        
  2.91010308 -20.0172348   -2.23706102   2.        
-4.65339708 14.53583527  1.08065796  2.        
 2.08026099 -4.28594208 -2.32522607  2.        
 4.91638994  3.16097307 -1.55819702  5.        
-7.56217194 16.96250153  6.90612793  3.        
-7.87395477 16.72957611  5.54266405  3.        
-4.00196791 12.86766815  0.41342199  2.        
 8.07389832  6.30697584 -0.647888    5.        
-8.15499115 17.01354218  9.152771    3.        
  3.45882392   9.55369568 -10.11721802   6.        
-4.20780897  1.99587202 -8.37106323  4.        
-6.73738098  1.766518   -8.91992188  4.        
-6.40270996 19.31456757  9.41149902  3.        
-5.99953508 17.22264862  5.61135912  3.        
-4.49686384 17.37578583  6.13787794  3.        
-7.72386885 17.5858078   9.01412964  3.        
 2.51642609  9.61727905 -8.1713562   6.        
 3.41815209  0.243843   -2.07360792  2.        
 1.33999598  9.25383759 -7.01052904  6.        
-7.99504089 17.28370667  7.62356615  3.        
-5.80569506 15.71430206  2.50924706  3.        
 3.44773889  9.53710175 -8.27429199  6.        
5.71543884 4.51843309 1.132599   5.        
 5.89731598  3.09606194 -4.91195679  5.        
 6.28782701  3.66828895 -3.82473707  5.        
-3.67828393  1.89389002 -4.46490479  4.        
-0.29270899  1.65611303 -7.24850512  4.        
-2.29467797  0.89488202 -4.79190111  4.        
-4.5924449  13.29183197  0.56677198  2.        
-9.28414154 15.51922607  3.70126295  3.        
-6.62251997 16.99468994  5.42477417  3.        
-7.62211609 15.81916809  3.33947802  3.        
-1.50936103  7.07020617 -1.24719203  2.        
 3.75605798  0.68309802 -1.34521496  2.        
 1.806862    8.57377625 -5.22683716  6.        
-4.47731781 14.95929718  1.01693702  2.        
-7.52601624 18.3649826   9.97839355  3.        
-8.04186344 16.63695526  7.20617723  3.        
 4.94202423  8.93640137 -9.5375061   6.        
 1.20612299  6.25257111 -3.78134203  2.        
 5.30866194  3.51654792 -3.06414795  5.        
-5.36666107  2.16732001 -7.57730103  4.        
-7.2613368   1.96257806 -7.52529907  4.        
 3.77382708  0.67650598 -2.01672411  2.        
 4.26021624  2.26960802 -2.94189405  5.        
-4.199821   16.46985626  2.28845191  3.        
-3.20199609 11.01564789 -0.05896     2.        
  2.39753008 -17.07498169  -2.41076708   2.        
-8.03775787 15.926651    1.90386999  3.        
 3.92478204  1.71527898 -2.66110206  5.        
-6.74026489  2.09268999 -8.06689453  4.        
-6.0472641  15.16082764  1.67370605  3.        
-3.01947808 10.50640106 -0.43960601  2.        
-1.69871497  0.23313899 -4.37655592  4.        
-2.23886895  1.17114305 -6.04077101  4.        
 8.9450531   5.80713701 -3.54785204  5.        
  3.85114288   9.29943085 -10.28179932   6.        
  2.5158391  -10.33235931  -2.09729004   2.        
-7.12329912 16.92872047  5.8780818   3.        
 1.78233302  9.21759796 -6.56332397  6.        
-4.49102783 18.76013184  9.13046265  3.        
-1.62572503  0.70475    -5.32229614  4.        
-6.09609222  2.16895294 -6.97897291  4.        
 1.63311005 -1.89574397 -2.02389503  2.        
-5.54114485  1.75366998 -9.68942261  4.        
-5.87229204 14.8337326   1.23864698  3.        
-0.55415303  1.32830799 -7.86203003  4.        
  4.37535095   9.00884342 -10.60504246   6.        
 7.11952209  5.37958479 -1.02117896  5.        
-8.666008   16.25498962  8.60040283  3.        
 5.46743822  9.7958746  -5.27951002  6.        
 0.98255903  6.5957489  -4.17764282  2.        
-6.38921404 19.42247772  8.91406155  3.        
-3.92344689  1.90062702 -6.074646    4.        
 2.28919196 -7.3634572  -2.43695092  2.        
-3.14196801 17.08621216  6.73571777  3.        
 8.74624634  5.98794603 -2.56039405  5.        
 0.979927   -4.07212114 -3.05630493  2.        
-8.90715027 15.81614685  6.01458693  3.        
 7.66706085  4.86526489 -2.90820289  5.        
  2.59670997 -18.85358429  -2.4095149    2.        
 6.60148621  4.98435211 -1.15805101  5.        
 1.19654906  9.17540741 -8.44476318  6.        
-2.53099108  1.06697905 -4.04144287  4.        
  2.85218811 -17.46648407  -2.677948     2.        
-8.33230591 16.69461823  8.95379639  3.        
 4.29325104  2.151016   -1.70028698  5.        
-1.56456804  1.19412994 -7.00296021  4.        
-3.62934089  1.84255195 -4.03671312  4.        
 2.05702996  8.93902588 -5.68716383  6.        
-2.69888306  1.80934894 -8.62011719  4.        
-0.417519   -1.35906994 -4.33541918  2.        
 0.91218603  5.26278687 -3.10412598  2.        
-8.72280121 16.43580627  7.24697924  3.        
 9.893013    6.7540822  -1.93646204  5.        
 0.79187799  0.847      -1.90109301  2.        
 2.45401812 -2.66982293 -2.08102393  2.        
 3.93614197  9.32502747 -9.39431763  6.        
-6.87616014 15.48699188  1.73550403  3.        
-6.19802094  2.06236291 -6.09091187  4.        
-4.51027679 16.62918854  2.77533007  3.        
-3.29457903  1.87837195 -8.72879028  4.        
 6.74699402  4.43673706 -2.293854    5.        
 0.47702801 -0.069847   -2.30221605  2.        
 1.97356403 -5.95391893 -2.07797194  2.        
-0.69394702  1.64406598 -8.67990112  4.        
 5.85903883  9.73356628 -5.90054321  6.        
 4.38886976  9.68487644 -4.18325806  6.        
-8.25419617 16.33185577  5.87988281  3.        
 5.5959549   3.26792097 -3.71975708  5.        
-8.76308441 15.71980953  3.05441308  3.        
-3.563164   17.1388073   6.10067701  3.        
-0.67373699  0.21008299 -5.3309021   4.        
-4.07064819 18.31347656  8.81594753  3.        
-5.07591295 14.90624237  1.51449597  3.        
 8.76103973  6.46596479 -1.43344104  5.        
-7.58093977 16.20526123  4.16702318  3.        
-8.96159363 15.88118744  7.73480177  3.        
-1.49603999  0.90767699 -5.78958082  4.        
-7.73886919 17.13986206  7.90002394  3.        
-6.47322083 15.43006897  1.14767504  3.        
-7.72696686 18.48975945  9.38458347  3.        
-4.87238312 17.99198151  7.66885424  3.        
-1.94017804  8.33383942 -0.485138    2.        
4.28954315 2.47439599 0.357544   5.        
 4.24659014  1.266945   -1.82754505  5.        
 1.71191394  9.42948055 -8.16229153  6.        
 5.9982152   3.32187605 -4.20275879  5.        
-2.36936212  9.18421173 -0.34130901  2.        
-6.13259888 19.87863159  9.25875854  3.        
-5.84561205 19.89213562  9.69656372  3.        
 9.83342743  7.02733612 -0.79788202  5.        
-4.53674316  2.1070559  -8.58312988  4.        
7.00395203 5.72831011 0.29126    5.        
-4.19429779  2.11092401 -5.00228882  4.        
-3.57699609  1.97106194 -8.00735474  4.        
 3.37689209  0.103233   -1.69970703  2.        
-0.208023    3.840904   -1.76895106  2.        
 2.32823896  9.66152191 -7.66662598  6.        
-4.2376399   1.72053504 -9.70120239  4.        
-5.51121521 18.93164062  8.57244873  3.        
6.15846205 5.05983686 0.46777299 5.        
-5.79584503 19.53834343  9.50848389  3.        
-5.05864716 18.88608551  8.63150024  3.        
-6.19525194 17.68532562  6.06152296  3.        
-7.91833496 18.25926971 10.43447876  3.        
-3.43514204  1.70490301 -4.99447584  4.        
  2.89849091 -18.04516602  -2.35174608   2.        
-6.13581896  1.96454597 -8.60687256  4.        
 1.67622399  3.39508104 -3.01156592  2.        
  3.02291894 -14.26442719  -2.56726098   2.        
-7.66333008 16.72264099  6.30032396  3.        
-8.55722046 16.24058533  7.7062068   3.        
-8.40573883 17.11248016  8.61743164  3.        
 1.707932    9.42730045 -8.95254517  6.        
-3.95977807 17.24533844  5.37219191  3.        
-8.04042816 18.62665558 10.62908936  3.        
-2.90278602 10.20639801 -0.14740001  2.        
-1.827492    1.49430895 -7.3465271   4.        
-4.51599121 17.63581085  6.99624586  3.        
 2.30342102  8.8500824  -4.29870605  6.        
-2.18743896  1.589607   -9.87768555  4.        
-8.21344757 16.23049164  5.21954393  3.        
 5.90654802  9.32181454 -7.20806885  6.        
-10.31328583  15.07904053   5.86639404   3.        
-4.79585314 15.13769531  1.98910499  3.        
-9.71375275 15.30871582  4.76599121  3.        
 4.80815887  9.4887619  -7.21240187  6.        
-4.91620588 18.37631989  8.15872192  3.        
-4.12059784 13.51114655  0.72534198  2.        
-6.33554077 16.94449615  5.1401062   3.        
-4.28395796  2.03549194 -7.76849413  4.        
 5.46057892  3.39046502 -2.13577294  5.        
 1.38688695  3.70583296 -3.14349389  2.        
-8.16346741 17.93814087  9.47879028  3.        
-2.84628296  1.76647902 -9.32903957  4.        
-7.62562609 16.71353149  4.81921387  3.        
-8.27607727 18.16274261  9.8899231   3.        
-6.72341919  2.21450806 -6.44390917  4.        
-2.15438795  9.71338654 -0.094971    2.        
  2.9919889  -14.8155899   -2.03488207   2.        
-8.85417175 15.92029572  6.70065308  3.        
-8.73231506 15.71443176  3.84094191  3.        
 4.05966997  9.51721191 -4.9779048   6.        
-6.4668498  17.83513641  7.13217211  3.        
 1.33809698  5.12825012 -3.17523193  2.        
-5.70453596 18.91072845  9.0246582   3.        
-7.25873613 17.45022583  7.37445116  3.        
-3.30493903 17.47667694  4.20980787  3.        
 7.70613098  5.86358595 -1.11267102  5.        
 5.03875685  9.62927341 -5.53595018  6.        
 2.91920495  9.28824615 -5.23971605  6.        
 5.24150085  3.87307692 -0.64090002  5.        
-4.74059296  2.06995392 -7.28649902  4.        
 2.45661211  9.44930267 -6.84002686  6.        
-4.66917419 16.02939606  2.80358911  3.        
-8.52722168 16.10932159  4.60592604  3.        
-5.20665693 16.01047516  3.07522607  3.        
 1.16667199  6.76764679 -3.84909105  2.        
-2.27367401  8.71586609 -0.82632399  2.        
 3.51026893  9.44294739 -4.74749804  6.        
  2.49139404 -12.3117218   -2.17083693   2.        
-9.36147308 15.54920197  8.0836792   3.        
 1.64131904 -2.82025909 -2.33633399  2.        
-5.27708387 17.03533173  5.08654785  3.        
 2.69986701 -0.082069   -2.09789991  2.        
-8.96665192 15.85823059  2.40826392  3.        
 3.29643202  9.55092621 -9.00769043  6.        
-6.48172808 15.64390564  2.76052904  3.        
-0.53504902  0.86286902 -5.97036695  4.        
-5.7556839  19.98091888  9.17727661  3.        
 5.09851789  3.65362501 -0.197449    5.        
-9.7634964  15.34641266  6.90231323  3.        
 1.15244305 -3.36691308 -2.4528501   2.        
-2.11445594  1.52263606 -8.53713989  4.        
-5.34993696  2.34086609 -4.50668287  4.        
-2.59748793  1.49424005 -6.01373291  4.        
  2.99043989 -15.58049011  -2.07714796   2.        
 -2.94059706   1.40356505 -10.36593628   4.        
 2.84842706  9.42518616 -6.47787523  6.        
-3.94281793  1.889992   -9.18032837  4.        
-3.84668708 17.70579529  8.26049805  3.        
 6.01975298  9.55480194 -6.49835205  6.        
 -3.55063605   1.297539   -10.32513428   4.        
 0.35304299  2.2146759  -1.66189599  2.        
  2.69186401   9.7594223  -10.34555054   6.        
 0.44937101  9.28449345 -7.47708082  6.        
-6.80120087 17.55189514  6.00534105  3.        
-4.88982391 15.50157166  2.37600708  3.        
-8.09140015 17.59593964  9.92282104  3.        
 3.95800805  1.32015204 -2.38751197  5.        
-5.57463789 14.55600739  1.02630603  3.        
-3.06172204  1.79981196 -7.52242994  4.        
-3.9473269   1.99047899 -5.29489088  4.        
-0.56075299  5.98587799 -1.20654297  2.        
-9.5958786  15.49412537  7.69265795  3.        
 2.42246199 -3.0481801  -2.19198608  2.        
-3.77522993 12.30047607 -0.068665    2.        
 4.8457489   3.07862902 -2.08865404  5.        
-4.53867292 13.63939667  0.74478102  2.        
 2.45694709  9.75416565 -9.77023315  6.        
 0.50099897 -3.18762994 -3.64468408  2.        
 0.068329   -2.68260193 -3.59454298  2.        
-1.18719494  6.80081892 -0.75167799  2.        
-8.73818207 16.28935242  6.4382019   3.        
-7.04821777 18.90715027  9.77838135  3.        
 1.01342797 -3.25931597 -3.25451708  2.        
 7.54267883  4.99454498 -3.37719703  5.        
  3.09337592 -17.56283569  -2.38632202   2.        
 9.58904266  7.05499983 -0.28402701  5.        
 6.37934113  4.86901093 -0.73608398  5.        
 6.52185106  4.24550581 -3.42675805  5.        
-3.1311419  17.11970329  5.350739    3.        
  2.57094598 -14.16361237  -2.36157203   2.        
  2.542274   -14.69764709  -2.56024194   2.        
 1.27573395  2.19372606 -2.86126709  2.        
-10.04203033  15.29202271   3.44323707   3.        
-7.54283094  1.81275201 -7.74844408  4.        
-4.45713806 13.96331024  0.52722198  2.        
-6.51572418  2.11087799 -5.66784716  4.        
-6.38135481 18.29577637  8.06668091  3.        
-7.49672699  1.56822205 -9.13192654  4.        
  2.80472589 -15.31424046  -2.64239502   2.        
 1.23467302 -4.52645111 -2.89727807  2.        
 1.11813295 -2.28326392 -2.03527808  2.        
-1.13871002  1.24685705 -7.48406982  4.        
 0.43321201 -2.51196289 -3.756531    2.        
-6.91939497 19.65532684  9.34790039  3.        
-7.21500397  1.69694495 -8.82403564  4.        
 8.43269253  4.75237989 -4.43572998  5.        
 2.70534492 -8.70745087 -2.46389794  2.        
 3.69948602  9.41448212 -4.11059618  6.        
 4.80214691  9.45664215 -7.83364916  6.        
 5.00091505  3.16191101 -4.04159498  5.        
-5.70566607 16.15777588  3.08514404  3.        
 2.04061103 -8.06874084 -2.33688307  2.        
 2.34766412 -2.36484504 -2.37820411  2.        
-9.23653412 15.52186584  4.45755005  3.        
 7.10316515  4.50190687 -3.69247389  5.        
 7.81533813  5.34218597 -2.70150805  5.        
 6.90782881  4.71605682 -2.81195092  5.        
-2.62051392  1.27191901 -3.32797194  4.        
-1.44233704  1.43896496 -9.34915161  4.        
-3.87547302 17.21061707  5.88729906  3.        
-4.45111799 18.47754669  8.82955933  3.        
 0.09359     3.38607788 -1.514709    2.        
  2.42533898 -10.69708347  -2.52746606   2.        
 7.274261    5.86677599 -0.42157     5.        
 6.21229506  3.9071579  -2.67098999  5.        
 4.789886    2.59162092 -2.05743408  5.        
-7.5373311  17.89377594  9.21670532  3.        
 4.3713069   2.6252141  -0.33560199  5.        
6.26042223 4.97275496 0.87353498 5.        
-1.06499505  0.233353   -5.80963087  4.        
-8.69766235 16.21605682  5.44818115  3.        
-4.22762299 17.60943604  7.37307692  3.        
-9.17278957 16.07762909  8.0229187   3.        
 0.93588299  9.29055023 -7.07028198  6.        
-7.58170319 17.56558228  7.19934082  3.        
 5.61433411  9.02787018 -8.88842773  6.        
10.31507874  6.95783997 -1.33807397  5.        
 1.06459796  3.45983911 -3.04507494  2.        
 6.59619904  3.80615997 -4.5184021   5.        
-6.26613617 15.40901184  2.07800293  3.        
 1.11002398  4.63554382 -3.44393897  2.        
-8.33468628 17.59228516  9.32241821  3.        
-9.13610077 15.69371796  6.53530884  3.        
-0.63689399  5.34371901 -1.23724401  2.        
6.42022705 5.2684021  0.275116   5.        
-4.14303589 15.70610809  2.28601098  3.        
-4.78843689 17.08677673  4.40078688  3.        
-4.03153181 17.1472168   4.65191603  3.        
-6.68718004 19.80323792  9.96279907  3.        
-6.63877916 17.949646    6.75747681  3.        
-4.14475298  2.259727   -3.61019897  4.        
 5.21021318  3.1182251  -3.34588599  5.        
-3.20513105  1.70361304 -3.36062598  4.        
-6.39684296 16.09121704  3.08193994  3.        
 2.10700989  9.61936855 -9.3442688   6.        
-4.5134201  14.08367157  1.09793103  2.        
-9.44521332 15.4171524   4.06778002  3.        
 1.04764605  7.80189514 -4.65841722  6.        
-6.91894484 16.90719604  4.6902771   3.        
-7.09494781 19.49089813 10.18157959  3.        
-3.74263811 11.89586639  0.095917    2.        
 1.76757801 -5.88175201 -2.41589403  2.        
-6.9608078  16.26049805  3.87573195  3.        
-9.38838959 15.47035217  8.95211792  3.        
-4.66493177 16.4466095   3.36389208  3.        
 1.42122602  5.70687103 -3.3565371   2.        
  2.46942091 -16.05447388  -2.37625098   2.        
-0.15583     2.329849   -1.60574305  2.        
 7.50692701  5.34703779 -2.13070703  5.        
-4.88591814 15.89698792  2.41925001  3.        
 7.06076813  4.70753479 -3.17874193  5.        
 7.06690216  5.44657898 -0.17038     5.        
-7.44674683 19.02484894 10.31744385  3.        
  2.76158905 -12.75335693  -2.42453003   2.        
 0.80742598  3.04941607 -2.8161931   2.        
6.34418488 5.19940901 1.35076904 5.        
  5.72018385   8.43759155 -10.57138062   6.        
 2.4602201   9.12636566 -4.05996704  6.        
-0.498474   -0.868622   -4.93722486  2.        
 5.98638916  4.7796402  -0.043579    5.        
 0.83727998 -0.85128802 -2.75198388  2.        
 3.5408709  -0.16748001 -2.22891212  2.        
 6.95373487  5.09854078 -1.69021595  5.        
-1.21712506  0.29947701 -5.3187561   4.        
 9.11427307  6.04489088 -2.82861304  5.        
 1.53095198 -1.15201604 -2.41430712  2.        
 4.09401703  9.48462677 -8.13198853  6.        
  4.79390717   8.77674866 -10.84957886   6.        
 0.55156702  9.56069183 -6.86294603  6.        
-8.25695038 16.39113617  6.8720088   3.        
 8.1366272   5.66841888 -2.51666307  5.        
 2.37051392 -9.92004395 -2.41366601  2.        
-2.30350494  0.95341498 -5.24057007  4.        
 1.62853205 -3.24295807 -2.22525001  2.        
 -4.62272596   1.57845294 -10.39920044   4.        
-4.97553205 14.16098785  1.06262195  2.        
 4.0511632   2.04583001 -2.43200707  5.        
 7.24491882  5.47371721 -1.50421095  5.        
-1.64734697  1.36917901 -8.71777344  4.        
10.05960083  5.65377808 -3.67401099  5.        
4.60588789 3.069206   0.96606398 5.        
 1.50300598  9.32453918 -7.62652588  6.        
-5.01902008  2.21272993 -6.6784358   4.        
-5.72450304 15.46227264  2.19049096  3.        
 3.18027496  9.53167725 -9.75894165  6.        
-8.62206268 17.04879761 10.27087402  3.        
 4.23291016  9.54336643 -5.33584595  6.        
 1.46746099 -1.354424   -1.99838305  2.        
 2.03538489 -3.50360107 -2.06234694  2.        
 4.72280884  2.84446692 -0.858459    5.        
-9.47618103 15.60605621  7.02694702  3.        
-6.270401   16.70552063  4.53045607  3.        
 5.3766942   9.56192017 -6.11199903  6.        
-4.24920607  1.92404199 -6.94043016  4.        
-5.95578814 18.88563538  8.38247681  3.        
-3.88315606 12.16712189  0.30013999  2.        
-2.64698792  1.62221503 -6.47897291  4.        
 2.86270094 -1.16121697 -2.24963403  2.        
 2.83492994  9.56980896 -8.73004246  6.        
 8.99137115  6.26819611 -2.18811011  5.        
-7.65113783 16.33975983  3.83312988  3.        
-1.45489502 -0.100456   -4.8911128   4.        
-6.86808777  1.63767195 -9.42364502  4.        
 4.43065596  2.78333306 -4.31167603  5.        
-1.09732795  1.29828596 -8.76275635  4.        
 1.03359199  0.064659   -2.14309692  2.        
-6.07827806 18.88249969  8.81912231  3.        
-2.35109711  1.62442803 -9.22250366  4.        
-3.16181207  1.59449804 -5.40475512  4.        
-3.88999891  1.92360699 -8.79571533  4.        
 2.50107598 -9.19046021 -2.51342797  2.        
-7.79469299 17.13064575  8.30187988  3.        
 7.50333405  3.9939959  -4.76846313  5.        
 1.019081   -1.80330706 -2.64907789  2.        
-3.13896203  1.79847705 -6.93481398  4.        
10.03031158  6.29164886 -3.15286207  5.        
 1.20006597  4.29014587 -3.26449609  2.        
10.07991791  6.47953796 -2.6399231   5.        
 9.09719086  6.58513594 -1.50643897  5.        
-6.31607103 16.62869263  4.02999878  3.        
-3.68498206  1.71193695 -6.38900805  4.        
-3.68716407 17.33738708  7.58630419  3.        
6.14701796 5.13025713 1.64773595 5.        
-2.87799811  1.58726501 -7.27062988  4.        
-9.8844986  15.44058228  6.23074293  3.        
-7.42195082 17.87911987  7.74145508  3.        
-7.34130096 16.23752594  3.50732398  3.        
-9.29413605 15.5480957   5.56881714  3.        
 3.59902906  9.4927597  -5.48916578  6.        
-4.60878801 14.81957245  1.567963    3.        
-0.726601    0.48481801 -6.24307299  4.        
 2.97610497 -1.06124902 -1.85675001  2.        
-4.9361949   2.2567749  -4.88174391  4.        
 8.64511108  5.92571306 -2.955688    5.        
 2.85573602  9.30591583 -5.74645996  6.        
 1.46879601 -2.29460907 -2.40103197  2.        
  5.24758911   8.74906921 -10.41238403   6.        
 0.67513299  5.50451708 -3.66171288  2.        
-7.12106323 18.99108887  9.02935791  3.        
 8.15578461  4.77597809 -3.88192797  5.        
-8.1608963  17.43276215  8.52157593  3.        
 5.71598005  3.85134101 -1.11096203  5.        
-4.26838684 13.20714569  0.438263    2.        
 5.57003784  3.75765204 -2.30194092  5.        
-8.96530247 16.48651886  8.9312439   3.        
4.85343218 3.32428694 0.165466   5.        
-0.31468999  1.24575806 -7.61001587  4.        
 4.72803497  9.65680695 -4.74200392  6.        
-10.1707077   15.37670135   4.73168898   3.        
 3.22527289 -0.29079399 -1.876495    2.        
-9.69270325 15.46328735  8.2741394   3.        
-7.63171387 17.07266235  6.17898607  3.        
-5.59630585 17.36725616  5.6121521   3.        
 2.22917199 -9.56015778 -2.32012892  2.        
-7.70588684 17.68518829  7.97524977  3.        
-0.82975799  5.440979   -1.52038598  2.        
-5.54108381 15.1536026   1.77554297  3.        
  2.49657393 -17.63077545  -2.64358497   2.        
 1.18671405 -3.82018304 -2.91393995  2.        
 5.36719513  3.2766571  -2.80835009  5.        
 6.9320302   4.15180206 -4.20645094  5.        
 0.863922    7.23963213 -4.23742723  2.        
 1.12216997  1.91611505 -1.63973999  2.        
 2.49708605 -8.53316498 -2.21694994  2.        
 2.38285899 -6.42831421 -2.09558105  2.        
 0.75925398  0.38513899 -2.16552711  2.        
 4.69278002  3.03488207 -3.01709008  5.        
 3.97320604  1.53863502 -1.86319005  5.        
5.35117292 3.81722999 0.104492   5.        
 3.93635607  9.55485535 -6.17367506  6.        
 3.70142388  0.190163   -1.81225598  2.        
 7.39181519  4.94742584 -2.30059791  5.        
 0.046188   -1.64196801 -3.97314501  2.        
 5.69142103  4.16330719 -0.07959     5.        
-5.45386505 18.56369019  8.55587769  3.        
 4.52997589  2.47166395 -1.17156994  5.        
-3.42780304  1.87506902 -7.49853516  4.        
-6.90658617 16.05111694  3.11172509  3.        
 6.50528717  9.60353947 -7.18167114  6.        
 1.60519397 -3.95428491 -2.266083    2.        
-0.33430499  3.48561096 -1.53723097  2.        
 -5.18727112   1.244995   -10.35140991   4.        
 4.80335999  9.2220459  -8.48675537  6.        
-8.40101624 15.82888031  3.08868408  3.        
 1.95032501 -8.85272217 -2.27249193  2.        
-7.28305817 17.55143738  6.65338087  3.        
 0.58718097 -2.65767694 -3.16189599  2.        
 4.03471422  1.89897203 -1.452209    5.        
-3.63025689 13.00234222  0.41909799  2.        
 1.38332403 -5.0354228  -2.5527041   2.        
  2.63420105 -16.66890717  -2.41503906   2.        
 1.25784302 -2.99219489 -2.50006104  2.        
-7.73557997 18.02812958  8.68933105  3.        
-5.54117584  2.03635406 -8.21841431  4.        
 1.42467499  8.62018585 -5.44381714  6.        
-4.66283417 15.58560181  1.87097204  3.        
 5.79825592  4.17350006 -1.66485596  5.        
 3.7276001   0.88868701 -1.71652198  2.        
-5.89579821 18.51969147  7.89093018  3.        
 9.78484344  5.94072008 -3.36950707  5.        
-0.90843999  1.11067998 -7.01098585  4.        
 2.93663812  0.49026501 -2.0023191   2.        
-8.74051666 17.73905182  9.99124146  3.        
-1.85971797  6.86177111 -0.543854    2.        
-6.03108978  2.12297106 -8.22821045  4.        
-4.61218309 17.22954559  4.81771803  3.        
-5.48843384 16.47825623  3.92105103  3.        
  2.46995497 -11.05671692  -2.39871192   2.        
-6.87803698  1.94728804 -5.80691481  4.        
-1.66073596  1.412727   -9.90133667  4.        
-1.69863904  0.47244301 -5.07110596  4.        
 5.01695299  3.20539093 -0.785797    5.        
-7.13195801 15.53086853  1.40756202  3.        
-0.83792102 -0.063316   -5.16775513  4.        
-6.70233917  2.15412903 -7.23144484  4.        
 6.38006592  9.228508   -7.69708204  6.        
-0.87732702  4.85135603 -1.22540295  2.        
 3.95300293  1.93409705 -0.59164399  5.        
 4.08836412  9.57232666 -6.9906311   6.        
 7.47733307  4.66553497 -3.74325609  5.        
 6.75163317  4.34458923 -3.74038696  5.        
 1.69237494  9.29283905 -6.94482422  6.        
-9.51955414 15.4406662   6.45141602  3.        
 1.19628894 -0.370689   -1.91207898  2.        
 1.695068    8.15779877 -4.52050781  6.        
 4.81803894  3.13989305 -2.69030809  5.        
 5.41014099  9.31526947 -7.81140089  6.        
 -6.11906385   1.41565704 -10.47015381   4.        
-7.56980896  1.68215203 -8.42895508  4.        
7.92640686 6.41217804 0.237183   5.        
 3.27935004  9.44329834 -6.06259203  6.        
-5.9576869  17.05755615  5.26037598  3.        
 6.5874629   4.41825914 -3.11999512  5.        
 2.04350305 -6.28458405 -2.15820289  2.        
-3.16378808  1.53142595 -3.702209    4.        
7.62264299 6.11570692 0.72113001 5.        
 5.15783691  3.1405561  -1.30621302  5.        
-0.49372101 -1.25015295 -3.94360399  2.        
 -4.30960083   1.51920295 -10.09301758   4.        
 7.35505676  4.45261383 -4.18499804  5.        
 6.51481581  4.67719984 -1.95455897  5.        
 1.19387805  5.64257812 -3.68985009  2.        
-5.0822978  17.75084686  7.06484985  3.        
5.8068471  4.48543596 0.62023902 5.        
 4.25418806  2.36073303 -0.819305    5.        
 6.03872681  4.50082397 -0.26104701  5.        
8.3904953  6.69208479 0.116089   5.        
 1.28416395  1.36355603 -1.81533802  2.        
-8.08338165 16.3269577   4.37774706  3.        
 4.76867723  9.62548828 -5.19436693  6.        
-5.08829498 16.50060272  3.70870996  3.        
 3.60507202  9.418396   -9.39376831  6.        
-6.38776398 18.21335602  7.21444702  3.        
-3.53347802 17.21295166  7.0437932   3.        
 1.04270899  6.05278015 -3.55422997  2.        
-6.14199781  2.15950799 -7.66784716  4.        
 8.387146    6.39483595 -1.14541602  5.        
-4.97717285 13.83773041  0.80331397  2.        
 7.45929718  5.20503187 -1.67059302  5.        
-4.93231201 18.3782959   8.54470825  3.        
-0.58852398  0.97603601 -6.55218506  4.        
 3.04746199  9.38311768 -4.48208618  6.        
-2.89259291  1.65199304 -9.81759644  4.        
 4.97478485  9.09468842 -8.76889038  6.        
  2.68713403 -14.91470337  -2.31390405   2.        
-8.23796082 17.95859528 10.54348755  3.        
-10.04364777  15.25534058   5.99173021   3.        
 1.493469   -3.7911911  -2.62612891  2.        
-6.82733917 18.66752625  9.11001587  3.        
 2.10714698  9.52246857 -7.14910889  6.        
  2.93384504 -18.40037537  -2.59555006   2.        
-1.36930895  1.31110406 -7.80755615  4.        
-4.43074799 15.43460083  2.06964111  3.        
-2.22980499  7.68469191 -0.71350098  2.        
-1.12693799  5.98520708 -0.95764202  2.        
-4.03108215  2.03788805 -4.27603197  4.        
 7.10167694  4.97627306 -2.52917504  5.        
-6.87493086 18.34075928  7.74200392  3.        
-3.1249311   1.87100995 -8.05908203  4.        
 4.13085222  2.58124495 -2.99270606  5.        
-4.56421709  2.01030707 -8.95333862  4.        
-3.81096697 17.05275726  3.59310889  3.        
 2.17337799 -5.33194685 -2.12518311  2.        
 -2.325073     1.45752704 -10.33978271   4.        
 4.22888994  2.45559692 -0.061035    5.        
5.33224487 4.17941284 0.58984399 5.        
 2.37673211 -6.72716522 -1.851776    2.        
 0.13942    -2.31603193 -3.84884596  2.        
-9.89334106 15.20466614  7.25225782  3.        
 6.29527998  4.26442719 -3.03317308  5.        
 1.98608398  8.60718536 -4.06845093  6.        
 5.18601179  3.54637909 -1.38619995  5.        
-7.98350477 17.34893799  9.34594727  3.        
-8.87145233 16.96657562  9.5569458   3.        
 -6.16455078   1.36888099 -10.02371216   4.        
-2.63746595  8.13578033 -0.66366601  2.        
 2.42911506  9.57731628 -9.06207275  6.        
-7.97372389 16.48366547  5.76519823  3.        
-6.77953291 16.65473175  4.06430006  3.        
-6.96254683 15.55071259  2.14196801  3.        
-0.103584    1.58371699 -1.77603102  2.        
-8.90987396 16.22589111  6.88549805  3.        
-3.32389092  1.56437695 -6.31961107  4.        
4.58283186 3.03833008 0.011292   5.        
-4.87336016  2.33917999 -4.20114088  4.        
-7.21663713 19.76948357  9.722229    3.        
 1.73557305 -4.65080309 -2.30120802  2.        
 8.63657379  4.94014692 -4.24319506  5.        
 3.84413195  2.30922699 -3.08459496  5.        
-3.1979599  17.24737549  5.72631788  3.        
-2.65901208  1.66088104 -9.05944824  4.        
 3.0622561   0.24514    -2.48623705  2.        
-7.33462477 19.06534576  9.39660645  3.        
-6.95178986 17.87037659  6.85211182  3.        
-2.74572802  1.094612   -3.60543799  4.        
-4.33820295 16.70494843  3.53884912  3.        
 0.93479902  8.47748566 -5.15551805  6.        
 6.29219103  4.57215881 -1.72543299  5.        
 6.92250776  4.74559021 -1.79287696  5.        
-0.043083    2.64182305 -1.85388196  2.        
 6.02938795  3.63120294 -3.31976295  5.        
-7.92448378 16.93212891  6.47924805  3.        
 5.47962904  8.83574677 -9.12875366  6.        
 4.05995893  2.61053491 -3.68554711  5.        
-2.46889496  9.75252533 -0.217957    2.        
 3.11598206  9.49356079 -3.96746802  6.        
-7.74706984 19.63001251  9.88751221  3.        
 6.93230391  4.01196289 -4.61846924  5.        
-3.9836731   1.97083998 -8.04376221  4.        
-1.10623896  5.4941411  -0.98400903  2.        
  2.51224494 -16.82693481  -2.68405104   2.        
 9.43663025  6.26856184 -2.73226905  5.        
-5.9941411  15.88254547  3.11367798  3.        
 4.81851196  9.49919128 -6.81573486  6.        
-5.94486189 18.38677216  8.19418335  3.        
 1.47173297 -0.56128699 -1.88595605  2.        
-3.55680799  1.77775598 -7.05010986  4.        
 1.56607103  5.64110613 -3.72393799  2.        
-5.67347717 16.95504761  4.51251221  3.        
 8.1193161   5.64714003 -2.84991503  5.        
 1.08366394  9.33869934 -8.17263794  6.        
 6.26020002  3.90996599 -4.07705688  5.        
-8.39057159 16.54065704  8.62643433  3.        
7.50753784 5.92753601 0.337708   5.        
 -4.25314283   1.481148   -10.53677368   4.        
-4.19043684 18.06568146  8.47180176  3.        
 5.75791216  4.025002   -2.06237793  5.        
-1.21423304  1.00819397 -6.75411987  4.        
-0.818573   -0.33212301 -4.87255907  2.        
6.06019592 4.64508104 0.252563   5.        
 8.79270935  6.7301712  -0.649872    5.        
 6.58773804  5.19181108 -0.106171    5.        
-2.39848304  8.62258244 -0.21521001  2.        
-4.42065382 15.09791565  1.68814099  3.        
-8.69069672 16.11750031  7.33895922  3.        
 4.40850115  2.79309797 -2.69253492  5.        
-6.02561188  2.09862494 -6.44638109  4.        
-6.01377106 19.23990059  9.05856323  3.        
 1.16814399 -0.66870099 -2.27377295  2.        
 0.99793202 -1.17198205 -2.55935693  2.        
-4.76279497 16.4171524   2.81561303  3.        
-0.49533799  1.03094494 -7.08706713  4.        
-5.47322083 15.98118591  2.71710205  3.        
 4.68204498  2.54902697 -2.47634912  5.        
-7.75924683 16.00567627  3.97076392  3.        
-4.65281677 16.80633545  4.06027222  3.        
-6.33812714 17.69248199  6.62472486  3.        
  2.51542711 -11.30990601  -2.78790307   2.        
 0.23782299 -2.07407403 -4.052948    2.        
-7.48611498 15.68477631  2.11843896  3.        
-10.09076691  14.97045135   6.65499878   3.        
  2.82521105 -16.05953979  -2.50088501   2.        
-8.51908112 18.2509079  10.2928772   3.        
 3.41841102  1.19686902 -2.56872606  2.        
 4.11969805  9.30874634 -9.11965942  6.        
 5.75099897  3.67410302 -2.01647902  5.        
-7.53785706 15.86418247  3.02291894  3.        
-3.69949293 17.2386322   3.9195559   3.        
-3.69376397 17.1186676   6.43600512  3.        
 5.51238298  3.71242499 -3.28057909  5.        
  2.6588819  -19.24281311  -2.33947802   2.        
 6.16616106  9.44574738 -6.92553711  6.        
-5.26615095 18.29196167  8.21920776  3.        
-1.20170605  4.96810913 -1.28131104  2.        
-9.26833344 16.01325989  9.0748291   3.        
 2.927315   -1.73387897 -2.26107788  2.        
-8.0930481  15.88970947  4.14639282  3.        
 4.39196014  3.26262689 -3.32141089  5.        
 4.98420715  3.35660601 -3.36071801  5.        
 2.65667701  9.6151123  -7.48339796  6.        
-7.45802307 17.39662933  7.71902514  3.        
-8.91176605 15.61859131  3.57928491  3.        
 3.01766992 -0.41628301 -2.10119605  2.        
-7.30795288 17.0863266   6.62033081  3.        
-4.8069458  18.92919922  8.86120605  3.        
-3.30712891  1.77867901 -9.19729614  4.        
-4.49156189  2.11671495 -7.04748487  4.        
-9.30498505 15.91265869  7.11199903  3.        
 1.44553399  0.979729   -2.52059889  2.        
 4.16038513  9.35502625 -8.50109863  6.        
 2.71456099  9.61657047 -7.12509203  6.        
-7.33326721 16.87146759  5.02603197  3.        
-4.55488586 15.97156525  2.18255591  3.        
-0.87414598 -0.72914898 -4.06158495  2.        
 8.75161743  5.5355382  -3.82391405  5.        
-8.91007233 16.0859375   5.75930786  3.        
-9.79283142 15.29585266  3.22912598  3.        
 1.13328505  2.08719611 -1.31582606  2.        
 -3.65777612   1.47961402 -10.63534546   4.        
-0.75517303  1.51229095 -8.08233643  4.        
 1.115013    8.86928558 -5.43200684  6.        
 9.44698334  5.69330597 -3.68673706  5.        
-3.32929993 11.77828979  0.076477    2.        
 8.00270081  4.4417882  -4.62164307  5.        
-4.75808716 16.60245514  3.09362793  3.        
-4.2461319   2.19252801 -3.9589839   4.        
 5.0740428   3.33706689 -2.65145898  5.        
-0.53821599  2.61814904 -1.081635    2.        
-6.44517517  1.30638897 -9.85140991  4.        
  2.28047204 -18.46785736  -2.46209693   2.        
-4.56655884 17.24555969  5.44229078  3.        
  2.81166792 -15.51673889  -2.38833594   2.        
-0.264175   -1.55956304 -3.92431593  2.        
-5.03636217 16.89675903  4.48980713  3.        
-8.32577515 16.52111816  7.89236498  3.        
 6.04197693  9.23612213 -7.63079786  6.        
 6.21590424  3.36162591 -4.8432622   5.        
-6.923141    1.82617199 -8.57495117  4.        
-0.983643   -0.84246802 -4.43335009  2.        
  2.82484388 -16.75138855  -2.09390306   2.        
-8.29351807 18.7946701  10.31307983  3.        
-2.67764997  1.23629797 -5.71106005  4.        
-2.7762599   1.67041004 -8.18536377  4.        
  2.6354599  -20.00175476  -2.468292     2.        
-7.24656677 18.12837982  9.0434866   3.        
 8.02635193  5.24542189 -3.39425707  5.        
-5.57792711 19.51799011  9.04232788  3.        
-8.71562958 15.87206268  5.22604418  3.        
 0.774719    6.79746199 -3.75295997  2.        
 1.97974396 -3.97888994 -2.347229    2.        
 1.08935499  5.72194719 -4.06182909  2.        
-6.39405823 15.59967804  2.40359497  3.        
-2.11697412  1.63480401 -7.92892504  4.        
-9.63368225 15.38191986  5.09588623  3.        
 3.9639051   1.16393995 -1.70016503  2.        
-6.07027388  2.27269697 -7.35925293  4.        
8.75031281 6.85161591 0.37496901 5.        
-5.58116913 17.59066772  6.11032104  3.        
-7.76066589 17.87660217  9.78994846  3.        
-6.52863312 19.18849182  8.73843384  3.        
-9.95826721 15.12680817  4.65975904  3.        
 4.42363691  9.55927277 -6.58993483  6.        
 4.46378279  2.4518199  -2.77023292  5.        
-4.30869293 16.85633087  3.91668701  3.        
-7.80845594 16.46417999  4.28115797  3.        
 6.38653612  4.05049896 -3.77914405  5.        
-6.98513794  1.92251599 -8.23950195  4.        
-2.55976892  9.3469162  -1.00286901  2.        
 4.65154314  9.59696198 -6.18872118  6.        
-2.03218102  8.08840179 -0.793365    2.        
 7.31642103  5.60835981 -0.87020898  5.        
-8.04415894 17.1476059   7.22930908  3.        
-5.99476624 16.9287262   4.58496094  3.        
 7.4893651   6.01610613 -0.21832301  5.        
 1.17960405  0.27919    -2.33196998  2.        
 5.55830383  3.7653811  -0.84506202  5.        
-5.22980499 19.37689209  9.17352295  3.        
-8.11351776 16.04579163  3.840729    3.        
-8.98834991 15.94042206  8.64263916  3.        
-1.16602302  1.30657196 -8.05523682  4.        
-6.31134796 17.20005035  5.68173218  3.        
-8.36128998 16.83522797  7.3008728   3.        
 0.43341801  1.02098095 -1.91638196  2.        
 4.49809313  2.28266096 -1.444031    5.        
 4.18531799  1.45595503 -2.14810205  5.        
-9.33714294 15.97077942  8.29040527  3.        
  5.55860901   8.69773865 -10.46682739   6.        
-0.221626    1.03958905 -6.69638109  4.        
-2.78358507  1.53162396 -6.91192579  4.        
 2.81793189 -2.05697608 -2.16070604  2.        
 0.43138099  1.60742998 -1.82397497  2.        
 6.19009399  4.73796082 -0.95794702  5.        
-8.91793823 16.18242645  9.51077271  3.        
 4.60444593  2.78614807 -0.483643    5.        
  2.566185   -17.2928009   -2.24896193   2.        
-7.30682421 16.77038574  5.55487108  3.        
 6.00645494  4.25367689 -2.02416992  5.        
-8.69563293 16.82202911  8.96524143  3.        
  2.63874793 -13.69985199  -2.67742896   2.        
-3.30033898 17.02170563  6.46014404  3.        
-6.72611189 15.97290802  3.36315894  3.        
4.99279785 3.53894806 0.47308299 5.        
-4.33859205 18.97167206  9.31439209  3.        
 1.30629003  7.61740923 -4.38116503  6.        
-0.32019001 -1.05712104 -4.30212402  2.        
 2.64285302  9.25872803 -6.08154297  6.        
-2.02187395  1.32477605 -6.23632812  4.        
-4.50997877  2.24661207 -4.34149218  4.        
-7.47714996 18.75509644  9.46585083  3.        
  2.58357191 -13.52853394  -2.33801293   2.        
 0.60361499 -3.25180793 -3.34985399  2.        
-2.15667009  1.59795403 -7.48126221  4.        
 6.96204376  4.37123108 -3.97778296  5.        
 7.54125977  5.74851179 -1.45974696  5.        
 2.54233599 -0.36470801 -1.99465895  2.        
-3.44284797  2.01594496 -3.506531    4.        
-5.33500719 15.64089203  2.72997999  3.        
  2.69442797 -12.01956177  -2.650208     2.        
  2.67642212 -18.5602951   -2.68963599   2.        
 4.69806719  2.9307251  -1.55926502  5.        
10.13115692  6.67827606 -2.13189697  5.        
-5.45929718  2.3098979  -7.19723511  4.        
-6.45401812 20.00679016  9.328125    3.        
-5.77294922 17.13359833  4.9909358   3.        
 1.47405195  8.2236557  -4.76239014  6.        
 8.99109554  6.89208221 -0.239746    5.        
-7.0351491  17.45556641  7.04659986  3.        
-9.98768616 15.37356567  5.31600904  3.        
 9.05110931  5.34146881 -3.99102807  5.        
 7.86260223  4.76765394 -4.05779982  5.        
-5.04770708 16.17367554  2.72613502  3.        
5.85050201 4.80474806 1.09191895 5.        
-4.8279109  15.72123718  2.15789795  3.        
 2.06362104 -7.49816084 -2.26202393  2.        
 5.39091492  8.64195347 -9.89587402  6.        
 2.25664496 -8.42768097 -2.78341699  2.        
 1.48277295 -4.00753021 -2.93789697  2.        
 1.31646705  0.63529199 -2.05847192  2.        
-1.49814606  1.44989002 -7.20736694  4.        
-6.22325897  2.21377611 -5.04113817  4.        
-4.17858124 17.03861237  3.19848609  3.        
 2.17054796 -4.19467878 -1.90698195  2.        
4.77935791 3.40752411 0.90258801 5.        
-5.32933807 16.41477203  3.21990991  3.        
-5.72062683 17.86223602  6.62695312  3.        
-7.01941681  2.02738905 -6.8435359   4.        
-1.53580499  0.95871001 -6.30929613  4.        
 2.191643    9.63140106 -7.99276686  6.        
-6.12905884 17.92489624  7.10366821  3.        
-7.60675097 17.43205261  8.50747681  3.        
-8.88931274 15.75524902  4.27853394  3.        
-4.98491716 18.07577515  8.0401001   3.        
 0.80872297  9.50756836 -6.02969408  6.        
-3.39323401 11.33391571 -0.15231299  2.        
 5.09394121  9.36305237 -7.90267897  6.        
 2.61772895 -1.11609697 -1.89480603  2.        
-4.06359911 12.55918884  0.29418901  2.        
-0.053665   -3.06312609 -3.4563601   2.        
 8.32626343  5.97484589 -2.19619703  5.        
 1.17099798  9.042099   -6.03515577  6.        
 5.71640778  3.321419   -4.3407588   5.        
-5.2145772  15.26264191  1.86593604  3.        
-4.61120605 16.83946991  3.46279907  3.        
 4.55664778  1.87934101 -1.77185094  5.        
 4.81067705  3.09059095 -3.6408689   5.        
-1.84077406  1.58978295 -9.70993042  4.        
-5.25745392  1.99603295 -8.99139404  4.        
-0.56480402  1.37974596 -8.84613037  4.        
-1.08529699  1.40892005 -9.16061401  4.        
 7.02988386  4.15740204 -3.66946411  5.        
-0.74641401  0.080727   -5.65679884  4.        
-6.61588287 17.33348083  5.51391602  3.        
-5.46772003  2.46422601 -4.21401978  4.        
-8.52589417 17.47319794 10.52301025  3.        
 5.5015111   3.28445411 -3.33364892  5.        
-6.85246277 18.4157486   8.76916504  3.        
 9.66873932  5.52345324 -3.82907104  5.        
-5.29966688 16.8962326   4.65896606  3.        
 7.05408478  3.82416511 -5.08264208  5.        
 2.98904395 -0.110298   -1.97399902  2.        
-3.34513092 17.4057312   4.88256788  3.        
-2.07240295  1.18136597 -5.69024706  4.        
 6.75502777  5.36381483 -0.35766599  5.        
 6.21026611  4.34180498 -1.14282203  5.        
 1.85336304 -5.41864014 -2.20202589  2.        
 6.32329607  3.88967109 -3.0541079   5.        
-8.54329681 16.49172974  6.7973628   3.        
 1.24353004 -0.19175    -2.16390991  2.        
-9.80049133 15.29524994  7.56524706  3.        
 2.18867493 -5.62223816 -2.01110792  2.        
 5.19210005  9.41162872 -7.27688599  6.        
 0.73856401  9.03364563 -5.80715895  6.        
  3.06194305 -17.24814606  -2.32794189   2.        
 1.48836505 -4.83599091 -2.98940992  2.        
-1.127617    6.42481184 -0.84243798  2.        
-2.581177    8.95920563 -0.299072    2.        
-7.83246613 16.01287079  3.46386695  3.        
-7.97988892 17.16487122  8.93338013  3.        
 2.00503492  9.53440857 -7.4909358   6.        
-7.37840319 17.18157959  6.033813    3.        
-1.413185    6.793396   -1.11126697  2.        
-6.6447978  19.00033569  9.31970215  3.        
 2.65853906  9.11347198 -4.39263916  6.        
 2.08417511 -3.82811689 -2.04238892  2.        
-5.58243608  2.08480096 -7.91354418  4.        
 1.85153997  9.77030182 -9.55575562  6.        
 6.37268782  4.98696899 -0.242432    5.        
 3.00423408 -2.59664893 -2.06787109  2.        
-5.14499712  2.076828   -6.12045288  4.        
-5.05992889 17.27603149  5.81027222  3.        
8.0504303  6.55171204 0.61831701 5.        
-2.76591492  9.80808258 -0.50131202  2.        
 2.14276099  9.2093811  -6.29342604  6.        
-3.65853095  1.71980298 -5.756073    4.        
-6.12622118 19.23506927  8.76898193  3.        
-4.0752492  17.20735168  3.6851809   3.        
 4.82910919  3.37723494 -0.428101    5.        
-1.02735102  5.73419189 -1.31866503  2.        
-8.14571381 16.74465179  8.37719727  3.        
 9.56202698  7.03604078 -0.59246802  5.        
 1.79206896  8.95875645 -5.86971998  6.        
-9.49390411 15.59419346  3.42334008  3.        
-6.02064514 18.55137634  8.45916653  3.        
  2.71009111   9.75543976 -10.03619385   6.        
 1.14860499 -2.49397993 -2.63772607  2.        
-9.00228882 16.52284241 10.29400635  3.        
-6.93597412 16.79973602  4.40011597  3.        
 6.70522308  4.71990204 -1.28173804  5.        
-4.22660112 17.32274628  6.65185499  3.        
-6.73275805 17.11247253  5.16046095  3.        
-5.99666595  2.29801202 -4.53512621  4.        
-3.54745507  1.83235896 -9.43267822  4.        
-4.19641113 17.00692749  4.28964186  3.        
-3.10722303  1.45829797 -4.30264282  4.        
-0.16167399  1.10832202 -2.04846191  2.        
  4.55427599   9.01137543 -10.24545288   6.        
 8.69613647  6.51612091 -1.13522303  5.        
