 1.05664098e+00  4.30574799e+00 -4.85200016e-03  8.00000000e+00
-12.33307552  12.17073059  14.53225708   4.        
 12.5384903    7.64078522 -13.68521118   3.        
-1.79398406e+00 -1.33733749e+01 -6.13400014e-03  2.00000000e+00
-12.09122467   1.18133497  -2.81308007   6.        
-1.48894501 11.43225098  9.39801025  4.        
  2.05897498   8.21754456 -10.23379517   3.        
-10.70071411   8.57381439   4.69534302   4.        
 9.56720734 10.16868591 -4.74267578  3.        
-5.09197187  2.16005707 -9.05502319  5.        
-2.07752991 -4.24001312 -0.21719401  2.        
-6.19223022  7.26998091 -2.58883691  5.        
7.53148603 3.05408502 4.02288818 7.        
-3.79937696  7.4921422   3.97814894  4.        
-6.1941452  13.29881287 13.27957153  4.        
-4.41565704  1.50214398 -0.97878999  6.        
 4.02256012  7.5711751  -4.31955004  3.        
  6.48816681   9.081604   -14.3868103    3.        
-1.47349596  5.93912506 -6.01281691  5.        
-13.90459442   9.46376038   9.53610229   4.        
-7.19720507 10.63258362  8.50289917  4.        
13.12571716  9.59090424 -8.65591431  3.        
 7.10825396  8.6958847  -9.12539673  3.        
2.59610009 2.52079797 4.48208618 7.        
-7.59207201  1.71925294 -4.7963562   6.        
-1.02883899 -8.77945709  0.283234    2.        
 5.48281097  2.57424212 -0.112488    7.        
-0.122948   -0.25597399  1.06390405  2.        
-8.8204422   2.03047895  0.27713001  6.        
-7.55549622  7.36131287  1.77151501  4.        
-5.6126399   5.26148176 -6.25006104  5.        
-2.77979994  4.10145617  1.83944702  2.        
-2.41806793  5.42768097 -2.04754591  2.        
-10.30982971  11.14035797  11.08059692   4.        
 2.6539309   3.83644891 -3.69455004  2.        
-0.90096301  9.45331573  5.87060499  4.        
-7.01423597  8.89620972  5.19155884  4.        
  9.2689209    8.42600155 -12.07113647   3.        
-1.85371399  3.74558306 -8.77966309  5.        
-4.006989   10.45573425  7.20449781  4.        
-10.78403473   9.88076019   7.93133497   4.        
-4.66389513 12.18718719 10.37948608  4.        
 0.23471799  1.56605506 -1.83859301  2.        
 4.10339403  7.92581177 -7.65090895  3.        
 6.52139282  9.14693546 -5.77334595  3.        
  5.01468706   8.7311554  -11.54476929   3.        
-9.217659   12.73440647 14.11764526  4.        
-2.59896111 -1.18196905 -0.82067901  2.        
10.04993439  9.56559753 -7.96041918  3.        
-7.80265808  3.17177606 -7.48471117  5.        
2.13511705 1.92429399 1.54007006 7.        
-13.179245     8.52936554   6.41012621   4.        
-13.04489136  10.57190704  12.14596558   4.        
 13.90458679   8.21033478 -11.13015747   3.        
-10.40131378   0.821518    -5.12860107   6.        
-7.86859083  6.17941999 -4.70846605  5.        
4.96453094 2.82406592 2.73352098 7.        
-7.07445478  2.06800103 -2.00317407  6.        
-10.38294983   7.2746582    2.12954712   4.        
-1.793221    1.92790198  0.28378299  2.        
-7.50376081 11.90815735 11.03131104  4.        
  9.68152618   8.62158966 -14.87435913   3.        
-3.92900109  6.41991377 -4.29541016  5.        
-0.200829    6.55632782 -3.65621996  5.        
 1.93806505  6.06010389 -5.22466993  2.        
-4.60732317  2.06005907 -3.60342407  6.        
-6.23725891  2.45378089  0.81033301  6.        
 11.38072205   8.78079224 -10.48104858   3.        
-9.5640564   1.77026403 -2.74145508  6.        
 -2.14272308 -10.96739197   0.438171     2.        
-4.14864397  4.00215912 -7.78295898  5.        
7.11281586 2.88759589 1.61685205 7.        
-4.51921082  6.07810211  2.18817091  2.        
-8.67771053  9.68392181  6.71765089  4.        
-1.87956202 -6.65304613 -0.37448099  2.        
-3.96477509  7.30417585 -1.74386597  5.        
-10.88865662   1.48995197  -0.762115     6.        
5.36989594 2.61911798 5.05856323 7.        
 3.19883704  2.07733893 -0.56137103  7.        
0.650536   1.94435096 3.33074999 7.        
 0.409859    3.62357306 -3.16165209  2.        
-8.6689682   8.22808075  3.58615088  4.        
-4.54444122  9.12812805  5.42251587  4.        
-0.457535    4.40030718  1.69024706  8.        
-1.04186201 -2.240623    0.491577    2.        
-0.30640399  5.09493303 -7.73940992  5.        
-5.97248793  7.67229509  3.43182397  4.        
 7.59340715  9.63951111 -3.842834    3.        
  7.10157013   8.96411133 -12.2432251    3.        
-1.58510602  3.36467004 -1.38146996  2.        
 9.15279388  8.94398499 -9.86282253  3.        
-11.8210144   10.3152771    9.79003906   4.        
-10.69081879  11.48678589  13.17694092   4.        
-9.27153778 10.66564941  9.28610229  4.        
-1.88407099 10.27684784  7.67437696  4.        
 8.08216095  9.38417816 -7.21890306  3.        
 2.03315711  7.93025208 -8.1451416   3.        
-3.51738    5.5529561 -6.2814641  5.       
11.81378174  9.87120819 -6.86999512  3.        
-8.18218231  4.79295397 -6.22473097  5.        
-6.21852922  9.9259491   6.82214403  4.        
-1.43771398  0.40570101 -1.44253504  2.        
 4.11410522  8.3939209  -9.65667725  3.        
 3.80816698  6.54177094 -6.18054199  3.        
-3.47203112 11.41221619  8.92544556  4.        
-2.5939939   8.9300766   4.88140917  4.        
1.51558697 4.54928589 1.926422   8.        
  3.09800696   8.55323029 -11.9916687    3.        
-5.91343689  6.19031477 -4.45666504  5.        
-12.45766354   7.8220439    4.24194288   4.        
-4.23923492 13.0330658  12.06845093  4.        
 1.32621002  1.29679096 -0.10318     7.        
 11.15001678   8.06935883 -12.30557346   3.        
 5.9286499   8.51033783 -7.53878784  3.        
-9.06326294 12.05189514 12.21353054  4.        
 5.60555315  8.80953217 -4.12914991  3.        
-12.70217896   9.36528778   8.06622314   4.        
-5.40171099 11.2279892   8.68991089  4.        
3.97191596 2.54265594 1.10879505 7.        
-2.09944892  6.19963789 -3.84036207  5.        
-5.88915205  3.28760505 -7.66131592  5.        
-6.96251678  1.98448205 -8.66192627  5.        
-2.82129693 12.04180145 10.66537476  4.        
 4.80301714  8.19805908 -5.87371778  3.        
  8.29620361   8.87845612 -13.64212036   3.        
-2.17862701  4.88526917 -7.39184618  5.        
-3.43710303  2.9071579  -9.09448242  5.        
-11.46746826   9.11019135   6.38867188   4.        
  5.13094282   8.50571442 -13.34741211   3.        
 1.77349102  5.58233595 -3.49353004  2.        
 1.81119502  2.742172   -2.49569702  2.        
 0.160439    6.30782318 -5.40493822  5.        
-5.92432404 12.6871109  11.60464478  4.        
-0.681252    3.52706909  0.157104    8.        
 11.06402588   7.53699493 -14.62902832   3.        
-3.26032996  0.30345899 -1.48208594  2.        
-8.75365353  8.75895691  5.23910522  4.        
-6.33660078  1.95100403 -3.63076806  6.        
3.24854302 2.47814894 2.89074707 7.        
  6.49596405   8.54467773 -10.69140625   3.        
0.69912702 1.08403003 1.77929699 7.        
-7.76428223 12.7069931  13.1895752   4.        
10.13210297  9.79007721 -6.30169678  3.        
-10.7154541   12.3288269   14.92208862   4.        
 8.10577393  9.65830231 -5.58734083  3.        
11.49133301  9.42483521 -8.83178711  3.        
-1.319664   -0.47070301 -0.040802    2.        
-2.79209089  9.81314087  6.32693481  4.        
-6.27179003 11.83146667  9.97531128  4.        
-7.34618378  2.07498193 -0.405884    6.        
-5.42768097  1.98787701 -2.22289991  6.        
-8.58367157  1.97514296 -1.42623901  6.        
-3.59776306  5.20223999  3.1621089   2.        
  8.06809998   8.58230591 -11.04196167   3.        
-9.11415863  1.56945801 -4.24511719  6.        
 12.95324707   8.95814514 -10.12094116   3.        
-2.5106051  -9.00406742  0.769409    2.        
-5.68129015  8.06919861  5.07107496  4.        
 10.03769684   8.0951004  -13.40591431   3.        
-10.79337311   1.32572198  -3.67334008   6.        
-6.81015015  4.32009077 -6.79678297  5.        
-3.63559699  1.595245   -2.32620192  6.        
-11.16793823   7.76536608   3.36770606   4.        
 5.57712603  8.40875244 -9.1633606   3.        
 2.52763391  7.2552948  -6.8477478   3.        
-2.78288293  3.10241699  0.43292201  2.        
 3.141922    6.31443787 -4.18029785  2.        
-12.88600922  11.08896637  13.58230591   4.        
-3.27817512  6.43270922 -2.82513404  5.        
 12.81222534   8.12320709 -12.20266724   3.        
-8.04906464  1.90112305 -3.19518995  6.        
-11.60692596  11.05583954  11.88772583   4.        
-13.06215668  10.01823425  10.68173218   4.        
-4.85479689  6.84346008 -3.16983008  5.        
-5.79413605  2.0568471  -0.70815998  6.        
4.21254683 2.64399004 4.02856398 7.        
-10.01589966   9.21114445   6.02996778   4.        
-8.82557678 11.28923035 10.71859741  4.        
 -0.90753901 -11.80435181   0.43603501   2.        
6.46919298 2.94067407 2.95108008 7.        
-6.9455409   5.54700518 -5.67620897  5.        
 1.31890905  4.359375   -4.16992188  2.        
-2.70632911  6.09056807 -5.16784716  5.        
-8.95652008  7.577034    2.20675707  4.        
-7.11740112  6.8205719  -3.63464403  5.        
-8.55957031 10.21946716  8.06884766  4.        
5.67752123 2.71384406 1.47174096 7.        
 8.59008026  9.10269165 -8.55160522  3.        
-0.812424    1.60999298 -0.71359301  2.        
-4.75405884  5.99954987 -5.37609911  5.        
-8.65909576  1.32429504 -5.64108276  6.        
-7.26325989  8.15974426  3.74291992  4.        
-0.306389    2.81051612 -2.22836304  2.        
-4.80101824  6.5845108   3.4629519   4.        
-7.54531097 11.32801056  9.76254272  4.        
 10.03404236   8.65740967 -10.88613892   3.        
-10.91119385   1.45066798  -2.15374804   6.        
-1.36366296 -5.56285095  0.29190099  2.        
-1.58538103  3.64298296  1.17175305  2.        
 -1.07093096 -10.14696503   0.47433501   2.        
-2.27343011 -7.85602617  0.093475    2.        
1.97181702 2.13429308 3.15469408 7.        
-1.03740704  6.21749115 -4.66140795  5.        
-7.465446    9.86949921  7.30065918  4.        
-2.11332703  0.59941101 -0.085754    2.        
10.43634033  9.21571255 -9.65133667  3.        
-4.93144178  9.69386292  6.64468384  4.        
-12.10987091   8.45307922   5.34603882   4.        
-1.60823095 -3.04554009 -0.51245099  2.        
-10.57811737  10.50178528   9.29751587   4.        
-5.21357012 10.29222107  7.7906189   4.        
-1.32539403  6.14188385 -2.78372192  5.        
-0.24913     5.74641418 -6.51470995  5.        
 3.01331306  8.1350708  -8.98114014  3.        
-9.85691833  7.94576311  3.13555908  4.        
-5.30589294  4.35481977 -7.20581102  5.        
-3.90324402  4.78820801  1.97216797  2.        
-1.45418501  4.64203596 -1.68908703  2.        
-6.20402479  1.86319005 -4.90814209  6.        
-7.13212585 12.77153015 12.03512573  4.        
  3.43405104   8.4760437  -10.73895264   3.        
-0.82040399 -4.09251404 -0.053162    2.        
  7.92111206   9.03987122 -14.84829712   3.        
-9.5994873   1.75506604 -0.69604498  6.        
-6.33335876  7.42767286  2.2432251   4.        
 1.57741594  4.00390577 -2.88394189  2.        
-1.00601196 10.85599518  8.38879395  4.        
-6.08670807  8.86560822  6.16461182  4.        
7.70391083 2.9902041  2.73880005 7.        
 7.06881714  8.90633392 -7.83587694  3.        
  5.18461609   8.58862305 -10.32543945   3.        
6.32957506 2.84500098 4.30825806 7.        
-2.84321594  4.01158094 -8.08569336  5.        
  4.21083117   8.45844269 -12.52209473   3.        
2.37283301 1.86190796 0.326233   7.        
-2.25923896  2.36328912  1.33633399  2.        
-0.850555   10.11221313  7.02740479  4.        
-3.70133996  8.41577911  4.79644823  4.        
 2.52967095  5.08212996 -4.82174683  2.        
-2.27127099 11.10432434  8.53393555  4.        
  6.21619415   8.96374512 -13.06747437   3.        
 -2.04033709 -12.21992493   0.45822099   2.        
-12.789711     9.80809021   9.23898315   4.        
0.59037799 4.50087023 1.10766602 8.        
-9.56568241  9.93483734  7.48391724  4.        
 3.35169196  7.08478498 -5.17831421  3.        
 6.69643402  9.35509491 -4.61154222  3.        
 11.25556183   7.81412506 -13.48547363   3.        
-1.56637597 -1.85524702 -0.558411    2.        
-11.78059387   9.9020462    8.61254883   4.        
 12.41828156   8.60585785 -11.11959839   3.        
-7.7277832   9.35978699  6.01577806  4.        
 4.36292315  2.26344299 -0.329559    7.        
-11.84060669  11.64468384  13.39941406   4.        
-4.80479383  3.08406806 -8.37734985  5.        
6.47286987 2.7827301  0.61700398 7.        
 0.81784099  2.5759809  -1.83447301  2.        
 0.041283    4.14427185 -0.55355799  8.        
-5.00999498  7.61511183  4.23526001  4.        
-11.94948578  10.48091888  10.93447876   4.        
-4.29821777  4.84979296 -6.90338087  5.        
-5.15629578  7.41953993 -2.08612108  5.        
 9.19773102  9.62699127 -7.0128479   3.        
-1.24986303  4.51921797 -8.09136963  5.        
-4.80767822  2.2396009  -0.130127    6.        
 8.56721497  9.65853882 -4.46835279  3.        
-3.80757904 12.57128143 11.10171509  4.        
-9.57403564  8.5484848   4.45352221  4.        
-1.30648005 -7.29202318  0.39285299  2.        
-3.59052992  6.52793121  3.38681006  2.        
-1.59934199  2.97246599 -0.25552401  2.        
-2.98555803 10.71903229  7.65490723  4.        
-4.3669591  11.04781342  8.23983765  4.        
-5.34636688 13.22061157 12.42666626  4.        
-7.90578508  7.82516479  2.74591088  4.        
-10.10669708  11.3375473   12.21710205   4.        
-8.13619995 13.05948639 14.20065308  4.        
 4.0965271   7.57821703 -6.52340698  3.        
  8.24772644   8.8433609  -12.51501465   3.        
-9.6782608  11.96472168 13.28927612  4.        
 8.01625061  8.69785309 -9.9252634   3.        
-7.38605499  2.04007006  0.71597302  6.        
 -1.32843804 -12.93138885   0.952393     2.        
12.14686584  9.62480927 -7.95028687  3.        
-0.72238201 -1.19030797  0.678101    2.        
-8.1934433  10.68771362  9.01126099  4.        
 5.80428314  8.61142731 -6.42871094  3.        
-12.38053894   9.09022522   7.01660204   4.        
-2.62248993 11.71483612  9.56771755  4.        
 4.97397614  8.25501156 -8.2510376   3.        
 2.57286096  6.64911604 -5.90621901  3.        
-4.60324907 11.6684494   9.29949856  4.        
  6.07723188   8.77309418 -11.81137085   3.        
5.31647491 2.76868391 3.76788306 7.        
-5.89277697  2.30749512 -8.32443237  5.        
-9.95023346  1.78442395 -1.72344995  6.        
-6.03391314  6.84116411 -3.57891798  5.        
-3.51344299  9.12435055  5.75851393  4.        
-6.21160889 10.77940369  8.08135986  4.        
-10.51473236   9.54195404   6.94009399   4.        
-3.275208    4.6605382  -7.19271803  5.        
-11.32236481   0.99101299  -4.59399414   6.        
-2.46000695  5.5803299  -6.48989916  5.        
 4.89825392  8.22727203 -4.80032396  3.        
3.12235999 2.37755609 1.75146496 7.        
-9.88455963 10.25177002  8.50564575  4.        
  7.25591993   9.05001831 -13.32577515   3.        
0.57198298 0.52806097 0.82589698 2.        
-2.91346002  8.08334255  4.11047411  4.        
-0.82855999  0.61921698 -0.30404699  2.        
-1.14767504  5.31481886 -7.11389208  5.        
 6.78039598  8.98999786 -6.81039381  3.        
-8.04519558  8.53166962  4.4755249   4.        
 3.01426697  7.86188507 -7.73660278  3.        
-1.54345703  9.09696198  4.9255681   4.        
-1.71474504  9.8116684   6.48535204  4.        
-4.88297319 12.78013611 11.26132202  4.        
 5.65731096  8.76751709 -5.29849195  3.        
-10.4960556   12.27233887  13.88275146   4.        
-6.85762787  2.61468506 -7.82498217  5.        
-9.77544403 10.8495636  10.19210815  4.        
-6.50507307 11.18869019  9.06817627  4.        
 9.1440134   9.73087311 -5.72232103  3.        
10.96805573  9.7047348  -7.46127319  3.        
-7.90022278  3.94741797 -6.79217482  5.        
 1.94432104  8.02629757 -9.18054199  3.        
  9.28369141   8.6479187  -13.88650513   3.        
 2.83059692  5.23059082 -3.83425903  2.        
1.05895197 1.50669897 0.89672899 7.        
-8.25463867  5.48889208 -5.45336914  5.        
 9.54336643  9.29275513 -8.92446899  3.        
1.45043194 2.31652093 4.03695679 7.        
-3.68612695 12.0009613  10.07723999  4.        
-1.56587195  2.220047   -1.088745    2.        
-6.4665451   8.22679901  4.41314697  4.        
-13.3483429    8.926651     7.34963989   4.        
1.31298804 1.80525994 2.19341993 7.        
-3.47027612  4.36581421  1.12002599  2.        
3.68397498 2.41577911 4.88445997 7.        
-3.91594696  9.8586731   6.35913086  4.        
 5.00643206  8.21865082 -6.94732714  3.        
1.61974299 4.50409698 0.90631098 8.        
-3.72136688  5.98712206 -5.27746582  5.        
-8.08368683 12.42014313 12.18499756  4.        
 10.92250061   8.58211517 -11.39086914   3.        
 4.35838318  7.41836596 -5.38250685  3.        
12.36940002  9.25841522 -9.33746338  3.        
-4.96579695  6.58491516 -4.14919996  5.        
-13.72203064   9.25086975   8.56561279   4.        
-5.75521803  5.87036085 -5.40866089  5.        
-1.75401294e+00 -9.42179871e+00 -2.31899996e-03  2.00000000e+00
-3.15541792  3.30604601  1.34582496  2.        
11.08709717 10.06432343 -6.14447021  3.        
-2.16362     9.24877167  5.78378296  4.        
-6.86277008  6.1819458  -4.78128099  5.        
10.36572266 10.15885162 -5.39886522  3.        
3.27642107 2.30205488 0.428314   7.        
 3.960747    8.16867828 -8.65670776  3.        
  2.48203993   8.37860107 -11.12365723   3.        
-11.57778931   9.50026703   7.44528198   4.        
-10.86405182  10.77845764  10.33477783   4.        
 2.35762     4.61288404 -2.99911499  2.        
-6.54774523 12.33118439 10.91448975  4.        
-3.79001594  3.80037689  2.00918603  2.        
 2.22934699  1.84406304 -0.657013    7.        
-12.22278595  10.95259857  12.65966797   4.        
-3.25703406 -0.44490099 -0.726318    2.        
4.01618195 2.66830397 2.29147291 7.        
-0.33171099  4.28486586  0.69076502  8.        
-11.4024353   11.93489838  14.29718018   4.        
-11.51184082   8.13342953   4.21774292   4.        
-10.87970734   8.91918945   5.61846924   4.        
-2.45760298  5.86726379 -2.92874193  5.        
-3.71882606  0.64604199 -0.68002301  6.        
-5.53887177  7.07897902  2.77648902  4.        
-11.63147736   1.35455298  -1.49160802   6.        
-7.05837202 13.10875702 13.73922729  4.        
4.86572313 2.62405396 0.71575898 7.        
-4.74359894  8.40307617  4.79489088  4.        
-8.76741028 12.28399658 13.134552    4.        
-3.08225989  6.1597209  -3.88253808  5.        
 10.16876984   8.26312256 -12.40124512   3.        
 12.03605747   7.79451799 -12.87161255   3.        
-2.28412604 -3.28733802  0.135406    2.        
 13.47399139   7.56547499 -12.63259888   3.        
  9.05721283   8.68365479 -10.78787231   3.        
-9.47333527  1.08815801 -5.14645386  6.        
-3.03921509  4.87650299  2.38906908  2.        
 1.04849994  3.32744598 -2.44958496  2.        
 7.49677992  9.39117432 -6.31045485  3.        
-8.6241684   1.95013404 -2.38632202  6.        
-6.90553999  7.79001617  2.93109107  4.        
 6.22929382  8.44772339 -8.44903564  3.        
-6.14815521  2.11138892 -1.60037196  6.        
 2.90172601  6.09697008 -5.08331299  2.        
-0.77145398  2.519943   -0.091492    2.        
-8.47068024 10.97763824  9.87988281  4.        
-6.78797913  3.52554297 -7.43902588  5.        
-4.46335602  5.47609711 -6.18066406  5.        
-6.39975691  2.1163249  -2.67309594  6.        
-5.55617523  1.95979297 -4.17367506  6.        
-2.71320295  6.75003099 -2.12976098  5.        
-5.54161787 12.39380646 10.67855835  4.        
  4.07014513   8.64242458 -11.56948853   3.        
 6.35237122  9.13156128 -3.64562988  3.        
 6.4335022   8.47423553 -9.74960327  3.        
-10.4810791    8.19235229   3.85971093   4.        
-4.57289886  1.91391003 -2.6130681   6.        
-7.39567614  1.90589905 -3.87423706  6.        
 2.96502709  8.34564972 -9.89801025  3.        
 1.70685601  5.24914598 -4.3684082   2.        
-1.60916901  1.09309399 -0.70413202  2.        
 10.18991089   8.04350281 -14.33898926   3.        
-11.6758728    0.97831702  -3.72671509   6.        
  5.35516405   8.87608337 -12.51889038   3.        
-9.08544922  9.28230286  5.97701979  4.        
4.77932692 2.83953094 1.692047   7.        
-6.89484406  9.4208374   6.42977905  4.        
3.30438995 2.51261091 3.878021   7.        
 7.59386396  9.09070587 -4.5932312   3.        
-3.91632795  1.00531805 -1.58480799  6.        
-8.44711304 11.78797054 11.57107544  4.        
-1.99576604 -0.479729   -0.67578101  2.        
  7.17923689   8.67350769 -11.3034668    3.        
0.44720501 1.34572601 2.63134789 7.        
-10.0725708    1.35888696  -4.25344896   6.        
-4.05059099  6.89572096 -2.6257019   5.        
-1.40227497  5.41161299 -2.19341993  2.        
-3.79962897  2.12520599 -3.05514503  6.        
-8.235466    1.96441698 -0.56973302  6.        
-4.29816389  2.60189795 -8.99145508  5.        
 0.057922   -1.14365399  1.150208    2.        
-5.30493879  9.30771637  5.88342285  4.        
-3.9082489   3.43074012 -8.44311523  5.        
 -1.61522698 -10.51410675  -0.148682     2.        
-7.65581512  2.08660102 -1.25552404  6.        
  9.26733398   8.53658295 -12.96780396   3.        
-1.66494    -5.67551422 -0.55227703  2.        
-6.46919298  2.15520501 -0.116455    6.        
 8.525383    9.53649139 -6.41918898  3.        
-2.59515405  3.26268005 -8.95019531  5.        
 0.013054    6.41062212 -4.51849413  5.        
  8.74859619   8.75078583 -14.65045166   3.        
 11.84923553   8.35090637 -11.81643677   3.        
-6.24900103 13.23182678 12.38632202  4.        
-9.49624634 11.25257874 11.44158936  4.        
-2.03440905 11.97864532 10.24163818  4.        
2.53634596 2.21543097 2.40896606 7.        
11.33013153  9.18462372 -9.68304443  3.        
-1.093521    6.28832197 -3.77233911  5.        
-1.92874205  6.32840681 -4.79971313  5.        
-6.94329786  1.71575904 -5.40921021  6.        
-0.66333002  6.06357622 -5.66003418  5.        
-5.52809095  2.03186011 -3.27710009  6.        
-8.23284912  1.61672997 -4.1875      6.        
-5.15161085  1.85142505 -1.32186902  6.        
-9.74088287  8.89720058  5.25125122  4.        
-4.05532789  6.30741119 -3.43154907  5.        
 9.06556702  9.43180943 -7.86074781  3.        
  4.37496185   8.58812714 -10.6680603    3.        
-4.18906403  5.83977509  3.03445411  2.        
0.45306399 4.45806122 1.97454798 8.        
-5.04489088  3.69658709 -7.8001399   5.        
10.40120697  9.39054871 -8.78421021  3.        
-2.10859704  4.16219282 -1.36257899  2.        
-10.4571991    1.61085498  -2.88299608   6.        
5.85526323 2.89094496 2.33206201 7.        
-8.9604187   1.72930205 -3.37075806  6.        
-5.4176712  11.67105103  9.61102295  4.        
-7.19301605  1.99371302 -3.03274488  6.        
-12.96970367   8.30837345   5.59625196   4.        
-2.54873705 -0.149437   -1.27575696  2.        
-7.3140111   4.80190277 -6.22878981  5.        
-7.07889605 13.11842346 12.8291626   4.        
-0.51328999  1.84475696 -1.499084    2.        
 3.2150569   7.1675868  -6.22064209  3.        
-9.94757843 12.46829224 14.55548096  4.        
-9.59996796  9.55890656  6.69894409  4.        
-5.65499878  2.15378594  0.163513    6.        
-12.30065155   8.76808167   6.12393188   4.        
-12.38758945  10.82917023  11.60977173   4.        
-13.42567444  10.47636414  11.38220215   4.        
 3.30061293  7.61233521 -6.96731615  3.        
-2.43287706  5.01488495 -2.84661889  2.        
-6.82630205 10.25885773  7.71731615  4.        
-2.47859192 10.24417877  7.059937    4.        
-1.38707697 -4.67451477  0.20675699  2.        
  7.3764801    8.48619843 -10.44454956   3.        
-1.67977905e+00 -1.16035080e+01 -2.86899996e-03  2.00000000e+00
 13.70041656   8.72802734 -10.48764038   3.        
 7.27342176  9.46185303 -5.28707886  3.        
 7.66556501  9.03420258 -8.42581177  3.        
-11.25510406   1.265854    -2.92367506   6.        
  5.75514221   8.93644047 -13.77746582   3.        
  7.34710693   9.13518524 -14.23461914   3.        
4.25120497 2.74984694 3.19137597 7.        
-1.89238703 -8.58753967  0.274261    2.        
-7.88458204  8.99417114  5.16204786  4.        
-1.35771203 -1.30652595  0.136444    2.        
 -2.13214111 -10.12608337   0.41879299   2.        
 13.6591568    8.02193546 -11.95123291   3.        
  5.70185089   8.67982483 -10.97891235   3.        
-2.04927111  4.27363586 -8.10891724  5.        
-0.92059302 -3.22312188 -0.073517    2.        
-6.37961578  4.95724487 -6.34207201  5.        
-11.12696075   7.4836812    2.59509301   4.        
 11.75186157   7.74325609 -14.13748169   3.        
-6.64385223  2.12957811 -0.91946399  6.        
 1.62000299  4.77883911 -3.3218689   2.        
-11.10482025  11.18302917  12.52429199   4.        
-5.30280304  8.83520508  5.20992994  4.        
-6.38365221  8.45231628  5.46817017  4.        
-2.36064911  3.33966804  1.15313697  2.        
4.55359697 2.61433411 5.00180006 7.        
-0.91024798 -9.54003906 -0.048981    2.        
-2.35987091 -7.04651594  0.16577099  2.        
-0.62789202  0.99397302 -1.21646094  2.        
 12.0636673    9.00384521 -10.09811401   3.        
-10.96982574  10.07368469   8.72671509   4.        
10.17640686  9.74655247 -7.1123662   3.        
-5.83318281  7.72316694  4.33828688  4.        
 -1.34393299 -10.91920471   0.57635498   2.        
 1.74308002  3.88270593 -3.66738892  2.        
-4.61421204  1.552948   -1.84616101  6.        
-2.50685096  2.18488312  0.561737    2.        
  8.47931671   8.68000031 -11.72763062   3.        
-1.59709203  0.219566   -0.66570997  2.        
-0.97972101 10.2551651   7.85366821  4.        
-12.2877121   11.49551392  14.09741211   4.        
-8.02071381  2.04396105  0.20105     6.        
-9.80810547  1.56643701 -3.52374291  6.        
 0.50452399  2.74021196 -2.55523705  2.        
 13.15077209   8.33378601 -11.37521362   3.        
-1.55279505 -3.69906592  0.047058    2.        
-7.77612305  1.933128   -2.35766602  6.        
 8.55998993  8.90744019 -9.32196045  3.        
-6.03627014  4.45879412 -6.90911913  5.        
-9.63516235  7.28432512  1.86413598  4.        
-1.50855303 -6.45185089  0.29739401  2.        
-2.24003601  6.00058699 -5.81774902  5.        
-11.52500916  12.43023682  14.90386963   4.        
 0.99089098  4.0689621  -3.50067091  2.        
  9.89441681   8.87636566 -10.13360596   3.        
-8.34421539  7.335114    1.70083594  4.        
-13.02583313  11.14028931  12.80413818   4.        
-7.73104095 10.11057281  8.00683594  4.        
-13.31895447   9.86846924   9.88204956   4.        
-8.24925232  9.96947479  7.38510084  4.        
-11.07059479  11.01084137  11.24856567   4.        
-1.00331104  4.18164778  1.16418505  8.        
2.56557488 2.37465692 3.643646   7.        
 4.79148102  8.36972046 -9.15887356  3.        
-6.22576094  1.79975104 -8.86538696  5.        
 10.02915192   8.47873688 -11.65951538   3.        
-11.91704559   7.73674011   3.59912109   4.        
13.22880554  9.18914032 -9.42376709  3.        
 2.58906603  5.81265306 -4.42251587  2.        
-8.92355442  7.93628693  2.90286207  4.        
-5.37842607  7.11598206  3.54150391  4.        
6.8443222  2.92995405 3.67034888 7.        
2.70205688 2.18204498 1.07025099 7.        
-3.77869391 10.61414337  7.96749878  4.        
-7.26887512  8.4625473   4.47802687  4.        
-3.19238997 11.40070343 10.01922607  4.        
-0.51362598  3.59994507 -0.60372901  8.        
0.32820901 4.3825531  0.25976601 8.        
-9.44991302  8.24068546  3.72766089  4.        
-8.57168579  1.39274597 -4.84933519  6.        
-4.63671112  6.67876387  2.66372705  2.        
-4.22148895  5.30754089  2.4472661   2.        
10.91851044  9.55477142 -8.21582031  3.        
-5.07626295  4.88285112 -6.69387817  5.        
-3.279495    6.14310503 -4.62420607  5.        
-1.28184497  1.48502398 -0.077667    2.        
-6.76213789  1.78057897 -4.28579712  6.        
-6.90485382 11.81346893 10.47772217  4.        
 10.63518524   8.92004395 -10.39016724   3.        
-4.79139709 10.31007385  7.15621901  4.        
-4.24501801  7.86508179  4.4682622   4.        
-4.42073107  7.05001116  3.92776489  4.        
-5.27241516  6.27572584 -4.8538208   5.        
-8.78958893  8.49201965  4.3404851   4.        
5.72967482 2.93720293 3.11529493 7.        
6.59476519 2.89115095 2.16937304 7.        
 7.83913422  9.75434113 -4.86093092  3.        
 0.046928    2.30377197 -1.71649206  2.        
-8.17015839 11.5825119  10.48291016  4.        
-9.109375   10.41456604  8.54870605  4.        
 -1.48512304 -12.7287674    0.236664     2.        
-1.35749805 -8.02927399  0.247437    2.        
-11.61406708   1.19322205  -2.23031592   6.        
-7.950737    1.50585198 -5.46392822  6.        
-11.43773746   8.5100708    5.01385498   4.        
-3.13375807  5.95841217 -5.77212477  5.        
-5.6953578   9.47842407  6.52035522  4.        
 12.77806091   7.80819702 -12.98306274   3.        
-3.47676802  6.87548113 -2.14334106  5.        
 2.12156701  4.64288282 -4.22375488  2.        
-1.63605499 -7.5113678  -0.24237099  2.        
-5.85121918 10.39451599  7.41467285  4.        
-4.53169298  6.32194519 -4.72399902  5.        
-1.14350903  2.80303192 -0.893188    2.        
-1.72422802 10.62459564  8.37973022  4.        
-7.93173981  9.68592834  6.75289917  4.        
-7.38229418  6.34094191 -4.17141724  5.        
-3.31501794  5.8452301   2.92721605  2.        
-2.07495904  2.96958899 -0.82226598  2.        
-3.31757307 10.24839783  7.03576708  4.        
-12.67414856   8.0769043    4.90020704   4.        
-3.04194593 11.03331757  8.31793213  4.        
 10.61882019   8.05084991 -12.94335938   3.        
-2.56504107  6.2817688  -4.43646193  5.        
-0.88043201 -0.21831501 -0.57132     2.        
1.89247096 1.70452094 0.855591   7.        
-2.01151991 -6.02273607 -0.011688    2.        
-2.24161506  1.371117    0.137756    2.        
-1.55287898 -2.49243903 -0.041473    2.        
1.25218999 1.84983099 2.9312439  7.        
-3.82144904  5.90911102  2.35629296  2.        
 -1.54465497 -12.20412445   0.98980701   2.        
-8.51465607 12.76997375 13.65188599  4.        
-1.92835999 -5.08227491 -0.22912601  2.        
3.99463606 2.31075311 0.33718899 7.        
-1.924667    2.59137702  0.70138502  2.        
-12.52116394  10.17736816   9.90414429   4.        
-3.67974091  8.19849396  4.06161499  4.        
-5.5196228   3.00884295 -8.21047974  5.        
-5.56581116  6.94835711 -2.72119093  5.        
-5.13259077  5.62909698 -5.85839796  5.        
-10.23775482   1.53758204  -0.45672601   6.        
-7.22943115 11.05015564  9.08297729  4.        
-10.47740173   7.66411591   2.91793799   4.        
 5.72947693  8.53361511 -9.85614014  3.        
 11.67167664   8.63697147 -11.1869812    3.        
-1.77075195  5.45922899 -6.79693604  5.        
6.3851552  2.78941393 1.42010498 7.        
-7.16259813 12.42364502 11.38754272  4.        
 -1.18547797 -13.35895538   0.38461301   2.        
-7.51868391  5.72208405 -5.28964186  5.        
-3.27941895  9.05158234  5.03613281  4.        
 6.33648682  8.96057892 -5.08377123  3.        
-6.57790422  7.96947479  3.73794603  4.        
  7.70895386   8.80085659 -11.91210938   3.        
-1.58756995 -1.14587402 -0.51922601  2.        
 4.82909393  8.09456635 -4.10644484  3.        
-2.81581903  5.10870409 -6.89034986  5.        
 1.02727497  5.05304003 -4.41992188  2.        
7.01071215 2.89581299 4.49902296 7.        
-9.33189392  1.90869904 -1.39935303  6.        
-4.46827698  9.51917267  6.00824022  4.        
-10.62734222   9.03827667   6.34255981   4.        
-10.59074402   1.599159    -1.48602295   6.        
-8.89961243  1.81904602 -0.77771002  6.        
 8.99944305  9.86825562 -5.04528809  3.        
-1.42755902 -9.38776398  0.62234497  2.        
-1.538239    3.71759796 -0.772919    2.        
  6.62124586   9.10363007 -13.62615967   3.        
-2.63189697  3.41433692  1.88015699  2.        
-0.241173    5.52246094 -7.18096924  5.        
-5.06197405 10.87570953  8.15130615  4.        
-1.58233595  2.13717604 -0.39151001  2.        
 7.87362719  8.88179016 -9.17984009  3.        
 3.21985698  6.94449615 -4.4780879   3.        
-6.73583221  7.15781403 -3.01592994  5.        
 3.32832289  8.05644226 -8.36181641  3.        
-3.21741509  3.52778602 -8.48574829  5.        
-2.44231391 10.57949066  8.07061768  4.        
 7.43265486  9.16584015 -7.08526611  3.        
-0.99443799  5.73773193 -6.47836304  5.        
-11.58391571   8.80310059   5.77325392   4.        
-9.89189053  7.54811096  2.55709791  4.        
4.84260607 2.69492292 4.37249804 7.        
-7.98424482  8.26220703  3.71112108  4.        
 3.25442505  6.47384596 -5.55127001  3.        
-12.71261597  10.35443878  11.21728516   4.        
-1.29183996  6.11695099 -5.36444092  5.        
 7.37776184  8.48471832 -9.73168945  3.        
5.79562378 2.62353492 0.59686297 7.        
-3.42671204  4.15718794 -7.73538208  5.        
-12.01628113   9.61344242   7.97332811   4.        
 2.42363691  7.63864899 -7.44589186  3.        
-9.75023556 11.83488464 12.54656982  4.        
12.15184021  9.52977657 -8.64483643  3.        
-1.55715203  9.9627533   7.1496582   4.        
-9.7151947  12.29527283 13.89758301  4.        
-2.28379798 -1.66097295 -0.43185401  2.        
1.30959296 1.74523902 1.50469995 7.        
 3.79610395  7.36852312 -5.90637207  3.        
5.664536   2.88864899 4.48712206 7.        
-2.22534895  4.77846479 -1.64862096  2.        
-6.52056885  6.48348999 -3.90835595  5.        
-2.91786194  9.45098877  5.6525569   4.        
-7.34137011  7.6404109   2.40560889  4.        
-3.76332092 11.74603271  9.44665527  4.        
-2.18859911  3.93207502  1.54364002  2.        
-1.49793196 -4.48872423 -0.47760001  2.        
 1.56342304  1.82177699 -0.510315    7.        
 4.46475983  7.8255229  -7.07678223  3.        
-9.0901947  10.88143921 10.14660645  4.        
-9.23536682  1.88361394 -2.07309008  6.        
-1.84890795  6.         -3.20309496  5.        
-2.68758392  6.07207489 -2.32251     5.        
-13.36806488   9.06834412   8.0149231    4.        
-6.62705183  9.04734039  5.72888184  4.        
-0.892456    9.62908936  6.55190992  4.        
-8.41000366  9.33209229  5.93218994  4.        
0.18022899 0.26334399 1.37774706 2.        
-9.50991821 11.15172577 10.73800659  4.        
 6.94390106  9.46276855 -3.91973901  3.        
 10.73635101   7.9094162  -13.90933228   3.        
  4.74756622   8.74867153 -12.84567261   3.        
-1.46099901  9.09197235  5.76141405  4.        
-4.69531202  7.15210676 -2.50079298  5.        
  7.5776062    8.99658966 -12.73458862   3.        
-5.17095184  6.27410078  2.99157691  4.        
10.68496704  9.90201569 -6.69802904  3.        
 8.1496048   9.24108124 -8.00650024  3.        
 1.14038897  4.5303421  -2.92105103  2.        
-0.470413    6.29420519 -5.01483107  5.        
 9.72075653  9.99816895 -5.50341797  3.        
12.31926727  9.83416653 -7.33514404  3.        
2.18808007 2.10459089 4.14798021 7.        
-6.85067701  9.80291653  7.01333618  4.        
-1.91261303  5.70388794 -2.57162499  5.        
-11.2035141   10.40075684   9.54086304   4.        
  4.75469208   8.66267395 -12.18008423   3.        
 13.04383087   8.61010742 -10.77371216   3.        
-6.04607391  3.92463708 -7.31402588  5.        
  8.42773438   8.55148315 -10.43307495   3.        
 5.35120392  8.17876434 -7.60006714  3.        
 6.09370422  9.24436855 -4.26828003  3.        
6.00198412 2.80918097 3.72735596 7.        
-5.20469713  2.45070601 -8.46594238  5.        
-12.15600586  10.01198578   9.2565918    4.        
-5.22732496 13.05911255 11.79199219  4.        
 4.31130981  7.89492798 -4.82324219  3.        
-1.43428802  0.50955999 -0.055542    2.        
-7.74935913  5.14299011 -5.86233521  5.        
  3.18798089   8.36782837 -11.34512329   3.        
-5.11656189  1.96494305 -0.64843798  6.        
 -1.59619105 -11.62020111   0.65393102   2.        
1.94832599 1.91545105 2.36114502 7.        
-4.25810194  8.56790924  5.21334791  4.        
-4.41920519 10.48679447  7.86181593  4.        
7.13320208 2.88925195 3.05538893 7.        
-13.04066467   9.52549744   8.61010742   4.        
-11.44621277  10.46925354  10.37060547   4.        
-7.46533203 12.63419342 12.58660889  4.        
-3.70773292  5.05308485 -6.69384813  5.        
 3.49495697  8.31161499 -9.44879246  3.        
-5.98118591 11.51746368  9.29223633  4.        
-5.59938812 11.96691132 10.16946411  4.        
-7.44694519  3.45096588 -7.00784302  5.        
-11.17560577  11.63660431  13.75744629   4.        
 6.51320601  8.89350891 -7.40274096  3.        
 4.73602295  8.50419617 -9.85336304  3.        
 2.14287591  4.42077589 -3.60629296  2.        
-1.62538898 11.09169769  8.83032227  4.        
-6.81134796  2.21816301  0.440063    6.        
-5.28820801  8.13442993  4.54595995  4.        
-4.69788408  4.16294909 -7.46203613  5.        
 6.86646986  8.71459961 -8.51577759  3.        
-2.76242805  4.43225908 -7.58908081  5.        
-5.75839186  8.55188656  5.63888502  4.        
-0.20318601  3.96225691  0.026917    8.        
-1.56895494  6.24321795 -4.22280884  5.        
-3.53870392  5.28525496  2.49960303  2.        
-6.59381914 12.76930237 11.66229153  4.        
 9.40262604  9.78067017 -6.41098022  3.        
 0.98300898  3.40171099 -3.38549805  2.        
-3.43427992 12.32889557 10.58389282  4.        
-6.32202911  5.48547411 -5.86297607  5.        
 2.21631598  5.42456102 -3.9992981   2.        
 2.51132202  8.00852203 -8.5831604   3.        
-6.77634382 11.46419525  9.78338623  4.        
7.25900984 2.91648889 2.25253296 7.        
-12.40872192   9.73394012   8.59631443   4.        
 6.22548723  8.45896912 -9.09881592  3.        
-8.89117432  9.9546814   7.48284912  4.        
 0.012665    6.10573578 -6.00418091  5.        
-6.18324995  2.77549005 -7.93063307  5.        
-2.38857293  8.59120178  4.36761522  4.        
-9.37835693  1.94543505 -0.04248     6.        
-4.33476305 11.91507721  9.83584595  4.        
-2.83038306 11.3460083   8.86053467  4.        
 4.63709307  7.96992493 -6.45672607  3.        
-12.01984406   8.12688446   4.61898804   4.        
-2.3771441  -9.59007263  0.045227    2.        
-5.47561693 10.01284027  6.80868483  4.        
 5.18395996  8.40331268 -6.35455322  3.        
 2.02138495  3.53681207 -2.85360694  2.        
-3.99943495  4.43737793 -7.3312068   5.        
-13.67391205   9.73152161  10.40219116   4.        
-4.48996019  6.68911695 -3.7149961   5.        
3.77452111 2.46659088 1.717224   7.        
-12.37493134  11.37493896  13.12051392   4.        
-0.73172802  6.48792982 -3.27981591  5.        
-1.82175398  5.27293396 -1.71603405  2.        
-5.31604004  6.81679487 -3.66415405  5.        
-10.74869537  11.09677124  11.99777222   4.        
  6.31196594   8.834198   -12.40460205   3.        
-10.15019226   9.94373322   7.86160278   4.        
-0.73617601 -0.73175001  0.00354     2.        
 -2.12843299 -12.88211823   0.232117     2.        
-1.49238598  3.98872399 -1.49011195  2.        
 9.8303833   9.0690918  -9.50744629  3.        
-10.67050171   1.06774902  -4.603302     6.        
  3.84829712   8.42359161 -10.25521946   3.        
10.9729538   9.20812225 -9.1361084   3.        
-11.46062469  11.26338196  13.05578613   4.        
-1.16577101  3.75860596  0.70449799  8.        
1.76612103 1.68909395 0.14096101 7.        
-7.39882708  2.3952179  -8.08096313  5.        
-6.56707001  2.39277697 -8.34701538  5.        
-4.01470995  5.75849915 -5.82711792  5.        
-7.34475708  4.13521624 -6.50375414  5.        
-5.60553694 13.26322174 13.04040527  4.        
-11.1370697    9.41069794   6.92617798   4.        
 5.60531616  8.32901001 -8.2598877   3.        
 4.15399218  7.06236982 -4.89840698  3.        
-2.28076911  4.39969587  2.09259009  2.        
  2.77182007   8.2264328  -10.58084106   3.        
 2.56800103  8.14386845 -9.43087769  3.        
  3.71511102   8.41287994 -12.13223267   3.        
-8.24035645 12.38491058 12.79632568  4.        
 4.29289198  7.76043701 -5.90991211  3.        
11.51988983  9.66493225 -8.00280762  3.        
4.75171709 2.570122   0.060059   7.        
1.13326299 4.55194807 1.42224097 8.        
5.20918322 2.73842597 2.16192603 7.        
 12.49299622   8.30243683 -11.66363525   3.        
  9.09888458   8.54557037 -11.47924805   3.        
-3.29862189  4.45374298  1.82656896  2.        
-2.41249108  3.84004211 -8.51089478  5.        
  7.96258497   9.04611969 -14.16641235   3.        
 10.63796234   8.36702728 -11.90441895   3.        
 3.74435401  2.26387811 -0.239044    7.        
-2.15578508 11.36958313  9.08761597  4.        
-4.09439802 11.46191406  8.91543579  4.        
-1.15264106 -1.64019001  0.72662401  2.        
 2.82647705  1.85198998 -0.114105    7.        
-6.87097216  7.42123413  1.92727697  4.        
 0.373276    2.07815504 -2.19668603  2.        
1.05161297 4.42462921 0.66604602 8.        
  4.94762421   8.63773346 -10.93356323   3.        
 -1.65484595 -10.34411621   0.75173998   2.        
-7.56571198 11.68573761 10.38412476  4.        
3.69727302 2.54031396 3.37585402 7.        
-6.39683485  5.81536913 -5.34399414  5.        
6.16946411 2.79760003 4.90475512 7.        
  6.76352692   9.04568481 -12.77157593   3.        
-7.56524706 12.30583191 11.86672974  4.        
-10.35569763   8.82974243   5.23638916   4.        
-1.44702899  4.87378693 -7.6247859   5.        
-10.25385284   1.70782495  -2.30746508   6.        
-7.20205688  3.0971911  -7.65090895  5.        
 12.17717743   8.12113857 -12.28616333   3.        
-9.93295288 10.743927    9.60476685  4.        
-2.59992194 -0.55682403 -0.77523798  2.        
-9.34441376 12.47930145 13.44091797  4.        
-0.13082901  1.462677   -1.20318604  2.        
-8.22856903  7.59938002  2.27209496  4.        
-8.0664978  10.33605194  8.52249146  4.        
 6.07719421  8.78934479 -6.981812    3.        
-1.96924603 11.5671463   9.75622559  4.        
-10.79730988  12.00164032  14.40887547   4.        
-2.21995497  2.18205309 -0.077332    2.        
-3.08232903  3.89168501  1.14797997  2.        
 4.74720001  8.07331753 -7.59820604  3.        
-4.45081282 12.42816925 10.90136719  4.        
-2.58902693  6.048172   -3.50433302  5.        
11.22402191 10.16848755 -6.81417799  3.        
-1.24129498  2.16481805  0.164978    2.        
-4.23371887  6.35557604  3.46798706  4.        
-4.59268188  7.55837202 -1.89895594  5.        
-0.532471    6.39484406 -4.246521    5.        
  8.5532608    8.82561493 -13.09301758   3.        
-2.10379004  8.91786957  5.24160814  4.        
-5.97989607 11.04718781  8.63720703  4.        
  5.47264099   8.88176727 -11.92410278   3.        
0.74325597 1.59326899 2.16393995 7.        
  5.66856384   8.7040329  -13.15203857   3.        
-1.41210198 -1.908638    0.120026    2.        
-10.21418762   8.47544098   4.32253981   4.        
  6.73878479   8.8230896  -11.68948364   3.        
-0.97607398  1.457726   -1.47170997  2.        
4.82566118 2.70108795 3.42260695 7.        
-6.17098999  7.52389479  2.88140893  4.        
-3.68041992 11.11947632  8.44058228  4.        
 5.86540985  8.81472015 -4.67288208  3.        
 11.43722534   7.84941101 -12.89068604   3.        
-3.16557288  8.57090759  4.57162523  4.        
-4.300354   10.12322235  6.73846388  4.        
-12.92054653   8.84348297   6.92572021   4.        
-4.45066786  3.52021003 -8.1651001   5.        
-1.47745502  4.12820387 -8.48623657  5.        
3.43969703 2.50496697 2.26043701 7.        
11.58663177  9.71742153 -7.40908813  3.        
0.90161902 0.94896698 1.09716797 7.        
 11.96743011   7.61451721 -13.50488281   3.        
-5.15388489  1.93259394 -2.81948805  6.        
-13.41310883   9.61729431   9.23046875   4.        
-10.52130127  12.56703854  14.40835571   4.        
 2.18781996  5.5694499  -4.88488817  2.        
-8.11320496  1.99397302 -1.86688197  6.        
-4.23148394 12.813591   11.51187134  4.        
 1.31958795  2.78965807 -2.15826392  2.        
-1.030792    3.04209089  0.13839699  2.        
-10.17420959  11.50912476  12.81433105   4.        
 10.50528717   8.14001465 -14.83694458   3.        
-9.31213379 12.16661835 12.77822876  4.        
-12.34984589  10.39586639  10.4317627    4.        
-9.32045746 11.55470276 12.00973511  4.        
 4.58955383  8.00734711 -5.35147095  3.        
-7.69780684 12.96581268 13.80938721  4.        
7.62714386 3.00840807 3.437958   7.        
12.73465729  9.69663239 -7.9997859   3.        
-3.83201599  9.08646393  5.25851393  4.        
  5.89061689   8.55041504 -10.43093872   3.        
-9.19149017 10.20278931  8.00064087  4.        
-3.2508769  0.138474  -0.912628   2.       
3.38080597 2.50365496 1.12738001 7.        
6.94848585 2.85854292 0.96044898 7.        
-6.22360182  8.48162079  4.8994751   4.        
 7.40984297  9.68971252 -4.4593811   3.        
-9.02500916 11.69186401 11.49191284  4.        
-2.19741797  9.70850372  6.15387011  4.        
-13.55749512   9.99271393  11.00323486   4.        
-5.50380707  6.35185194 -4.06237793  5.        
-11.08881378   1.25161695  -1.28213501   6.        
 6.04450989  8.80809021 -5.853302    3.        
 12.08405304   8.78047943 -10.64306641   3.        
  9.69513702   8.44727325 -14.31231689   3.        
-10.26664734  11.97138214  13.27950954   4.        
-7.36950684  9.13877106  5.60479689  4.        
-12.8264389   11.64270782  13.76821899   4.        
 2.50820208  6.224617   -5.49911499  2.        
0.074127   4.59268188 1.36868298 8.        
 0.54719502  4.38735199 -0.28253201  8.        
-1.72676802  1.00731695  0.075958    2.        
-2.95970893 12.00646973 10.09835815  4.        
1.28382897 2.09255195 3.52340698 7.        
 -1.95353699 -10.99032593  -0.16085801   2.        
-7.44478607  7.98812103  3.21478295  4.        
-5.42472792 12.56581879 11.23782253  4.        
 8.72092438  9.353302   -7.39736891  3.        
-4.1134572   1.33421302 -2.04864502  6.        
-0.86821699  4.92108107 -7.67263794  5.        
-5.50615692  7.59560394  3.87322998  4.        
-10.05032253   1.70467401  -1.061432     6.        
-5.76778412  1.95108795 -2.69406104  6.        
-6.10470581  1.81581903 -4.30447388  6.        
  8.89633179   8.59292603 -12.48544312   3.        
-1.504547   -0.307037   -0.93487501  2.        
 8.12495422  9.8050766  -4.12036085  3.        
  6.24217987   8.72731781 -11.18765259   3.        
-11.77777863  10.83605194  11.36108398   4.        
-6.26743317  9.12772369  6.65060377  4.        
-7.07744598  2.08708906 -1.31011999  6.        
 4.38398695  8.33267975 -4.39288282  3.        
 1.72782099  8.1548624  -9.76226807  3.        
-10.8853302    8.16834259   4.32489014   4.        
-10.02371216   1.21083796  -4.81130981   6.        
-8.63169861 12.76340485 14.23840332  4.        
 7.59710693  9.21921539 -7.63702393  3.        
-4.6512599   6.09641981  2.80151391  2.        
-10.04163361   9.73219299   7.21112108   4.        
-1.58303797 -3.11283112  0.060303    2.        
-9.53307343  8.9332428   5.78793287  4.        
 8.38380432  9.72589111 -5.08737183  3.        
-1.54674494  1.68161798 -0.88501     2.        
-10.25267029  11.31269836  11.62686157   4.        
 -1.485847   -12.15072632   0.32028201   2.        
-11.7382431   11.25354004  12.41143799   4.        
-11.82411194   9.26650238   6.98168898   4.        
  9.8302536    8.2743454  -12.86547947   3.        
-8.45553589  1.61594403 -3.62045288  6.        
  7.88859606   8.99267578 -13.25485229   3.        
 2.41910601  4.07200623 -3.22732496  2.        
  6.83856201   8.53548431 -10.15039062   3.        
 9.88129425  9.30236053 -8.46206665  3.        
-12.25935364   9.37815094   7.51144409   4.        
-8.39381409  7.8109889   3.07971191  4.        
 3.56450605  7.99474287 -7.83056593  3.        
 3.88147712  7.7107091  -7.03662109  3.        
-3.43244195  9.63439178  6.15267897  4.        
-5.66507006  7.41693115 -2.34612989  5.        
3.16472602 2.47904992 4.44702101 7.        
-8.67372131 10.67363739  9.44104004  4.        
-1.88440704  6.2073288  -5.42260695  5.        
-6.42452192  2.09672499 -2.10388207  6.        
-7.93786621 12.07471466 11.35968018  4.        
 0.903938    2.9630971  -2.89361596  2.        
-1.79198503 -7.08411407  0.181427    2.        
-10.4513092   10.24160767   8.53930664   4.        
-5.63383484  2.04993391 -8.9269104   5.        
 4.28818512  8.18473816 -8.19348145  3.        
 1.66897595  4.70787096 -3.88205004  2.        
-1.57407403 -9.8939743   0.410492    2.        
 3.60630012  7.37587023 -4.6506958   3.        
-9.45980835  1.25846899 -4.56869507  6.        
-5.00845289  6.94020796  3.00109911  4.        
-10.89611053   9.62805939   7.43954515   4.        
-2.12296295 -9.13258362  0.31112701  2.        
-9.33677673  7.66547394  2.6322329   4.        
-3.40131402  6.34725904 -3.36788893  5.        
-6.80140686  8.57701111  4.76968384  4.        
-12.62262726  10.99108124  12.26644897   4.        
 9.68470001  9.59072113 -7.5343318   3.        
 5.37882185  8.54645538 -4.75421095  3.        
-4.30466509  6.74837494 -3.11276293  5.        
 9.32844543  9.27111816 -8.32952881  3.        
5.14310503 2.8211751  1.26544201 7.        
-5.66021681 10.7759552   7.97860718  4.        
-4.06076813  1.00347102 -0.94406098  6.        
 7.05069685  9.28847504 -5.89175415  3.        
-11.48871613   9.75811005   8.09539795   4.        
 5.38173723  8.4189682  -5.63916016  3.        
-4.30721283  3.08950806 -8.63693237  5.        
0.218155   0.029655   0.72506702 2.        
-0.68595898  1.03644598 -0.64801002  2.        
-11.38695526  10.07579041   9.12475586   4.        
-1.76615095  4.35388184 -2.05245996  2.        
-6.15769196  6.14856005 -4.95748901  5.        
 6.4375      8.65052032 -7.97235107  3.        
 5.52745104  8.37606812 -7.07018995  3.        
-6.95439911  1.76969099 -4.80944777  6.        
-8.63017273  1.87107897 -2.94418311  6.        
  8.6231842    8.59430695 -11.19232178   3.        
-7.80448914 10.96910095  9.4241333   4.        
 9.09506989 10.04947662 -4.47348022  3.        
-6.90913391  5.15451002 -6.08282518  5.        
 8.18087006  9.31162262 -4.77664185  3.        
-4.08815813 12.30209446 10.49902344  4.        
1.77576399 4.60381317 1.43038905 8.        
  9.58146667   8.43465424 -13.41485596   3.        
 -0.98354298 -11.06882477   0.180603     2.        
2.55420709 2.32115197 2.95397902 7.        
-5.50379896  6.66183519  3.20886207  4.        
-7.37734222  9.68244171  6.77929688  4.        
 6.41474104  8.88493443 -6.40628099  3.        
-10.72098541  10.64897919   9.81494141   4.        
-4.53787994  1.86945295 -0.58200097  6.        
-5.77931213  4.83340502 -6.59158278  5.        
 2.41365099  7.80242205 -6.91671705  3.        
-7.93898821  1.89685094 -3.76791406  6.        
-2.22241211  9.78450775  6.70410204  4.        
-5.51116896  3.941818   -7.51089478  5.        
-10.12783813  10.38151646   9.00015259   4.        
-4.59195709 11.29626465  8.67944336  4.        
-3.95094299  6.87924194  3.61532593  4.        
-7.6259079  10.70319366  8.84439087  4.        
-3.94042993  9.48081207  5.85018921  4.        
-7.0136261   3.90202308 -7.09478807  5.        
2.54495192 2.15502191 1.82882702 7.        
-5.70227098 12.91430664 12.13674927  4.        
-3.00056505  5.45893097 -6.50604296  5.        
-6.49416304  3.20961809 -7.7963872   5.        
4.48971605 2.66747308 1.24706995 7.        
 10.6713028    8.6417923  -10.86340332   3.        
-6.44689894 10.1567688   7.26623487  4.        
-5.99405718 12.329216   10.98455811  4.        
 7.98242188  9.35980988 -6.67858887  3.        
 0.26240501  2.67176104 -2.06368995  2.        
-1.79042804 -7.75357819  0.44464099  2.        
-6.71662903 13.13161469 13.30206299  4.        
3.70420098 2.52376604 4.34658813 7.        
-0.030479    3.03764296 -2.64483595  2.        
 9.0830307   9.04279327 -9.22644043  3.        
-2.93906403  6.08149004 -3.0804441   5.        
-6.31517792 12.11016083 10.46981812  4.        
-4.51230621  7.60820818  4.00598097  4.        
 8.65352631  8.72544098 -9.91677856  3.        
-11.47977448  10.74739075  10.84365845   4.        
 11.31150055   8.24770355 -11.81085205   3.        
-12.86486816   9.14568329   7.48263502   4.        
-0.44612899 -0.82369202  0.97522002  2.        
-4.77303314 13.0446701  12.18341064  4.        
10.61325073 10.0174408  -5.87728882  3.        
-4.2489171   6.10147905 -5.19644213  5.        
-7.4431529   2.02351403  0.173492    6.        
-4.9634552   7.00318193  3.91430712  4.        
-1.11096895 -3.70863295 -0.30819699  2.        
-10.31803131  10.88031769  10.21792603   4.        
11.80491638  9.31991577 -9.26321411  3.        
-8.47740173 11.69035339 10.91815186  4.        
 3.83360291  7.36463213 -5.25244093  3.        
4.67343092 2.68682909 2.23590112 7.        
-8.56912994 12.14923859 12.41674805  4.        
-6.56552076 10.9134903   8.60397339  4.        
-3.82286096  6.51343489 -2.93655396  5.        
  8.82233429   8.73320007 -13.55517578   3.        
-1.95901501  8.85610199  4.67297411  4.        
 5.15414381  8.3631897  -8.75634766  3.        
-3.5850141   6.44008589 -3.87728906  5.        
-10.63478947   7.76321411   3.46340895   4.        
-3.69064307  0.65010101 -1.220734    6.        
-1.968979    5.75408888 -6.34274292  5.        
-4.92526197 11.83302307  9.76577759  4.        
-1.37263501  6.26863909 -3.30935693  5.        
 2.68543196  7.12276506 -6.32128906  3.        
-8.48119259  8.68343258  4.75729418  4.        
-3.37577105  9.94948578  6.58816481  4.        
-11.77798462  11.63529968  13.98486328   4.        
 8.56647491  9.73707581 -5.85842896  3.        
 2.40572405  4.8972702  -3.82220507  2.        
 3.08470106  6.47441101 -4.70684814  2.        
 2.03527093  7.76708221 -8.66409302  3.        
-12.03157806   9.05648804   6.53027296   4.        
1.55237603 4.33663893 0.39825401 8.        
-2.46118903  2.72916389  0.65145898  2.        
4.18138123 2.70825195 4.56231689 7.        
-4.03784895  1.85726202 -2.60940504  6.        
-3.13181305 11.68743896  9.39929199  4.        
 6.80530596  9.17246246 -5.31838989  3.        
-7.47286177  5.86899614 -4.52130079  5.        
 4.90110016  2.17501092 -0.27069101  7.        
-3.89753699  6.23157501 -4.79672194  5.        
-2.10369897 -0.99528497 -0.57620198  2.        
6.08530378 2.71488905 1.88101196 7.        
-9.86679077  8.16709137  4.05651903  4.        
-10.07032013   1.16632795  -5.36898804   6.        
-1.53623998 -8.98174286  0.20999099  2.        
-5.09874678  2.04437995 -3.81365991  6.        
-7.87026215  3.66958594 -7.25036621  5.        
-11.14852905   1.06021905  -4.09350586   6.        
-7.58415222  2.03042603 -1.78152502  6.        
-2.20641303  4.98035383 -2.24282789  2.        
4.25016022 2.68551612 1.81131005 7.        
 1.49542999  3.46055603 -2.84423804  2.        
1.26779199 1.48871601 0.40841699 7.        
3.02385712 2.46066999 3.37185693 7.        
-8.31798553  9.11655426  5.45556593  4.        
-6.60781908  6.89498091 -3.50549293  5.        
  4.24745178   8.72220612 -13.02124023   3.        
-1.91216302 -8.18029785 -0.120148    2.        
-9.16983032  8.6873703   4.76721191  4.        
-6.92919922  2.14266992 -2.59787011  6.        
-1.74135602  9.41370392  6.1366272   4.        
 7.96929216  9.4610672  -6.0814209   3.        
  9.25154114   8.72525787 -14.48657227   3.        
-8.7165451   1.91075897 -0.28939801  6.        
-2.17235589  1.66476405  0.57278401  2.        
-5.97149706  6.59912109 -4.07382202  5.        
-1.64031196  2.66995192 -0.76879901  2.        
-1.84862494  2.88694     1.13330102  2.        
3.79894996 2.63536811 2.77233911 7.        
 -1.80956995 -13.27738953   0.51312298   2.        
-2.77439904 11.21611786  9.64880371  4.        
-4.35445404  1.29232001 -1.46841395  6.        
-11.14759064  12.3944931   14.43869019   4.        
  9.64013672   8.64871216 -11.23638916   3.        
 5.08068085  8.51058197 -4.31024218  3.        
-6.03151703  6.91468096 -2.96554589  5.        
  7.90174103   8.58013153 -10.44772339   3.        
-7.25398302 10.32765198  8.05950928  4.        
-8.64805603 10.4455719   8.80084229  4.        
-5.02762604 11.4718399   9.05792236  4.        
-3.38227105 10.37380219  7.63503981  4.        
-4.97213697  8.9285202   5.65472412  4.        
-9.17159271  7.90778303  3.43048096  4.        
-3.05130792  4.26281023  2.2597959   2.        
-6.66004181 12.93544769 12.57019043  4.        
 11.25284576   7.66766405 -13.99203491   3.        
-13.24729919  10.68222809  12.67410278   4.        
-5.82967377  2.15293097  0.672791    6.        
 -1.828812   -12.78539276  -0.187714     2.        
-4.33355713  1.98557997 -3.07440209  6.        
-7.43126678  8.77322388  4.89898682  4.        
-1.17414105 -5.11149597  0.01178     2.        
-4.771873    2.59249902 -8.76959229  5.        
-1.71816301 -0.225594   -0.31253099  2.        
4.42159319 2.64861298 2.70764208 7.        
-7.72416687  4.36867523 -6.23022509  5.        
-10.00637817   8.66493225   4.76318407   4.        
-6.04273176  2.04768395 -3.19259596  6.        
-1.35952795 -4.22123718 -0.051636    2.        
-5.54138184  1.98232996 -1.64263904  6.        
-4.91203308  1.75694299 -2.25048804  6.        
-2.271034    5.20281982 -6.98968506  5.        
 1.893875    4.38783312 -3.11404395  2.        
-6.44749498  3.73365808 -7.04482985  5.        
-8.15764618  1.98484004 -1.12881505  6.        
 1.11692798  3.78961897 -2.99337792  2.        
-3.43489099  0.70775598 -1.75705004  6.        
-5.027771   12.4589386  10.70950317  4.        
 7.05300093  9.12358093 -6.38317919  3.        
-4.45819807  6.5062561  -4.21640015  5.        
10.47784424  9.68086243 -7.69284105  3.        
-1.09490204  1.12706006 -1.03817701  2.        
 2.54380012  7.8968811  -8.0696106   3.        
-1.46800196 10.56408691  7.93463087  4.        
-11.73114777   1.09370399  -3.22595191   6.        
-0.63132501  3.88359809  0.56396502  8.        
-9.75380707  1.81620002 -2.23681593  6.        
-9.11888123  7.297966    1.80367994  4.        
-8.56192017 11.32270145 10.26931763  4.        
-6.8741231   8.22084808  4.09664917  4.        
-9.61634064  1.55558002 -4.11401415  6.        
 11.20185089   8.69247437 -10.97189331   3.        
-2.53566003 10.30334473  7.5687871   4.        
-8.30595398 12.733078   13.17068481  4.        
 7.59513092  9.3657608  -5.67721605  3.        
-6.82957506  1.96276104 -3.39569092  6.        
  9.82541656   8.2460556  -13.85708618   3.        
-7.43891907 13.09803009 13.26623535  4.        
-9.20246124  8.97841644  5.36166382  4.        
-8.30363464  8.22888947  4.15057421  4.        
-8.01835632  5.84729004 -5.07083082  5.        
-2.47621107  2.81326294  1.45565796  2.        
-11.01631165   8.07640839   3.83685303   4.        
 3.46964312  7.01254988 -5.73184204  3.        
-1.78566003 -1.49823797 -0.20306399  2.        
-2.60428596  9.07974243  5.4876399   4.        
-10.53323364  10.83241272  10.7210083    4.        
-6.19497681  9.54579926  6.36807299  4.        
 11.07229614   9.06713104 -10.10580444   3.        
-3.45510101  3.71324205  1.63613904  2.        
-1.12550294  1.051422   -0.293091    2.        
  3.60209703   8.4390564  -11.63690186   3.        
-1.242401    2.61081696 -0.25848401  2.        
-3.63732195 12.80871582 11.51708984  4.        
  8.5716629    8.83110809 -14.18133545   3.        
5.18897295 2.69048309 0.330017   7.        
-4.18115187  7.14245605 -2.17336988  5.        
  9.64495087   8.40665436 -12.41070557   3.        
  7.02268219   8.57279205 -10.83184814   3.        
12.48249054  9.08361816 -9.82437134  3.        
-4.24835205  8.21786499  4.83166504  4.        
0.195923   4.34449005 0.74713099 8.        
 2.20633698  1.68396795 -0.17721599  7.        
 13.55244446   8.55084991 -11.00411987   3.        
 2.8764801   7.73582506 -7.24362183  3.        
  4.27423096   8.71405792 -12.03265381   3.        
-1.82803297 -5.46550798  0.119049    2.        
-6.29692793 12.84726715 12.06332397  4.        
-6.32619476 12.47808075 11.34915161  4.        
-1.15531898  0.018608   -0.221313    2.        
0.76419801 1.72918701 2.71121192 7.        
-2.63828993  3.7168119   1.470734    2.        
-5.17190599  2.01151299  0.161102    6.        
-1.78650701  1.38175201 -0.25543201  2.        
-3.56462097  3.84169793 -8.1020813   5.        
 0.264626    6.21892595 -4.90945387  5.        
-6.62014008  6.39881897 -4.39883423  5.        
-12.34383392  11.2804184   13.61270142   4.        
 4.4297328   8.27645874 -8.79959106  3.        
-12.66303253   8.77952576   6.49984694   4.        
-6.16237593  8.90091705  5.60922194  4.        
 -1.79470801 -11.12948608   0.76104701   2.        
-11.24814606   1.21108305  -3.49539208   6.        
-5.47518921  2.10349298 -0.32412699  6.        
-5.25172377  5.94459486 -5.39526415  5.        
 11.70240021   8.02438354 -12.41372681   3.        
-0.69878399  5.48673201 -6.97457886  5.        
 9.75816441  9.73724365 -6.83807421  3.        
-8.20230103  1.90277898 -2.650635    6.        
 4.94877577  8.35082245 -5.29812622  3.        
 -1.99665797 -11.72265625   0.36450201   2.        
-12.14359283  11.00646973  12.00790405   4.        
-9.06852722  1.88032496 -2.6030879   6.        
-9.04262543  1.22789001 -4.86489916  6.        
-3.90026903  5.90193176  3.43670702  2.        
 10.64179993   8.10887146 -12.36349487   3.        
-1.12706804 11.09787846  8.8444519   4.        
-9.16912079  9.49250031  6.45721388  4.        
 3.6115799   7.46500397 -6.5368042   3.        
-3.27370501 10.65963745  8.08416653  4.        
-6.20648193  2.20243096  0.351105    6.        
-6.64459991  2.14189911 -1.61831701  6.        
-11.95069122  11.83593845  14.40631104   4.        
 2.6344831   1.59494805 -0.51043701  7.        
 9.66972256  9.78890991 -5.99121094  3.        
-12.03112793   8.01434326   4.07284498   4.        
-3.47447991 11.64493561 10.35275269  4.        
-11.15713501  10.91279602  11.73126221   4.        
10.11606598  9.91638184 -5.79364014  3.        
-6.87462616  5.87287092 -5.21963501  5.        
-9.26193237  1.67971003 -3.76266503  6.        
-6.47862196 13.29493046 12.86083984  4.        
4.38378096 2.57961988 0.48754901 7.        
6.89576721 2.81967902 2.62539697 7.        
 0.92136401  3.03726196 -1.99765003  2.        
-4.84254503  4.57967377 -7.00869799  5.        
-3.19920301  6.08332109 -5.11645508  5.        
 0.469574    3.25095391 -2.84054589  2.        
-4.55433607  5.76901197 -5.79153395  5.        
 10.68310547   7.82070923 -14.48803711   3.        
-0.47580001  4.38668823  1.195557    8.        
  2.28660607   8.23750305 -10.67837524   3.        
-12.77655029  10.54355621  11.71798706   4.        
-7.83418989  1.99364495 -0.28253201  6.        
-10.54190063   1.26814306  -4.12820387   6.        
-1.98659503 10.26119232  7.09677076  4.        
1.67327094 1.77054596 1.83752406 7.        
1.89287603 2.17092896 3.75817895 7.        
-1.23936498  9.43578339  6.25927687  4.        
12.63771057  9.50481415 -8.56484985  3.        
-3.63629198  1.24206495 -1.96579003  6.        
 7.05196381  9.02233887 -4.53555298  3.        
  7.56182098   8.61456299 -10.88259888   3.        
-7.20383501  9.32049561  6.0314641   4.        
12.8089447   9.35884094 -9.14019775  3.        
3.69941711 2.38658905 0.72351098 7.        
 10.50528717   7.89675093 -13.39651489   3.        
  3.9005661    8.46872711 -10.89419556   3.        
  7.97555494   8.72741699 -11.5055542    3.        
-10.2921524    1.48133099  -3.53247094   6.        
 2.42183709  6.08409882 -4.97799683  2.        
-5.91842604  8.15721893  4.55221605  4.        
-5.52627611  6.73257494 -3.2285161   5.        
-2.46474504 11.83615112 10.01647854  4.        
-11.14633179  11.63981628  13.07678223   4.        
-2.72386193  3.41900611  0.802948    2.        
-11.83326721  12.30817413  14.54275513   4.        
  4.51599121   8.61726379 -11.36743164   3.        
-1.22003901 -0.92542303 -0.193481    2.        
 13.29605103   7.96581984 -12.4133606    3.        
 5.18916321  8.41318512 -9.46240234  3.        
-10.50479126  11.81257629  13.71453857   4.        
1.02671099 4.57024384 1.93957496 8.        
-3.90506005  2.98438311 -8.89511108  5.        
-1.80919695 -1.46898603 -0.812195    2.        
5.24289703 2.75181603 3.12905908 7.        
 0.84759498  2.47381592 -2.33206201  2.        
-11.01890564  12.08142853  13.88397217   4.        
-3.95513892  5.37155914 -6.39831495  5.        
-5.8843689   2.02853394 -2.05569506  6.        
5.5150528  2.64377594 1.00411999 7.        
 12.54543304   8.69343567 -10.51095581   3.        
-9.2115097   8.26428223  4.25231886  4.        
 1.47091699  4.37338305 -3.58850098  2.        
-1.026474    0.36138201 -0.665497    2.        
-7.24305677  1.76522803 -4.35098314  6.        
-3.48741102  7.23658705 -1.81918299  5.        
 4.15791321  6.71882582 -6.46655321  3.        
-9.96686554 10.93264771 10.6300354   4.        
-4.89380693  9.35366821  6.17193604  4.        
  6.20597076   8.7924881  -13.88296509   3.        
-6.71214294 10.68744659  8.20126343  4.        
-3.24606299  8.43307495  4.06964111  4.        
-8.67399597 12.05818176 11.90231323  4.        
-4.62088013  5.15970612 -6.51031494  5.        
-4.85174608  7.94863081  4.63830614  4.        
-0.53073901  2.06590295 -1.92837501  2.        
 13.14071655   8.25483704 -11.85165405   3.        
-9.99794769  1.65715802 -3.025208    6.        
-9.56731415  9.29213715  6.18936205  4.        
-11.29550934   1.29878998  -1.88314795   6.        
-1.785568    5.16371107 -7.17837477  5.        
  9.28422546   8.72445679 -10.3638916    3.        
-10.86483765   1.45525396  -2.67666602   6.        
-1.72299194  9.21245575  5.37463379  4.        
-4.88014221 10.57923126  7.59298706  4.        
2.90212989 1.97730994 0.34460399 7.        
-5.81482697  7.29935503  3.17193604  4.        
-1.62075806 -3.67392707 -0.42843601  2.        
-8.60344696  7.54987288  2.56906104  4.        
-7.63304901  8.38123322  4.17483521  4.        
 12.44156647   7.84911299 -12.61999512   3.        
  6.84141493   8.945755   -14.02252197   3.        
-10.0651474   12.001297    13.74630737   4.        
 11.43718719   7.82542419 -14.48971558   3.        
-6.87274885  2.14975691 -0.398743    6.        
 2.81928992  6.59169817 -5.38833618  3.        
 -1.36168694 -11.32641602   0.32492101   2.        
-4.50065613  6.49874115  3.08599806  4.        
-1.18586004 -2.88516212 -0.284271    2.        
 8.0788269   9.06284332 -8.78729153  3.        
-11.98897552  11.34281158  12.83972168   4.        
-1.09843397  9.99443817  7.41882277  4.        
-9.6569519  10.09632111  8.02337646  4.        
-0.59239203  5.21976519 -7.35650587  5.        
-1.89579797  3.72585297 -1.34368896  2.        
-6.08692884  2.07716393 -1.08532703  6.        
-4.65713501 13.00255585 11.72174072  4.        
-1.20209503  9.9570694   6.74411011  4.        
-2.98149896 -0.332275   -1.09924304  2.        
 8.94470215  9.73760986 -6.28405809  3.        
-10.06851196   9.47012329   6.68359423   4.        
-1.63362098  6.15644789 -3.69244409  5.        
-3.1426239   3.23485589 -8.85443115  5.        
-5.68861389  9.12700653  6.15063477  4.        
-2.26373291  6.26390791 -5.13684082  5.        
-10.82351685   8.72447205   5.18740797   4.        
-5.77636719 13.11937046 12.62026978  4.        
-1.09805298  2.09902191 -0.283905    2.        
5.98269701 2.65686011 1.11126697 7.        
 10.23311615   8.0009613  -13.86181641   3.        
  7.66335297   9.08653259 -13.79928589   3.        
4.68639421 2.69847894 3.87707496 7.        
-4.35678101  6.19464922 -3.78121996  5.        
-1.25952899 -2.20626807 -0.282074    2.        
 6.67142487  8.53439331 -8.90988159  3.        
 3.55214691  7.83145905 -7.38445997  3.        
-8.14955902  9.50572968  6.28964186  4.        
 8.62120056 10.01891327 -4.77279711  3.        
 0.36849999  1.96823895 -1.619995    2.        
 1.53868103  3.1698761  -2.4715271   2.        
 9.95910645 10.14009094 -5.00824022  3.        
-3.7396009   4.28286695  1.86096203  2.        
-2.62380195  6.11578417 -3.99408007  5.        
-1.96944404  4.60160112 -7.77636719  5.        
6.38691711 2.90472388 3.46813989 7.        
-2.68113708  5.97663879 -5.63372803  5.        
10.42947388  9.51873779 -8.23953247  3.        
-6.58310699  7.57629395  2.65438795  4.        
-11.60099792  11.97061157  14.8218689    4.        
-13.7310257    9.62828064   9.94412231   4.        
 3.94827294  2.008255   -0.58032203  7.        
-2.35585809 -7.4260478   0.447418    2.        
-1.33640301 -8.44297028  0.47500601  2.        
-5.70983124  5.57011414 -5.77081299  5.        
 6.79189301  8.45623016 -9.44204712  3.        
 -1.66937995 -10.73226166   0.26696801   2.        
11.72629547  9.46253204 -8.42355442  3.        
  5.84509993   8.87822723 -12.34963989   3.        
-8.89493561 12.50795746 13.75        4.        
 10.45765686   8.58612823 -11.30877686   3.        
-7.40441895  1.67205095 -5.31955004  6.        
-3.03311205  6.52513123 -2.393646    5.        
  2.62184095   8.42480469 -11.57183838   3.        
-9.48532104 10.47058105  8.82800293  4.        
-1.50112104  3.18453193 -0.66522199  2.        
-6.9755249  12.024086   10.89376831  4.        
-11.03972626   9.04433441   6.04403687   4.        
-6.16606092  7.987854    4.13494921  4.        
-9.35305786  9.77124786  7.096313    4.        
-9.67069244 12.68910217 14.24438477  4.        
-10.08023834   7.90618086   3.54870605   4.        
-0.505997    5.89584303 -6.14904785  5.        
-1.54150403 -6.03907013  0.014862    2.        
-10.33729553  11.08321381  12.53945923   4.        
  7.54443407   8.82577515 -14.66455078   3.        
-4.78599596  8.80323792  5.18264818  4.        
-6.55622911  7.79622698  3.24633789  4.        
1.11196101 1.45136297 1.90884399 7.        
-7.76635695  7.59279585  2.18661499  4.        
-4.15743303  9.00215912  5.65765381  4.        
-2.06058502  6.33266401 -4.34863281  5.        
-1.86531103  5.33699799 -2.28176904  2.        
-1.29975903 -6.81936693  0.092224    2.        
-6.35400391 11.57858276  9.57077026  4.        
-9.75100708 11.47899628 11.7640686   4.        
-9.50034332 10.76518154  9.82159424  4.        
-0.768013   -1.86316705  0.54126     2.        
 2.28694201  5.14108992 -4.3658452   2.        
  4.37721205   8.45002747 -10.14923096   3.        
-5.07600403  9.94943237  7.04418898  4.        
0.68905598 4.56742907 1.56896996 8.        
  3.38401008   8.35023499 -10.10635376   3.        
-9.85214996 11.04506683 11.0947876   4.        
-12.77976227  10.00991058  10.25595093   4.        
-10.83218384  11.54401398  12.6427002    4.        
10.05438995  9.2027359  -9.11941528  3.        
-3.74770403 10.07343292  7.13314819  4.        
-5.87904406  1.98918903 -3.71786499  6.        
-6.38906908 10.4371109   7.63479614  4.        
-1.69609797  0.61498302 -0.43911701  2.        
-2.86450195 10.18055725  6.80670214  4.        
-2.842453    5.78515577 -6.09179688  5.        
0.87543499 1.56967902 1.52529895 7.        
-1.48145294  5.68554688 -6.51034498  5.        
-12.51557922   8.40875244   5.61605787   4.        
 3.83049011  8.09594727 -8.21582031  3.        
-5.82268476  8.54745483  5.12631178  4.        
-2.65348101  4.77389479 -7.29281616  5.        
 10.02192688   8.32144928 -14.77349854   3.        
5.4889369  2.94325995 2.61318994 7.        
-11.60837555   7.64735413   3.26443505   4.        
-2.66754198  9.41182041  6.04083204  4.        
 3.14910102  6.73638916 -5.92004395  3.        
  2.50142694   8.21891022 -10.09738159   3.        
-8.80622864  9.14844513  5.53002882  4.        
-1.22010803 -0.89757502  0.30166599  2.        
 5.82946014  8.40732574 -8.67697144  3.        
-1.43960595  6.21160889 -4.93722486  5.        
 8.7140274   9.82628632 -5.40582323  3.        
 7.46881104  8.89709473 -8.82031155  3.        
 12.41132355   7.80963087 -13.26342773   3.        
 0.55432099  4.02493286 -0.568115    8.        
-5.27640486 10.35941315  7.33865404  4.        
-1.68052697 -6.71410418  0.63555902  2.        
-11.51499176   7.8856349    3.76824999   4.        
5.2436142  2.85511804 1.71365404 7.        
-10.41030884   9.0519104    5.85342407   4.        
 13.59475708   8.26857758 -11.47833347   3.        
 1.67156994  4.79544115 -4.43713379  2.        
-10.76148224   1.43846095  -3.22842407   6.        
-1.80696106  4.90115404 -1.98663294  2.        
-6.74449921  4.68026018 -6.518188    5.        
-3.7528379   5.68589783  2.75247192  2.        
5.90922499 2.60188293 0.057312   7.        
-8.81357574  1.53285205 -3.89984107  6.        
6.30217695 2.80337501 2.51196289 7.        
 2.17355394  4.85551405 -3.34249902  2.        
-1.605461   -2.40794396 -0.50601202  2.        
-12.65895081  11.01992035  13.0592041    4.        
-0.044678    6.3567729  -4.03848314  5.        
-5.99559784  2.06980896 -0.29644799  6.        
 4.41047716  7.92266893 -4.18011522  3.        
-1.76565599 -0.67000598 -0.210815    2.        
-5.14142609  1.88769495 -1.845276    6.        
-0.171463    1.77815294 -1.83822596  2.        
2.83781409 2.4643631  4.00109911 7.        
 9.10211182  9.16847229 -8.71429443  3.        
 3.38038611  2.04842401 -0.063843    7.        
 6.54482985  9.21460724 -4.1965332   3.        
-7.40522003  2.02242994 -2.6282649   6.        
-13.34983063  10.93702698  12.30804443   4.        
-8.03662109 11.12080383  9.8677063   4.        
 1.74904597  4.26201582 -3.943542    2.        
-1.55716705  2.63784003  0.071899    2.        
0.77924299 4.5692749  0.32897899 8.        
-0.810287    4.80845594 -8.11157227  5.        
-1.25925398 -1.64794195 -0.22192401  2.        
-5.04780579  2.02152991 -3.36102295  6.        
  8.37427521   8.99342442 -14.83270264   3.        
-5.27028704  7.2165451  -2.477844    5.        
-6.56188202  9.60015106  6.68322802  4.        
 7.02574205  8.98188019 -7.38916016  3.        
-6.31328583  3.3483119  -7.40289307  5.        
-10.48709106   1.57540905  -0.95748901   6.        
-10.17144012  12.5783844   14.1184082    4.        
-1.51368701  0.511177   -1.00418103  2.        
-5.12403917  3.33113909 -8.05822659  5.        
  6.66287994   8.95092773 -12.11871338   3.        
0.034233   4.56241608 1.83380103 8.        
 5.63626099  8.68040466 -6.00503492  3.        
2.98225403 2.39261603 2.53338599 7.        
  7.27836609   8.85970306 -11.78173828   3.        
-8.68428802  9.44425964  6.27545214  4.        
 2.39429498  8.07507324 -9.01782227  3.        
-3.26071906  5.11763    -6.73196411  5.        
-5.31879377  8.32032776  5.1746521   4.        
-10.45639038   9.73343658   7.45855713   4.        
-1.33622706 -8.94463444  0.614838    2.        
-13.35460663  10.77205658  11.88372803   4.        
 4.04573107  8.25507259 -9.09259033  3.        
-0.69184899 -0.289864   -0.08197     2.        
-5.23671007  7.68804884  4.61932421  4.        
-8.02375793  1.66853297 -4.67315722  6.        
-12.02075958   8.68929958   5.75637817   4.        
-9.81799316  1.76884496 -0.30099499  6.        
-7.29715681  5.29529619 -5.89950609  5.        
-1.52808404 -7.0746541  -0.28213501  2.        
  5.20554399   8.81083679 -12.93984985   3.        
-2.01200104 -9.70514679  0.30850199  2.        
-3.57463789  5.86923218 -5.80871582  5.        
-5.67242384  6.14016008 -5.01281691  5.        
 8.7477951   9.21269226 -8.14343262  3.        
-8.05471039 13.0480957  13.54592896  4.        
-2.48254395  4.26479292 -7.90075684  5.        
-1.75470698  1.48344398  0.219055    2.        
-1.02433801  5.933815   -5.97766113  5.        
-7.37948608 10.02083588  7.71621704  4.        
-5.15921021 12.05641174 10.2026062   4.        
-11.63876343   1.12312305  -2.73638892   6.        
  5.65669298   8.78717041 -11.41372681   3.        
-7.55398607  9.51390076  6.40133715  4.        
 11.51990509   9.04385376 -10.06585693   3.        
  8.81788635   8.60473633 -12.01358032   3.        
-6.53720903  9.23950958  6.22689819  4.        
-6.34567308  2.12044501 -0.573578    6.        
 7.7544632   8.63297272 -9.53439331  3.        
7.09464312 2.95552111 4.05685377 7.        
-3.69458795  6.64445496 -2.51766992  5.        
 7.72120714  9.48417664 -5.19946289  3.        
-6.83512878  1.91545904 -3.84194994  6.        
-4.93029785  5.40714312 -6.19189501  5.        
-0.69724298  3.27889991 -0.21643101  8.        
-7.33285522  2.13581109 -0.94451898  6.        
-6.99900818  6.56788588 -4.11968994  5.        
-7.81417084  5.48064423 -5.53698683  5.        
-12.94129181   8.4807663    6.03353882   4.        
-6.61877394  2.15314507  0.83941698  6.        
-10.97955322  10.71634674  10.76303101   4.        
-3.1942749   4.19449615  1.47668505  2.        
-1.43659198 10.30838013  7.40747118  4.        
 3.00837708  7.34348297 -6.57656908  3.        
6.70929718 2.72522712 1.72241199 7.        
-2.17001295  2.49420905  0.34024     2.        
 12.10241699   7.36388397 -13.84976196   3.        
-5.34382582  9.6333847   6.29171705  4.        
  4.72515106   8.62314606 -10.39242554   3.        
2.42864203 1.92437696 0.82806402 7.        
-1.29724896 -9.68829441  0.126526    2.        
0.90392298 2.03344703 3.75088501 7.        
-3.55043793  6.11281586  3.19604492  2.        
 3.18528008  6.64675903 -5.10617113  3.        
 -1.08902001 -10.64495087   0.271851     2.        
-1.30686903 -0.33598301 -0.51309198  2.        
-7.01061201  2.10469794  0.057312    6.        
-2.06648993  2.17218804  0.64852899  2.        
-10.63043213  11.03319454  11.57284546   4.        
-1.00064099 -1.51903498  0.326233    2.        
 1.70968604  1.44097102 -0.27652001  7.        
-7.6447978   1.95986199 -3.01974511  6.        
-13.49668884  10.12102509  10.58200073   4.        
 2.23122406  7.91010284 -7.74777222  3.        
-4.3426671   5.75033617  2.62725806  2.        
-7.61048079  1.94190204 -3.47232103  6.        
-4.36035204  1.73216999 -2.268188    6.        
-4.77043104  1.62574005 -1.34896898  6.        
-12.64280701  10.16036224  10.71127319   4.        
11.06721497  9.450737   -8.70413208  3.        
 0.16316199  4.21658278 -0.13327     8.        
-8.99333191  1.18815601 -5.38326979  6.        
 1.95425403  5.03380585 -3.78695703  2.        
-3.05513     3.76095605  1.90863001  2.        
-6.56477404  8.80599213  5.27163696  4.        
 6.00048113  8.50787354 -8.07440186  3.        
-1.30382502  1.54534101 -0.51602203  2.        
 -2.07144904 -10.54690647   0.295349     2.        
-3.51203203 12.33720398 11.33319092  4.        
 13.24137115   8.81922054 -10.43768311   3.        
-5.61307478  9.0506134   5.69747877  4.        
-7.84646606  9.17674255  5.5625      4.        
11.1385498   9.76197147 -7.05795288  3.        
13.40589142  9.03092957 -9.79598999  3.        
 0.63542199  3.17199707 -2.4377749   2.        
1.94485497 2.468292   4.2071228  7.        
-4.07820892  6.53068495 -3.84585595  5.        
-5.52883911  2.0119319  -1.15979004  6.        
1.69229102 2.01688409 2.70526099 7.        
-8.18239594  5.15377808 -5.7819519   5.        
-13.84492493   9.33891296   8.97921753   4.        
-9.39780426  7.4983902   2.16693091  4.        
  9.57689667   8.49617767 -11.76467896   3.        
-5.5358429   4.57003784 -6.89859009  5.        
0.48856401 1.23527503 2.18454003 7.        
 2.76161194  2.05344391 -0.60272199  7.        
-10.28218842  12.37942505  14.86724854   4.        
  2.89569092   8.26019955 -11.03372192   3.        
-3.43685889  8.24393463  4.42489576  4.        
-2.45789289  5.73944807 -2.4942019   5.        
-1.56841302 -4.83899689 -0.164886    2.        
-0.249626    6.13551283 -5.5314641   5.        
-8.07676697  4.30687714 -6.48403883  5.        
-6.80349016  2.039253   -8.23995972  5.        
5.05927277 2.66922808 4.7530818  7.        
-8.67948914  1.97347295 -1.95199597  6.        
-13.37107754  10.32354736  11.78924561   4.        
-7.09095001  7.76865387  3.35134912  4.        
-5.76647186  6.51087904 -3.68566895  5.        
-10.33205414   7.50231886   2.53762794   4.        
 -1.56602502 -12.69095612   0.67398101   2.        
-3.74360704  4.62247515  1.34613001  2.        
 9.2768631   9.466362   -7.43545485  3.        
-3.19831896  5.45938921  2.75692797  2.        
 3.54622602  8.16124725 -8.7963562   3.        
-3.40660095  4.89612579  2.1530149   2.        
-9.29618073 11.81445312 12.52005005  4.        
-3.93239594  5.20895386  2.08538795  2.        
-1.76554096 -4.11952209  0.072754    2.        
-3.86570001  8.11591339  4.5249629   4.        
-8.42759705  1.98452795  0.054474    6.        
-5.73143816 11.35486603  8.97341919  4.        
-8.5875473   9.85305023  7.109375    4.        
-1.30978405  3.29954505 -1.03967297  2.        
6.61181593 2.85149407 4.66912794 7.        
-3.95254493 11.00882721  8.11126709  4.        
-1.95990801 -3.50042701 -0.062744    2.        
 8.82316589  9.52703857 -6.73687696  3.        
 11.00209045   7.888237   -13.07095337   3.        
-4.68656921  7.002388    3.50646996  4.        
-4.63094282  3.82913208 -7.78198195  5.        
-1.92244697  3.31490302  1.15564001  2.        
-11.6150589    8.26815796   4.69122314   4.        
  6.08021593   8.8092804  -13.46737671   3.        
-7.81322479  2.04238105 -0.713745    6.        
  6.28098297   8.51478577 -10.24386597   3.        
-1.95101202  4.02196503 -8.45928955  5.        
-0.93425798  4.36339617 -8.34521484  5.        
-11.07863617   9.23908234   6.53185987   4.        
-2.07856798 -4.68383789 -0.14596599  2.        
-3.448524   11.86911774  9.71862793  4.        
-6.5230031   1.80854797 -5.197052    6.        
 8.21054077  8.76334381 -9.54302979  3.        
10.91280365  9.10759735 -9.59353638  3.        
-6.5115428   2.01267195 -3.10510302  6.        
-0.076538    4.23689318  0.33764601  8.        
-4.45679522  6.67657518  3.71179199  4.        
-11.46276855  11.44667053  13.49505615   4.        
 7.40841722  9.05937958 -8.05636597  3.        
 7.28751421  8.82408905 -8.43289185  3.        
-5.45469713  3.55903602 -7.7875061   5.        
 4.01494598  7.597229   -4.92474413  3.        
-1.853737    4.66865492 -1.45736694  2.        
-7.10790205 12.93885803 12.43258667  4.        
-2.83388495  0.15164199 -1.39538598  2.        
-3.60576606  8.83592987  4.82101393  4.        
 12.8642807    7.83832502 -12.53448486   3.        
-11.17873383   8.41329193   4.68286085   4.        
 2.10403395  5.52430677 -4.44088697  2.        
-7.82689714 11.80473328 10.70584106  4.        
-3.21592689  7.85285997  3.90750098  4.        
  7.01885986   9.19869232 -14.50643921   3.        
-12.21784973  10.54611206  11.33328247   4.        
 7.06593323  9.46390533 -4.80380201  3.        
 2.16105604  8.1231308  -9.82650757  3.        
-5.30087996  7.2652359   4.05743408  4.        
-0.94296998  6.26670122 -4.23004103  5.        
-3.12404609 12.25727844 10.88232422  4.        
2.10751295 2.07017493 1.94387805 7.        
-8.07281494  8.11528015  3.31662011  4.        
-9.3031311   1.74687195 -3.11141992  6.        
-13.20158386  10.19625854  11.13262939   4.        
3.84575605 2.66650391 3.759094   7.        
 -1.69308496 -10.25917816   0.217407     2.        
  9.09509277   8.80571842 -14.89801025   3.        
-3.665833    4.7215271  -7.02548218  5.        
 7.04160309  9.41003418 -4.35177612  3.        
-5.82025194 10.11230469  7.04428101  4.        
-5.47988081 12.73923492 11.65823364  4.        
-5.05194092  7.04235792 -2.84493995  5.        
-5.55995893  6.42035723 -4.53445387  5.        
-8.27523804  1.56568897 -5.10592604  6.        
12.09781647  9.07122803 -9.61077881  3.        
 2.88892388  6.1460042  -4.51373291  2.        
-4.74624586  6.45311689 -3.466187    5.        
-9.1812973   1.82758296 -0.40371701  6.        
-12.47785854  11.87833405  14.11740112   4.        
-2.21266198 10.54807281  7.70999193  4.        
-2.19868493  3.50348711 -8.84924316  5.        
5.93324995 2.92736006 4.15747118 7.        
-1.52881598  5.76747894 -2.39596605  2.        
-7.71232605  1.83393896 -4.15112305  6.        
-1.97801995 -6.49678802  0.01001     2.        
-5.90232897  7.00203705 -2.42733788  5.        
  4.76656294   8.39097595 -13.15805054   3.        
 1.32702601  3.84481001 -3.75085402  2.        
 6.06152296  8.85038757 -5.40451002  3.        
-11.18354034  10.60956573  10.06613159   4.        
 11.59711456   7.72615814 -13.72399902   3.        
 -1.22755396 -12.93657684   0.53878802   2.        
-3.38478088  9.27776337  5.38088989  4.        
-4.06934404 10.38723755  7.64147902  4.        
-3.78669691 12.22136688 10.86123657  4.        
-2.8363719   3.54161096 -8.67324829  5.        
 9.65653992  9.4566803  -8.07818604  3.        
-12.92559814   9.97364807   9.76132202   4.        
 10.43013      8.97759342 -10.0227356    3.        
-7.16192579  4.50901794 -6.58840895  5.        
 6.00266981  8.44989014 -9.46017456  3.        
-10.65813446  10.91123962  11.16705322   4.        
-2.82637811  6.17582703 -4.75390577  5.        
-2.96601105 10.13282013  7.24288893  4.        
-11.76103973  10.17212677   9.39547729   4.        
1.08641803 1.18212104 1.39923096 7.        
-2.64386702  9.82111359  6.7311101   4.        
-2.885391   6.2304759 -2.662323   5.       
12.77588654  9.19258881 -9.52856445  3.        
11.41078186  9.93328857 -6.51525879  3.        
-3.11570001  6.68977404 -2.01217604  5.        
-1.78303504  0.17162301 -0.18099999  2.        
6.50996399 2.94045305 3.93737793 7.        
-9.17336273 11.49239254 11.14932346  4.        
1.47707403 1.57174695 0.88735998 7.        
-1.96405005 -7.57446289  0.031769    2.        
  6.65418196   8.63652039 -11.16143799   3.        
 12.01917267   8.39570618 -11.43215942   3.        
-12.60591125  11.15098572  12.66131592   4.        
  7.24514008   9.1414566  -13.80938721   3.        
-11.19971466   1.29856896  -2.42098999   6.        
-3.02741194  9.66309357  6.          4.        
-3.86669207 10.06261444  6.72470093  4.        
 2.94786096  8.32050323 -9.47311401  3.        
 5.68335676  8.30403137 -7.82620192  3.        
-0.74802399  1.47005498 -1.10525501  2.        
-7.73652697  4.86003113 -6.17355299  5.        
3.02419305 2.36814094 1.30422997 7.        
-2.1596911  10.89359283  8.18768311  4.        
-6.92881823  9.98505402  7.4153142   4.        
  3.56375098   8.54419708 -11.1340332    3.        
-1.671471    4.11107588 -1.13028002  2.        
2.95467401 2.28133392 2.12924194 7.        
  8.11295319   8.73990631 -12.009552     3.        
-1.79659998 -6.2330699  -0.30459601  2.        
-5.19153595  6.43273878 -3.77908301  5.        
2.10666704 2.05108595 2.76095605 7.        
 4.52580309  8.36953735 -9.48346043  3.        
-11.277565    10.99725342  12.14074707   4.        
-5.59262896  7.47717285  3.48028588  4.        
-1.46144104 -7.60752106  0.16406199  2.        
-7.33805799 13.12912846 14.05072021  4.        
-0.94090301  6.12995911 -5.13568115  5.        
-8.60313416  1.58486903 -4.38122606  6.        
-1.56031799  2.32582903  0.38382     2.        
 10.18949127   8.06377411 -12.91217041   3.        
-10.51015472  11.44937134  12.21231079   4.        
10.61688232  9.76398468 -7.24121094  3.        
 2.95239997  8.07761383 -8.54470825  3.        
-2.66110992 11.46613312  9.23336792  4.        
-7.44995117  6.65134382 -3.8990171   5.        
-0.55007201  6.38705397 -3.81259203  5.        
-2.76074195  3.00858307  0.87490797  2.        
-6.35954285  2.12657189 -8.59408569  5.        
-2.76392388  8.68671417  4.58352709  4.        
12.44143677  9.3457489  -8.93496704  3.        
 -1.99930596 -11.31634521   0.25824001   2.        
-4.64741516  9.16627502  5.87408495  4.        
-10.53709412   1.62080395  -2.01293993   6.        
 12.8337326    8.58110046 -11.15563965   3.        
-7.48083496 12.95069122 12.85870361  4.        
  8.1441803    8.85860443 -12.91918945   3.        
-10.95986176   1.44071198  -1.631042     6.        
-8.09178162 12.20718384 11.72415161  4.        
 2.49208093  5.2195282  -3.57214403  2.        
-11.53839874   0.91613001  -4.12387085   6.        
1.74468195 1.813187   1.22964501 7.        
-7.92681885  8.53302765  4.87493896  4.        
-4.92727709 13.14411926 12.55737305  4.        
-1.77044702  2.78324103 -1.14785802  2.        
-6.11377001  5.22268677 -6.16244507  5.        
 0.611588    3.9264679  -3.40466309  2.        
 9.46692657 10.00196838 -5.17340088  3.        
-9.01216125  1.92703998 -1.66519201  6.        
5.33535004 2.74460602 4.27740479 7.        
-10.06537628   7.62545776   2.96032691   4.        
-13.22853088  10.03319454  10.27633667   4.        
5.97691393 2.94876909 2.78094506 7.        
-6.798141    3.02008104 -7.58508301  5.        
 10.22149658   8.28473663 -11.98931885   3.        
-7.89964294  9.97161102  7.61022902  4.        
-0.39286     3.96558404 -0.44760099  8.        
-2.37351203  2.66410804  1.05230701  2.        
-2.07803297  1.77607703  0.022369    2.        
 11.65154266   7.80471802 -13.24307346   3.        
  5.76887512   8.89021301 -12.79528809   3.        
-7.69029999 12.57747746 12.15402222  4.        
-3.5479579   3.22928596 -8.76721191  5.        
-1.09115601  3.57729292  0.193756    8.        
-8.9134903   1.90206897 -1.18356299  6.        
 10.18555546   8.91319275 -10.42614746   3.        
-8.96192169 10.76558685  9.77032471  4.        
-7.28843689  3.46307397 -7.38989305  5.        
5.65053606 2.78457594 3.51043701 7.        
-1.29590595 -3.28352404 -0.26586899  2.        
-6.72697401  8.51747131  5.68951416  4.        
-1.12451196 -9.18071842  0.25317401  2.        
 6.33995104  9.01046753 -4.67321777  3.        
  5.4828639    8.65390778 -10.60437012   3.        
2.98935699 2.15757704 0.77389503 7.        
 4.15140486  7.77591705 -5.37387085  3.        
-2.68800402 11.07482147  8.52670288  4.        
-1.72795105  3.28705597 -0.994537    2.        
-11.95692444  11.25959015  13.30722046   4.        
 7.79244184  9.40037537 -4.40621901  3.        
-3.34560394  6.24925184 -4.23098803  5.        
-7.64237213  7.96163177  3.57601905  4.        
-10.98822784   9.92798615   8.34121704   4.        
-4.87679291  6.17954302 -5.02581787  5.        
-2.98136091  9.23558044  5.3062129   4.        
7.34696198 2.69429803 1.89578199 7.        
 10.99282074   8.71469879 -10.60339355   3.        
-7.39176178  3.88019609 -6.93255615  5.        
  7.72294617   8.87594604 -12.36846924   3.        
-10.89625454   7.57221985   2.92425489   4.        
-7.46039581  7.83576202  2.83279395  4.        
-1.74916804  4.27343798 -1.63952601  2.        
-4.4967041   6.94642591 -2.7966609   5.        
-7.67546082 10.36155701  8.39785767  4.        
-7.59999966e-05  1.77204096e+00 -1.46466100e+00  2.00000000e+00
 2.67502594  5.70632887 -4.03488207  2.        
-4.67544603  6.42810822  2.34039307  2.        
-5.47792006 10.97454071  8.2885437   4.        
-3.62307692 10.53650665  7.32583618  4.        
-9.75337219 11.64536285 12.18240356  4.        
-3.96666002  6.28407288  3.16452003  2.        
-8.80323029  8.35316467  3.95327806  4.        
2.22524309 2.22948503 3.46606398 7.        
-7.4667511   2.8183291  -7.79394484  5.        
  5.49140215   8.59376526 -13.52215576   3.        
-6.75300598 11.76233673 10.10025024  4.        
-7.61303711  5.96364594 -4.94567919  5.        
-5.54885101 10.56487274  7.63259888  4.        
-1.65439606 -2.11711097 -0.218445    2.        
-6.46283722  4.14247084 -7.02298021  5.        
 1.31401801  1.74876404 -0.19369499  7.        
-9.99744415 11.91358852 12.97628784  4.        
-4.77281904 11.09548187  8.37194824  4.        
-12.42036438  10.50457764  10.81991577   4.        
-11.39465332   9.95835114   8.4894104    4.        
-8.18767548 10.90081787  9.54962158  4.        
4.36257219 2.3369751  0.159058   7.        
-5.98465681  7.33677721  2.43646193  4.        
7.29936981 2.87596107 2.65802002 7.        
-1.62992895  1.83214605 -0.078094    2.        
-12.51305389  10.66836452  12.00393677   4.        
-8.68166447  8.07752991  3.20675707  4.        
-3.24709296 11.25778198  8.59048462  4.        
-4.06137896  0.80599999 -0.525787    6.        
-9.16178131 12.17398834 13.2406311   4.        
-4.41377306  4.39203596 -7.27929688  5.        
-5.38279676  7.18367004  3.13931298  4.        
-10.81718445  12.3247757   14.14154053   4.        
-2.78091407 11.57687378  9.91702271  4.        
-12.46134186   9.71562958   8.9994812    4.        
-3.86155701  8.68188477  5.22686815  4.        
-5.95397186 11.63705444  9.68014526  4.        
-5.0415802   6.41985321 -4.51315308  5.        
-1.961151   10.81203461  8.65194702  4.        
-6.07696486  2.09358191 -2.40786695  6.        
-13.23322296   9.28801727   8.34216309   4.        
-2.04879808  3.55068994  1.52807605  2.        
 8.78398132  9.9406662  -4.23568678  3.        
-2.89039612  8.85134888  5.14800978  4.        
-10.01211452   8.88441467   5.78839111   4.        
10.56983185  9.21585846 -9.18560791  3.        
-1.89492798  9.87415314  6.94256592  4.        
 12.81672668   7.64068604 -13.35079956   3.        
-4.82504988  1.818573   -0.88992298  6.        
4.32694197 2.67776489 3.58328295 7.        
-0.81243098  4.29804993  1.52334595  8.        
-9.42140198 10.91346741 10.37851048  4.        
7.27378082 3.04972792 3.6317749  7.        
-6.76479292 12.36300659 11.34188843  4.        
-3.69567108  7.79330397  3.7285459   4.        
 4.61255693  8.24871063 -8.43286133  3.        
-4.86697388  6.80580902 -3.62753296  5.        
-0.84197998  1.331375   -0.360901    2.        
-11.20916653   8.66205597   5.31030321   4.        
 2.7118299   5.83678389 -4.83953905  2.        
1.15898097 1.70938098 2.56414795 7.        
  9.19512177   8.64387512 -13.42791653   3.        
 13.5604248    8.96814728 -10.19458008   3.        
5.59719086 2.78612494 2.03958106 7.        
 11.7698822    8.90132904 -10.41989136   3.        
-6.680161   12.79844666 12.18066406  4.        
-2.84138489 10.62194061  8.02679443  4.        
-5.85449219  9.84376526  6.58425903  4.        
-8.13412476 10.1297226   8.00546265  4.        
-5.57262421  2.41160607 -8.62698364  5.        
 2.83823395  3.76872993 -3.34213305  2.        
-5.68376207  7.8597641   4.69061279  4.        
-10.73660278   7.44902802   2.49996996   4.        
 8.50117493  8.9908371  -8.93185425  3.        
  8.60938263   8.60982513 -10.78829956   3.        
-0.50720203  3.63388109 -0.19809     8.        
-12.69387054  11.50447845  13.41357422   4.        
-3.79454803  0.87441999 -2.01272607  6.        
-12.40387726   8.24761963   4.63324022   4.        
  6.74175978   8.97958374 -13.16833496   3.        
-6.94030809  7.60397291  2.47045898  4.        
 -1.30850995 -11.7896347    0.337219     2.        
-5.87100983  7.79663897  3.80099511  4.        
-9.56834412  1.91072094 -1.73840296  6.        
  9.64515686   8.75402069 -10.84799194   3.        
-10.01836395   1.77076697  -2.62762499   6.        
-6.44039917  1.77823603 -4.59378099  6.        
-4.39720917  9.73780823  6.67596388  4.        
 9.54160309  8.96782684 -9.9631958   3.        
 8.12630463  9.16372681 -8.40054321  3.        
 7.1710968   9.13089657 -6.76727295  3.        
0.427811   0.79106098 1.73419201 7.        
5.71607208 2.75855303 4.9099431  7.        
-5.90596008  3.01443505 -8.09576416  5.        
-9.86921692 10.51363373  9.28225708  4.        
-7.22348022  6.30005693 -4.53756714  5.        
 2.83519006  7.50350189 -6.91668701  3.        
  7.18632507   9.04148102 -12.8109436    3.        
1.516487   1.96167004 3.2115171  7.        
 3.66774011  8.38227844 -9.80383301  3.        
-8.62257385  1.30003405 -5.23620605  6.        
-5.25340986  8.45708466  4.80337477  4.        
-7.0764389  11.19104004  9.42578125  4.        
-5.83636522 12.22145844 10.46853638  4.        
-10.64930725  11.87041473  13.34527588   4.        
-8.17475891 11.73873138 11.17617798  4.        
-11.0147171   12.55660152  14.78012085   4.        
-8.54622555  1.93792701 -1.02758801  6.        
 0.63412499  2.81014204 -2.18283105  2.        
-1.20367396 -2.47064209  0.15316799  2.        
-5.41616106  7.74319506  4.23425293  4.        
-5.80432081  3.69422102 -7.62390089  5.        
11.14842987  9.55644226 -7.78595018  3.        
 9.42032623  9.79685974 -4.73275805  3.        
-1.37174201 10.70940399  8.54837036  4.        
-12.32674408  11.74957275  13.77035522   4.        
-10.1384964   10.10744476   8.23272705   4.        
 2.54009295  5.46975708 -4.7246089   2.        
-2.27759504 11.56739807  9.42987061  4.        
-2.51072693 11.8924942  10.46313477  4.        
  7.57429504   8.78618622 -11.52359009   3.        
 1.31559706  4.03691101 -3.27023292  2.        
-5.42600298 11.47121429  9.26541138  4.        
-8.57913971  7.49675798  1.980286    4.        
-3.81640601  7.06652117 -2.03012109  5.        
  4.2494812    8.55813599 -11.06616211   3.        
10.51477146  9.95589447 -6.34109497  3.        
6.5582428  2.83165693 1.03939795 7.        
-4.121521    2.11010003 -3.38861108  6.        
 7.82251692  9.81225586 -4.46664381  3.        
-10.35444641   9.18377686   6.59442091   4.        
-1.041237   10.5719986   8.11108398  4.        
-1.78866601  6.03849792 -5.78967285  5.        
-9.07298279 11.05475616 10.51071167  4.        
 3.77271295  6.88761902 -5.95849609  3.        
 0.070564    2.34225512 -2.17932105  2.        
-9.56384277  8.72290802  4.81448412  4.        
-6.62049103  1.84969294 -8.88626099  5.        
-11.79944611  10.32189941  10.25991821   4.        
0.66014898 4.49814606 0.715424   8.        
-6.39955091  4.50573683 -6.75296021  5.        
-7.79703522  7.80838823  3.16815209  4.        
 8.83040619  8.96186829 -9.62994385  3.        
-6.94980621 10.84986877  8.72650146  4.        
-1.79314399 -9.91694641  0.040649    2.        
  3.1901629    8.33305359 -10.45346069   3.        
-7.73786879  2.15602899  0.57070899  6.        
-3.55940294  6.94641876  3.5934751   4.        
-12.80838776  10.80483246  12.56491089   4.        
-11.73882294   8.64039612   5.44497681   4.        
-4.89795685  2.69763207 -8.38638306  5.        
-1.59979999 11.69828796  9.82235718  4.        
 9.45107269  9.06984043 -9.37423706  3.        
-4.04000092  7.21132708  3.81485009  4.        
-11.71967316   8.93293762   6.13781691   4.        
  8.92201996   8.77989197 -13.98495483   3.        
-5.98001909  2.12694597 -8.71179199  5.        
-4.61290693  7.6109848   4.39031982  4.        
 8.39432526  9.44648743 -6.78326416  3.        
-4.54125214 10.49499512  7.4032588   4.        
 11.72069454   8.76766968 -10.80307007   3.        
-4.72796583  6.25927019 -3.90704298  5.        
0.69386297 0.834961   1.41595495 7.        
-3.156883   10.54032135  7.34429884  4.        
-6.0319438   9.22140503  5.97491503  4.        
 12.03594208   8.66012573 -11.02737427   3.        
-4.32463121 12.09628296 10.19436646  4.        
-12.2175293   10.16413879   9.64871216   4.        
0.436272   1.86394501 3.00634789 7.        
-1.66435206  4.3443222  -8.17562866  5.        
-8.23083496  8.86308289  5.00756788  4.        
-7.90593719  9.87535858  7.2094121   4.        
-4.19776201 12.57675934 11.17446899  4.        
 -1.90347302 -12.56708527   0.31991601   2.        
-10.02946472   1.50894201  -3.84808302   6.        
-4.07200623 11.14363098  8.50036621  4.        
 11.37219238   8.43583679 -11.46673584   3.        
-4.40054321 10.29712677  7.08889818  4.        
-8.97821045  9.75058746  6.96807909  4.        
-9.05955505  8.23693943  3.65725708  4.        
-13.04035854  10.36954498  11.47839355   4.        
 4.64965105  8.18946838 -8.03045559  3.        
-9.50258636 10.32463074  8.42828369  4.        
-0.58044398  6.33797407 -4.63589478  5.        
