-14.82117462   5.42761612   4.5585022    3.        
15.55332184  7.06343508 -3.75665307  4.        
  0.86293799 -10.94711685   0.46444699   2.        
-0.055634    5.28155899 -1.43032801  5.        
 7.50874281 10.87314987 -0.43896499  4.        
-6.13652802  9.16975021  4.72128296  3.        
 1.26302302 -2.59328508  1.08563197  2.        
 9.11791992  8.24235916 -6.29229689  4.        
-10.07089233   7.59182405  -0.22226      3.        
 3.5493319   8.88816547 -4.47766113  4.        
-4.76370192  7.48618698 -0.31222501  3.        
2.81250811 8.91650009 0.49588001 4.        
12.00317383 10.22173691 -2.41723609  4.        
-10.73052979   7.66559219   6.00445604   3.        
0.158821   1.557217   0.63262898 2.        
 0.698578   -6.65177107 -0.069427    2.        
12.82259369  7.966465   -6.14395094  4.        
-3.05036902  8.42887497  2.81375098  3.        
-12.15465546   7.23238707   2.71084595   3.        
 6.93193007  9.73450089 -3.86721802  4.        
-8.90849304  8.49689865  2.88091993  3.        
 1.55736494  7.95803499 -2.23455811  4.        
-1.55560303  6.26403379  1.16320801  3.        
 4.76037598  9.95164108 -1.71606505  4.        
-6.21730804  8.47709274  1.97406006  3.        
 9.75068665  9.82369614 -3.93508911  4.        
-7.42651415  7.44161606 -0.86425799  3.        
-1.86363995  7.23796511 -1.55483997  5.        
1.69953895 6.53779984 0.106903   4.        
-13.03328705   6.26781797   6.31039381   3.        
13.73404694  9.03471756 -3.9594121   4.        
 9.87982178 10.76658154 -1.20440698  4.        
-8.50513458  8.75191116  5.3719182   3.        
-0.349251    4.04044724  0.69143701  2.        
-13.97178555   5.75891495   2.14538598   3.        
 5.799438    8.42421341 -5.52194214  4.        
 0.360901   -8.68289948  1.14535499  2.        
 0.16291    -0.76731902  0.021576    2.        
 0.30188    -4.51042604  0.52255201  2.        
 5.43778992 10.48632431  0.29501301  4.        
11.70009613  9.22883987 -4.79653883  4.        
-8.36014557  8.21876907  0.88418603  3.        
-10.66558838   8.09139633   3.88650489   3.        
 8.27288055 10.42756271 -2.42739892  4.        
-3.16168189  7.51531601  0.989838    3.        
-11.78799438   7.04777098   0.71850598   3.        
-12.38597107   7.25590897   4.69311523   3.        
14.28196716  6.92526579 -5.33050489  4.        
-4.80526686  9.14935684  3.28854394  3.        
 3.24456     9.02675343 -2.55484009  4.        
-10.52613831   7.91985703   1.90298498   3.        
10.97861481  8.04081345 -6.17007494  4.        
 5.03533888  9.47358322 -3.55587792  4.        
 1.20431495  4.78175688 -0.048889    2.        
 7.58651018  8.96683121 -5.39343309  4.        
-15.40519047   3.87539291   5.30435181   3.        
 6.45555115 10.38246536 -1.88384998  4.        
 0.84240699  3.05251694 -0.092682    2.        
-7.28204393  8.99924946  3.42938209  3.        
-1.39321101  5.18397093 -0.184174    3.        
-4.47511292  8.36886215  1.79266405  3.        
-6.2556529   8.03935623  0.280121    3.        
-3.38590193  6.57603788 -0.57498199  3.        
 0.80256701 -9.24139786 -0.365051    2.        
 3.95136309  9.93477154 -0.22863799  4.        
 2.12944007  8.14065933 -3.78973389  4.        
-13.46128082   6.54310989   3.5154109    3.        
-14.32837677   5.12958908   6.09149218   3.        
 2.59263611  8.54655075 -1.08248901  4.        
 1.04876697  6.48405123 -1.36080897  4.        
13.48253632  9.42911053 -2.43044996  4.        
 1.59667206 -5.35247803  0.54501301  2.        
10.14414978  9.09591293 -5.22885084  4.        
10.49179077 10.38037491 -2.569031    4.        
1.14418006 0.44764301 0.328491   2.        
0.330513   5.88785219 0.480286   5.        
-0.41497001  6.62614822 -0.870758    5.        
 0.63479602 -7.22313309  1.31570399  2.        
 0.115494   -2.87859702  0.17343099  2.        
14.82338715  8.34006119 -3.23699999  4.        
-13.65960693   6.41341019   4.99456787   3.        
-6.00665283  7.12771177 -0.94500703  3.        
-14.80388641   5.09785795   3.16989112   3.        
-12.85883331   6.46380997   1.60555995   3.        
-9.38649845  8.62511063  4.26473999  3.        
 8.33969116  9.85993576 -3.74331689  4.        
12.5181427   9.68419266 -3.64471412  4.        
-7.60702515  8.47282791  2.10940504  3.        
 2.03146410e+00  7.86616087e+00 -5.64600015e-03  4.00000000e+00
-1.09011102  6.02932405 -1.92453003  5.        
14.48574066  8.05766678 -4.61343384  4.        
11.14043427  9.90896988 -3.65289307  4.        
  0.19031499 -10.01553345   1.24459803   2.        
-8.66562653  7.61988497 -0.370056    3.        
-11.97618103   7.07441282   6.11239576   3.        
12.95752716  8.6349678  -4.97897291  4.        
 0.61693603 -1.27588606  1.17440796  2.        
 1.46270001 -3.90315294  0.90161097  2.        
-2.061234    6.32738876 -0.093323    3.        
 1.04321301 -7.92525482 -0.012604    2.        
-0.43168601  2.751827   -0.053101    2.        
-7.50782824  9.28294754  4.68115187  3.        
 8.58086395 10.83218765 -1.24804699  4.        
 4.5761261   8.51556778 -5.15704393  4.        
-0.375954   4.2922101 -0.690826   2.       
 3.68343401  9.34193039 -1.32617199  4.        
-9.72867584  8.44356155  5.55502319  3.        
 2.20935798  7.25568008 -1.10354602  4.        
 6.00093079  9.2241478  -4.57049608  4.        
-15.44437408   4.37774992   4.15493822   3.        
 8.66825104  9.30703259 -4.90820312  4.        
 5.64109802 10.42765427 -0.91842699  4.        
 0.77068299 -1.87011695  0.003998    2.        
-9.73631287  7.99190903  0.98568702  3.        
-6.07811022  9.11617661  3.34423804  3.        
-0.754601    5.42028379  0.828857    2.        
-11.24134064   7.83523178   4.91836596   3.        
-2.57024407  7.45444918  2.04220605  3.        
 6.16054487  9.8282814  -2.91626     4.        
 0.73175001 -6.04740477  1.00457799  2.        
-4.31423998  7.87365294  0.72033697  3.        
 0.110268    0.72847402 -0.201782    2.        
-5.43686724  8.17632675  1.08688295  3.        
-7.39682817  8.06096268  0.109741    3.        
11.91002655  8.46552658 -5.63024902  4.        
11.18419647 10.48575974 -1.65658605  4.        
 4.30813599  9.41717911 -2.6156621   4.        
 9.3716116  10.59401321 -2.21594191  4.        
 7.50587511 10.64709091 -1.569489    4.        
-11.74638367   7.51468277   3.71914697   3.        
-9.9965744   8.17321396  2.85382104  3.        
-3.73194909  8.82925034  3.59738207  3.        
 6.4954071 10.7550087 -0.019287   4.       
 7.21502686 10.27689743 -2.684021    4.        
14.97055054  6.41011381 -4.41693115  4.        
  0.223648   -10.02597809   0.135498     2.        
 0.92907703  5.82205582 -0.49572799  4.        
-7.01608276  8.33679581  1.19940197  3.        
-10.78182983   7.46503782   0.59835798   3.        
 1.63689399 -6.67071486  0.478394    2.        
13.65613556  7.84631014 -5.45822096  4.        
-11.17531586   7.69559097   2.746521     3.        
-8.37460327  8.90991592  4.01180983  3.        
-8.99706268  8.32601643  1.83032203  3.        
-14.28790283   5.92727995   3.78210402   3.        
-4.41439104  6.60350418 -0.83779901  3.        
-3.39572906  8.12227154  1.82901001  3.        
 1.01135302 -9.42433453  0.75531     2.        
 2.87860107  8.89178944 -3.6655879   4.        
0.90509802 2.0071981  0.020142   2.        
-11.55623627   7.41785097   1.67263806   3.        
 2.3747859   8.60748672 -2.10021996  4.        
-2.24116492  6.99999619  0.89205903  3.        
 0.86160302 -3.69581604  0.080811    2.        
 0.59949499 -0.25047699  1.02206397  2.        
0.211777   4.83950377 0.35092199 2.        
 9.12090302 10.23620224 -3.18884301  4.        
-0.449341    5.52539396 -0.519409    5.        
-3.6322329   7.36701584  0.096954    3.        
-5.32685089  8.73885727  2.51461792  3.        
-5.12992096  9.11507797  4.25366211  3.        
 8.10236359  8.43124008 -6.08828688  4.        
-13.33679962   6.45376205   2.51196289   3.        
 4.57814789 10.0671196   0.60491902  4.        
 1.26820397  7.4870491  -1.35687304  4.        
 6.88556719  8.41544724 -5.84756517  4.        
 3.09902191  9.30584335 -0.51568598  4.        
10.75550079  9.46696854 -4.462677    4.        
 0.35867301  3.94957399 -0.07608     2.        
-4.11154222  8.76781082  2.6247561   3.        
 4.50019789  9.12222672 -4.34051514  4.        
10.0401001   8.53999043 -6.1002202   4.        
 0.61769903 -4.45950699  1.45678699  2.        
 3.84351301  9.15974045 -3.44766212  4.        
-12.88696289   6.88919497   5.44891405   3.        
-12.62355042   7.02924681   3.56500196   3.        
-15.05958557   4.77944613   5.34344482   3.        
0.25866699 2.5830121  0.60385102 2.        
3.51189399 9.57655716 0.58392298 4.        
 0.39153299  4.97698593 -0.58633399  2.        
13.95157623  8.85028458 -3.04226708  4.        
-14.26779175   5.80116606   5.40893602   3.        
 6.73541307 10.73215103 -0.98226899  4.        
 5.25804901  9.67057419 -2.64535499  4.        
-1.18602002  6.16619492 -0.43994099  5.        
11.05553436  8.84424973 -5.4472661   4.        
 9.19477081  8.90807724 -5.61834717  4.        
11.88345337  7.75922012 -6.26141405  4.        
-2.75555396  6.9440732   0.100525    3.        
 1.32499695 -1.23070502  0.42547601  2.        
-10.19061279   8.36537647   4.74185181   3.        
 6.92422485  9.30636978 -4.71050978  4.        
 -0.063148   -10.91052246   0.252289     2.        
-6.79889679  8.74683762  2.67038012  3.        
 0.13279    -8.73465443  0.243744    2.        
 4.83283186 10.27611923 -0.48925799  4.        
0.195961   0.537853   0.77084398 2.        
15.08704376  7.30689621 -4.56414795  4.        
 2.25225806  8.62903214 -3.00418091  4.        
 5.73202515 10.62411118 -2.79299903  4.        
 0.47744799 -7.88648176  0.70059198  2.        
-0.96932203  7.08210421 -1.41891503  5.        
 0.63288099 -3.08461404  1.506073    2.        
 1.36032104  6.94952011 -0.61889601  4.        
-6.65681505  7.80349398 -0.48516801  3.        
-7.95408583  8.68060684  2.93109107  3.        
12.6309433   9.25547409 -4.42221117  4.        
-5.37145185  7.88840103  0.19519     3.        
 0.71530902 -5.35762405  0.438416    2.        
-9.24794769  7.89041519  0.254181    3.        
-6.76038408  9.35845566  4.12265015  3.        
12.75947571  9.83697128 -2.80749512  4.        
  1.08692896 -10.12570572  -0.018585     2.        
 1.18621802 -8.39697266  0.71279901  2.        
 7.67880201  9.62126541 -4.30065918  4.        
-13.17072296   6.75465012   4.30541992   3.        
 0.208977   -1.97721899  0.87484699  2.        
-0.98655701  4.66832304  0.47650099  2.        
 1.25723302 -7.53249693  0.72793603  2.        
1.19088805 3.84380698 0.094818   2.        
 9.55075073  9.42189407 -4.66079712  4.        
 5.57453203 10.07530594 -1.93548596  4.        
-12.31994629   7.07755709   1.88995397   3.        
-13.77031708   5.88576889   6.12823486   3.        
 0.516922   -0.015831   -0.22854599  2.        
14.94116974  7.67689085 -3.81698608  4.        
10.31754303 10.11460495 -3.37951708  4.        
13.32003021  7.14676285 -5.78530884  4.        
 1.13669598 -4.55184603  0.44058201  2.        
13.74846554  8.41877365 -4.77838087  4.        
 6.01932478  9.53015518 -3.79290795  4.        
 2.44657111  8.55212021 -0.25970501  4.        
-0.37946299  3.16651511  0.67038     2.        
-14.18122864   5.8067441    2.950073     3.        
 0.93611902 -2.89605308  0.31243899  2.        
0.91931897 3.05206704 0.78887898 2.        
14.44781494  8.61034012 -3.92807007  4.        
 3.07203698  8.93675613 -1.71023595  4.        
 5.32802582  8.90198135 -5.03897095  4.        
0.88209498 1.15912998 0.67343098 2.        
 1.73043799  7.99014711 -3.04049706  4.        
13.2874527   9.45960617 -3.41668701  4.        
-11.85163879   7.47417784   5.40658617   3.        
11.29947662 10.19183731 -2.83340406  4.        
-1.24380505  5.85349703  0.34314001  3.        
-9.82105255  8.39463425  3.61712599  3.        
 7.6067729   9.97193527 -3.41189599  4.        
 4.30450392  9.78654099 -1.06042504  4.        
 1.883865    8.00469589 -1.43820202  4.        
 6.37121582  8.95433426 -5.2350769   4.        
12.52794647  9.83041    -1.94503796  4.        
-5.13318586  7.07796907 -0.89688098  3.        
-0.52938801  5.92573214 -1.36254895  5.        
-9.7501297   8.17365646  2.05065894  3.        
-0.010635    2.07879305 -0.068604    2.        
 1.65486097  5.66049623 -0.22570799  4.        
 0.88237798 -0.51677698  0.33371001  2.        
-6.24460602  8.25873184  1.06304896  3.        
 1.00746906 -1.84363604  0.79788202  2.        
10.44245052 10.67587662 -1.81216395  4.        
-8.36300659  8.42921066  2.29577589  3.        
 0.72393    -3.51606011  0.82455403  2.        
-14.16976166   5.914433     4.64862108   3.        
 2.91956306  8.36034775 -4.22650194  4.        
-9.23313904  8.79494095  5.00192308  3.        
-2.14701796  6.90522385  1.70776403  3.        
 0.40005499 -7.15984678  0.469818    2.        
 0.183121   -9.40788269  0.60495001  2.        
 9.00975037  9.73815536 -4.10412598  4.        
  0.25994101 -10.85343933   0.94262701   2.        
0.33923301 3.48086905 0.53860497 2.        
-7.77954912  8.35886765  1.35980201  3.        
-15.067276     4.9820981    3.89361596   3.        
11.86795044  9.94108963 -3.26824999  4.        
-10.54897308   8.11384964   5.42657518   3.        
 8.26557159 10.90870953 -0.56918299  4.        
 0.92604798 -5.10577822  1.11456299  2.        
-5.28461504  8.44822311  1.77026403  3.        
  0.78269202 -10.3187294    0.913239     2.        
-8.99611664  8.62322617  3.60797095  3.        
-12.38840485   6.73868179   1.02713001   3.        
11.89451599  9.57503891 -4.17053223  4.        
 1.58525097  6.25143814 -0.70748901  4.        
-13.44384766   6.42841721   5.71795607   3.        
 4.12026215  9.55053329 -1.91406202  4.        
-1.41878498  6.68921995 -1.91946399  5.        
-5.85326385  9.37140274  4.07147217  3.        
 0.47216001 -6.03513288  0.255402    2.        
-0.54550201  4.99077988 -0.009003    2.        
 8.30134583  8.93068314 -5.59457397  4.        
-8.35193634  9.05207443  4.72561693  3.        
 0.86177802 -8.86424255  0.259186    2.        
-10.51655579   7.81737089   1.18319702   3.        
-7.95576477  7.76450682 -0.42361501  3.        
-7.8071208   8.86558914  5.20974684  3.        
 1.00289202 -6.78540802  0.87310803  2.        
 5.19789886  9.28816605 -4.25381517  4.        
 6.51883698 10.45018387 -2.84753394  4.        
-5.93349504  7.70314407 -0.51852399  3.        
-4.05436707  7.06963682 -0.42541501  3.        
12.26377106  8.79447556 -5.06811523  4.        
-6.87507582  9.10759354  4.96560717  3.        
-3.88752007  7.95370913  1.28869605  3.        
 2.01911211  7.84976578 -0.71890301  4.        
-13.75522614   6.27314377   4.19430494   3.        
 9.8353653  10.35763931 -2.83843994  4.        
-7.69213915  9.10363388  4.01205397  3.        
-11.14561462   7.78206301   3.45559692   3.        
-11.3390274    7.81742477   4.21313477   3.        
-13.4158783    6.12247801   1.87322998   3.        
-12.76347446   6.84573793   2.39831495   3.        
10.25655365  7.87733078 -6.1784358   4.        
-4.48323822  9.2508049   3.90026903  3.        
 0.31447601 -0.844868    0.69906598  2.        
14.2771759   7.59489107 -5.1350708   4.        
 0.97356403  1.02165604 -0.02771     2.        
 9.25409698 10.81166458 -1.50689697  4.        
-2.88267493  7.79262209  2.58615088  3.        
 8.37162018 10.17769241 -3.12792993  4.        
 1.41953301 -6.02200699  0.58227497  2.        
0.95333099 2.12509489 0.69937098 2.        
-1.72096205  6.43088913  0.49761999  3.        
-6.74966383  7.34483004 -0.99108899  3.        
-5.99170685  8.82299423  2.67303491  3.        
-4.73996019  8.12279129  1.20703101  3.        
 8.72985077 10.6122551  -1.94760096  4.        
 5.79553223 10.68478775 -0.25634801  4.        
-9.02711487  8.15645218  1.03445399  3.        
 1.80648804  7.18895292 -0.081757    4.        
 0.50927699  5.46626711 -1.08789098  2.        
13.24456024  8.92955399 -4.42791796  4.        
 0.727615 -1.182217  0.101135  2.      
 1.18074799 -7.13004303  0.185638    2.        
-14.87615204   4.28950882   5.77618408   3.        
11.83513641 10.17572403 -1.76159704  4.        
-10.16164398   7.73957396   0.43270901   3.        
-8.35266113  7.97280502  0.112183    3.        
-15.39871979   4.53277206   4.80667114   3.        
13.06694031  8.18419266 -5.55889893  4.        
  0.61443299 -10.59679413  -0.081451     2.        
-9.29346466  7.39972305 -0.43423501  3.        
-2.35882592  7.44569778  1.37942505  3.        
 0.16302501 -5.09169817  0.817505    2.        
-10.60201263   7.99531221   2.58688307   3.        
-14.80378723   5.39224577   5.35131788   3.        
-6.8395772   8.14200974  0.57574499  3.        
-6.97731781  8.42261887  1.90979004  3.        
 -0.05941    -10.30020905   0.66513097   2.        
 6.82332611  9.9201622  -3.09530592  4.        
 4.09516096  8.88877487 -4.84680223  4.        
 6.1961441  10.49307632 -1.26879895  4.        
-10.52947235   8.03045273   3.23745704   3.        
 0.57419598 -2.48961306  0.673859    2.        
-11.42221832   7.49778414   5.89813185   3.        
-5.41265917  9.30718613  3.59417701  3.        
 0.74883997  5.24792099 -0.066406    2.        
-3.54685211  8.43312359  2.39251709  3.        
12.39185333  7.43465805 -6.01742506  4.        
-0.35170701  4.93902206  0.66085798  2.        
-12.90512753   6.78687716   3.03396606   3.        
-11.35284424   7.42338896   1.01440406   3.        
 0.38488799 -8.01268768  0.073761    2.        
 3.67789507  9.66695023 -0.74871802  4.        
 5.13102722 10.11318588 -1.213135    4.        
-12.67063904   6.75444412   6.09411621   3.        
 1.04669201e+00 -5.68764877e+00 -2.41099996e-03  2.00000000e+00
-2.90325189  7.74769211  1.537292    3.        
 7.83879089 10.90286636 -1.04574597  4.        
 3.36840105  9.67422104 -0.029846    4.        
-7.53473711  8.2102623   0.71353102  3.        
1.09273505 5.86005783 0.118256   2.        
 7.67807007  9.3046608  -4.8527832   4.        
 5.65023804  9.62504959 -3.23358202  4.        
 9.04999542 10.77413559 -0.82797199  4.        
 3.10769606  9.02529526 -1.08517504  4.        
10.3815918   9.79254532 -3.94894409  4.        
-4.6684041   8.60618973  2.34469604  3.        
 0.72189301 -4.88898802  0.016907    2.        
0.181099 2.955616 0.102234 2.      
 0.76291698 -4.22932816  0.84585601  2.        
 1.33062696 -3.19918394  0.936279    2.        
-0.05233     4.41582918 -0.139709    2.        
-1.03789496  6.46210098 -1.41128504  5.        
0.58370203 1.45814097 0.187378   2.        
 4.46948195  9.40845108 -3.30310106  4.        
10.71021271  8.54100418 -5.91314697  4.        
 0.503281   -1.50278902  0.59909099  2.        
-11.70732117   7.41923094   2.27523804   3.        
-14.70119476   5.45534897   3.72991896   3.        
0.51213098 0.46154401 0.186737   2.        
-11.10667419   7.67962313   2.00787401   3.        
11.39682007  8.46675491 -5.9750061   4.        
 0.278404   -9.40475845  1.28237903  2.        
 1.41433704 -4.61508179  0.98904401  2.        
11.03314972 10.42747879 -2.27511597  4.        
 0.71277601  4.46949387 -0.254852    2.        
 7.53601122  8.43824387 -5.84207201  4.        
 8.17483521 10.70132065 -1.69372594  4.        
-11.84718323   7.55302811   4.65124512   3.        
 3.75134301  9.28778458 -2.84576392  4.        
-13.76916504   6.25831223   3.00427198   3.        
2.38347602 8.15195084 0.40756199 4.        
 1.94937098  8.35203934 -2.49331689  4.        
0.38645899 4.22523117 0.47030601 2.        
 6.08476305 10.18281937 -2.32757592  4.        
14.78786469  6.87730789 -4.87887621  4.        
 0.85302001 -2.06036401  1.34719801  2.        
 4.7111659  10.39085007  0.105041    4.        
-4.32042694  7.59966707  0.089844    3.        
 8.76854706  8.675457   -5.98605299  4.        
-8.38933563  8.70003128  3.35443091  3.        
 3.23290205  9.06528759 -3.20376611  4.        
-9.04842377  8.43570328  5.45498705  3.        
-12.6639328   7.0738492   4.1687932   3.       
 1.18742394  6.486866   -0.26767001  4.        
-4.20196486  9.10290909  3.33569288  3.        
14.52094269  8.85817337 -3.38275099  4.        
 1.25688195 -2.28963494  0.47723401  2.        
 0.31566599 -3.94853997  0.11676     2.        
 6.47008514  9.43819046 -4.25866699  4.        
 2.47965193  8.81838608 -4.11099195  4.        
-8.41090393  8.36330795  1.69830298  3.        
-0.66101801  3.99780607  0.178528    2.        
 7.58436584 10.44747543 -2.13040209  4.        
 3.60752106  9.15346241 -2.09359694  4.        
 7.81823015 10.21750259 -2.89859009  4.        
11.63737488  8.8836937  -5.29718018  4.        
4.06056213 9.81766129 0.43423501 4.        
-5.50039721  8.98727036  3.03155494  3.        
-11.63595581   7.56283188   3.13220191   3.        
-6.7026062   9.02337265  3.28521705  3.        
-14.49575806   5.3502388    2.72537208   3.        
-12.31680298   7.1535759    5.59759521   3.        
-0.29237401  4.95498323 -0.594208    5.        
 9.77889156  8.76391983 -5.61331177  4.        
13.12231445  9.32950974 -3.97445703  4.        
-4.89791107  7.93777084  0.55242902  3.        
10.16629028  9.53912735 -4.48199511  4.        
-3.59436798  8.69139481  3.03683496  3.        
 1.25382197 -6.37751818  0.14019801  2.        
15.36663055  6.48653793 -3.98791504  4.        
-3.77815294  7.63576078  0.67834502  3.        
-13.17030334   6.73549318   4.9440608    3.        
 0.91909802 -9.54653931  0.121307    2.        
0.21165501 0.984905   0.39312699 2.        
 7.00048113  9.02859116 -5.22000122  4.        
-2.26515198  6.75030088  0.36343399  3.        
-9.99758244  8.37206745  4.19033813  3.        
 7.03627014 10.44072342 -1.884583    4.        
12.29601288  8.02887344 -5.90042114  4.        
-7.37371778  7.84742403 -0.44845599  3.        
-11.99843597   7.09299088   1.27713001   3.        
-0.91688502  5.42478609  0.107849    2.        
-2.59054589  6.46469498 -0.295044    3.        
 9.86318207 10.70612717 -1.85437     4.        
-9.36083221  8.28822041  2.58255005  3.        
-1.45410895  7.12093019 -1.10336304  5.        
15.16020966  7.74238205 -3.28445411  4.        
 0.25744599 -0.176208    0.264099    2.        
 2.4678421   7.81106997 -1.08313     4.        
 3.49990106  8.98135757 -3.90869093  4.        
 2.7654109   8.90248489 -2.90472388  4.        
-1.13408697  5.95754623  0.916565    2.        
-0.75488299  5.94847488 -0.76361102  5.        
 9.65981293  8.11008835 -6.14944506  4.        
-10.07002258   7.94790983   5.69863892   3.        
 0.43257099 -6.754776    0.94152802  2.        
 1.65422797  7.41543198 -0.80374098  4.        
-2.72259498  8.03882217  1.99704003  3.        
-3.2873311   7.01562881 -0.221588    3.        
-2.77442193  7.18716812  0.725555    3.        
-5.37310791  7.50657988 -0.60595697  3.        
 0.44139901 -3.32406211  0.36718801  2.        
 9.66905212 10.14056778 -3.33905005  4.        
 0.27042401 -1.60672796  0.078857    2.        
 8.80286407 10.40863419 -2.63632202  4.        
 8.27177429  9.66132736 -4.2714839   4.        
-1.62905097  5.95892    -0.081299    3.        
-8.92870331  8.86312485  4.49874878  3.        
 0.92234802 -8.92908478  1.012604    2.        
14.82901001  8.17605209 -4.05648804  4.        
 4.65604401  9.70499802 -2.21340895  4.        
0.974648   0.052608   0.72979701 2.        
 7.00542498 10.62272263 -0.39532501  4.        
-10.01419067   8.0803194    1.56201196   3.        
 0.53486598  3.51621604 -0.389496    2.        
0.535263   2.51939011 0.110474   2.        
-7.83149004  8.89664078  3.47769189  3.        
-0.099174    3.70276999  0.269714    2.        
 6.22741699 10.75233078 -0.75018299  4.        
 0.80376399  6.16112089 -0.97759998  4.        
-11.04534912   7.66012192   1.45437598   3.        
-3.96107507  8.44433212  1.99331701  3.        
 0.71828502 -9.80397797  1.11419702  2.        
 2.83808088  9.1307106  -0.057617    4.        
-8.76595306  8.07125473  0.53482097  3.        
 1.83083296  6.85165024 -0.89495802  4.        
 6.27716112  8.60162735 -5.737854    4.        
11.17268372  9.65628433 -4.14379883  4.        
10.81755066  9.15696335 -5.05859423  4.        
12.56005096  8.40346241 -5.56594896  4.        
13.88973999  7.38152695 -5.64346313  4.        
0.97837102 4.33757401 0.22079501 2.        
14.53137207  7.46818209 -4.66174316  4.        
 0.91824299 -4.2425499   0.030396    2.        
14.01418304  8.64391708 -4.35037184  4.        
 3.35658312  8.37906265 -4.56295776  4.        
-15.0632019    4.93412399   4.52380419   3.        
-13.84857178   6.15594912   5.44659424   3.        
-5.79110718  8.05282211  0.57489002  3.        
-12.08463287   7.41419601   4.17520094   3.        
-0.69541901  5.65523911 -1.847229    5.        
-12.20831299   7.24335098   3.27652001   3.        
-0.59661102  5.24727297 -1.34570301  5.        
 4.16264296  9.16641617 -3.89379907  4.        
  1.16235399 -10.21829987   0.53183001   2.        
 1.13883197 -5.53737307  0.85504198  2.        
 8.68761444  8.12653732 -5.97665405  4.        
1.29744005 5.28923416 0.127106   2.        
 1.20578003  6.97815323 -1.17169201  4.        
13.93127441  9.33011341 -2.78521705  4.        
-9.39299774  8.43922806  3.12234497  3.        
-0.47123     4.54179811  0.289612    2.        
-7.48465681  8.68717575  2.6559751   3.        
 0.825966   -8.31352234  0.30041501  2.        
 2.77474189  8.86857224 -0.55630499  4.        
-11.13941956   7.80511093   5.55038404   3.        
-14.82122803   4.93447495   5.8060298    3.        
 6.35177612  9.73700333 -3.41787696  4.        
 1.46939898 -2.9225769   0.40487701  2.        
-6.54711914  8.38386917  1.49401903  3.        
 0.79251099 -2.39932609  0.153229    2.        
-5.76561689  8.30283737  1.49719203  3.        
 0.58960003 -9.74074936 -0.26092499  2.        
 0.46753699 -5.58287096  0.92434698  2.        
 2.79422808  8.90554428 -2.26312304  4.        
-1.353073    5.43554306  0.66531402  3.        
-10.66851807   8.10749435   4.90127611   3.        
 5.18017578 10.56083298 -0.172089    4.        
 4.34889984 10.05945206 -0.57922399  4.        
 6.72009993 10.21209335 -2.40936303  4.        
 7.30541992 10.84417343 -1.11120605  4.        
 1.934677    8.23122025 -1.96691895  4.        
-1.12136102  5.60616684 -0.37466401  5.        
-4.56223297  7.12237883 -0.65173298  3.        
 8.83469391  9.95824146 -3.54803491  4.        
 0.096375    1.29610097 -0.027985    2.        
-9.67932892  8.56844711  4.81094408  3.        
 0.712852   -7.7567668   1.16366601  2.        
 0.537476 -8.498806 -0.110657  2.      
 4.93637896  9.0698204  -4.66534424  4.        
12.92687988  7.49505997 -5.91790819  4.        
 2.49885607  8.56840897 -3.47750807  4.        
0.36991099 2.04534507 0.62420702 2.        
-1.92918396  6.7077899   1.20764196  3.        
 5.61759901 10.22216415 -1.42675805  4.        
12.25337219  9.99248123 -2.84149194  4.        
-15.55332947   4.07896805   4.58004808   3.        
 0.72432703 -2.54821396  1.18615699  2.        
11.34176636 10.09415817 -1.97555494  4.        
 2.61179399  8.53752518 -1.63287401  4.        
-8.0094223   8.14260483  0.49435401  3.        
13.04239655  9.69744492 -2.32067895  4.        
10.87695312 10.12511826 -3.14129591  4.        
-4.64633894  8.92617416  2.8399961   3.        
 0.72579998 -8.26191711  0.971497    2.        
-5.73940992  8.63581467  2.12286401  3.        
 5.811234    8.86897659 -5.24362183  4.        
-3.13708496  7.22070694  0.33078     3.        
 0.40173301 -9.18989944 -0.03125     2.        
 0.87912703 -0.89899403  0.692047    2.        
 0.68572998 -2.9952929   0.86746198  2.        
-0.47934699  6.47437716 -1.36737096  5.        
 0.888641   -7.57539415  0.35919201  2.        
-11.35993958   7.2681241    0.51385498   3.        
 9.23059082  9.11216259 -5.13879395  4.        
-8.8809433   8.38010025  2.3379519   3.        
13.85566711  9.16766739 -3.44494605  4.        
0.88982397 3.42856193 0.26477101 2.        
-6.45084381  9.19348526  3.70837402  3.        
0.102997   5.46852493 0.27121001 5.        
 1.50325     7.63547087 -1.79669201  4.        
-5.64426422  9.14585495  4.49108887  3.        
-9.40745544  8.15237045  1.38913     3.        
 4.79662323  9.51807022 -2.83001709  4.        
 1.15520501  5.35589981 -0.45565799  2.        
 1.13900006 -3.99384689  0.50714099  2.        
 1.07495904 -3.39571404  0.46301299  2.        
-0.18148801  5.67432785 -1.07336402  5.        
1.064484   1.58877897 0.323883   2.        
15.17196655  6.94543123 -4.2064209   4.        
 0.80378699 -3.88824797  1.22988904  2.        
-14.12515259   5.58272219   5.91055298   3.        
-14.43260193   5.44701004   3.24310303   3.        
-14.48922729   5.6530571    4.16763306   3.        
 0.48811299 -6.4968338   0.47885099  2.        
 0.603127   -0.765953    1.11853004  2.        
10.09106445 10.51923847 -2.27362108  4.        
-3.36388397  7.86754179  1.34899902  3.        
 5.12434387  9.93336105 -2.13088989  4.        
 5.70657396  9.87165356 -2.46813989  4.        
0.67304999 0.686131   0.67083699 2.        
 1.08527398  4.12964296 -0.320923    2.        
 0.044754    4.5884819  -0.69363397  2.        
-3.03031898  8.30511093  2.32315111  3.        
10.60997009 10.48347855 -1.37588501  4.        
 0.84777802 -7.47337723 -0.134003    2.        
-12.82085419   6.99322891   4.68569994   3.        
1.38311005 6.93690109 0.028259   4.        
11.19717407  9.24470139 -4.73864698  4.        
 0.55290997 -4.67393112  0.95294201  2.        
13.266922    9.67528915 -2.96328712  4.        
-11.49427795   7.14367294   6.2467041    3.        
10.55406189  8.84444046 -5.43460083  4.        
-7.22818804  9.17313766  4.18872118  3.        
0.93098402 0.019207   0.18121301 2.        
 0.066849    5.02111387 -0.96490502  5.        
-6.37451887  8.98302078  4.32305908  3.        
 8.15115356  9.40190506 -4.72668505  4.        
13.92043304  8.00251389 -5.06497192  4.        
3.1324079  9.35042191 0.35241699 4.        
-6.72989607  8.01241684  0.106934    3.        
 7.16654205  8.75463486 -5.60189819  4.        
-13.66806793   6.01644516   2.44338989   3.        
 4.69890594  9.26172256 -3.85165405  4.        
12.09265137  9.25662613 -4.4969182   4.        
 0.96897101 -6.72230911  0.38433799  2.        
-1.62745702  5.83971786  0.738617    3.        
 0.27510801 -8.38844681  0.75872803  2.        
 2.32565308  8.21680069 -1.33413696  4.        
 0.551323   -2.02473092  0.41751099  2.        
 9.31175995  9.92923355 -3.66702294  4.        
 0.62126899  5.41022921 -0.57391399  2.        
 1.09083605  6.54183578 -0.86300701  4.        
1.55010998 6.08145523 0.008057   4.        
0.86969799 2.72386599 0.42910799 2.        
-14.46429443   5.635746     4.92260695   3.        
 1.93189204  8.31365585 -3.34710693  4.        
 6.99875593 10.65436172 -1.44644201  4.        
 5.23847198  8.51175308 -5.31799316  4.        
-13.05403137   6.48892593   2.05136108   3.        
-9.69802856  7.87792587  0.51446497  3.        
0.42597201 0.12833001 0.64559901 2.        
 2.34170508  8.2725563  -0.771698    4.        
-0.93805701  4.71476412 -0.074677    2.        
0.42433199 1.97195005 0.115204   2.        
 1.11572301 -5.08848619  0.46749899  2.        
-0.230133    3.19900107  0.17275999  2.        
-7.96284485  7.42572403 -0.76413     3.        
2.48119307 8.60174179 0.27121001 4.        
11.7022171   9.79050827 -3.78784204  4.        
11.77232361  8.19104385 -6.08486891  4.        
-12.48404694   6.82087278   1.52114904   3.        
 4.30059814 10.16787338  0.218475    4.        
-8.73092747  8.91275406  4.97796583  3.        
-6.35187483  8.94127274  2.96090698  3.        
 8.75310516  8.96940994 -5.45175219  4.        
-3.97188592  6.6385541  -0.60601801  3.        
  0.75842297 -10.00631714   0.40112299   2.        
14.88482666  7.6726799  -4.3397522   4.        
 9.51889038  8.5394783  -5.9402771   4.        
 3.75564599  8.49621964 -4.79064894  4.        
14.39131165  8.76154709 -2.89068604  4.        
-10.15460205   8.33121109   5.28112793   3.        
 0.17586499 -1.16395199  0.27880901  2.        
 1.79045105  7.6063118  -0.38412499  4.        
-10.69571686   7.51087618   0.135712     3.        
 0.93217498 -6.01096678  0.36083999  2.        
12.65591431  9.99531937 -2.36856103  4.        
 7.45135498  9.72219467 -3.89959693  4.        
-0.077126    4.25312424  0.37149     2.        
11.41331482  7.8637352  -6.14562988  4.        
-10.11378479   8.15132523   2.34655809   3.        
 0.452988    3.05491304 -0.37902799  2.        
-7.14090014  8.86288834  3.00384498  3.        
-0.080956    3.96202493 -0.25277701  2.        
 0.562805   -3.83506393  0.52179003  2.        
 5.63665819  9.38525009 -4.02032518  4.        
-5.80991411  7.90748978  0.03299     3.        
 0.62724298 -7.31825304  0.84686297  2.        
-5.5606308   7.26693296 -0.96487403  3.        
12.42955017  9.56437302 -4.13458204  4.        
 0.177589   -8.87825012  0.76309198  2.        
 9.73869324  9.17013168 -5.00558519  4.        
 8.90466309  9.53136826 -4.50866699  4.        
-15.23053741   4.28693008   5.17224121   3.        
  0.32097599 -10.36657715   0.96710199   2.        
15.31389618  7.34180117 -3.46981812  4.        
13.36484528  8.43538284 -5.08462477  4.        
 2.53491211  8.23985672 -3.99490404  4.        
 0.636765   -0.51521701 -0.060272    2.        
-0.83403802  7.1107831  -0.97586101  5.        
-8.76476955  8.24977493  1.420349    3.        
-9.72382259  7.64735794  0.080688    3.        
-0.072937    2.26015902  0.63034099  2.        
 7.34040117  9.46789932 -4.57769823  4.        
 6.0280838  10.25583267 -1.75729406  4.        
 4.27588701  9.78744888 -1.54772902  4.        
 3.96263099  9.01211166 -4.3092351   4.        
 0.31955001 -7.50395203  0.17144801  2.        
0.67211199 4.8338809  0.124817   2.        
0.63391101 5.65007401 0.129517   2.        
-10.26437378   8.24165726   3.71405005   3.        
-13.92350769   6.12527084   3.57946801   3.        
 0.902542   -1.58784103  0.384583    2.        
-6.71923113  9.37385178  4.62332201  3.        
11.48280334 10.35134506 -2.33837891  4.        
0.71489698 1.73887205 0.58273298 2.        
 1.60666704 -4.90516996  0.43783599  2.        
-6.35428619  7.53445816 -0.85257     3.        
-0.038437    2.48859811  0.137848    2.        
-4.30468798  8.13438797  1.35610998  3.        
 0.1707     -9.86617279  0.57955903  2.        
-12.49064636   7.15698624   5.12811279   3.        
-8.46463776  8.56147385  2.787292    3.        
-13.37117767   6.56367111   3.06686401   3.        
-4.97845507  9.35468674  3.73150611  3.        
-7.96059418  9.18017197  4.52831984  3.        
-8.0396347   8.43942642  1.96734595  3.        
 4.72465515 10.0695076  -0.88067597  4.        
-4.84908295  7.7681241   0.132599    3.        
 1.65248096 -3.47066092  1.10931396  2.        
 5.23452806 10.44391346 -0.61969     4.        
 5.55609083  9.19936657 -4.66009521  4.        
 9.24884033 10.41510391 -2.72323608  4.        
10.6743927   9.9937706  -3.63351393  4.        
-2.81833696  6.87260818 -0.34359699  3.        
-8.78749084  7.88862181  0.01239     3.        
 8.03465271  9.18100357 -5.10559082  4.        
-14.96279907   5.17834091   4.98434401   3.        
-6.22167206  7.86116409 -0.206329    3.        
-13.03048706   6.83889389   3.5058291    3.        
 6.57188416 10.82584763 -0.45962501  4.        
-7.28352404  8.42056656  1.57684302  3.        
 6.48420715  9.67148209 -3.85427904  4.        
-9.29564667  8.01939011  0.68499798  3.        
15.25733185  7.42353392 -4.16192579  4.        
 0.68244201 -6.51403809  1.23104894  2.        
0.27184299 3.04221702 0.62329102 2.        
 1.60752106  6.62466097 -0.360443    4.        
13.43078613  7.6524539  -5.79809618  4.        
0.61075598 3.80991006 0.39132699 2.        
 5.86713409 10.60165024  0.219055    4.        
-10.82207489   8.06711197   4.30868483   3.        
-12.52057552   6.98888016   2.81045508   3.        
 0.48660299 -4.91515303  0.45193499  2.        
 0.88979298  4.88201523 -0.35531601  2.        
-3.36552405  8.49100876  3.36898804  3.        
-7.93831587  8.52500534  2.40997291  3.        
-1.2313      7.4395709  -1.34503198  5.        
-13.4431076    6.55155611   4.62612915   3.        
-7.37955523  9.04926682  5.04220581  3.        
 3.39672089  9.39567184 -0.96893299  4.        
-7.85671997  8.0356636   0.086548    3.        
-0.007851    1.68422306  0.170074    2.        
 1.05250597 -6.31881714  0.84918201  2.        
-11.9013443    7.25389481   1.90600598   3.        
-6.5235672   8.64139938  2.33483911  3.        
-0.489822    4.49080276 -0.189514    2.        
 4.53017378  8.9149971  -4.93838501  4.        
-0.54260999  3.64947104  0.60317999  2.        
-12.27928925   7.24403      3.81335402   3.        
11.73484039 10.10713577 -2.81683302  4.        
-4.88980913  8.27841568  1.66156006  3.        
10.35529327  9.30319595 -4.80575609  4.        
-0.106789   2.8404429  0.418488   2.       
-14.1911087    5.6026268    2.49636793   3.        
-13.07918453   6.66498184   5.79971313   3.        
  0.73898298 -10.86797714   0.88156098   2.        
-14.52861786   5.52579117   5.73864698   3.        
-1.05528295  5.10892916  0.65142798  2.        
 0.65214503 -1.706478    1.08587599  2.        
-12.34975433   6.99852419   2.3934021    3.        
 7.897614    8.90036392 -5.76638794  4.        
10.2301712   8.72314835 -5.7062068   4.        
 2.1516571   8.13793564 -0.398987    4.        
-0.75714898  6.22057676 -1.71084595  5.        
-6.211586    9.41770554  4.36669922  3.        
 1.13197303 -2.67903495  0.64013702  2.        
-8.91395569  8.72356796  4.02676392  3.        
 0.21589699 -0.382664    0.64846802  2.        
-0.438324    6.19829178 -0.96243298  5.        
 0.27193499 -9.57448196  0.20962501  2.        
12.30970001  9.82806778 -3.24340796  4.        
 0.72582197 -6.20371199 -0.058472    2.        
 0.29194599  4.62778902 -0.30578601  2.        
-0.78611797  4.21578598  0.53366101  2.        
 4.10730696  9.27656174 -3.10205102  4.        
 0.946877    3.72459006 -0.24948099  2.        
-14.82943726   5.23421907   4.17013502   3.        
14.14419556  8.88018417 -3.77581811  4.        
-10.13141632   8.19665146   3.28335595   3.        
 3.06823707  8.76738358 -4.23291016  4.        
-2.75615692  7.42403793  1.11007702  3.        
-10.44924164   7.77145815   0.754242     3.        
10.39927673  8.20711899 -6.41912794  4.        
12.19192505 10.13531113 -2.03787208  4.        
12.46922302  9.05016708 -4.78643799  4.        
-13.34549046   6.56817293   3.93099999   3.        
-9.64544678  7.64896822 -0.40921     3.        
 6.67113495  8.76560593 -5.67144823  4.        
-13.40778446   5.96878386   6.34655809   3.        
 1.02110302 -7.96010208  0.88528401  2.        
14.65341187  7.32153702 -5.04803514  4.        
-10.88344574   7.87400389   3.04815698   3.        
 1.52605402  7.81603622 -2.70379591  4.        
 0.480766    4.11949492 -0.452301    2.        
0.60474402 1.00064504 0.21850599 2.        
 0.092293    3.47184396 -0.038818    2.        
  0.65847802 -10.14208603  -0.053436     2.        
-12.33019257   6.71954679   6.35424805   3.        
11.4492569   9.98781204 -3.35263109  4.        
 1.76100898  7.73215914 -1.12963903  4.        
-9.32642365  8.28631973  2.15527296  3.        
14.21372223  8.57052231 -3.23022509  4.        
 0.27509299 -2.52076006  0.34075901  2.        
 1.18395996 -4.24144697  0.90756202  2.        
-6.95996904  8.55823898  2.31280494  3.        
  0.24727599 -10.48254013   0.100464     2.        
14.97998047  8.13107681 -3.66140795  4.        
-3.99291205  8.18796921  1.65573096  3.        
 0.902771   -2.27719092  0.83846998  2.        
-9.22676945  7.70148087 -0.144409    3.        
1.04645503 0.85212302 0.40679899 2.        
-1.48735094  7.04639101 -1.55392504  5.        
-12.64407253   6.76284409   2.00198388   3.        
12.89772034  9.70161057 -3.18252611  4.        
 9.36146545  9.60254288 -4.32989502  4.        
-2.52202606  7.77382278  1.71493495  3.        
-4.73501587  7.0452919  -1.03076196  3.        
 0.143288    5.65282822 -1.43689001  5.        
13.69868469  9.40912342 -3.13763404  4.        
-0.60057801  5.15339994  0.39727801  2.        
-0.93984199  6.729877   -1.72079504  5.        
3.72155809 9.87047958 0.190979   4.        
 3.47053504  9.06512833 -1.67074597  4.        
 1.83547997  7.07896805 -0.54126     4.        
-5.05648804  8.57946396  2.18560791  3.        
 0.888107    2.65562105 -0.22259501  2.        
-10.92932892   7.63415098   0.95330799   3.        
-6.97588396  7.89097214 -0.210785    3.        
-13.31660461   6.58356094   5.3493042    3.        
 7.08548021 10.89300156 -0.70571899  4.        
 8.02108002 10.00449753 -3.35772705  4.        
-0.33885199  5.3037219  -0.95788598  5.        
 0.45431501 -4.34557295  0.169678    2.        
-5.19144392  7.65694809 -0.26065099  3.        
-7.09697723  9.13727188  3.7936399   3.        
-9.47069454  8.52296829  3.80477905  3.        
-8.23951721  8.99107742  5.15649414  3.        
  0.949265   -10.50868988   0.321136     2.        
-11.57065582   7.56505203   2.71878004   3.        
 7.67476606 10.36943436 -2.5380249   4.        
12.10476685  9.73422623 -3.69650292  4.        
0.46751401 5.18407822 0.232574   2.        
-3.93780494  8.92370987  3.0149231   3.        
 1.05335999 -7.1413188   0.580383    2.        
 0.41055301 -8.29899216  0.37762499  2.        
-9.43097687  8.6479454   5.33453417  3.        
 6.56154585 10.49979782 -1.46298206  4.        
 9.48141479 10.73540878 -1.09729004  4.        
3.22028303 8.9762764  0.527008   4.        
10.59856415 10.50818253 -2.1907959   4.        
-13.84434509   6.26909304   4.65447998   3.        
-0.30700701  5.61609316 -1.52124     5.        
-14.08123016   6.02187681   4.16519213   3.        
-4.98284197  7.38734818 -0.66684002  3.        
 6.38120985  9.21121597 -4.91238403  4.        
-11.90325165   7.34692812   5.79556322   3.        
-6.45569611  8.14265823  0.726013    3.        
 1.05001104  6.18934298 -0.64913899  4.        
 0.65290099 -5.75769806  0.60147101  2.        
-1.52953303  6.55407286  0.873016    3.        
 8.65709686 10.86805344 -0.75338697  4.        
0.64470702 3.09020591 0.45828199 2.        
-12.94037628   6.87544584   3.93908691   3.        
13.40130615  8.67087936 -4.70541382  4.        
 2.44331408  8.71766281 -2.65237403  4.        
 3.96248603  9.57010269 -1.12536597  4.        
-0.87833399  5.80672121  1.19839501  2.        
-14.30765533   5.83678007   3.38360596   3.        
-0.76325202  6.59874296 -1.10034204  5.        
 7.9836731   9.74338913 -3.99285889  4.        
-4.52333784  7.81370878  0.375397    3.        
-3.16126204  8.070858    2.97378492  3.        
 4.16003418  8.50981522 -4.98187304  4.        
-10.48345947   7.91588211   5.79959106   3.        
-10.89990234   7.99095488   5.21517897   3.        
 0.92676502 -1.34785795  0.71188402  2.        
 1.36711895 -1.962605    0.94464099  2.        
-15.08358765   4.79423094   3.53387499   3.        
0.75659901 2.22484994 0.32897899 2.        
 4.92294312  8.86592484 -5.02667189  4.        
 1.05664098 -9.07472229  0.55499297  2.        
 8.86014557 10.74955368 -1.57946801  4.        
10.26209259 10.69090652 -1.39090002  4.        
14.694664    8.47693253 -3.63571191  4.        
 5.76782179  9.74404526 -2.86462402  4.        
-1.53533196  6.16434097  0.255981    3.        
 0.80454302 -7.0148468   0.090668    2.        
-0.84580201  5.62781906  0.45050001  2.        
-0.72029102  5.33312607 -0.233643    5.        
 0.74030298 -4.58219194  0.51351899  2.        
-5.06405592  8.08520889  0.960419    3.        
-3.97429705  7.56358004  0.29482999  3.        
-5.22361803  8.2369194   1.43154895  3.        
10.36205292 10.26458359 -2.93347192  4.        
-7.61712694  8.78766155  3.12597704  3.        
 0.282455   -9.69866943  1.00582898  2.        
 6.37174988 10.02458572 -2.63400292  4.        
 5.10969496  9.6013298  -3.18063307  4.        
14.27231598  9.09523392 -3.08303809  4.        
 3.60430908  9.75155258 -0.34744301  4.        
 0.63971698 -9.3593483   1.11022902  2.        
 4.04861498  9.80711842 -0.67736799  4.        
 7.85831404 10.92605209 -0.63168299  4.        
 3.77478004  9.40208817 -1.71350098  4.        
 8.2405014  10.87997055 -1.03851295  4.        
 8.97368622 10.56348038 -2.26748705  4.        
 8.61657715  9.78182602 -4.03042603  4.        
 1.04457104 -5.29959488  0.104034    2.        
-5.60823107  7.73977995 -0.272003    3.        
-11.16021729   7.87000704   3.84762597   3.        
 0.23434401 -4.11736679  0.47229001  2.        
-8.01773834  8.94904709  3.83132911  3.        
-1.91654205  6.68694687  0.80660999  3.        
 9.13686371 10.68358994 -1.90264904  4.        
-4.06631517  9.15417099  3.71011305  3.        
11.55120087  8.64465714 -5.60781908  4.        
 5.05655718 10.26639175  0.26690701  4.        
-5.84416199  8.24016953  1.06515503  3.        
-8.17769623  8.31705093  1.37631202  3.        
-10.75981903   7.84589815   2.25097704   3.        
-8.36439514  7.49113083 -0.599518    3.        
-7.08098602  7.73372984 -0.69598401  3.        
 0.96656001 -4.57630491  0.929169    2.        
 9.95905304  9.97997665 -3.63174391  4.        
-11.48633575   7.60019302   5.51702881   3.        
-10.12789154   8.09228134   1.94906604   3.        
 7.44790697 10.09912491 -2.98937988  4.        
 0.65631098 -0.39863199  0.64068598  2.        
-0.051743    3.39155197  0.63931298  2.        
 7.23527479  9.91917038 -3.27761793  4.        
-15.20635223   4.87417984   4.90127611   3.        
14.35667419  8.44402695 -4.31292677  4.        
 3.83628893  9.26508713 -2.3999331   4.        
13.93261719  6.9680748  -5.51693678  4.        
 7.33963013  9.18157578 -5.07821703  4.        
 4.76834106  9.96294022 -1.27774     4.        
 2.26338196  8.2804451  -0.034241    4.        
-5.04404497  8.92413712  2.844666    3.        
 0.94810498 -2.04384995  0.39779699  2.        
 3.24527693  9.00141525 -2.15792894  4.        
 1.22996497 -3.60591507  0.77713001  2.        
 0.295387   -9.10055161  0.37933299  2.        
-8.64608765  8.39873886  2.01791406  3.        
-11.34120941   7.58561277   2.31457496   3.        
 8.19194031 10.31069565 -2.79840112  4.        
-3.70997596  7.19890213 -0.275543    3.        
-7.41301012  8.32696056  1.20980799  3.        
 8.74753571 10.24225235 -3.01782203  4.        
 8.0968399  10.51896286 -2.08355689  4.        
 6.07891893  9.37403488 -4.21130419  4.        
 7.80249023 10.56850815 -1.82183802  4.        
 4.54284716 10.21414566 -0.225769    4.        
 7.21052599 10.35223007 -2.22934008  4.        
-5.89292097  9.29660416  3.68432593  3.        
-4.30256701  7.36175203 -0.32498199  3.        
-0.75668299  5.75976896 -0.373016    5.        
-11.67643738   7.62876511   4.12881517   3.        
 0.711357   -5.08805513  0.78292799  2.        
 0.87561798 -3.31134391  1.29174805  2.        
 0.482941   -2.91228104  0.53872699  2.        
10.72844696  9.72426224 -4.12484694  4.        
-11.59176636   7.67381716   5.00225782   3.        
 1.59483302  8.3492012  -3.14468408  4.        
-5.30925798  9.39412308  4.03982496  3.        
 0.66815197 -0.89100999 -0.17648301  2.        
-13.35193634   6.23030519   6.04656982   3.        
 1.01025403 -9.0786171  -0.071869    2.        
-4.24282122  8.57767105  2.23449707  3.        
-8.74851227  8.58124161  3.2441411   3.        
-12.62455654   6.96931124   5.76748705   3.        
 1.36108398 -4.93153     0.74414098  2.        
1.18802595 1.20825601 0.318115   2.        
11.36284637  8.99508953 -5.03970289  4.        
 8.96803284 10.87250137 -1.20199597  4.        
 1.12813604  7.54436922 -1.72863805  4.        
-14.18540192   5.90665007   5.03973389   3.        
-13.94093323   5.94033384   5.78018188   3.        
0.224586   3.86971688 0.49389601 2.        
-1.12401605  6.41719389 -1.88571203  5.        
 2.91950202  8.70937729 -1.430969    4.        
 6.21734619 10.74692917 -0.31604001  4.        
-10.11761475   7.91453218   0.95825201   3.        
 3.07608795  9.42863846 -0.138794    4.        
 1.10621595  6.10341311 -0.27310199  4.        
0.429634   1.15346098 0.66833502 2.        
13.11448669  7.9079318  -5.82888794  4.        
-2.42263794  6.63177919  0.013153    3.        
-3.40703607  6.60427523 -0.188324    3.        
-15.2557373    4.05267      4.86444092   3.        
12.80189514  9.54378128 -3.94876099  4.        
 1.44230604  5.96136093 -0.49615499  4.        
-1.33022296  6.12546921  0.62957799  3.        
 6.71144104  9.82355881 -3.52767897  4.        
0.14429501 0.42471701 0.077484   2.        
 2.58223009  8.82826614 -0.027618    4.        
-10.34674835   8.26263142   4.40515089   3.        
-10.67024994   7.80359983   1.53585804   3.        
 -0.088676   -10.44959641   0.31185901   2.        
2.13272095 7.50036192 0.056183   4.        
 0.58616602 -2.04970908  0.89129603  2.        
 0.58267999 -0.74398798  0.25573701  2.        
-11.1300354   7.4260602   6.1366272   3.       
 0.88077497 -4.26386976  1.21563697  2.        
-7.1301651   9.33218765  4.72741699  3.        
14.60546112  8.12951279 -3.49969506  4.        
14.09705353  8.36260605 -4.59759521  4.        
 0.99536902 -7.96712494  0.50277698  2.        
-13.03582001   6.65198898   2.64160204   3.        
-6.59004211  8.45296097  1.89034998  3.        
 0.58300799 -6.37954712  0.83056599  2.        
-8.3596344   7.83731508 -0.29660001  3.        
 2.02846503  7.36195803 -0.74661303  4.        
12.24427032  8.60319138 -5.39819288  4.        
 2.71775103  8.80404282 -1.903198    4.        
-5.79999993e-04 -1.05573349e+01  1.04122901e+00  2.00000000e+00
 5.52133179  8.70901108 -5.48013306  4.        
-15.34667206   4.68836594   4.45825195   3.        
 4.30019379  9.41324234 -2.22015405  4.        
 5.12146807 10.05984879 -1.76892102  4.        
-3.52375793  7.71748018  1.03793299  3.        
-5.34458923  7.99496078  0.55883801  3.        
 3.48033094  9.073452   -3.515625    4.        
-8.54279327  8.86050034  4.34765577  3.        
12.68250275  7.98717117 -5.7936101   4.        
-6.14138794  8.33845139  1.50915504  3.        
-9.39322662  8.25009537  1.78558302  3.        
-4.85077715  9.30714798  4.08840895  3.        
-15.00783539   5.10484695   5.52661085   3.        
14.28165436  7.32115507 -5.39379883  4.        
-0.625664    4.68219423  0.686279    2.        
 9.62284088  8.99978256 -5.36517286  4.        
 8.40619659  8.76078415 -5.93661499  4.        
-6.10771894  8.68569565  2.2663269   3.        
 2.88755012  8.93796921 -3.27716088  4.        
14.50600433  7.77371597 -4.89742994  4.        
1.09400201 3.31493807 0.55831897 2.        
 7.76938581  8.58541489 -6.16644287  4.        
 1.19269598 -5.60504103  0.49002099  2.        
0.095734   2.10822701 0.33209199 2.        
-7.22216797  8.14829636  0.42965701  3.        
  0.94294    -10.60381317   0.711151     2.        
-10.34414673   8.03649521   2.91198707   3.        
 9.8130722   9.58441544 -4.36737108  4.        
0.237755   0.60686898 0.39523301 2.        
-2.42344689  7.27260208  1.70458996  3.        
-7.83776093  8.23752213  0.930695    3.        
 7.8792572  10.73206711 -1.46731603  4.        
11.95372009  9.00225353 -5.05297899  4.        
 6.82914019  9.54033279 -4.27127123  4.        
10.83946228 10.30639267 -2.68331909  4.        
 1.32476795 -6.79317904  0.257355    2.        
 0.79869097 -4.21367979  0.38275099  2.        
 2.23690796  8.34817123 -1.78280604  4.        
11.70039368 10.05022812 -2.08538795  4.        
 0.55535102  3.28877592 -0.071472    2.        
-5.92567396  7.50878477 -0.83590698  3.        
-6.25377703  9.38770676  3.99838305  3.        
-13.31460571   6.20118284   2.24002099   3.        
 5.7838521  10.65261459 -0.659302    4.        
 4.90393114  9.7008934  -2.5249331   4.        
-14.86516571   5.16003799   3.57611108   3.        
-11.90167999   7.41205215   2.9216001    3.        
-14.47773743   5.71921921   4.56133986   3.        
-9.45084381  8.2111702   5.63528395  3.        
-15.21744537   4.11707687   5.51373291   3.        
 2.00304389  8.38046741 -2.89157104  4.        
12.87135315  8.51716232 -5.31817579  4.        
 1.35656703  5.08928299 -0.18481401  2.        
-13.93128204   5.79527712   2.67886305   3.        
-6.49795485  9.11143875  4.76574707  3.        
-3.52253699  7.45751619  0.48120099  3.        
12.99263     9.49379444 -3.63546705  4.        
 2.37549591  8.52921677 -3.83145094  4.        
 0.84619099  5.53774595 -0.27148399  2.        
15.20678711  7.17583084 -3.80752611  4.        
-1.26827204  5.64655685  0.040253    3.        
 4.52442217  9.64984512 -1.87472498  4.        
 8.46691132  9.46914959 -4.55111694  4.        
-10.74960327   7.96161985   3.52352905   3.        
 0.87587702 -8.62107754 -0.015808    2.        
 0.924034   -9.90827942  0.71402001  2.        
-11.90059662   7.47851181   5.03951979   3.        
 0.62949401 -6.87482405  0.44027701  2.        
-10.25331879   7.58488083   0.095428     3.        
 0.56288898 -1.21094894  0.817963    2.        
14.52906036  7.74091721 -4.39065599  4.        
-11.65759277   7.22941208   1.07186902   3.        
 0.63345301 -8.90942383 -0.061066    2.        
 0.81726801 -6.35626221  0.33407599  2.        
-7.59520721  7.96113205 -0.179657    3.        
13.94475555  7.65005922 -5.35223389  4.        
-4.87493086  6.78751707 -0.813995    3.        
-7.12344408  8.21978378  0.871216    3.        
-12.37778473   6.96359587   6.03665209   3.        
 9.49942017 10.71003342 -1.87396204  4.        
 6.89645386 10.11468887 -2.75259399  4.        
0.92661297 0.64760202 0.116119   2.        
1.21975696 6.23860598 0.044891   4.        
11.41726685  9.46738052 -4.33535814  4.        
-11.16904354   7.89476395   4.5249629    3.        
-14.02059937   5.9969368    3.21432495   3.        
0.59153003 4.43642807 0.25869799 2.        
 1.57605696  7.94589615 -1.62451196  4.        
 2.12689209  7.96872282 -1.043365    4.        
-0.40908101  4.39617491  0.63952601  2.        
  0.54089397 -10.86074448   0.154419     2.        
-5.72322083  9.1660881   3.39080811  3.        
 9.95071411  8.22906876 -6.3276372   4.        
10.7654953  10.54058456 -1.72351098  4.        
13.46858215  9.28635025 -3.67681909  4.        
12.91381073  9.00777817 -4.54989576  4.        
 5.69724989  9.51311111 -3.630615    4.        
-9.88506317  8.54957199  5.18115187  3.        
-9.25859833  8.77226639  4.61291504  3.        
 1.04099298  4.53672409 -0.38732901  2.        
 0.28942099 -0.53477901  0.275177    2.        
0.854774 0.259258 0.43866  2.      
 0.54602098 -8.98240662  1.06985497  2.        
 2.7641449   8.57628155 -3.79519606  4.        
-4.3299942   8.92471695  3.79501295  3.        
 0.103554   -9.28356934  0.93273902  2.        
 0.68110698 -7.871418    0.219543    2.        
11.48970032 10.37765121 -1.81124902  4.        
-3.74147797  6.82518387 -0.403687    3.        
-4.00624084  7.42393112 -0.033875    3.        
-5.1606288   9.18336105  3.37155104  3.        
-0.26096299  5.77115297 -0.69970697  5.        
-12.09133911   7.22536087   2.29272509   3.        
 9.18032074  8.63648605 -5.85089111  4.        
-4.7255168   8.01354599  0.86660802  3.        
-2.20612311  7.13067293  1.30853295  3.        
-4.28089094  8.9239769   2.89761305  3.        
 3.97550988  9.60375595 -1.48956299  4.        
-7.77588701  9.10325241  4.83337402  3.        
 1.19332898 -5.893085    0.82598901  2.        
 6.05974579  8.69521713 -5.43130493  4.        
 5.36529493  9.58806229 -3.48474097  4.        
 0.289215   -7.84602404  0.373779    2.        
 0.354691   -3.56235099  0.117126    2.        
11.15648746  8.62496567 -5.76531982  4.        
 0.90744799 -7.53778076  0.84091198  2.        
 9.07714081  9.32063675 -4.89495897  4.        
-3.1332469   7.34974289  0.676422    3.        
13.38278961  9.08282089 -4.13842821  4.        
 0.30949399  5.26434708 -0.77798498  2.        
 6.07380676  9.05791092 -5.00170898  4.        
0.17761999 4.46188688 0.23934899 2.        
 0.44478601 -6.36558485  0.12912001  2.        
 0.79988903 -3.09679008  0.054108    2.        
13.68611145  8.76109695 -4.41098022  4.        
 7.28173113  9.86743546 -3.62402296  4.        
 0.69968402  3.99743295 -0.15487701  2.        
 5.05767822 10.24956894 -0.89599597  4.        
-4.06246185  7.85905123  0.96667498  3.        
-6.45036316  8.79578781  2.65316796  3.        
 1.20508599 -6.47479296  0.474884    2.        
11.28809357  8.20254898 -6.21121216  4.        
-2.64939904  7.7210269   2.33331299  3.        
-9.71406555  8.24555588  2.39227295  3.        
-7.67787886  7.65170717 -0.73883098  3.        
-3.76799011  8.70051193  2.64471412  3.        
11.76428223  9.36196518 -4.43475294  4.        
-12.18827057   7.3169899    5.20281982   3.        
 6.22077894 10.63147354 -2.8721621   4.        
 9.62879181 10.75436783 -1.44760096  4.        
13.59284973  9.41482162 -2.7658689   4.        
14.23703003  8.00723553 -4.918396    4.        
 0.57929999 -8.59086227  0.223267    2.        
-12.8315506    6.6818428    1.33459496   3.        
 0.37597701 -2.1583631   0.147339    2.        
-3.08833289  8.03632736  1.96932995  3.        
14.18229675  8.92866898 -3.42636108  4.        
0.60228699 2.41315103 0.57846099 2.        
 4.40024614  9.2947197  -3.67336988  4.        
 7.93432617  8.98520279 -5.37588501  4.        
-8.25292969  9.05267715  4.36773682  3.        
-1.30101001  6.68496323 -1.46041906  5.        
 1.26560998  5.64199495 -0.091187    2.        
 4.24533796  9.05289841 -4.57894897  4.        
 0.92686498 -3.86864495  0.90505999  2.        
-1.15692902  4.74356508  0.77035499  2.        
 0.114403    5.43827391 -1.16473401  5.        
-12.07870483   6.99356508   0.953857     3.        
0.94587702 2.39949393 0.095734   2.        
0.533005 0.029404 0.214935 2.      
 0.89048803 -0.98331499  0.33459499  2.        
 6.60875702  9.38335037 -4.58786011  4.        
10.43408966  8.35126114 -6.00323486  4.        
 7.56410217  8.84695053 -5.84435987  4.        
 3.41715193  9.14762497 -2.92199707  4.        
15.05359554  6.80259323 -4.49896193  4.        
 4.25107622 10.17908859  0.58483899  4.        
-11.46263123   7.64359713   3.44720507   3.        
-10.33355713   7.95689821   1.51190197   3.        
-12.68138123   6.96248293   3.2306819    3.        
-12.39424133   7.24991179   4.29302979   3.        
 7.86132002  8.56402206 -5.83422899  4.        
 9.59098053 10.4824791  -2.45742798  4.        
 6.60901594 10.52842331 -0.252655    4.        
0.95761901 5.54715395 0.068726   2.        
 0.961151 -0.20879   0.465942  2.      
 0.63850403 -6.11167479  0.62161303  2.        
-2.75747705  8.10628128  2.38915992  3.        
-13.68843842   6.15035582   5.92468309   3.        
1.00286102 5.07680082 0.089081   2.        
-11.2467804    7.71727419   3.08157396   3.        
 1.57556903  7.2497139  -0.39605701  4.        
-11.51689053   7.53351212   2.01394606   3.        
13.29898071  8.16866684 -5.30721998  4.        
14.31140137  7.22561979 -5.06637621  4.        
-5.85427904  8.40367508  1.81192005  3.        
-0.67794001  6.77420378 -1.381073    5.        
-4.54276323  9.20295334  3.50085402  3.        
-9.60131073  8.28572464  2.89913893  3.        
-1.012802    4.92307711  0.25058001  2.        
0.25253299 1.484676   0.31298801 2.        
 1.54379296  7.68030882 -1.40920997  4.        
-5.67715502  6.9477272  -0.94482398  3.        
 0.48503101 -7.49230623  0.59136999  2.        
10.69486237  7.85322189 -6.1781311   4.        
 5.05243683  8.80884933 -5.33606005  4.        
-0.99823803  5.13693619 -0.053986    2.        
-7.68038893  8.14165878  0.40847799  3.        
15.26490021  7.57538223 -3.79489112  4.        
-2.57939911  7.00170517  0.517883    3.        
-13.12937927   6.29405594   1.78353906   3.        
 6.0176158  10.61493301 -0.97921801  4.        
-11.85063934   7.41134977   3.34738207   3.        
 9.7678299  10.59023666 -2.15872192  4.        
 1.30281794 -6.91608381  0.784729    2.        
-4.98873091  8.74323654  2.49423194  3.        
 1.06385803 -0.63097799  0.598602    2.        
-2.00081611  6.46188688  0.30957001  3.        
12.56326294  7.75768709 -6.20465088  4.        
-12.12801361   7.03509903   1.58410597   3.        
10.75171661  8.28693008 -6.2180481   4.        
-11.13067627   7.44370699   0.68969703   3.        
 7.80698395  9.84244919 -3.65152001  4.        
-4.24925184  6.88049698 -0.62658697  3.        
 3.127846    8.81809616 -3.90429711  4.        
 9.33049011  8.06406021 -6.09588623  4.        
 1.44928002  7.29249191 -1.04049695  4.        
 0.979774   -9.72127247  0.440155    2.        
 5.23048401  9.36914444 -3.80883789  4.        
 8.63334656 10.1296196  -3.34082007  4.        
 1.01054394 -8.74214172  0.56463599  2.        
 0.57086903  0.537678   -0.13501     2.        
-10.45716095   7.46600723   0.36755401   3.        
-8.81839657  8.8485527   5.29510498  3.        
 4.88069201  9.1972084  -4.31216383  4.        
 1.01225305 -4.81769609  0.27932701  2.        
10.80207062  8.65838242 -5.61419678  4.        
 0.87579298 -4.57287216  0.055054    2.        
1.43846905 6.74286318 0.294312   4.        
-7.72158813  8.44173145  1.67773402  3.        
-13.91638184   6.20695114   5.04693604   3.        
0.89904797 4.0921669  0.43219    2.        
 1.59823596  8.1385994  -2.74585009  4.        
 7.50077105 10.916996   -0.85144001  4.        
 5.86875916 10.42251205 -1.33929396  4.        
-1.67206597  6.90412521 -1.89828503  5.        
 1.96983302  8.02128983 -3.52322412  4.        
 1.81264496  7.5255928  -0.029602    4.        
-3.46136498  8.56833267  2.7583921   3.        
-3.215873    8.59420395  3.09094191  3.        
-0.33323699  3.963871    0.21899401  2.        
3.51035309 9.25516129 0.50213599 4.        
 0.74310303 -3.46160102  0.37304699  2.        
-1.34704602  5.90633821 -0.246765    3.        
 7.1239171  10.90066147 -0.26003999  4.        
 5.6160202   9.07021713 -5.06781006  4.        
12.36043453 10.10906601 -2.46462989  4.        
 0.68804199 -7.03558683  1.04858398  2.        
14.13347626  9.04605484 -2.78698707  4.        
-11.00730896   7.65369797   5.82455397   3.        
-12.90384674   6.89157486   5.06106615   3.        
-8.5284729   8.24557114  1.18991101  3.        
 9.25110626  8.52077866 -6.17541504  4.        
13.14536953  9.67661667 -2.63351393  4.        
-2.48175001  7.24975204  1.05651903  3.        
-5.90891981  9.33986282  4.52041578  3.        
 9.48290157 10.23392105 -3.08386207  4.        
 3.47044396  9.21993637 -2.41296411  4.        
 3.08776093  8.96795273 -2.91784692  4.        
-6.25747681  7.68220901 -0.57199103  3.        
-10.83166504   7.90863419   5.60357714   3.        
 4.83781385  9.42139816 -3.22473097  4.        
 0.82977301 -2.83300805  1.31240797  2.        
0.27645099 0.26241699 0.38528401 2.        
-6.92478895  8.40053177  1.50872803  3.        
 1.00775099 -3.2610209   0.93548602  2.        
-11.58217621   7.41012192   1.33581495   3.        
-8.06343079  7.91861296 -0.15411399  3.        
-14.52755737   5.67832613   5.24191284   3.        
-3.6031189   8.03964615  1.49359095  3.        
 8.38292694  8.24754715 -5.96203613  4.        
 5.61493683 10.29792404  0.092987    4.        
-14.42543793   5.64098692   3.61886597   3.        
 8.87797546  8.43725204 -6.1847229   4.        
13.56200409  7.33369112 -5.90121508  4.        
-4.83187103  8.45154953  1.98541296  3.        
 0.237091   -9.00637817  1.17407203  2.        
15.06278229  7.82705307 -4.11309814  4.        
-3.64845991  8.29462814  1.94387805  3.        
 0.747841   -5.39871979  0.876526    2.        
 1.46666706  8.03442001 -1.91906703  4.        
 7.90979004  9.49491501 -4.52783203  4.        
0.247925   2.33473611 0.111481   2.        
-5.64742994  8.7944603   2.53442407  3.        
15.06373596  8.0483284  -3.34207106  4.        
14.74172211  7.9224968  -3.74093604  4.        
-4.41910505  8.70764542  2.53830004  3.        
 0.49912301 -0.593925    0.86303699  2.        
  0.19207001 -10.04838943   0.84747303   2.        
-10.42628479   8.21717453   5.08752394   3.        
 3.36375403  8.66804886 -4.32263184  4.        
-9.72328186  8.32427597  3.31594896  3.        
-3.2795639   8.27342606  2.11807203  3.        
-13.60097504   6.21365023   2.69180298   3.        
 4.01847076 10.04208755  0.120392    4.        
-9.73104858  8.53575516  4.10552979  3.        
-10.2749176    8.18040085   5.58572388   3.        
-9.89483643  8.01259232  1.26873803  3.        
-4.07471514  7.70908689  0.57333398  3.        
14.71733093  7.214252   -4.734375    4.        
0.036919   4.08105087 0.65014601 2.        
 0.52556598 -8.25992584  1.22485399  2.        
-8.58625031  8.71480179  3.60925293  3.        
10.04737091  9.30067825 -4.90057421  4.        
-13.64886475   5.98794889   2.05032396   3.        
 7.27080488  9.5990181  -4.29202318  4.        
-0.76436597  5.47529221 -0.56292701  5.        
 0.93018299 -2.53569388  0.43432599  2.        
 2.76834893  8.76262283 -0.860138    4.        
 4.59811401  9.61315536 -2.57348609  4.        
 0.52914399 -1.63197303  0.26785299  2.        
 0.720985   -7.21188688  0.32974201  2.        
 1.43247199  6.22718382 -0.31680301  4.        
-3.77887702  8.83004379  3.27737403  3.        
 6.51900482  9.97657394 -3.01223707  4.        
 1.046417    4.50294113 -0.050354    2.        
 3.38687897  9.22883224 -1.36792004  4.        
 0.39074701 -1.15819895  0.51593     2.        
 6.7520752  10.39962387 -2.02587891  4.        
14.65965271  8.14101791 -4.32571411  4.        
-15.3342514    4.66656113   4.07241821   3.        
-0.64679003  5.63264894 -1.41247594  5.        
-1.66169703  7.33031797 -1.32492101  5.        
 0.87128401 -2.73576689  0.850128    2.        
 9.41513062  9.78538132 -3.93289208  4.        
 0.551422   -0.29399899  0.22296099  2.        
2.83016205 8.60400009 0.43307501 4.        
 0.73855603  5.85137606 -0.75012201  4.        
 6.71012115  9.07333755 -5.09545898  4.        
12.56227112  8.72185898 -5.15390015  4.        
-4.05061293  8.87182999  3.56286597  3.        
-13.63827515   6.33206606   3.35534692   3.        
-3.35266089  7.21866179  0.014465    3.        
-5.92488909  9.0116539   3.08590698  3.        
-9.71022034  8.13145065  1.63986194  3.        
 2.78346992  8.91662979 -2.58059692  4.        
 0.182961    4.77362394 -0.045349    2.        
-14.70845795   5.35911179   4.92449903   3.        
-1.82285297  6.47709322  1.39843798  3.        
 5.24508715  9.12602615 -4.71243286  4.        
 5.985466   10.43857956 -2.74816895  4.        
 3.19763994  8.93376541 -3.55065894  4.        
 0.54312903 -3.20786691  0.64422601  2.        
 5.70370483  9.30212784 -4.31872606  4.        
 4.70565796 10.32970047  0.415894    4.        
-6.04924011  8.12440872  0.74383497  3.        
-0.72488397  6.30952787 -1.22338903  5.        
-10.54632568   8.17341995   4.17614698   3.        
 7.15493011  8.64967728 -5.90020704  4.        
-14.86464691   4.5920682    5.86691284   3.        
-9.71317959  8.53217697  4.49883986  3.        
 1.30584705  6.65078402 -0.53317302  4.        
 1.01294696 -9.34330368  0.39544699  2.        
-0.23381799  4.78749514 -0.85491902  5.        
0.082169   0.86159098 0.652435   2.        
0.67481202 1.83916104 0.25210601 2.        
10.06188965  9.807827   -3.97949195  4.        
0.54901099 2.82142305 0.023407   2.        
 6.04197693 10.05063248 -2.609833    4.        
14.62886047  7.92648697 -4.03448486  4.        
14.88045502  7.49829483 -4.70397902  4.        
-7.93833208  8.78585434  5.48394823  3.        
 0.40490001 -1.77961302  0.730133    2.        
-7.41106415  9.05672836  3.70901489  3.        
-6.6435318   8.31203842  1.20474195  3.        
14.55687714  8.60187054 -3.10320997  4.        
-9.09471893  8.51787186  3.17440796  3.        
-13.93708038   6.22720718   3.94415307   3.        
 1.16563404 -7.37715912  0.376587    2.        
10.12066746  8.86674881 -5.43978882  4.        
 0.911789   -5.65787888  0.364319    2.        
-0.35485101  3.55339408  0.36859101  2.        
-8.69086456  8.16405106  0.82309002  3.        
-12.92006683   6.56357193   6.04815722   3.        
-0.174225    2.84975004  0.093079    2.        
 1.14473701 -5.2265892   0.87939501  2.        
 5.80042315 10.15764236 -2.20230103  4.        
12.04875183  8.27961254 -5.9717412   4.        
-12.56239319   7.05533218   5.41366577   3.        
11.95805359  8.69440842 -5.31600904  4.        
1.12982905 4.71950102 0.246948   2.        
 1.73107195  8.12831497 -2.46460009  4.        
-6.81136322  7.59417295 -0.764099    3.        
-5.44786119  8.53132153  2.02163696  3.        
 1.147385   -1.08290899  0.63351399  2.        
 6.3500371  10.63894272 -1.04159498  4.        
-7.14250183  7.39007187 -0.97934002  3.        
 0.246185   4.3314929 -0.157867   2.       
 1.25079298 -2.33670807  0.91095001  2.        
 1.71115899  6.74636507 -0.62838697  4.        
 1.94778395  8.35990524 -3.65380907  4.        
 2.20211005  8.53027725 -2.46533203  4.        
-6.29656982  7.24541903 -0.95004302  3.        
0.95846599 2.72961807 0.72653198 2.        
-12.89012146   6.9248538    4.32031202   3.        
 1.25816298 -3.00737     0.70336902  2.        
-0.82748401  4.26086807  0.229462    2.        
0.505943   2.83362198 0.56381202 2.        
 1.26942396  7.89786911 -2.13638306  4.        
12.59286499  9.80974197 -3.06759596  4.        
 4.63111877  9.04996872 -4.61529493  4.        
-8.14396667  8.80398941  3.51272607  3.        
13.9797821   8.86017227 -4.03774977  4.        
 0.35703999 -4.85768509  0.72747803  2.        
2.88220191 9.20376205 0.243347   4.        
-15.14388275   4.47922897   5.39901686   3.        
-11.46398926   7.73070097   3.92804003   3.        
 0.82468402 -4.57615995  1.20410204  2.        
 4.24654388 10.12678146 -0.21160901  4.        
-0.272057    5.96688509 -1.11416602  5.        
 6.37689209  8.73602676 -5.47814894  4.        
-11.29631805   7.59766006   1.62322998   3.        
-4.51216888  9.08627701  3.21469092  3.        
-6.73483992  8.87917709  2.94189405  3.        
2.20894599 8.04468918 0.17657501 4.        
 1.25618005 -4.64247084  0.71694899  2.        
11.12008667 10.33494186 -2.55789208  4.        
 0.89630902 -3.82536292  0.41775501  2.        
 2.527565    8.52886581 -0.78131098  4.        
11.11860657  8.34685135 -5.91760302  4.        
14.59645081  7.02231216 -5.09463501  4.        
 8.47117615  9.02988052 -5.34329224  4.        
-7.43254089  9.30457687  4.3777771   3.        
3.81227899 9.5226326  0.54428101 4.        
 0.734703   -6.643116    0.92343098  2.        
-7.96269178  9.01637554  4.26791382  3.        
-0.092735    2.56708908  0.634583    2.        
 0.86756098 -8.53487778  0.974792    2.        
 0.46424901 -5.34469986  0.72995001  2.        
3.38967109 9.65329361 0.27615401 4.        
-1.88144696  5.92661715 -0.253815    3.        
 7.29634094  8.40958786 -6.03231812  4.        
 3.9673841   9.30974197 -2.02853394  4.        
-3.95236993  8.58360672  2.33462501  3.        
-2.69706702  7.54505491  1.43313599  3.        
13.97051239  9.27511978 -3.08715796  4.        
 4.11627197  9.25901413 -3.54791307  4.        
 6.19807386 10.69409561  0.025269    4.        
 0.75463098 -1.48769796  0.105652    2.        
1.78597295 6.97620821 0.138153   4.        
 5.51775408 10.58168411  0.014771    4.        
10.55355072  9.0454216  -5.16738892  4.        
 0.69396198 -2.71026993  0.33746299  2.        
-11.28939056   7.4968071    1.31286597   3.        
0.707672   1.43285    0.58258098 2.        
10.77934265  9.27752304 -4.77984619  4.        
0.40795901 1.72799301 0.58306903 2.        
 8.67362976  9.63048172 -4.33407593  4.        
-2.99542999  6.96570206 -0.088287    3.        
-7.21003008  8.48484421  2.09823608  3.        
-1.55460405  6.14825821 -0.30957001  3.        
 2.11133599  7.64189482 -0.51452601  4.        
-5.07830095  7.87820101  0.30236799  3.        
 1.45049298  6.46792984 -0.056091    4.        
-9.41345215  8.49074936  3.5062561   3.        
-8.67766571  8.44495773  2.55676293  3.        
-13.42310333   6.51968813   4.22256517   3.        
-3.16112494  7.9504199   1.68536401  3.        
-10.46539307   8.21884537   4.70217896   3.        
0.89253998 3.12369204 0.282776   2.        
 0.85697901 -5.68361712  0.81607097  2.        
 3.79363298  8.7351799  -4.60455322  4.        
 8.64625645  8.78975296 -5.67388916  4.        
-11.32567596   7.72934294   5.29226685   3.        
-10.9568634    7.3827858    0.36261001   3.        
 0.69220698 -1.64935696  0.78796399  2.        
-12.11159515   7.40899992   4.69766188   3.        
-15.49610901   4.42326021   4.53967285   3.        
 9.93995667  7.98773623 -6.14215088  4.        
0.90267199 1.70380795 0.046783   2.        
10.08302307 10.19778824 -3.20391798  4.        
0.65746301 0.38351801 0.70050001 2.        
-7.06550598  9.38168716  4.43408203  3.        
-14.70318604   5.20952177   5.75073195   3.        
-11.58561707   7.70143509   4.60461378   3.        
-15.16363525   4.60129881   5.11999512   3.        
-12.15730953   7.14279604   5.87805223   3.        
-13.10527039   6.79553604   4.65341187   3.        
-5.50216722  8.10043716  0.80007899  3.        
 0.90328997  5.1901741  -0.491974    2.        
-9.11158752  8.18950272  1.32428002  3.        
-6.82009888  8.21131516  0.88174403  3.        
12.11390686  7.71352005 -6.06921387  4.        
-8.17163944  8.69077682  3.14251709  3.        
1.14513397 0.15385801 0.40478501 2.        
-9.25295258  8.62682724  3.99221802  3.        
-7.09351397  8.05868912  0.116211    3.        
12.89295959  9.89896774 -2.53155494  4.        
10.25808716  9.96366501 -3.67907691  4.        
-0.46333301  5.31674623 -0.07373     5.        
  0.56629902 -10.13075638   1.01165795   2.        
-7.58629608  8.87558365  4.89685106  3.        
 1.49837506  6.96026993 -0.349426    4.        
-0.37342799  3.11101198 -0.079254    2.        
-10.48408508   7.95725584   2.30886793   3.        
 0.72531098 -3.15928292  0.36776701  2.        
10.05838013 10.73642254 -1.62484705  4.        
 2.52044702  8.70181656 -3.12432909  4.        
 9.86449432  8.69735336 -5.91052198  4.        
-0.204071    4.61091995 -0.52285802  5.        
 1.23228502  7.06627989 -0.88348401  4.        
 2.62011003  8.55404282 -4.15466309  4.        
-12.37136841   7.14082003   3.04336596   3.        
 5.94313812  9.69847488 -3.2497859   4.        
13.6521759   8.12500381 -5.13098097  4.        
-0.028236    3.07284904  0.60504198  2.        
-14.30776978   5.91258621   4.33267212   3.        
12.97801208  9.26813126 -4.23263502  4.        
 0.34158301 -3.05234098  0.27307099  2.        
 0.31560501 -7.05573988  0.199158    2.        
14.37771606  8.74853897 -3.63690209  4.        
 4.41986799  9.41143417 -2.89605689  4.        
 0.71835297 -4.9200902   1.23068202  2.        
10.23395538  8.17676926 -6.14871216  4.        
 2.28312707  7.67387819 -0.88796997  4.        
-3.227844    8.29861069  2.55105591  3.        
13.38043976  7.94373703 -5.53228807  4.        
14.6174469   8.36201096 -3.90496802  4.        
 0.145248   -0.36208001  0.054749    2.        
-14.65596008   5.31959915   3.02896094   3.        
 5.35736084  9.81778336 -2.28338599  4.        
 6.64198303  8.8979454  -5.35513306  4.        
11.28655243 10.09812546 -3.12414598  4.        
-14.41862488   5.54496384   2.95840406   3.        
-8.94129181  7.64823484 -0.25164801  3.        
0.85051    0.56055099 0.43569899 2.        
-10.99515533   7.98025894   4.07781982   3.        
0.340904   1.13654697 0.166412   2.        
-6.87566423  9.10125446  3.59237695  3.        
 6.44694519 10.19773483 -2.28302002  4.        
 6.60497284  8.40181255 -5.73886108  4.        
-6.47075701  9.39213943  4.21542406  3.        
 0.82960498 -9.88978195  0.13269     2.        
-11.73500061   7.25340605   6.02700806   3.        
 0.77311701 -9.47082138 -0.172821    2.        
 0.228287   -1.33329403 -0.039093    2.        
-4.5659709   6.8683362  -0.81265301  3.        
-8.15911102  8.56069565  2.61102295  3.        
15.26572418  6.42870712 -4.26519823  4.        
 0.261215   -2.65219903  0.039734    2.        
-9.07901764  8.36739731  2.65051293  3.        
-9.01924133  8.87662125  4.80746508  3.        
-6.81526995  9.21578598  3.86407495  3.        
0.95456702 3.72548294 0.23745701 2.        
-12.01208496   7.37234879   3.765167     3.        
-8.6687088   8.88444901  4.64752197  3.        
-12.23149872   6.87137222   1.35464501   3.        
-13.92628479   5.63748598   6.19296312   3.        
 5.81015015  9.18297195 -4.81921387  4.        
 9.54295254 10.39417553 -2.7814641   4.        
-4.5381012   8.25935841  1.52041602  3.        
-2.86263299  7.11508608  0.390717    3.        
10.25660706 10.62630081 -2.04254198  4.        
-11.8115387    7.38840914   2.55493212   3.        
 1.17449999 -1.72722995  0.57763702  2.        
 3.78318     9.06571579 -3.95901489  4.        
-10.82798004   7.78025389   1.96209705   3.        
 0.63187402 -0.068092    0.73986799  2.        
-5.95708513  8.01336288  0.27362099  3.        
 4.84931993  8.48493576 -5.27651978  4.        
 8.29933167  9.96919632 -3.46713305  4.        
 9.05768585  8.9647789  -5.35791016  4.        
-4.36156511  8.00460434  1.09201002  3.        
-12.68447876   7.03796005   3.871979     3.        
0.35561401 5.71053696 0.240143   5.        
-10.20057678   8.13967514   2.63302588   3.        
 0.251129   -8.72150421  0.51873797  2.        
-7.02568007  8.96158218  3.27926612  3.        
 8.11639404 10.81620407 -1.303406    4.        
12.43117523  8.28665543 -5.80956984  4.        
 8.37860107 10.78540421 -1.46368396  4.        
-5.55713701  9.38227463  4.32961988  3.        
 1.75111401  8.26922226 -2.200104    4.        
 5.51331282 10.58802414 -0.549164    4.        
 6.84121704 10.81827164 -0.207947    4.        
12.18933105  9.63683701 -3.966187    4.        
 6.52291107 10.78815842 -0.77987701  4.        
 3.61571503  9.01104259 -4.21359205  4.        
 7.26651001  9.04577255 -5.35461378  4.        
 0.38759601  3.65238595 -0.072937    2.        
15.15866089  7.81019211 -3.64443994  4.        
10.92629242  9.79308701 -3.91238403  4.        
 1.321854    6.74150515 -0.19000199  4.        
 0.84316999 -3.39051795  0.081482    2.        
12.77644253  9.6251936  -3.4438169   4.        
1.06353796 1.87325704 0.235107   2.        
-11.00627136   7.80215788   2.4125371    3.        
-9.93577576  8.24972916  5.64605713  3.        
-13.18815613   6.73550797   3.74133301   3.        
-5.56062317  8.3489418   1.71875     3.        
 7.58230591 10.80604935 -1.21389794  4.        
-1.47010803  6.23711777  0.867401    3.        
 0.32653001 -0.85776901  0.40219101  2.        
-9.04172516  8.00617599  0.434448    3.        
 3.43003106  9.52168655 -0.67211902  4.        
-9.54319     7.85538101  0.25619501  3.        
-0.49675     4.23653793  0.244141    2.        
 0.61064899 -6.93998289  0.72943097  2.        
 1.05724299  6.69897795 -1.15606701  4.        
 1.04537201  5.81544113 -0.188263    2.        
-1.01544201  5.73882723  0.75503498  2.        
 7.18394518  9.70353317 -4.02661085  4.        
 3.31605506  8.91012955 -4.15438795  4.        
 2.13166094  8.4601326  -2.18609595  4.        
 2.50572205  8.44997787 -1.36587501  4.        
13.64573669  7.55694199 -5.61807299  4.        
 0.51742601  4.75566483 -0.115234    2.        
-0.40749401  4.91250992 -0.32482901  2.        
 0.95602399  3.39306307 -0.021454    2.        
 8.98523712 10.31549454 -2.84988403  4.        
-0.30458799  4.69901705  0.49533099  2.        
-14.98656464   4.98975706   4.2227478    3.        
 7.03787994 10.75089645 -1.02795398  4.        
-15.20781708   4.73693514   3.80798292   3.        
 2.384094    8.41749859 -0.51797497  4.        
 0.58743298 -4.28962278  0.57446301  2.        
-0.70546001  6.30811691 -0.90206897  5.        
-9.99456024  8.4461174   4.47592211  3.        
14.95291138  7.05201292 -4.62774706  4.        
 0.86304498 -9.54962921  0.97698998  2.        
-5.60320282  9.42082596  3.92388892  3.        
 0.52217102 -2.34965491  0.31695601  2.        
-1.198174   6.8479352 -1.79837    5.       
-9.89572906  7.81602097  0.305298    3.        
-12.98685455   6.67635679   2.30850196   3.        
-4.70158386  8.77679062  2.58273292  3.        
-0.81271398  5.93922806 -1.88662696  5.        
-7.19158888  8.68361282  2.63351393  3.        
 9.52627563  8.43379593 -6.230896    4.        
0.77109498 1.16635501 0.39514199 2.        
-15.01291656   4.63914919   5.61767578   3.        
11.89066315 10.26748276 -2.13772607  4.        
-0.76945502  5.07378817  0.70758098  2.        
 5.35880995 10.34119034 -0.86474597  4.        
-0.78776598  4.54590988  0.28604099  2.        
0.43234301 0.84943002 0.63546801 2.        
13.94403076  8.21377182 -4.85269213  4.        
 8.17185211  8.59115219 -5.85314894  4.        
-2.50299811  6.85264206  0.216736    3.        
10.35485077  9.63880539 -4.19641113  4.        
-14.72569275   5.51637602   4.27242994   3.        
 7.98573303 10.42599869 -2.48300195  4.        
 1.62598395  6.77544022 -0.110596    4.        
-0.852005    5.35406923  0.55297899  2.        
-1.85748303  6.90785599  1.00689697  3.        
-0.152275    5.12601089 -0.80246001  5.        
 1.89349401  7.33595705 -0.343079    4.        
-7.69178009  9.11112595  4.4369812   3.        
-5.66200304  7.61143112 -0.57498199  3.        
15.04706573  7.21319199 -4.2906189   4.        
-6.10186005  9.14735794  4.36230516  3.        
 4.9575038  10.38781357 -0.246613    4.        
 2.45979309  7.57041597 -1.24768102  4.        
 7.74569702  9.15504074 -5.13461304  4.        
 7.99384308 10.19311142 -3.13003492  4.        
-1.19419897  7.21328402 -1.54998803  5.        
-10.18917084   7.95471621   1.23791504   3.        
-8.62687683  7.99270296  0.23214699  3.        
 4.45114899  9.95403671 -0.83081102  4.        
 0.74088299 -3.56496406  1.24365199  2.        
-7.40034485  8.56377029  2.40609694  3.        
 0.164703  -9.2876091  0.198883   2.       
-0.549263    4.85773802  0.24942     2.        
-13.88728333   6.00625992   2.92071509   3.        
 0.69776201  3.54095101 -0.092194    2.        
 1.53229499 -6.4106288   0.55392498  2.        
 2.7443161   9.01658344 -0.30752599  4.        
 1.36686695 -5.37368393  0.72097802  2.        
-3.30098009  8.31966019  2.92105103  3.        
-10.03453064   8.37678909   3.90274096   3.        
11.37848663 10.44124222 -2.07113695  4.        
 0.99607801  3.98006105 -0.070587    2.        
-5.39460802  7.78616714 -0.074707    3.        
 2.27811408  8.44783401 -3.33447289  4.        
 6.7876358  10.86666489 -0.64801002  4.        
12.25509644  8.37534046 -5.57586718  4.        
-11.66960907   7.49760818   5.71655321   3.        
-5.59785509  7.97391891  0.37533599  3.        
10.83621979 10.59069443 -1.99896204  4.        
-4.64019823  9.03528976  4.01104689  3.        
0.20814499 2.67220712 0.149719   2.        
 5.43709612 10.19534683 -1.65032995  4.        
-1.86073303  6.29155397  0.123444    3.        
-8.0477829   9.09950638  4.97009277  3.        
  0.72548699 -10.35299683  -0.238464     2.        
 0.61467701 -7.63751984  0.80404699  2.        
0.47641    4.68720579 0.34161401 2.        
-10.99625397   7.96176481   4.83526611   3.        
 0.055336    4.48571396 -0.424835    2.        
-5.32300615  7.27322006 -0.766541    3.        
-7.37197924  8.44306564  1.86419702  3.        
-3.05104804  8.01980209  2.53360009  3.        
-10.35342407   8.13695908   3.45608497   3.        
 2.98641205  8.95982742 -1.98370397  4.        
 0.192192    4.82591581 -0.76095599  2.        
 5.72710419 10.25406265 -1.76992798  4.        
 5.00824022 10.47518539  0.041534    4.        
-13.42696381   6.48007584   2.79791307   3.        
0.167244   1.25301003 0.608154   2.        
 0.59928101  5.12152481 -0.27600101  2.        
-10.79761505   7.72547483   1.19094801   3.        
 8.58354187 10.45382309 -2.45764208  4.        
 0.95624501 -8.59777355  0.32333401  2.        
 1.38436902  5.49428177 -0.35449201  4.        
 1.018677   -4.86016893  1.00057995  2.        
 1.15202296 -6.11296511  0.537628    2.        
-0.207497    3.79481101  0.65454102  2.        
-11.85623932   7.198071     1.50173998   3.        
 1.17910004 -4.29613495  0.560974    2.        
-8.28323364  8.1562767   0.616211    3.        
-12.77959442   6.38842392   6.36135912   3.        
-11.53578186   7.22929811   0.73532099   3.        
-14.28485107   5.64741898   5.65396118   3.        
-5.33146715  8.88920212  2.75692797  3.        
-9.0563736   8.71446609  4.29168701  3.        
-12.58460236   7.15082884   4.4806819    3.        
-0.346039    5.17616606 -0.42266801  5.        
13.09263611  8.37298203 -5.21185303  4.        
0.26773801 2.30083799 0.55157501 2.        
 5.48465681  9.7955513  -2.76321411  4.        
3.71916199 9.79080582 0.53576702 4.        
13.57102203  9.34206772 -3.38229394  4.        
10.88411713  8.94588947 -5.23651123  4.        
-8.82457733  8.55845261  5.57919312  3.        
 3.31474304  9.56101608 -0.284576    4.        
12.65627289  7.61901522 -5.97512817  4.        
 6.92683411  8.90365219 -5.57202101  4.        
-2.245399    6.81984282  0.63784802  3.        
 0.61121398 -8.68985367  1.01202404  2.        
 0.64476001 -1.86105704  1.32351696  2.        
 6.93738604  9.227314   -5.02450609  4.        
11.65090179 10.22939682 -2.53115797  4.        
 2.43993402  8.3056221  -1.09081995  4.        
 4.79764605  9.76511002 -1.92569005  4.        
 9.10363007  9.81482315 -3.82098389  4.        
-0.50563002  3.88122892  0.44497699  2.        
-12.85823822   6.59506607   1.87673998   3.        
 1.16817498  4.91120481 -0.29824799  2.        
 0.97937    -4.04842377  0.241119    2.        
 5.35694122 10.27361679 -1.15698195  4.        
 0.92087603 -0.274937    0.192444    2.        
 0.76199299 -2.18668795  1.06613195  2.        
-6.6753459   7.87037992 -0.211365    3.        
14.67012024  7.84468508 -4.63412523  4.        
 4.6078639   9.83974838 -1.50646996  4.        
 9.82757568  9.42736435 -4.71591187  4.        
 1.12056005 -7.19781923  0.84869403  2.        
-1.72863805  6.4813118   1.11340296  3.        
 0.64087701 -4.79752302  0.66628999  2.        
11.49382019  9.38083267 -4.59271193  4.        
-9.29639435  8.36552811  2.8677671   3.        
-9.93704987  8.46287918  4.91784716  3.        
 0.65683699  5.6023221  -0.85378999  2.        
  0.84651202 -10.30424881   0.15676901   2.        
 0.654037 -0.205795 -0.072357  2.      
-0.93741602  5.76940489 -0.58862299  5.        
  0.025398   -10.20737457   0.41330001   2.        
-3.66359711  6.68325377 -0.633331    3.        
 0.85178399  0.80813998 -0.163544    2.        
10.66526031 10.21428299 -2.98016405  4.        
 0.40291601 -8.94794941  0.16995201  2.        
-0.58365601  6.81334305 -1.08621204  5.        
0.94547302 0.34575301 0.159271   2.        
 0.65539598 -1.01575899  0.99636799  2.        
12.78701019  8.2768898  -5.46142578  4.        
 0.88685602 -7.30686617  0.087738    2.        
 0.884018   -9.16016769  0.22750901  2.        
11.39463043  8.82878494 -5.42520094  4.        
 4.95676422  9.33132553 -3.93527198  4.        
 6.18719482 10.38373947 -1.52621496  4.        
 7.01856995  9.78350353 -3.58102393  4.        
-4.19752502  8.37636185  1.82467699  3.        
-9.44967747  8.61841965  4.99511719  3.        
-0.060112    4.12327194  0.124969    2.        
-0.55859399  5.76114321 -0.69833398  5.        
-11.00431824   7.70415115   1.72686803   3.        
-0.36071     6.1435132  -1.40701306  5.        
 0.40753901 -5.87281418  0.53561401  2.        
-1.38813806  5.94192886  0.12149     3.        
 0.70979297 -2.11476111 -0.114746    2.        
 3.67968011  9.85704422 -0.084198    4.        
 0.563766   -7.93423796  0.96109003  2.        
11.97725677 10.02491379 -2.92663598  4.        
14.6009903   8.55360794 -3.37359595  4.        
 0.56901598 -3.51029611  0.59362799  2.        
11.94664001  9.10385513 -4.76608276  4.        
-14.72479153   5.39593077   3.45932007   3.        
 0.50775898  4.19811583 -0.144379    2.        
-9.51478577  7.75239897 -0.069214    3.        
 0.58143598 -7.71616697  0.42715499  2.        
4.41036987 9.90158463 0.45822099 4.        
-14.44451904   5.33623886   5.92321777   3.        
 8.40666199  9.22681808 -4.9536438   4.        
 1.77038598  8.06375504 -1.78335595  4.        
  0.199417   -10.89597702   0.164673     2.        
13.44535065  9.48006821 -3.05053711  4.        
-12.61293793   6.66585922   1.74444604   3.        
 0.88543701 -9.23319244  0.91113299  2.        
 3.32558393  9.10441208 -1.90325904  4.        
 5.52215576 10.06457138 -2.20706201  4.        
-12.53684235   6.71832705   1.26995802   3.        
 4.93192291  9.69188309 -2.20452905  4.        
 6.95012712 10.29218674 -2.53939795  4.        
11.6861496   7.89464188 -6.11675978  4.        
-14.08006287   5.97200394   5.300354     3.        
-7.67707777  8.70199966  2.87057495  3.        
 9.89655304 10.44318771 -2.58334303  4.        
0.779266   2.77331901 0.167236   2.        
 0.98888397 -3.57434511  0.90692103  2.        
-14.92874146   5.1947751    4.45767212   3.        
-11.83206177   7.56058121   4.37619019   3.        
 7.67987108 10.11012554 -3.18496704  4.        
-6.43337202  7.94047213 -0.048767    3.        
 8.51482391  8.48898697 -5.94812012  4.        
13.91433716  9.02814102 -3.74203491  4.        
10.43766022  9.50302505 -4.45278883  4.        
-13.43004608   6.56235123   5.02453613   3.        
12.11695099  9.48675156 -4.30651903  4.        
-8.49603271  8.89435959  5.13186693  3.        
-0.55042303  5.76094389 -1.63604701  5.        
12.53703308  9.74144363 -3.37200904  4.        
-6.77417803  8.48852921  2.1222229   3.        
 1.99925995  7.90478897 -0.27612299  4.        
-4.90666199  7.63483    -0.13028     3.        
-0.79207599  6.50294113 -1.67303503  5.        
-1.15131402  5.31367922 -0.20071401  3.        
 1.12876105 -2.140167    0.66918898  2.        
 9.31060028 10.50876236 -2.47012305  4.        
 3.99291992  8.6365242  -4.80416918  4.        
 3.21363807  8.98584366 -1.335693    4.        
3.17330909 9.54905319 0.14267001 4.        
12.18771362  9.04323959 -4.91497803  4.        
 2.61778998  8.71293259 -2.172333    4.        
-3.78905511  7.75167513  0.92690998  3.        
 0.923531    2.2021451  -0.17211901  2.        
 3.80103302  9.83489609 -0.51965302  4.        
 4.28245497  9.13859177 -4.17440796  4.        
-8.99500027e-03 -1.08222895e+01  8.98621023e-01  2.00000000e+00
 1.17150104 -1.42032194  0.55047601  2.        
 3.06485796  9.11771011 -0.71209699  4.        
 1.12451899 -3.69084597  0.48803699  2.        
-9.14672947  8.62850571  5.28683519  3.        
0.29676801 1.73325002 0.157288   2.        
-4.78127289  7.19098282 -0.80361903  3.        
-2.84338403  7.90225601  2.20126295  3.        
14.04581547  7.21577787 -5.49047899  4.        
 9.22471619 10.85003281 -1.11026001  4.        
 1.33909595 -3.65391207  1.02328503  2.        
 7.17053986 10.15739059 -2.92596412  4.        
 2.9448781   8.61513138 -3.99661207  4.        
-0.85183001  5.67003202  0.963135    2.        
-6.45167494  9.38256454  4.56826782  3.        
0.54827899 2.21474791 0.134247   2.        
-9.27788544  8.08211899  0.95544398  3.        
 0.289749   -9.72322845  1.27780199  2.        
-8.11729431  8.38814926  1.633026    3.        
-3.93978095  9.0832634   3.43020606  3.        
1.32167804 5.9862709  0.197083   4.        
-7.12307692  9.0024147   5.12316895  3.        
 0.85248601 -5.11955595  0.40228301  2.        
 8.77115631  9.13806534 -5.09625196  4.        
-8.73873138  8.32130814  1.74276698  3.        
-13.5866394    6.40404081   4.40777588   3.        
2.69367194 8.40987778 0.29864499 4.        
-4.98779297  9.07145309  3.10162401  3.        
 1.10312605 -6.56440687  0.74234003  2.        
-0.250999    5.86185789 -1.36477697  5.        
-4.5874939   7.69644594  0.106293    3.        
-3.09521508  7.74940109  1.34399402  3.        
0.62838697 0.70575303 0.218658   2.        
-10.79315853   7.91250181   2.76229906   3.        
 0.46875799 -8.15838623  0.68896502  2.        
12.72931671  8.25574875 -5.72665405  4.        
 6.56582594 10.62389755 -1.20687902  4.        
 0.51062799 -8.43726444  1.00381505  2.        
 0.835495    4.23905611 -0.178894    2.        
-6.366745    8.40342331  1.69644201  3.        
14.93237305  7.56621885 -4.06509399  4.        
14.10214233  7.80079985 -5.10604906  4.        
0.173393 0.790012 0.055328 2.      
0.85877198 4.57330704 0.157776   2.        
 9.07507324 10.0726738  -3.40090895  4.        
 8.75294495 10.89006424 -1.03698695  4.        
 9.65634155 10.01506424 -3.57961988  4.        
-7.91128492  8.75121689  3.19070411  3.        
 0.53728497 -7.55459976  1.20855701  2.        
-8.67264557  8.77160263  3.9121089   3.        
 9.38638306 10.07516861 -3.45068407  4.        
12.42984009  9.96573257 -2.22137499  4.        
-14.83485413   5.1604352    3.9090879    3.        
0.22345001 0.122372   0.159058   2.        
-6.53434706  8.24534988  0.96551502  3.        
 3.5464251   8.5716362  -4.54202318  4.        
 0.41575599 -5.13913012  0.90344203  2.        
 0.96438599 -1.24837899  0.46249399  2.        
 2.45343804  8.02608109 -0.75528002  4.        
0.442642   1.44739103 0.63781703 2.        
-7.6919632   7.78023911 -0.48373401  3.        
 0.99868   -8.2693367  0.504547   2.       
 4.27651978  8.82265759 -5.03692579  4.        
12.87162018  7.79065323 -5.85333204  4.        
11.67476654  8.41297531 -5.75317383  4.        
 0.78669697 -7.64757919  0.110168    2.        
-4.53249407  8.45264816  2.04345703  3.        
-10.66934204   7.70767593   0.897919     3.        
-8.96414185  8.10259628  0.777008    3.        
12.39754486  9.21322346 -4.55197096  4.        
 0.77762598 -6.73355484  0.175842    2.        
  0.434708   -10.60732269   0.92044097   2.        
-12.54512024   6.96558809   2.209656     3.        
 0.51951599 -2.18358994  0.63357502  2.        
-15.04981232   5.03846407   5.26782179   3.        
14.85650635  7.38440323 -4.44711304  4.        
-0.74214202  5.56896591 -0.104248    5.        
 2.54559302  8.59461594 -1.88812304  4.        
-12.47436523   7.10863876   3.32324195   3.        
-13.15227509   6.68829679   5.54113817   3.        
-0.137436    5.34214401 -1.15637195  5.        
 1.28928399 -6.14321518  0.85244799  2.        
-6.23635101  8.75532913  2.49520898  3.        
14.08421326  9.16205978 -3.3031621   4.        
 0.227753    3.24198508 -0.00531     2.        
-3.5107801   6.86211777 -0.27063     3.        
 6.76196289 10.42930984 -1.75888097  4.        
0.73059797 2.52209806 0.318726   2.        
 0.74085999 -2.64110208  0.047791    2.        
-12.21250916   7.32069016   4.93521118   3.        
10.46743011  8.63124466 -5.79238892  4.        
 1.17390394  6.42497587 -0.61358601  4.        
 7.42892504 10.5518837  -1.93810999  4.        
 4.47696686  9.96670055 -1.15960705  4.        
11.43683624  9.82866955 -3.796417    4.        
 1.42129505  5.83230209 -0.26196301  4.        
0.169075   1.81885898 0.501831   2.        
 0.72167999 -3.01899695  1.13214099  2.        
-5.57426405  8.24457932  1.31860399  3.        
-0.076881    3.41803408  0.193115    2.        
 0.39721701 -0.18522599  0.65234399  2.        
 6.22149706  8.48299789 -5.45724487  4.        
-13.9041748    6.14670181   4.37783813   3.        
-4.59663391  7.34964418 -0.51397699  3.        
 0.35375199 -2.78668189  0.30584699  2.        
-4.0200119   7.27469206 -0.25589001  3.        
 1.861534    8.21064377 -2.74032593  4.        
 1.47898901  7.21338987 -0.78640699  4.        
 7.24632978 10.72512436 -1.37319899  4.        
-9.97159576  7.92428207  0.73409998  3.        
1.56462896 7.17767715 0.032379   4.        
-10.16880035   8.36488724   5.01596117   3.        
15.11350346  7.4979291  -4.37860107  4.        
-13.06275177   6.76680422   5.28854418   3.        
 0.62101698 -2.74798203  0.75647002  2.        
12.37493134  7.74067307 -6.01556396  4.        
14.19764709  8.70962143 -4.07275391  4.        
-10.00158691   7.67076492   0.071198     3.        
2.70661211 9.00173569 0.265991   4.        
-10.35384369   8.2310524    4.00036621   3.        
-0.258591    5.50238419 -0.79888898  5.        
 5.45762587  9.51699448 -3.74786401  4.        
-8.23601532  8.25819016  1.12280297  3.        
0.048447   3.67515206 0.54122901 2.        
13.36252594  9.5431633  -2.71139503  4.        
-9.01985168  8.25284958  1.56634498  3.        
-1.00503504  6.31007004 -1.67144799  5.        
 6.03003693 10.1704216  -2.06722999  4.        
1.89342499 6.71969986 0.091705   4.        
 7.97753096  9.6259346  -4.30627394  4.        
 0.68208301 -3.90485001  0.80731201  2.        
-3.73027802  8.19366837  1.69757104  3.        
 9.47888184  9.18577194 -5.07803297  4.        
 4.676826    9.19239426 -4.10751295  4.        
 0.743927   -0.87335598  0.077881    2.        
 0.85096699 -1.84000003  0.255768    2.        
-9.90933228  8.20278454  2.56768799  3.        
 4.13026381  9.75468063 -1.25869799  4.        
-1.20654297  5.87308884  0.60565197  3.        
 9.5220871   8.73810959 -5.67663622  4.        
 1.26245105 -4.0533638   0.73733503  2.        
-10.07000732   8.28875446   3.53936791   3.        
-1.26037598  6.57185793 -1.71841395  5.        
 0.74456     5.78123093 -0.242737    2.        
 1.12427497 -6.81504393  0.61654699  2.        
-8.43613434  8.29293442  1.43399     3.        
-0.57524103  6.28685379 -1.52957201  5.        
-13.69009399   6.33395004   5.24575806   3.        
11.53906345 10.10186386 -2.99566698  4.        
-6.47362518  8.08044815  0.425446    3.        
 1.07036602 -7.75118303  0.637115    2.        
 1.67339301 -3.80841088  1.03173804  2.        
-6.22657013  8.07960129  0.55194098  3.        
12.59714508 10.0106926  -2.62658691  4.        
-6.06761885  8.29831314  1.25628698  3.        
13.14977264  7.35222197 -5.92849684  4.        
14.50643158  8.87509537 -3.10037208  4.        
-5.38264513  7.05919313 -0.98336798  3.        
 2.97692895  9.19747543 -0.30770901  4.        
10.85914612  8.32487869 -5.97952318  4.        
0.056503   2.57586288 0.41659501 2.        
10.29263306  8.57442856 -5.99636793  4.        
 5.53398085  8.84527206 -5.19455004  4.        
3.08974504 8.74658585 0.52151501 4.        
-14.41049194   5.70354795   3.87512207   3.        
-7.73560286  8.61406326  2.61801195  3.        
-2.20393395  6.50383377  0.087585    3.        
 1.30883002  6.79990816 -0.83032203  4.        
0.347458   0.34531    0.86904901 2.        
11.94985962  7.92014694 -6.06204224  4.        
 2.20681     8.22297287 -3.55120802  4.        
 1.35662794  7.46616697 -1.62228405  4.        
-13.83398438   6.17015505   3.28405809   3.        
