 6.92480516 12.94379044 -0.13244601  4.        
  2.97918701 -13.02041245   3.68887305   2.        
-16.33312988   4.33971024   8.13470459   3.        
-6.95557404e+00  1.10070610e+01 -9.00300033e-03  3.00000000e+00
16.38777161  5.35718203 -7.14529419  4.        
1.66827404 0.63707697 2.95300293 2.        
-10.87297821  10.92967606   7.61016893   3.        
 8.95188141  9.84674358 -7.85848999  4.        
0.50859803 8.34726334 1.01480103 5.        
 3.12554908 -6.12762403  3.51693702  2.        
-14.17640686   7.83675003   3.03128004   3.        
13.79612732  9.99350357 -3.70541406  4.        
-4.72802687 12.72441483  5.48916578  3.        
 3.38306403 11.27690506 -4.90930223  4.        
-10.55654907  10.77209091   2.98053002   3.        
 9.62437439 11.7856636  -3.77221704  4.        
13.18379974  8.40556717 -7.8720088   4.        
-2.91873908 11.04543686  1.77676404  3.        
-14.13395691   8.05509567   7.38818407   3.        
 3.14186096 11.16536331 -0.63091999  4.        
0.26385501 4.30199003 1.72293103 2.        
 1.82782805 -2.98850989  2.24313307  2.        
-8.269104   12.08849716  5.54818678  3.        
 2.69490099 -9.56923294  3.02807593  2.        
-15.56893921   5.26305819   4.88205004   3.        
 6.74275208 11.20343399 -5.5874939   4.        
15.64265442  8.19861221 -5.63729906  4.        
11.48621368 10.28262711 -5.93167114  4.        
-12.51553345   9.68603897   5.23880005   3.        
-6.31955719 11.91250992  2.927917    3.        
 5.45540619 11.79388046 -2.70779395  4.        
 0.443344   10.69703293 -0.39208999  5.        
 9.3481369  12.68909836 -1.31698596  4.        
11.97927856 11.46143723 -2.58804297  4.        
-2.63002801 12.14404678  4.03656006  3.        
 1.99094403 10.70758438 -2.89175391  4.        
-12.51184082   9.52582932   2.09640503   3.        
-9.23279572 10.61283493  0.86419702  3.        
-4.55465698e+00  1.05407066e+01  3.84499994e-03  3.00000000e+00
14.65596008  6.5977211  -8.34634399  4.        
 4.89809418 11.99297714  0.73648101  4.        
-14.80368805   6.07668686   8.65786743   3.        
-1.17585695  9.54999161  2.23590112  3.        
-10.37557983  11.16606522   5.28115797   3.        
10.88693237  8.47641373 -8.08847046  4.        
-14.74745941   7.36385012   5.21020508   3.        
-12.58772278   9.59643936   8.14630127   3.        
 9.26413727 10.87042618 -5.91162109  4.        
13.66065216  9.41418839 -5.95095778  4.        
1.18972802 6.30838394 1.60476696 2.        
2.20658112 9.8843956  0.89862102 4.        
 7.62875414 12.2334938  -2.61157203  4.        
-8.52766418 11.55459976  2.75497389  3.        
  3.97705102 -11.14226532   4.13205004   2.        
1.48199499 2.82449698 2.72900391 2.        
 2.11019111 -1.31845903  3.39517212  2.        
-15.5201416    6.17581606   6.68667603   3.        
 2.53797102 -4.09429884  3.75357103  2.        
-4.26426697 11.92692184  2.94583106  3.        
 3.1221621  -7.9641881   4.00354004  2.        
-6.57810211 12.40150833  4.74765015  3.        
-5.48771715 11.59508133  1.25167799  3.        
-0.70056897  7.09355497  1.64965796  2.        
 3.63707709 11.45047379 -2.393677    4.        
 7.35246277 10.54044724 -7.27157593  4.        
 5.18730211 11.46960831 -4.49127197  4.        
15.85460663  7.06648588 -7.01016188  4.        
-9.43234253 11.79007339  6.87463379  3.        
12.32511139 10.84808731 -4.25085402  4.        
-16.33054352   4.40963411   6.24819994   3.        
 7.93846893 11.60793686 -4.32046509  4.        
 4.77662706 11.98754501 -1.04043603  4.        
-11.02503204  10.16374588   1.37899804   3.        
-13.66716003   8.56254196   4.52441406   3.        
 5.1367259  11.21030807 -6.1914978   4.        
-11.94124603  10.03873825   3.68823195   3.        
-7.31266785 11.55765247  1.53131104  3.        
14.57860565  8.19576645 -6.92492723  4.        
 1.85773504 10.33085346 -1.25650001  4.        
11.9788208   9.31158066 -7.17837477  4.        
-2.00615692 10.03531265  0.84988397  3.        
-1.77198803 11.03578568  2.94045997  3.        
10.53009796 12.21810532 -2.33517504  4.        
10.41898346  9.93402481 -7.16189623  4.        
-13.24278259   9.1593132    6.5809021    3.        
14.82865143  9.21084976 -4.68368483  4.        
10.69607544 11.0875206  -4.7938838   4.        
-11.89292145  10.38566971   6.51916504   3.        
-9.28927612 11.46730423  4.14260912  3.        
1.10853601 1.56599796 1.80413795 2.        
 1.94578505 -7.0607028   3.10067797  2.        
-1.03382099  8.50314713  0.98660302  3.        
-15.5092392    3.22706199   7.44598389   3.        
 1.21894097  9.16446304 -0.070312    2.        
-6.98060608 12.39008713  6.30425978  3.        
 6.19020081 12.361866   -1.44500697  4.        
 1.72864497 -4.92544603  2.78073096  2.        
-5.13162994 12.39448166  4.08071899  3.        
  3.33821106 -11.11856461   2.77435303   2.        
 6.61411285 11.72780228 -3.631073    4.        
 7.80899096 12.95222092 -1.33212304  4.        
-3.13121009 10.88619614  0.117584    3.        
 3.65334296 11.11645126  0.74221802  4.        
-7.91798401 11.97169113  4.12387085  3.        
-0.177559    5.68190384  1.599823    2.        
 1.64163196 -0.68382299  2.17883301  2.        
  4.33557892 -12.46372604   3.67422509   2.        
-14.96854401   6.72613096   3.9398191    3.        
-14.07289124   7.38702822   8.64843845   3.        
-13.29929447   8.98047256   3.22589111   3.        
-0.019821    9.59670639  0.42904699  5.        
1.62220001 7.51828384 0.909576   2.        
 3.79962206 -9.71853638  3.84066796  2.        
12.05142975  7.95512009 -8.5869751   4.        
-4.15361786 11.37170029  1.039886    3.        
 2.32716393 -2.64412689  3.58432007  2.        
-3.83878303 12.60465622  4.47229004  3.        
 4.10959578 11.45396805 -3.6590271   4.        
-14.03833771   8.27391434   5.90997314   3.        
-11.44425201  10.42975998   4.89254808   3.        
-15.74194336   5.51894808   7.82629395   3.        
-14.90402985   6.97468185   7.67947388   3.        
 7.96139479 10.89220047 -6.12557983  4.        
-9.59806824 11.00880146  2.11074805  3.        
-13.28792572   8.41504955   8.4135437    3.        
 9.08301544 12.28915787 -2.68792701  4.        
11.04400635 11.52600479 -3.61190796  4.        
1.31707001 5.08469009 2.04476905 2.        
13.25292206  7.30907106 -8.57769775  4.        
13.27276611 10.14287853 -4.88821411  4.        
0.57570601 3.03924894 1.82351696 2.        
-0.43237299  8.4948616   2.14190698  2.        
 2.54814911 -8.30511093  2.83776903  2.        
-2.93750811 11.7347908   2.86196899  3.        
0.35573599 7.10433578 0.76110798 2.        
 2.88072205 11.07679367 -3.75476098  4.        
 3.02047706 -4.99881411  2.94714403  2.        
 5.72878981 12.62214279 -0.252258    4.        
-14.74048615   7.43749619   6.49435377   3.        
-5.7334671 11.1721077  0.098328   3.       
-8.10167694 11.06742477  0.68191499  3.        
1.69836402 8.77478409 1.00036597 2.        
15.59041595  5.98244095 -7.83145094  4.        
-11.56395721  10.19498062   2.53576708   3.        
 2.62157393 11.09995747 -1.80227697  4.        
-10.608284    11.25172043   6.47225904   3.        
 6.33197021 10.51089096 -6.62542677  4.        
16.15224457  6.98006105 -5.85320997  4.        
12.95100403 10.91106796 -3.23751807  4.        
1.22562397 3.99673104 2.52356005 2.        
-9.39756775 11.73898697  5.65060377  3.        
 2.49362206 -4.02492905  2.52746606  2.        
 2.12704492 -5.58848906  3.84783912  2.        
 9.11558533 11.32040787 -4.82876587  4.        
-5.86628008 12.64120102  5.76782179  3.        
12.60619354  9.937397   -5.90310717  4.        
-8.29415894 12.01991653  6.73684692  3.        
 1.61475396 -1.82967806  2.39578295  2.        
-15.35328674   6.40027189   5.45980787   3.        
14.68878937  8.87752914 -5.90362597  4.        
-10.63978577  10.81341171   4.15356398   3.        
14.29691315  7.63066483 -7.89288282  4.        
 2.21841407 10.45308304 -0.170654    4.        
 2.78692603 -9.25261688  4.12893677  2.        
  3.21000695 -11.8775177    3.69570899   2.        
 8.7640152  10.50928879 -6.94366503  4.        
-11.89382935  10.43511581   7.73425293   3.        
0.28074601 6.98041105 2.21951294 2.        
10.39064026 10.54204178 -6.0996089   4.        
  3.02609992 -10.61853409   3.79544091   2.        
-5.31361389 11.80249405  2.35449195  3.        
-12.88381195   9.42318344   4.19824219   3.        
-1.87528205 10.44934464  1.89779699  3.        
13.09111786  9.072155   -6.86685181  4.        
 4.4631958  11.02990341 -5.30062914  4.        
 9.93132019  9.21949387 -7.88305712  4.        
-0.30041501  8.37333298  0.141968    5.        
 2.343086   -5.8732152   2.73730493  2.        
-7.43555498 11.76075363  2.63003492  3.        
-14.37882233   7.79513884   4.13241577   3.        
 4.04148102e+00  1.18426018e+01 -2.01399997e-03  4.00000000e+00
 1.74716997 -3.510391    3.22335792  2.        
-15.90441132   5.46511507   5.94418287   3.        
1.507797   1.77198398 3.014709   2.        
 6.45141602 12.16201401 -2.56478906  4.        
0.78694201 5.23720884 1.13290405 2.        
 6.25187683 11.52264023 -4.70184278  4.        
 8.29698944 11.97671127 -3.39343309  4.        
-8.43170929 11.33160019  1.65023804  3.        
-3.83209991 11.45502853  2.11270094  3.        
-6.32152605 11.73274612  1.896088    3.        
-16.28586578   3.86732888   7.2096858    3.        
-9.5224762  11.28673172  3.15231299  3.        
-6.5134201  11.46210098  0.806122    3.        
 0.87094098 10.18995953  0.399048    5.        
 1.80054498 -0.36425799  3.17935205  2.        
-13.2865448    9.05333328   5.47796583   3.        
0.55432099 5.77096224 2.31253004 2.        
-12.6081543    9.84859753   7.15286303   3.        
 4.62428999 11.72011185 -2.01699805  4.        
 2.92437696 -7.12447023  3.42056298  2.        
-6.88770294 12.14525986  3.81408691  3.        
11.63302612 10.76314163 -5.05371094  4.        
-15.98694611   5.17115402   6.90762281   3.        
 3.82295203 11.50266647 -1.29238904  4.        
-0.63504797  9.33620834  1.38580298  2.        
1.17801702 0.185036   2.00363207 2.        
-13.32769775   9.04379559   7.56268311   3.        
-3.52649689 12.20928574  3.53952003  3.        
-10.15114594  10.62020493   1.34646595   3.        
11.91051483  8.66887283 -7.9246521   4.        
 7.6618042  11.26527023 -5.24645996  4.        
-11.27996826  10.71182632   5.81256104   3.        
 8.43861389 12.68823624 -2.07324195  4.        
16.42987061  6.37231779 -6.63705397  4.        
-7.36644697 12.35615158  5.31924391  3.        
 2.79122901 -2.88412094  2.77160597  2.        
15.46517944  7.81415892 -6.50253296  4.        
15.1314621   7.24215317 -7.62811279  4.        
0.143143   7.8386879  1.73632801 2.        
  4.02448988 -10.59413528   3.18057203   2.        
 7.11233521 12.60306168 -1.88238502  4.        
 5.77896118 11.21921158 -5.48709106  4.        
  4.12509203 -11.63128281   3.28576708   2.        
 3.1745069  -8.79272079  3.34527612  2.        
1.08725703 3.88661599 1.53588903 2.        
-5.45892286 12.13486862  3.234833    3.        
 2.72626495 10.83628464  0.51956201  4.        
-15.4465332    6.12721586   4.53747606   3.        
-1.78566003  9.42013168  1.52185094  3.        
11.01551819  9.28588486 -7.6338501   4.        
-12.57420254   9.57533741   3.17608595   3.        
11.27597809  9.87015915 -6.79257202  4.        
 2.78397393 11.19889545 -2.83233595  4.        
-13.34830475   8.76709366   2.31777906   3.        
 5.68288422 11.68919754 -3.64065504  4.        
-5.60409498 12.66159439  4.83621216  3.        
 2.19268799 -7.22223997  3.98638892  2.        
 9.64126587 10.40716171 -6.63345289  4.        
14.07408905  9.74383926 -4.58215284  4.        
-10.05223846  11.23538589   7.28399706   3.        
-2.71386695 10.69540787  0.94339001  3.        
 8.09877014  9.94371414 -7.25219679  4.        
-8.84757233 11.78479385  4.89102221  3.        
-4.82732391 11.37518692  0.41104099  3.        
12.06421661 11.28998184 -3.48931909  4.        
  3.73912001 -12.89623642   3.12945604   2.        
-15.35721588   5.03087187   8.4944458    3.        
13.94513702  8.78657246 -6.63809204  4.        
2.04199195 9.55191422 0.065155   4.        
 8.56841278 12.75442123 -0.855896    4.        
1.62495399 2.30472994 1.998505   2.        
0.255905   6.47176695 1.39444005 2.        
10.02461243 10.9432106  -5.37167406  4.        
 4.88874006 12.2989769  -0.101868    4.        
13.19307709 10.53033066 -4.08514404  4.        
 9.68022156 12.19583511 -2.03335595  4.        
-15.86750031   4.66876602   5.54241896   3.        
-13.88246918   8.40582657   3.68270898   3.        
-12.67070007   9.70412064   6.18948412   3.        
10.32936096 11.88588333 -3.24172997  4.        
-10.69648743  10.48329544   2.15991211   3.        
0.76835603 9.31177139 0.70089698 5.        
-4.66599989 11.65578842  1.77923596  3.        
15.26841736  8.32281876 -4.86319017  4.        
 1.46871901 -2.33365989  1.704041    2.        
 4.15643311 11.30953598 -4.51290894  4.        
-5.98786211 12.29247665  4.00753784  3.        
 1.60964203  9.76062393 -0.65692103  4.        
-12.13198853   9.98739243   4.52957201   3.        
 5.35453796 12.08018112 -1.73931897  4.        
1.04071796 1.00905597 2.4997859  2.        
0.877464   7.60299301 1.32473695 2.        
 7.71340895 12.98794937 -0.46206701  4.        
-2.29520392 11.58922958  3.40539598  3.        
 1.66856396 -2.45348692  2.97543311  2.        
12.43508911 10.47431564 -5.04150391  4.        
 7.07540083 10.88644791 -6.44882202  4.        
-11.15227509  10.50310135   3.5501101    3.        
-15.31176758   6.18787813   7.52636719   3.        
 4.70941877 11.62044907 -3.075562    4.        
 7.02377319 12.85946274 -0.971771    4.        
 2.32347107 -6.437572    3.53530908  2.        
-11.95023346  10.2286644    5.56222486   3.        
 8.4857626  11.21266556 -5.43585205  4.        
0.82745397 2.33498812 2.28106689 2.        
-0.165611    7.86765718  0.83929402  5.        
1.26850104 8.17811966 0.51812702 2.        
11.18508911 11.93456554 -2.78640795  4.        
-13.65011597   8.45466232   6.8286438    3.        
  3.76379395 -12.82915878   4.16976881   2.        
-11.75656891   9.87868118   1.67532301   3.        
 2.64278412 -7.35120392  2.66415405  2.        
 2.70976305 -4.98671007  3.85491896  2.        
13.93946075  8.29462814 -7.53005981  4.        
 2.50304389 -8.466362    3.72094703  2.        
 1.91504705 10.61717606 -2.03747606  4.        
 7.10957289 11.57264328 -4.38400316  4.        
 0.078926    9.91204453 -0.33453399  5.        
 5.6052928  12.37945938  0.54498303  4.        
 8.72194672 11.73163223 -4.08178711  4.        
 9.93244934 11.30672836 -4.56222486  4.        
-9.70256805 11.47310257  4.91867113  3.        
-8.46333313 11.64822769  3.59872389  3.        
 3.46538496 -9.99129868  3.14187598  2.        
-14.23683167   8.01801682   4.90811205   3.        
13.8794632   6.89390182 -8.26016235  4.        
12.06637573  9.78616714 -6.52124023  4.        
0.72215301 4.63431215 2.36853004 2.        
14.21600342  9.32211685 -5.36532593  4.        
-15.0446167    6.61684799   6.17544603   3.        
10.88597107 10.66992569 -5.47631788  4.        
 7.399086   11.87691879 -3.53839111  4.        
-11.37811279  10.88197708   6.88595581   3.        
-8.89910126 12.03369522  6.20871019  3.        
-3.889328   11.01873398  0.343658    3.        
-2.35440111 11.13061142  2.39941406  3.        
 1.43286097 -1.17337799  2.8122561   2.        
-4.36077118 12.37932205  3.88012695  3.        
-14.68882847   6.84712601   8.43551636   3.        
 5.60396624 10.56624222 -6.21484423  4.        
-7.74342299 12.3753624   6.07772779  3.        
-10.00808716  11.13342667   3.79177904   3.        
1.17457604 6.86268187 0.95343    2.        
  3.88289595 -11.96342087   4.1098938    2.        
 9.65052795 10.02933884 -7.33731079  4.        
12.57363892  8.86259079 -7.44232178  4.        
 2.42869592 10.76891708 -0.93438703  4.        
-7.35147905 11.29182053  0.61331201  3.        
-15.12454987   6.89502287   6.92956495   3.        
-4.61886597 12.7037468   4.58548021  3.        
-6.65131378 12.57808304  5.54742384  3.        
 5.55737305 12.30727005 -0.99008203  4.        
 2.46118903 -1.97048199  3.14709496  2.        
-13.96774292   7.9788022    8.15023804   3.        
0.30409199 5.06766891 1.85534704 2.        
 3.36576104 11.44887161  0.056274    4.        
  3.06408691 -12.45514297   3.16390991   2.        
-7.60340118 11.86113358  3.42324805  3.        
 2.72785211 -3.56227493  3.2224431   2.        
 1.85520196 -4.27694702  3.19561791  2.        
 2.37638903 -7.75352478  3.44586205  2.        
1.27938104 3.31248903 2.16305494 2.        
 6.28298187 12.70676804  0.279663    4.        
-16.05950165   4.83496523   7.61181593   3.        
 1.16396296 10.4395256  -0.30847201  5.        
1.69079602 1.42235899 2.35437012 2.        
-9.87573242 11.58238602  6.28289795  3.        
12.78191376  7.84083891 -8.29730225  4.        
0.61312097 3.75700808 2.12695289 2.        
1.85030401 0.050907   2.50280809 2.        
-1.11048901  8.85242844  1.72302198  3.        
 3.43274689 11.35876083 -3.17852807  4.        
-15.05049133   6.86722898   4.67364502   3.        
16.05480194  6.32370377 -7.34942579  4.        
-14.37056732   7.147892     3.7523191    3.        
11.48121643 11.08380508 -4.39453077  4.        
-0.55682403  8.14149857  1.43356299  2.        
-3.11277795 12.36394119  4.55804396  3.        
-9.1140213  11.07004166  1.51400805  3.        
-3.45148492 11.13131332  1.04562402  3.        
 2.69091797 -9.9575119   3.78213501  2.        
-0.132866    8.859478    0.67102098  5.        
 4.20947313 11.59553909  0.81509399  4.        
13.56587219  7.77905703 -8.10620117  4.        
-13.77171326   8.42738724   2.81265306   3.        
 6.15246582 11.04248428 -6.10864305  4.        
-15.97255707   3.72849703   7.95059204   3.        
 2.95758796 -6.88615799  4.11291504  2.        
  3.75178504 -10.41165161   4.07031202   2.        
15.06370544  8.39422989 -6.30190992  4.        
 6.3819499  12.78469467 -0.59164399  4.        
-14.32831573   7.38585281   7.93179321   3.        
-14.26248169   8.08593369   6.57507277   3.        
-7.97923994 12.06731033  4.88268995  3.        
 7.9845891  10.64535141 -6.80471802  4.        
 2.7256701  -5.55643797  3.33544898  2.        
10.24021053 12.53461838 -1.73806798  4.        
 2.06751204 -4.89190722  3.55310106  2.        
1.59486401 9.35949326 0.58941698 2.        
10.39416504 11.56389999 -3.90774488  4.        
-1.60685694 10.17082596  2.49893188  3.        
 2.40029097 -4.64918518  2.86254907  2.        
-13.76617432   8.56275558   5.28848314   3.        
-11.52780914  10.34297562   4.17965698   3.        
13.0453186   9.50337601 -6.30395508  4.        
 5.08754015 11.35400772 -5.21194506  4.        
15.79675293  5.31786013 -7.53167677  4.        
15.083992    8.91624832 -5.27279711  4.        
-14.26024628   7.60824203   5.82849121   3.        
 3.034096   -8.05697346  3.31079102  2.        
0.94571698 4.59490585 1.70284998 2.        
1.17587996 0.133743   2.70507789 2.        
-13.02539062   9.04613876   8.25002956   3.        
 3.57135797 11.24909592 -4.12875414  4.        
1.66981494 8.73933029 0.26052901 2.        
 1.58106196 -1.77241898  3.14068604  2.        
 3.14376807 11.189785   -1.32934594  4.        
 4.11939192 11.76909256 -0.71908599  4.        
 2.32840705 -6.57059908  2.73828101  2.        
15.9623642   7.70820189 -6.01651001  4.        
 9.87604523 12.23646164 -2.70068407  4.        
14.91175079  6.07969284 -7.95752001  4.        
 5.0240941  11.53480911 -3.79794312  4.        
-16.32202911   4.52123594   6.98226881   3.        
 8.63151646 10.83579636 -6.34753418  4.        
-0.042625    7.23098421  1.46276903  2.        
-8.99219513 11.30011368  2.31048608  3.        
11.4154129   8.38188457 -8.52416992  4.        
 8.31600189 12.24570847 -2.75823998  4.        
-15.34677124   5.88154221   8.27975464   3.        
-7.18485308 12.2076683   4.48303223  3.        
  3.75364709 -12.21600342   3.01748705   2.        
-13.2257843    9.13933945   4.72540283   3.        
-10.96643066  10.81845474   5.20230103   3.        
 5.90615082 12.14734268 -2.14502001  4.        
-7.79468489 11.6052742   2.01879907  3.        
 2.86620307 -5.76326418  4.03674316  2.        
0.095665   6.27322006 2.23696899 2.        
 9.12313843 12.59254074 -2.03662109  4.        
-16.20087433   5.00915909   4.94094896   3.        
-5.1375432  10.91678238 -0.118225    3.        
-12.12911224   9.86433029   2.73187304   3.        
  3.31797791 -11.27759933   4.01470995   2.        
-12.97049046   9.25806808   2.69647193   3.        
1.24353802 3.02220511 1.54751599 2.        
-14.58175659   7.47431612   7.30600023   3.        
 2.20970893 -3.36918592  2.65814209  2.        
  2.93681312 -10.52711487   3.12789893   2.        
1.06224096 1.69027305 2.47021508 2.        
15.33177853  6.62260103 -7.81988478  4.        
-1.41424596  9.97693253  1.74294996  3.        
 9.09737396 12.01643753 -3.30715895  4.        
1.14043403 5.62174606 1.67376697 2.        
-13.28798676   8.91617966   4.00738478   3.        
-14.88626862   7.22282791   5.855896     3.        
 6.18738604 11.82052994 -3.11709595  4.        
-15.72120667   5.75437593   7.17190599   3.        
-15.66992188   5.83452988   5.28601122   3.        
-13.68562317   8.53723526   7.81481886   3.        
-4.79865313 12.1289711   3.3409121   3.        
-13.65885925   8.73060989   6.22210693   3.        
 2.17459893 -3.282444    3.69692993  2.        
-10.21193695  11.16102219   4.62640381   3.        
13.44460297  8.69553757 -7.334198    4.        
0.98462701 6.22715378 0.93737799 2.        
-4.19089508 12.68012619  5.09081984  3.        
10.67796326 10.23694992 -6.61209106  4.        
 2.06433892 -1.28957796  2.65170288  2.        
-6.93708801 11.98112106  3.15585303  3.        
 8.47078705 11.45225906 -4.76559401  4.        
-15.69113159   4.48052597   8.34533691   3.        
-6.92272902 11.80213547  2.21603394  3.        
-8.5354538  11.79397964  4.27615404  3.        
-10.12739563  10.87668991   2.48992896   3.        
 7.77417803 12.57515335 -2.0662539   4.        
13.22821045  9.85356522 -5.47918701  4.        
1.58165002 0.73428297 2.24139404 2.        
-8.77048492 10.90858078  0.49941999  3.        
 7.0182271  12.05357742 -2.88095093  4.        
0.78948998 6.82674789 1.56521595 2.        
-7.91632795 11.39113998  1.22143495  3.        
 4.06137896 11.48342514 -2.89141798  4.        
 8.72711945 12.91476822 -1.53476     4.        
12.53782654  8.36878586 -7.94775391  4.        
-0.23709901  6.66643095  1.80950904  2.        
 2.70243096 10.88436508 -0.218964    4.        
12.08258057 10.30732346 -5.55938721  4.        
 2.38398695 10.83710098 -3.4160459   4.        
10.52805328  9.02532578 -8.04110718  4.        
14.91374207  7.72925997 -7.26208496  4.        
2.10564399 0.96491998 2.61270094 2.        
 2.91461205 -4.26186419  3.25915504  2.        
-2.33052111 10.64509201  1.45791602  3.        
  3.17415595 -11.12057114   3.40853906   2.        
-1.40615797  9.45970535  1.00576794  3.        
-3.11839294 11.44921494  2.31655908  3.        
 3.11015296 10.85378647 -4.33447313  4.        
16.17655945  7.19158602 -6.45565796  4.        
-15.51912689   6.14779282   6.022614     3.        
-14.69615173   7.27166414   4.33013916   3.        
 2.07871199 -5.42976379  3.21026611  2.        
-2.83824205 12.03995132  3.41284204  3.        
  3.25005293 -11.67714691   3.06771803   2.        
10.88293457 11.27242661 -4.19311523  4.        
-5.43714094 11.46552658  0.63064599  3.        
 7.4563899  11.15050125 -5.83810377  4.        
-11.26036835  10.26747513   1.96054101   3.        
14.4694519   9.51108932 -4.14260912  4.        
-4.88713789 11.49465561  1.07382202  3.        
11.28778076  8.96205521 -8.11431885  4.        
 2.62807488 -9.08755493  3.45120192  2.        
-5.67538404 11.77167892  1.82501197  3.        
 7.07677507 11.35389328 -5.03506517  4.        
-15.13471222   6.51314878   8.1461792    3.        
0.49636099 5.89437485 1.34219396 2.        
-4.40633392 11.67941666  2.34985399  3.        
1.69697595 8.15268326 1.07870495 2.        
 3.36412811 -9.43947601  3.42044091  2.        
13.68318939 10.15610123 -4.31976318  4.        
 8.58839417 10.25475693 -7.48760986  4.        
 2.0254519  10.15799332  0.34396401  4.        
-0.75925398  9.041996    2.20156908  2.        
-0.47235101  7.67075014  1.83242798  2.        
0.86039001 8.70120621 0.63601702 2.        
 0.333588  10.3115654  0.114685   5.       
 3.00363898 -8.68003464  4.03277588  2.        
1.01118505 2.31502891 1.69088805 2.        
  3.33234406 -12.51593018   3.74102807   2.        
 1.34300995 -0.53456098  2.80108595  2.        
 9.29011536 11.55912399 -4.24465895  4.        
-10.2551651   11.34448624   5.861938     3.        
-7.73819017 11.02900314  0.187805    3.        
-12.10594177  10.31552505   7.08929396   3.        
-16.16418457   5.00779295   6.25772095   3.        
-6.34121704 11.15417099  0.034149    3.        
 1.514099   -3.07151008  2.76080298  2.        
 2.27332306 10.99914932 -2.43539405  4.        
11.66934204 11.60557175 -3.14807105  4.        
13.42844391 10.45320511 -3.52926612  4.        
1.87051404 1.29263699 3.10516405 2.        
-6.34587097 12.14408493  3.53927588  3.        
-8.60951996 11.14202499  1.03643799  3.        
12.56987     9.49456406 -6.69442701  4.        
 3.12702894 11.29182053 -2.10580397  4.        
-12.47303009   9.62246323   3.79885888   3.        
-11.87802887   9.47454453   2.11032104   3.        
-7.96534681 11.70497513  2.96350098  3.        
-5.96108198 11.82179642  2.44836402  3.        
15.40357208  7.47046995 -7.00424194  4.        
-6.11151123 12.56502914  5.15033007  3.        
2.07413507 9.24757767 0.99276698 2.        
  4.41902208 -11.87989426   3.84487891   2.        
 6.89742994 10.48911667 -6.86581421  4.        
-8.93012238 11.44909954  3.27392602  3.        
13.71329498  9.7525444  -5.1366272   4.        
 5.69135284 11.39850998 -4.9190979   4.        
14.14255524  9.08108902 -6.08840895  4.        
0.50193799 7.72823    0.87451202 5.        
 2.24361396 -2.48614097  2.80932593  2.        
15.19248199  7.81836319 -5.74649096  4.        
 9.50924683  9.62060165 -8.02468872  4.        
-6.08691406 11.59706497  1.24523902  3.        
 3.94109297 10.93187332 -5.02337694  4.        
-3.52427697 11.78418446  2.752563    3.        
-15.80787659   5.60430479   6.53503418   3.        
-12.76976013   9.39985275   7.51345778   3.        
 4.0136342  11.57424545 -1.94787598  4.        
-11.11250305  10.42867661   2.8469851    3.        
12.4707489  11.13564682 -2.965729    4.        
-11.61483765  10.23380661   3.128021     3.        
 9.38266754 11.09913254 -5.31256104  4.        
10.40865326  9.52419662 -7.703125    4.        
0.64696503 6.30406618 1.84262097 2.        
 2.81218696 -8.85462856  2.8822329   2.        
 6.57197618 12.38124466 -1.96963501  4.        
14.65366364  7.17874479 -8.02368164  4.        
-3.548805   11.26620865  1.61102295  3.        
-3.69731903 10.60126114 -0.024109    3.        
0.88937402 2.92068911 2.362396   2.        
-11.45374298  10.76316547   7.45614576   3.        
-12.29014587   9.92860031   7.63998413   3.        
 2.7971189  -6.60591078  3.17627001  2.        
-4.8621521  11.93494034  2.70571899  3.        
12.55839539 11.04716873 -3.75094604  4.        
-10.70579529  11.18142319   7.10836792   3.        
-1.85037196 10.80971146  2.35858202  3.        
-10.81006622  11.0606041    5.82913208   3.        
-12.21614075  10.04601669   6.05429077   3.        
15.8585968   7.42304611 -5.51687622  4.        
-15.08177185   6.88777494   5.28701782   3.        
 9.79689789 10.68675613 -6.06054688  4.        
 2.21906304 10.82597733 -1.485291    4.        
-16.10485077   3.3618741    7.43081713   3.        
 3.3186419  -6.67398787  3.53262305  2.        
 4.93266296 10.90273666 -5.74453688  4.        
14.53630829  8.6044426  -6.51602221  4.        
-5.38004303 12.56866074  5.46130419  3.        
 4.52391815 12.09232712  0.297272    4.        
-8.34025574 12.18628311  6.18502808  3.        
1.33185601 7.02067184 1.52194202 2.        
11.04555511 11.85306931 -2.23233008  4.        
 6.49744415 11.64802933 -4.19552612  4.        
 2.78094506 -7.47343397  3.8561101   2.        
-0.62057501  8.71815109  1.45163     2.        
-2.99665809 10.43982315  0.45550501  3.        
-9.65471554 10.81606674  1.55972302  3.        
-12.90455627   9.42896557   5.6854248    3.        
  3.25402093 -10.03536987   3.86419702   2.        
1.367836   4.27485323 2.04205298 2.        
 1.87833405 10.26710129 -0.675964    4.        
1.05850196 7.67958403 0.746979   2.        
 1.13468897e+00  9.72711563e+00 -3.44799994e-03  2.00000000e+00
 4.6490941  11.47106647 -4.22616577  4.        
 1.75698102 -2.41177392  2.41125488  2.        
0.68054199 5.19584322 2.27023292 2.        
-8.81129456 11.90901566  5.52749586  3.        
-10.44930267  10.87836075   3.53341699   3.        
0.481392   9.88342667 0.68194598 5.        
-12.94985199   9.23999405   3.66238403   3.        
12.84907532 10.4639473  -4.65090895  4.        
 4.7022481  11.34531021 -4.79351807  4.        
 1.97473896 -0.55059099  2.61975098  2.        
 2.07717896 -1.94979894  2.70370507  2.        
-10.06335354  11.04242325   3.06082106   3.        
-2.39461493 11.4915657   2.83505297  3.        
-6.76250505 11.63185501  1.41735804  3.        
11.54074097 11.3227272  -3.79333496  4.        
-7.72681379 12.16012955  6.60104418  3.        
 9.14594269 10.65842819 -6.50177002  4.        
-3.18047309 12.30076981  4.00045776  3.        
-11.0719986   10.60896683   4.50729418   3.        
2.00697303 0.83870697 3.41107202 2.        
-6.3585968  12.502491    6.02346802  3.        
 0.77815998 10.65977859  0.057068    5.        
-10.10024261  10.72804642   1.95166004   3.        
 6.70956421 12.6487236  -1.38214099  4.        
-12.87509918   9.57519913   6.69213915   3.        
-2.63486505 11.61316299  3.86572289  3.        
-14.97316742   6.36746597   4.36630201   3.        
2.46425605 9.63679886 0.472534   4.        
-16.15293884   4.25802994   7.61520386   3.        
 3.77404809 11.647892    0.474426    4.        
-16.17321014   3.86865592   6.6663208    3.        
 2.85588098 -6.36663818  3.93875098  2.        
-1.12664795  9.54887009  1.53893995  3.        
1.30744898 2.31351089 2.60452294 2.        
1.38569605 3.42600608 2.69470191 2.        
-10.19207764  11.49403      6.74462891   3.        
-0.021004    6.7912941   1.01821899  2.        
 1.86979699 -3.90323591  2.78820801  2.        
-4.11953688 11.45541     1.58532703  3.        
16.10401917  5.76732206 -7.44168091  4.        
  3.5357821  -10.62102127   3.4351809    2.        
 2.3584671  -3.0308609   3.08062696  2.        
-15.86589146   5.04955721   8.08764553   3.        
 6.28379107 11.31190872 -5.28637695  4.        
-12.69367981   9.53486156   4.73989916   3.        
 3.65686798 11.49054337 -0.61440998  4.        
-14.2315979    7.90408707   3.57391405   3.        
0.17991599 8.28281784 0.579651   5.        
-11.10169983  10.90729141   6.29354906   3.        
10.95243073  9.6871376  -7.19628906  4.        
-1.75548601 10.12813187  1.34081995  3.        
  4.00363922 -11.09605026   3.39935303   2.        
 2.19779992 -5.27448702  2.69879198  2.        
 1.34485602 -0.245628    2.31893897  2.        
 7.84310913 12.06847763 -3.08740211  4.        
1.19435894 1.05267704 1.97170997 2.        
 5.27454376 11.72791672 -3.27926612  4.        
-4.40885878 11.07625198  0.183624    3.        
 4.53924608 11.64454269 -2.55691504  4.        
11.96439362 10.04218674 -6.03622389  4.        
 2.04014611 -6.16498613  3.08380103  2.        
10.16960144 10.26347733 -6.80435181  4.        
 6.98017883 12.32671738 -2.33203101  4.        
-4.99849701 12.74363327  5.01788282  3.        
-8.43628693 11.48017502  2.2246089   3.        
 5.84037018 11.54564285 -4.34817505  4.        
-5.97101593 11.49708939  0.72094703  3.        
-12.09736633  10.01170731   5.08795214   3.        
-9.74699402 11.30574417  4.38891602  3.        
-12.44083405   9.93024826   6.64437914   3.        
 3.35804796 -9.53810501  2.8656621   2.        
1.41485596 2.78678489 2.1933589  2.        
 5.08974504 11.77522659 -2.28726196  4.        
 4.49584198 12.03355026 -0.43435699  4.        
 7.97408295 11.76023483 -3.76950097  4.        
 1.83740997 -2.96897888  3.21163893  2.        
11.67358398  9.0972023  -7.69522095  4.        
1.88639104 0.166122   3.23828101 2.        
15.13370514  8.5965004  -5.7810359   4.        
-7.12553406 12.48161697  5.79190111  3.        
-9.7273941  10.45068741  1.00589001  3.        
-3.59687805 12.12382889  4.44003296  3.        
 1.972      -2.23857903  3.59335303  2.        
 3.40746307 -8.34107208  3.744385    2.        
-9.48810577 11.20620346  2.62164307  3.        
-15.23445129   5.52148104   8.6774292    3.        
 1.77895403  9.98758316 -0.107819    4.        
 2.85086799 -7.59629393  3.09475708  2.        
-15.77161407   5.23211288   5.47866821   3.        
-8.8296051  11.94316483  6.73358107  3.        
 2.01635695 -0.86410898  3.05389404  2.        
-14.06315613   8.22822857   4.16668701   3.        
 2.13835907 -3.84183097  3.38281202  2.        
 2.45935106 10.38166428  0.61932403  4.        
 3.4841001  11.39108658 -1.69308496  4.        
-0.17936701  9.13815689  0.201813    5.        
-14.2135849    8.03693771   5.44323683   3.        
 5.46797895 10.96162796 -5.85147095  4.        
-13.32641602   9.10216904   6.02596998   3.        
-2.43796492 10.86047745  1.94473302  3.        
 5.33592176 12.51266861  0.102539    4.        
-0.189468    7.1982379   2.08850098  2.        
 2.69458008 -6.06452179  3.09130907  2.        
14.35024261  7.89075089 -7.42929077  4.        
 4.30241394 11.78613663 -1.22052002  4.        
 3.16418505 11.1685524   0.53433198  4.        
 3.26190901 -7.65731812  3.58184791  2.        
-0.57305098  8.14660263  0.53912401  2.        
-7.43984985 12.03863144  3.8999331   3.        
 0.63264501 10.15369797 -0.29583699  5.        
-10.58368683  10.37311935   1.58792102   3.        
 1.50830102 -1.18780506  2.28082299  2.        
-1.02681696  9.06605244  1.15109301  3.        
 2.49130988 -5.95595217  3.68075609  2.        
0.37653399 8.88845444 0.81170702 5.        
0.090607   8.10594559 1.28259301 5.        
-15.69644928   5.66640902   4.4659729    3.        
-14.53451538   7.61292696   4.7434082    3.        
 6.7062149  10.97219467 -6.08013916  4.        
-10.66320801  10.91460037   4.74481201   3.        
 9.27613831 10.31293869 -7.09765577  4.        
-13.49960327   8.89726639   7.08663893   3.        
12.0830307  10.7443428  -4.70547485  4.        
13.46096039  9.12080002 -6.49755907  4.        
11.50518799 11.64156723 -2.45483398  4.        
 2.58334303 -4.65496111  3.36245704  2.        
-4.05609083 12.15112686  3.37121606  3.        
15.65200043  6.75625992 -7.37780809  4.        
-3.69555712 12.51818466  4.96630907  3.        
 3.18934608 -9.09878159  3.77349901  2.        
 5.33503008 12.38188553 -0.52581799  4.        
 4.57270002 11.3065834  -5.72659302  4.        
 5.80700684 10.9953804  -6.49304199  4.        
 4.8125     11.91717911 -1.57647705  4.        
0.96916997 5.10647202 1.62857103 2.        
 9.60466766 12.65928268 -1.81661999  4.        
 2.58469391 10.67834854 -3.8994751   4.        
10.89560699 11.81280136 -3.19656396  4.        
15.58198547  7.93733597 -5.19589186  4.        
 8.09362793 12.95182419 -0.81863397  4.        
-3.18863702 10.87137222  0.66198701  3.        
-5.59638214 12.43834305  4.30895996  3.        
-2.49057794 10.15636826  0.97546399  3.        
-9.44852448 11.27647781  3.66171288  3.        
0.47456399 7.22855806 1.62832606 2.        
-12.63665771   9.03100204   2.37939501   3.        
15.04511261  8.01945877 -6.80569506  4.        
-12.96828461   9.19875717   7.02691603   3.        
 7.85841417 11.43131638 -4.79440308  4.        
11.004776   10.34568405 -6.09371901  4.        
0.151794   5.72274399 2.00042701 2.        
 9.82141876 11.92840195 -3.24325609  4.        
-0.825867    8.43034744  1.81860399  2.        
 2.48395491 -6.95970917  3.61645508  2.        
11.20936584 10.97050858 -4.86160278  4.        
0.86289197 3.35951591 1.551422   2.        
 8.4541626  10.96609116 -5.88919115  4.        
 7.37460279 12.69643784 -1.45718396  4.        
11.93733215  8.40484238 -8.35800171  4.        
11.45878601 10.51922226 -5.48306322  4.        
0.75012201 7.08202696 1.12811303 2.        
-9.43265533 11.81593704  6.36279297  3.        
  4.17929077 -11.44078064   3.76269507   2.        
 5.96019697 11.91335678 -2.67352295  4.        
 8.21841431 12.79819107 -1.58709705  4.        
 2.1126709  -4.35586214  2.56332397  2.        
 2.50496697 -4.01508284  3.03277612  2.        
0.92819202 3.47935104 2.48504591 2.        
-11.68574524  10.44787979   5.95559692   3.        
 9.90454102  9.75646591 -7.67709303  4.        
-6.76475477 11.22400284  0.440613    3.        
12.64912415 10.18013382 -5.46463013  4.        
-6.90399885 12.44282913  5.12811279  3.        
13.88342953  7.45646286 -8.32098389  4.        
1.38278997 1.31322098 2.73385596 2.        
-13.5995636    8.58613968   3.29611206   3.        
 7.97171021 10.4240303  -7.31259203  4.        
10.40950775 10.73604202 -5.61273193  4.        
-15.19808197   6.65063095   7.38091993   3.        
1.556633   3.72006607 2.23526001 2.        
-3.30125403 11.98275375  3.15734911  3.        
 7.97370911 11.20893478 -5.63018799  4.        
-15.88874054   5.28329802   7.38189697   3.        
 1.32953596 -2.55381799  2.62753296  2.        
-5.18577623 11.6968956   1.84378099  3.        
-3.75074005 12.40460587  4.0281682   3.        
 9.17707825  9.45931625 -7.64849806  4.        
 3.23886895 -7.48922682  4.07717896  2.        
14.06085968  8.48713303 -7.09194994  4.        
0.440819   5.34347105 1.46701002 2.        
 3.005234   -9.55535507  3.78695703  2.        
1.38969398 7.47533798 1.34298694 2.        
 9.10906219 11.84736347 -3.80157495  4.        
  3.5555799  -10.84082413   3.93289208   2.        
0.90660101 5.71349716 1.12854004 2.        
 7.50142717 10.70309067 -6.60769701  4.        
-0.220612    8.13928604  1.86929297  2.        
-7.18213701 11.45328903  1.070557    3.        
-11.95777893   9.94408798   2.22592211   3.        
1.30146003 8.49522781 0.88915998 2.        
1.26532698 7.93034697 1.13699305 2.        
 3.42246199 11.31258774 -3.66445899  4.        
 1.69031501 -3.35377502  3.68203712  2.        
-5.57489014 11.89734268  2.75537109  3.        
 2.5490489  -8.02703476  3.92745996  2.        
-8.93221283 11.57731247  3.83047509  3.        
 2.12406206 -8.1282196   2.99810791  2.        
-0.082024    9.51306534 -0.092743    5.        
-14.21710968   7.78004789   6.95065308   3.        
 7.47325087 11.65880966 -3.96673608  4.        
0.97109997 2.76335502 1.90951502 2.        
11.69001007  9.67885971 -6.96087694  4.        
2.17315698 8.69979477 0.927917   2.        
-0.106041    6.1276741   1.81982398  2.        
-9.00180817 11.42459488  2.77966309  3.        
-15.39103699   6.166821     5.01742506   3.        
11.85693359 11.07618332 -4.08853197  4.        
 2.053406   -1.79899204  3.36987305  2.        
 1.72719598 -5.63349915  3.47247291  2.        
  3.7053299  -11.43072891   3.15408301   2.        
-4.31536102 11.33166122  0.58651698  3.        
 9.75011444 11.09012222 -4.99923706  4.        
16.15000916  6.76663589 -6.77343798  4.        
-6.83780718 11.81149673  2.71478295  3.        
-11.50125885  10.67378616   6.43118286   3.        
1.50854504 1.86571896 2.161865   2.        
-13.76960754   8.28635788   6.37283278   3.        
-14.88127136   7.13709593   3.70477295   3.        
14.40573883  9.45156479 -4.77197313  4.        
10.09147644 12.46245956 -2.18978906  4.        
 8.8636322 10.9817543 -5.6373601  4.       
-12.46308136   9.85732555   5.6877141    3.        
0.062004   7.52859116 1.09210205 5.        
12.11923218  8.99486923 -7.51834106  4.        
-13.5447998    8.80093765   4.93670607   3.        
15.41654205  8.17288589 -6.05835009  4.        
 2.84663391 10.99910355 -0.97171003  4.        
-7.8168788  12.24180222  5.52984619  3.        
-13.42314053   8.77038193   2.78970289   3.        
-15.2924118    6.60126114   6.58328295   3.        
1.54871404 9.47861862 0.072693   2.        
 2.41923499 -7.1099472   3.07287598  2.        
11.56391144 10.07291794 -6.35272217  4.        
-12.96756744   9.29973221   5.09246778   3.        
-9.8374939  11.54057693  5.74279785  3.        
-14.44816589   6.52299881   8.68798828   3.        
14.70693207  7.4549222  -7.59738207  4.        
14.13500977  9.84414291 -4.08319092  4.        
-13.74687958   7.88985109   8.5619812    3.        
1.73961604 8.41299057 0.68350202 2.        
15.9216156   5.24979782 -7.07907104  4.        
-12.56496429   9.53573227   2.70373511   3.        
 2.55099511 -5.17063093  2.99749804  2.        
14.99919128  8.76852036 -4.67935181  4.        
 2.83206201 -9.93709564  3.33032203  2.        
-14.01158905   8.24946976   3.25466895   3.        
 2.43208289 -5.25605011  3.55404711  2.        
-7.64904785 12.10891342  4.48858595  3.        
11.80348969 11.18088913 -2.98925805  4.        
 8.70531464 12.14146805 -3.07614112  4.        
10.68212128 12.0811882  -2.76031494  4.        
  4.05025482 -12.57064056   3.26834106   2.        
14.64582825  9.16244125 -5.25689697  4.        
-5.99920607 12.10253525  3.21603394  3.        
-9.32106018 11.66032791  5.12057495  3.        
-14.96685028   6.54025602   8.6585083    3.        
 9.88538361 11.5811348  -4.10479689  4.        
 9.53701019 12.47546005 -2.3808291   4.        
13.56684113  8.88214493 -6.89715576  4.        
15.34580994  8.41868973 -5.31481886  4.        
 6.57787323 10.9007988  -6.70397902  4.        
0.96553802 1.922382   2.07745409 2.        
-16.02796936   3.44240189   6.97796583   3.        
 2.566818   -3.54616904  3.659729    2.        
-13.65471554   8.63125229   4.04843092   3.        
1.13725305 8.77597427 0.17401101 2.        
-11.09346771  10.57108688   4.00738478   3.        
-12.15161896   9.88908005   3.19641089   3.        
 2.67615509 -2.5238719   3.04327393  2.        
-8.0532074  11.86725998  3.61764503  3.        
13.92791653  7.99126101 -7.88232422  4.        
 5.81935883 12.19959641 -1.67202795  4.        
-14.36726379   7.66796494   6.34368896   3.        
-9.84156799 11.58905411  7.03305006  3.        
12.94451904 10.72536087 -3.66220093  4.        
-6.48261976 12.21796799  4.02697802  3.        
0.51400799 9.86125565 0.043152   5.        
-11.73957062  10.59950638   6.94598389   3.        
-9.23726654 11.55029678  4.59466505  3.        
  3.638695   -10.19394302   3.6625371    2.        
-1.18263996 10.01131821  2.20877099  3.        
-15.56923676   5.38900423   8.23477173   3.        
-14.8344574    7.26671982   6.97997999   3.        
 2.11006904 -2.91250992  2.69293189  2.        
  3.491539   -12.20544815   4.07727098   2.        
 8.54960632  9.79958725 -7.42434692  4.        
 8.79264069 11.43790817 -4.43655396  4.        
-3.06187391 11.00365829  1.25485206  3.        
 1.73448896 -0.77020597  3.40545702  2.        
  3.46724701 -11.71221924   4.0402832    2.        
  3.65693688 -10.96450806   3.12707496   2.        
10.76416779  8.81698227 -8.37619019  4.        
 2.05899811 -6.04558182  3.55367994  2.        
0.50710303 7.86858797 1.38171399 5.        
 9.14636993 10.09689713 -7.52600098  4.        
-10.35490417  10.23350143   1.20559704   3.        
-14.53702545   7.51937485   3.5405879    3.        
 7.16098022 12.96254253 -0.52529901  4.        
 2.85600996 11.1688652  -3.28390503  4.        
-13.58422089   8.78503036   5.6991272    3.        
1.55696106 0.027451   2.93524194 2.        
-0.87355     9.30706406  1.84637499  3.        
 2.93418908 11.12372208  0.14123499  4.        
-13.72841644   8.56326675   7.29971313   3.        
 3.54946899 10.80712509 -4.82260084  4.        
15.77017975  7.41344118 -6.72476196  4.        
 6.85886383 11.88396072 -3.2780149   4.        
12.85681915  7.39002609 -8.29803467  4.        
-12.43392944   9.73248672   4.24032593   3.        
0.67907703 6.37718582 1.25125098 2.        
-15.05005646   6.97395706   6.4803772    3.        
0.526604   4.7466011  1.60708594 2.        
 2.71365404 11.19226456 -2.38198805  4.        
14.3207016   6.96999693 -8.34469604  4.        
 3.1463089  11.30632401 -2.57815504  4.        
 8.63729858 12.42883682 -2.39050293  4.        
-6.87400019e-03  9.96538162e+00  1.61987007e-01  5.00000000e+00
1.42008996 8.89587784 0.66095001 2.        
0.16407    7.59656096 0.59927398 5.        
-15.42144012   6.39122391   7.08087206   3.        
-8.02388763 11.63455582  2.51797509  3.        
0.95428503 4.16641617 2.20135498 2.        
 6.64894104 11.45065689 -4.91793823  4.        
1.85156202 9.77490616 0.512299   2.        
 8.7303009  11.92782974 -3.55740404  4.        
0.40675399 6.64769411 0.98611498 2.        
 2.97075605 -4.53904295  2.90618896  2.        
-6.40447187 11.86581802  2.37155104  3.        
0.32400501 3.85463309 1.74725294 2.        
-11.79392242  10.17244339   4.76666307   3.        
-11.41320038  10.5638237    5.32309008   3.        
1.10610998 0.54556698 2.266083   2.        
-10.23726654  11.01604843   4.19952393   3.        
-5.06116486 12.59624863  4.47833204  3.        
-15.10327053   6.84460115   5.73568678   3.        
1.26815796 0.66694599 2.68634009 2.        
-14.27068329   6.92990494   8.60784912   3.        
0.91986102 5.95173311 1.91174304 2.        
10.3367691  10.97552872 -5.04821777  4.        
12.97057343  8.65569687 -7.49307299  4.        
 9.64588928 10.929142   -5.63601685  4.        
 4.62057495 11.54572678 -3.59860206  4.        
 2.50442505 -8.29333878  3.30535889  2.        
-15.56051636   5.93004179   7.80023193   3.        
 5.19651794 12.14429855 -1.20401001  4.        
 7.4552002  12.93638229 -0.87094098  4.        
-4.65778303 12.40739822  5.17810106  3.        
-13.4223938    8.81847      8.04611206   3.        
13.20737457  9.67505264 -5.92224121  4.        
 8.96633911 12.77591324 -1.06201196  4.        
-4.10410309 10.84693527 -0.052521    3.        
-11.1522522  10.317379    2.4064641   3.       
-3.84040809 11.20891953  0.76315302  3.        
 3.72356391 11.21674728 -4.57922411  4.        
0.272964   9.33332443 0.641541   5.        
 8.09893799 12.41475296 -2.32876611  4.        
12.32833862  8.14709854 -8.27468872  4.        
 6.07325697 12.52217484 -1.04452503  4.        
0.34928101 6.65374422 1.92227197 2.        
 3.03569794 -9.26504135  3.17327905  2.        
-13.05639553   9.11254501   2.25155592   3.        
-4.82545519 11.69987106  2.19857788  3.        
12.55984497  9.65440655 -6.27856398  4.        
-8.35703278 11.86931229  4.67721605  3.        
10.46398163 11.31580734 -4.33752394  4.        
1.18584394 3.79330111 1.95974696 2.        
-2.92347693 11.83474255  4.16390991  3.        
-2.07578993  9.82509232  1.23577905  3.        
  4.12213087 -12.06602097   3.37930298   2.        
0.81879401 8.03948593 0.85052502 2.        
-15.33068085   5.7491951    4.74072313   3.        
-14.50621033   7.30221891   5.62145996   3.        
-14.68396759   7.19330215   8.11376953   3.        
  3.02629805 -11.99055481   3.28637695   2.        
 3.40360308 11.2892189  -0.985291    4.        
13.84044647  9.48513412 -5.5534668   4.        
 7.00806379 11.73566055 -3.83056593  4.        
-15.73688507   5.80832291   5.72238207   3.        
 4.93175507 12.28523636  0.40722701  4.        
-4.32115889 12.59194565  4.27929688  3.        
-16.13437653   4.77598906   6.67453003   3.        
  3.40251899 -12.91128159   3.93002295   2.        
 2.33106995 -1.45968604  3.04028296  2.        
 2.19412208 -4.45763016  3.42462206  2.        
-6.27068281 11.34660721  0.43609601  3.        
 7.42958117 11.54836655 -4.684937    4.        
-15.60856628   3.5339849    7.79846191   3.        
-8.91256714 11.22282791  1.87356603  3.        
 9.24726105 12.39753342 -1.62997401  4.        
 2.24443007 10.96650314 -1.98306298  4.        
 1.86769104 10.60152054 -2.4841001   4.        
-10.94382477  11.12292099   6.74456787   3.        
 2.6405561  11.00973129 -1.37381005  4.        
13.56464386 10.35046768 -3.93881202  4.        
-14.81970978   7.229527     4.79977417   3.        
13.53593445  8.19723129 -7.7166748   4.        
-5.15932512 12.22141647  3.5708921   3.        
 8.75511169 11.23273087 -5.09158278  4.        
0.76006299 4.10125399 1.73123205 2.        
13.81415558  9.59539413 -4.24585009  4.        
 2.02418494 -7.04900408  3.62191796  2.        
-6.16438293 12.44236374  4.61447096  3.        
 6.09116411 11.6373024  -4.00286913  4.        
0.89722401 5.51725388 2.06955004 2.        
 2.32518005 -9.17955017  3.15072608  2.        
12.90879059 10.22165298 -5.11639404  4.        
-2.02912903 11.33442307  3.12780809  3.        
-16.00469208   4.54820585   5.9934082    3.        
-4.04653883 11.75960159  2.58270311  3.        
0.50960499 4.17814207 2.08453393 2.        
 3.04471588 -9.99794388  2.95504808  2.        
  3.916466   -10.73642254   3.7124939    2.        
-16.0644455    4.66456985   8.02661133   3.        
-1.47647905  9.47721481  1.82247901  3.        
  4.01427507 -12.35519409   3.97555494   2.        
-0.230591    8.43629074  0.66998303  5.        
-5.27488708 11.25554276  0.115875    3.        
-10.66501617  10.61548996   2.5904851    3.        
-8.99964905 10.91883469  1.06329298  3.        
-15.25627136   6.58184385   5.03512621   3.        
14.99594879  6.49071121 -8.0645752   4.        
 4.13858795 11.58481979 -2.36120605  4.        
10.01611328 10.47816753 -6.3685298   4.        
-14.29124546   7.81420517   7.89254808   3.        
 5.79132795 12.48801804 -0.67571998  4.        
-5.90021515 10.92318344 -0.212006    3.        
-1.44692194  9.02696609  1.51776099  3.        
-5.61581421 12.25273514  3.79388404  3.        
-13.91797638   7.8756218    5.79812622   3.        
 9.52812958 12.10453415 -2.9815371   4.        
 5.47875977 11.51084518 -4.11712694  4.        
 2.42484999 10.62139511  0.167023    4.        
13.31119537 10.29809189 -4.48205614  4.        
13.64673615  9.95788956 -4.76486206  4.        
 7.63095903 10.24591446 -7.12051392  4.        
 3.97650909 11.37582779 -4.06747389  4.        
 5.49687195 11.98765182 -2.13290405  4.        
-2.16114807 10.39462662  1.11114502  3.        
  3.28268409 -10.25326157   3.42764306   2.        
 4.18650818 11.85563278  0.41464201  4.        
 2.3355639  10.94486618 -2.98333693  4.        
 9.50753021  9.21341324 -7.76519823  4.        
 2.25649309 10.55153275 -0.60827601  4.        
 1.82061005  9.22938156 -0.144409    2.        
 2.89250207 -6.73652983  3.59500098  2.        
 2.98516798 -8.25559998  3.72384596  2.        
-13.95799255   8.33824539   4.94827318   3.        
 1.97119105 -4.66941786  3.07565308  2.        
-14.65116119   7.52776718   6.03848314   3.        
1.65345001 1.02575696 2.57409692 2.        
 6.61833191 12.73050308 -0.95181298  4.        
11.65873718  8.09079361 -8.28665161  4.        
 8.35638428 10.62448502 -6.59823608  4.        
16.29801941  6.13705778 -6.96612597  4.        
-12.00801086  10.09497547   4.13717604   3.        
-0.556122    8.8222847   1.89932299  2.        
 2.58962989 -8.93816376  3.92153907  2.        
-10.8147049   10.74528885   3.70532203   3.        
12.72270203 10.75358963 -4.133636    4.        
-3.82109809 11.96912003  2.99325609  3.        
 6.38719177 12.78310013 -0.167206    4.        
 5.23078203 11.23991776 -5.59469604  4.        
 3.7092669  11.63235855 -0.160034    4.        
-9.82698822 11.13476944  3.40875196  3.        
 4.28700304 11.23994827 -4.97772217  4.        
 9.51062012 11.34331131 -4.54989576  4.        
 6.60040283 12.03216934 -2.94723511  4.        
15.49499512  7.13614321 -7.27630615  4.        
-2.55791497 11.78585434  3.13787794  3.        
-1.62206304 10.00181198  2.11135888  3.        
 2.94931793 -8.50598145  3.1308589   2.        
-12.84694672   9.32209396   7.95593309   3.        
1.21088398 6.48053408 1.18878198 2.        
13.16334534  8.01797867 -8.26922607  4.        
-6.91088104 11.67878342  1.80877697  3.        
-11.16175842  10.99319839   7.22976685   3.        
0.80577803 1.46394002 2.07809496 2.        
10.04355621 11.68603134 -3.70986891  4.        
-12.06293488   9.98482132   7.98950195   3.        
-7.18335009 12.05565262  3.52859497  3.        
-14.2038269    7.66540909   8.30120754   3.        
 2.70991492 -9.55438995  3.45361304  2.        
 2.20647407 -6.69180679  3.12155104  2.        
 1.74431598 -1.31086695  3.05831909  2.        
 4.39091492 11.67710495 -1.67044103  4.        
 8.41339874 10.3046608  -7.05072021  4.        
 2.69371796 -5.55639315  2.91363502  2.        
  3.39174604 -12.76491547   3.40835595   2.        
0.036667   5.22400284 1.57293701 2.        
 5.66742706 11.79999924 -3.15506005  4.        
 7.41258192 10.90864944 -6.20227098  4.        
 5.83816481 12.63810253  0.31304899  4.        
 2.60442305 -7.9539299   3.05734205  2.        
 7.14065599 11.22182846 -5.46133423  4.        
1.24440002 7.32587814 0.86767602 2.        
-8.58774567 12.05830765  5.87469482  3.        
14.45437622  9.09825516 -5.63864088  4.        
12.15246582 11.42512894 -2.96524096  4.        
 8.31839657 11.59521103 -4.14993286  4.        
1.41414595 6.63054991 1.74282801 2.        
-0.46249399  6.84524918  1.41543603  2.        
-11.76304626  10.30525589   5.19854689   3.        
-3.23351312 11.23915482  1.96771204  3.        
-4.67900085 10.98841476 -0.120209    3.        
-12.97489166   9.42235184   6.21981812   3.        
 1.51551104 -1.90943503  2.00009203  2.        
 3.13610792 11.24356461 -0.222137    4.        
-5.11061907 12.04771042  3.02655005  3.        
 6.0750432  11.75163746 -3.51983595  4.        
 2.65621996 -5.46401978  3.84020996  2.        
-13.58879089   8.3083992    8.14712524   3.        
15.62981415  6.37311888 -7.67544603  4.        
-15.762146    4.9657712   5.0968318   3.       
-14.49134827   7.68566513   5.25857496   3.        
 4.98105621 11.73707962 -2.68493605  4.        
-15.72620392   4.08478212   8.22943115   3.        
  2.83621192 -10.32611084   3.4746089    2.        
 0.205208   10.36335373 -0.44177201  5.        
10.63779354 11.67831802 -3.48965406  4.        
-2.728127   11.43755722  2.59832811  3.        
16.27030945  6.82281113 -6.21578979  4.        
 1.61425805 -1.59167504  2.73260498  2.        
 8.17525482 11.33098221 -5.03851318  4.        
 8.33691406 12.8628273  -1.17941296  4.        
 6.35056305 11.16817856 -5.70883179  4.        
-10.80654907  10.67441177   3.29278588   3.        
-4.75338697 12.27279282  3.81955004  3.        
 3.80856299 11.39126205 -3.38589501  4.        
-8.4217453  11.58776474  3.15078712  3.        
-1.50740004  9.75433731  1.27380395  3.        
-12.11542511   9.72214127   1.88507104   3.        
-13.96616364   8.23794937   7.82568407   3.        
2.26742506 9.89041519 0.119202   4.        
 2.19407606 -6.80411911  3.90344191  2.        
-2.44161201 10.4281044   0.672943    3.        
11.27874756 11.57963943 -3.28060889  4.        
-3.47563195 10.84916306  0.37088001  3.        
  3.62159705 -11.83627319   3.13134789   2.        
-8.52225494 11.95661545  5.07003784  3.        
 2.46260095 -3.585392    2.912323    2.        
 1.83598304 -3.31439209  2.82736206  2.        
-0.735695    7.42390108  1.41220105  2.        
-13.00252533   9.25104904   3.15200806   3.        
-5.1182332  11.62730026  1.44714403  3.        
0.45223999 4.64805984 2.06253004 2.        
-4.21882582 12.61791611  4.67355299  3.        
-14.12830353   7.52039003   3.4815371    3.        
-14.28424835   8.02219772   6.1592412    3.        
-2.02716088 11.16804886  2.63973999  3.        
15.20731354  5.82655716 -7.83627319  4.        
-14.83371735   6.88769102   7.21487379   3.        
-16.20166779   4.29909086   6.66265917   3.        
-7.26885986 11.00201797  0.33929399  3.        
  3.28603411 -10.70581055   3.0184021    2.        
0.95304102 4.90321016 2.06213403 2.        
1.86962903 9.25335312 0.30856299 2.        
  4.12414598 -12.77888107   3.82073998   2.        
 2.31820703 -7.59116697  3.87008691  2.        
-9.41753387 10.83983994  1.23034704  3.        
-15.64510345   5.91965103   6.33666992   3.        
-13.84077454   8.0332756    2.88467407   3.        
-11.56468201  10.04841995   2.11758399   3.        
-7.70433807 11.51406479  1.63055396  3.        
 7.39090681 12.10164261 -3.03537011  4.        
-0.92346197  8.44687271  1.42471302  3.        
11.62435246  8.71300125 -8.2093811   4.        
0.56102002 2.64386392 1.91470301 2.        
 3.53613997 11.40166092 -2.78384399  4.        
-0.64513397  8.03765488  1.81732202  2.        
1.53125    0.15773    2.20138597 2.        
 4.20964003 11.5054512  -3.26925707  4.        
  3.99111199 -10.02567673   4.02371216   2.        
 7.09512281 11.01144791 -5.95916796  4.        
 1.86492896 10.55260754 -1.59579504  4.        
-14.2813797    7.90116501   4.52255201   3.        
 2.30285597 -7.3326149   3.543396    2.        
-16.09373474   4.82223082   7.20828295   3.        
-6.77578688 12.54782486  5.98492384  3.        
-7.57280684 11.7881813   3.01364112  3.        
10.19132996 12.06251144 -2.90524292  4.        
  2.98834205 -12.84861755   3.21786499   2.        
-8.87636566 11.7180748   4.47958422  3.        
 3.51734209 -9.36494064  3.78689599  2.        
14.17593384  6.64413118 -8.14758301  4.        
-11.37693024  10.0412178    1.53359997   3.        
-15.89910126   4.95908022   5.82046509   3.        
12.34381104  9.29894638 -7.00750685  4.        
 3.46094489 -8.80529022  3.72183204  2.        
 2.35584998 -3.36386895  3.30770898  2.        
 2.34298706 -2.34232306  3.24737501  2.        
-9.94248199 11.40421677  5.23468018  3.        
1.540115   2.15706205 2.90152001 2.        
-5.7803421  12.71432877  5.32357788  3.        
1.78827703 0.50977302 2.50366211 2.        
-14.39447021   7.26527023   8.42346191   3.        
 6.72484589 11.51200485 -4.49795485  4.        
-11.5869751   10.38412094   7.47079515   3.        
-7.82085419 11.30953598  0.83712798  3.        
 1.345451   -0.74966401  2.44247389  2.        
-2.81188202 11.16540146  2.14502001  3.        
 2.05723596 -2.62257004  3.28762794  2.        
15.29335022  6.2373538  -7.9724431   4.        
-6.02200317 11.70120621  1.62734997  3.        
14.46857452  6.3844409  -8.06070042  4.        
 2.43440294 -6.94479704  2.64196801  2.        
-9.6552887  11.24559402  4.00360107  3.        
-11.56298828  10.26961899   3.52352905   3.        
1.05979204 4.48275423 2.52127099 2.        
 1.80691504 -1.018013    2.5093081   2.        
-0.97428101  9.72517776  1.93792701  3.        
0.84117103 9.66771317 0.53326398 5.        
12.83968353  8.97327042 -7.16537523  4.        
13.12945557  7.6798439  -8.49404907  4.        
11.18535614 10.16788101 -6.43832397  4.        
 3.17047906 11.15244675 -4.01922607  4.        
1.10350001 4.31635714 1.46453905 2.        
1.27951002 4.71921921 1.88937402 2.        
-8.29785919 11.86157608  3.96307397  3.        
11.9417038  10.59084702 -5.23809814  4.        
-4.19805908 11.53170395  1.97430396  3.        
13.57524872  7.1461978  -8.31021118  4.        
-7.39895582 12.38340378  6.27758789  3.        
 6.77484083 12.8650322  -0.52798498  4.        
 3.04404497 11.22145462 -1.71362305  4.        
15.322258    7.59882021 -6.05200195  4.        
-12.34065247   9.79088974   4.86340284   3.        
  3.13348389 -11.48894882   3.65756202   2.        
15.03029633  6.88107681 -7.8442688   4.        
 1.90700495 -2.12576294  3.19662499  2.        
-14.10094547   8.17531204   6.92739916   3.        
12.41311646  7.69768095 -8.33843994  4.        
-4.746521   12.54115677  4.24142504  3.        
-6.6608429  12.2943306   4.37402296  3.        
-13.50846863   8.86389542   6.58914185   3.        
-14.04094696   8.2247963    4.57656908   3.        
-2.71974206 10.87459183  1.41036999  3.        
 1.60537004 -0.80946702  2.91699195  2.        
 4.96839094 12.22900772 -0.53146398  4.        
 7.4478302  12.32374191 -2.26968408  4.        
2.07733893 0.26142901 2.9034121  2.        
-1.58547997 10.41020584  2.16626     3.        
 1.69142902 10.09543228 -0.98120099  4.        
13.8194046   9.10448074 -6.31771803  4.        
-6.26040697 12.63155746  5.5904851   3.        
0.62048298 3.27747703 2.13775611 2.        
-1.99282801 10.41376114  1.48040795  3.        
1.04441798 3.1608851  1.86138904 2.        
1.49940503 1.71577096 2.54016089 2.        
 9.1062088  12.82181931 -1.60440099  4.        
-13.45774841   8.76066208   3.62252808   3.        
-8.71707916 11.18880844  1.414886    3.        
-0.102669    6.78107119  2.16409302  2.        
 0.80121601 10.67699146 -0.56060803  5.        
-6.50930023 12.53708267  5.18035889  3.        
-12.89312744   9.57024002   7.13900805   3.        
 2.73983002 -5.01762819  3.35269189  2.        
  3.40500593 -10.44258499   3.88354492   2.        
0.077774   4.83429289 1.61712599 2.        
-7.51285505 12.41627884  5.75784302  3.        
 2.83210802 -3.86440706  2.64959693  2.        
-14.54154968   7.69549179   6.74429321   3.        
0.402275   6.04447603 2.00903296 2.        
-9.24621582 11.82177353  6.0163269   3.        
-4.41675615 11.48720932  1.30828905  3.        
15.2641449   8.71500015 -4.96438599  4.        
-4.45114088 12.1666069   3.56338501  3.        
14.05180359  9.59026718 -5.02377319  4.        
 1.79914904 -1.48006105  2.40557909  2.        
-15.36109161   6.18476486   8.03189087   3.        
 5.52978516 12.20737839 -1.400208    4.        
-13.35892487   8.86725998   4.38958693   3.        
10.92422485  9.0328331  -7.986938    4.        
-14.69954681   7.39815092   3.93322802   3.        
1.15016901 5.92668486 1.42825305 2.        
1.60376704 7.1615181  1.249542   2.        
10.91292572 10.87934494 -5.1000061   4.        
-12.638237     9.75061417   7.63028002   3.        
 6.11389923 10.72390366 -6.33117723  4.        
1.79371595 8.98707962 0.582672   2.        
-11.62528229  10.76693344   7.80575609   3.        
13.58901215  9.86105728 -4.07244921  4.        
0.04953    5.84556198 2.35507202 2.        
-10.50013733  11.18963242   7.43841505   3.        
-3.50224304 11.50078201  2.3521421   3.        
 1.60471296 -2.02378893  2.84484911  2.        
11.42514038  9.33341599 -7.51220703  4.        
1.55494702 7.90738297 0.81286597 2.        
-15.88276672   5.23063278   6.40594482   3.        
11.71865082 10.87639236 -4.68161011  4.        
  4.15512085 -11.6313858    4.10012817   2.        
-6.59456587 10.91505814 -0.137024    3.        
-8.12165833 11.0382576   0.295441    3.        
15.96872711  6.69747496 -7.16162109  4.        
1.28173101 2.51289701 1.95333898 2.        
 9.34603119  9.89753342 -7.79196215  4.        
15.77070618  7.61182785 -6.37609911  4.        
 1.89537799 -3.33377099  2.43408203  2.        
 5.77019501 11.27328873 -5.87069702  4.        
0.455879   3.50352907 1.84426904 2.        
-10.93201447  10.26660538   1.75579798   3.        
-16.21485138   3.82181191   7.66384888   3.        
 2.4539721  -8.75178146  2.98516798  2.        
11.55573273 11.46686935 -2.79595995  4.        
 2.82881188 -4.63827515  3.73727393  2.        
 3.46450806 11.41643143  0.476868    4.        
 6.21656799 12.2662468  -1.87170398  4.        
 3.59908295 -9.85192108  3.47622705  2.        
 4.39225006 11.46847916 -3.93804908  4.        
 1.58084095  9.69332504 -0.25988799  2.        
-16.46866608   4.14864016   7.01907396   3.        
 7.77198792 11.91859818 -3.44854689  4.        
1.63258398 2.23036599 2.41448998 2.        
0.83656299 3.65978599 1.79196203 2.        
 2.0934751  10.59766006 -1.10858202  4.        
14.67043304  9.11344528 -4.34588623  4.        
 5.46757507 11.29339981 -5.23443604  4.        
-1.22301495  8.7056694   1.38501     3.        
0.88344598 8.43338394 0.91198701 5.        
-3.77458191 11.2442131   1.222229    3.        
-2.50613403 11.91624069  3.66641212  3.        
11.22174072  8.23882675 -8.22402954  4.        
-15.36732483   6.47898483   5.89913893   3.        
1.29428899 6.02608109 1.84396398 2.        
 4.50640106 11.91802597  0.63928199  4.        
-12.27922821   9.67910385   2.43063307   3.        
 1.71571302 -0.31828699  2.38208008  2.        
 9.66078186 10.28754807 -6.99688721  4.        
-0.341515    9.24015427  1.15969801  5.        
 7.29995012 10.51294327 -6.89355516  4.        
1.40068805 3.07770205 2.45416307 2.        
 2.43209791 -4.14702177  3.38421607  2.        
1.56656599 9.07857132 0.117615   2.        
 4.98545122 11.85630417 -1.92861903  4.        
0.43376201 5.46326113 2.12066698 2.        
0.074928   7.3820529  1.88369799 2.        
-9.72307587 11.69301224  6.6473999   3.        
14.84525299  8.30358505 -6.64822388  4.        
0.156204   7.57682419 1.45849597 2.        
1.26634204 2.09660006 1.92108202 2.        
-7.54311419 12.25606155  4.9972229   3.        
 2.20725989 -2.99974394  3.44409204  2.        
 8.91999054 10.18691635 -7.14343309  4.        
  3.0848999  -11.02339554   3.85553002   2.        
 2.09306312 -5.02748489  3.10885596  2.        
10.67176819 12.30681992 -1.99435401  4.        
12.91654205  8.15961075 -7.97753906  4.        
-2.07030511 10.73236465  2.05462599  3.        
 7.24874115 12.22951126 -2.64032006  4.        
-15.28425598   6.2831459    4.1713872    3.        
15.55366516  7.64282608 -5.5279541   4.        
-9.808815   11.05891037  2.78497291  3.        
-0.795753    8.55989456  2.20849609  2.        
 2.21965003 -5.83621216  3.10345507  2.        
-7.11415911 12.16612625  4.11227417  3.        
-10.29122925  11.38293839   6.23312378   3.        
 0.486496   10.22454453  0.44549599  5.        
0.32337201 6.23750687 1.11001599 2.        
 5.78112793 10.87492847 -6.09817505  4.        
-8.07068634 11.99604416  6.43725586  3.        
14.81760406  8.66774368 -6.23312378  4.        
-15.22707367   6.55122805   4.57843018   3.        
10.78212738 10.54174423 -5.81161499  4.        
-0.32043499  8.72752762  0.37600699  5.        
1.04024506 2.58793998 2.45526099 2.        
 8.6897583  12.30060196 -2.73867798  4.        
-6.40314484 11.66192245  1.51403797  3.        
-14.6125946    6.80511904   4.01904297   3.        
 2.68115211 10.8519783  -0.58969098  4.        
-15.18314362   6.21265793   8.36132812   3.        
1.38901496 7.69031096 0.55990601 2.        
-6.57901812 12.07688522  3.19131494  3.        
12.60643768 11.01792526 -3.32650805  4.        
13.11720276 10.52124405 -3.338135    4.        
10.2750473  11.22872543 -4.68221998  4.        
14.8067627   8.95241928 -5.55969191  4.        
-5.67007494 11.81319046  2.21844506  3.        
-14.95324707   7.01287508   4.26272583   3.        
1.85775805 9.51385117 0.80075097 2.        
12.88538361  9.30695724 -6.6411438   4.        
 6.67462206 12.73730087  0.062378    4.        
-2.91486406 12.07805347  3.80914307  3.        
10.06559753  9.80104446 -7.34668016  4.        
0.02639    6.18353605 1.429901   2.        
-10.39505005  11.38245773   7.10726881   3.        
-8.09153748 12.21653366  5.91278076  3.        
 2.3742981  -6.30181885  3.00366211  2.        
-4.61728716 11.4589119   0.82406598  3.        
-7.51651812 11.68387222  2.24822998  3.        
-15.10668945   6.60585403   7.73553514   3.        
14.3470459   8.84715652 -6.31295776  4.        
12.30293274  8.8099556  -7.77908278  4.        
 2.81178999 -7.86588287  3.72518897  2.        
 0.945786   10.16506577 -0.103027    5.        
-6.96973419 11.42528915  0.77243     3.        
 4.46340179 11.90520096 -0.86782801  4.        
-14.70340729   7.15409517   6.26422119   3.        
  3.02192712 -10.96968842   3.11071801   2.        
13.54216003  7.57729721 -8.41162109  4.        
11.29275513 11.23868179 -4.05020094  4.        
0.073853   6.88561583 1.501068   2.        
-12.92687988   9.31911945   4.55743408   3.        
  3.56365204 -10.34224701   3.11120605   2.        
-15.48329163   6.00277281   7.04760695   3.        
-0.48224601  8.50192642  1.71682703  2.        
14.26963806  8.49255753 -6.79208422  4.        
 2.56169891 -8.72868443  3.44509912  2.        
12.16184235 11.06220627 -3.88882494  4.        
1.23728895 9.16388321 0.293915   2.        
12.920578    9.90678787 -5.72109985  4.        
-3.98603106 12.31160355  3.76596093  3.        
  3.87578607 -11.69513321   2.9120481    2.        
-9.12749481 10.90631485  0.57119799  3.        
-13.92714691   8.34510422   5.53192091   3.        
12.53637695 10.6195488  -4.54907179  4.        
0.236267   5.68455076 1.48568702 2.        
11.30898952 10.76193619 -5.21865797  4.        
-15.60308838   6.00713015   7.4057312    3.        
-5.27548981 11.52119064  0.95135498  3.        
  3.45573401 -12.57514572   4.07739305   2.        
  3.33769202 -12.21828079   3.13445997   2.        
 3.12303209 -9.69102478  3.13241601  2.        
-16.08756256   4.07175112   7.92489576   3.        
10.93164825 10.04761124 -6.78881788  4.        
 4.3506999  12.02036667 -0.066223    4.        
10.32141113 12.26749039 -2.62701392  4.        
-8.9210968  10.62067032  0.65921003  3.        
15.64768219  7.89901304 -6.1086731   4.        
-9.16738892 11.96811295  6.60635424  3.        
-13.419487     8.69631577   7.60214186   3.        
 1.77048504 -2.83249307  2.84912109  2.        
-14.82759857   6.86433792   8.07354736   3.        
 2.70401001 -6.34042692  3.61218309  2.        
10.66853333  9.35251236 -7.88574219  4.        
-15.64322662   5.49603605   5.16330004   3.        
 8.32556057 11.81639481 -3.86499     4.        
1.16757202 1.36607695 2.14779711 2.        
 5.33805084 11.4461174  -4.86715698  4.        
 2.80501604 -5.9888339   3.42883301  2.        
-13.10569      9.35159683   7.33044386   3.        
 2.85236406 -3.91946411  3.35134912  2.        
 6.50626421 10.78435135 -6.37103319  4.        
-0.26947001  7.88208389  1.62234497  2.        
0.090569   8.68040085 0.88900799 5.        
11.38493347 11.947155   -2.30780005  4.        
14.3108902   7.28251982 -7.99200392  4.        
-6.96938276 12.34027481  4.789886    3.        
-12.34405518  10.09433365   7.32580614   3.        
  3.67961907 -11.43986511   4.13919115   2.        
10.5410614   9.70386124 -7.42163086  4.        
-14.77191162   7.11678696   6.65652514   3.        
-4.60157824 12.73980331  5.05544996  3.        
-5.51248217 12.68960953  5.80181885  3.        
1.04315197 9.00797558 0.60848999 2.        
 7.64644623 12.78808975 -1.67074597  4.        
 2.79184008 -7.20126009  3.09811401  2.        
-16.16608429   4.23728609   7.25945997   3.        
 9.48773956 11.96310806 -3.36401391  4.        
 2.52325392 -7.45596313  3.10025001  2.        
-3.43627906 12.48888016  4.64044189  3.        
 9.53079987 10.64688492 -6.39398193  4.        
  2.75771308 -10.17362213   3.07192993   2.        
-11.36960602  10.41073227   4.49151611   3.        
-3.2658689  10.58298111  0.24646001  3.        
 2.650177   -8.60728073  4.0378108   2.        
16.02555084  7.37182999 -6.18878222  4.        
10.13230896 12.13827133 -2.04934692  4.        
-3.96577501 12.36396408  4.79452515  3.        
 1.36330402 -2.2279129   2.48986793  2.        
 1.75830805 -4.48860884  2.85598707  2.        
 4.69065094 11.2734642  -5.1781311   4.        
 2.18569994 -4.80477524  2.62673903  2.        
-0.71442401  9.04960346  1.66140699  2.        
  3.82860589 -10.42137146   3.42440796   2.        
-3.44751692 12.41569138  4.21145582  3.        
 2.20416307 -4.0071559   2.73288012  2.        
10.03089142 10.81818771 -5.70324707  4.        
-11.27945709  10.4162178    3.15905809   3.        
-15.05690765   6.96580887   6.118927     3.        
15.76020145  5.63220596 -7.68945312  4.        
-10.39059353  11.12887955   4.92974806   3.        
1.533813   1.55944395 1.98767102 2.        
-14.83087921   6.93899202   5.53155518   3.        
-11.13384247  10.6903801    7.58669996   3.        
1.06478906 2.0814321  2.49542189 2.        
 1.51696002 -2.34936094  2.053406    2.        
-15.67523193   5.56684494   6.87661695   3.        
1.35191298 8.56893539 0.362427   2.        
-8.439888   11.02833939  0.522919    3.        
 7.98610687 10.85694504 -6.4752202   4.        
 1.99681103 -5.82507706  2.78009009  2.        
0.077774   9.01736069 0.40976    5.        
0.205727   9.92528152 0.46710199 5.        
-8.31240845 11.30971909  1.31988502  3.        
 5.22174788 12.24742508 -0.868927    4.        
-9.40549469 11.00647354  1.81707799  3.        
 7.74811506 10.6688118  -7.06289721  4.        
  2.99235511 -10.2686882    3.85171509   2.        
-3.49490404 11.04163742  0.67736799  3.        
 3.91299391 11.4223671   0.74359101  4.        
-13.12619781   9.13016129   7.83593798   3.        
1.04087102 7.29709196 1.27853405 2.        
-10.47371674  11.21902847   5.6126709    3.        
-1.28836095  9.30090714  1.29415905  3.        
 2.39749908 -4.81426191  3.63836694  2.        
 6.15783691 12.10536575 -2.38412499  4.        
 3.11479998 11.25226212 -2.930969    4.        
-8.05749512 11.94324875  4.51364088  3.        
-15.09508514   6.09025192   4.54016113   3.        
 4.1867218  11.87755966 -0.389191    4.        
-13.95540619   8.30588055   7.21661377   3.        
 5.27024078 12.37712479  0.44958499  4.        
  3.358459   -11.35935211   3.15957594   2.        
-14.43170166   7.30878115   7.60848999   3.        
 3.17343903 -8.41363525  3.47744703  2.        
0.27436799 7.00323915 1.872437   2.        
 3.04180193 -7.24494219  3.83062696  2.        
 2.90274096 -9.35799026  2.8465879   2.        
10.42486572 10.40829086 -6.4468379   4.        
-5.90615082 11.28943253  0.37588501  3.        
-11.17702484  10.65132523   4.88897705   3.        
11.63593292  9.85858536 -6.6159668   4.        
11.98384857  9.58226395 -6.8036499   4.        
-13.06793213   9.12939072   4.18823195   3.        
 2.01454902 -0.56622702  3.39007592  2.        
11.22161865 11.61088181 -2.66815209  4.        
-12.80414581   9.3426857    2.193573     3.        
-15.34095764   6.15839815   6.3908391    3.        
-3.16463494 12.09723282  3.51312304  3.        
-6.82058001 11.53799057  1.08926404  3.        
 9.24606323 10.38947678 -6.76147509  4.        
14.66595459  7.96740294 -7.22253418  4.        
 2.16528296 -5.63267088  3.50689697  2.        
-11.8500824   10.52353954   7.29534912   3.        
 7.36398315 12.97200394 -0.245758    4.        
-12.88729858   8.82410812   2.49661207   3.        
 7.91699982 12.25808334 -2.80825806  4.        
 2.87879896 10.94672012 -4.09542799  4.        
 2.85494995 -8.19306183  3.01928711  2.        
1.17472804 1.647282   2.79367089 2.        
15.7375946   7.87161589 -5.7094121   4.        
0.488846   9.56142044 0.49865699 5.        
-10.4267807   10.92464066   3.9059751    3.        
-10.42416382  10.61027145   1.93667603   3.        
1.54303706 1.18502796 2.15270996 2.        
-10.79769135  10.9581337    5.50060987   3.        
 8.85688782  9.7050209  -7.54760695  4.        
-7.74288177 11.93047714  3.77810693  3.        
-15.54248047   6.11729097   5.50939894   3.        
0.796143   7.96657896 1.22344995 5.        
-1.64137995 10.72314835  2.61727905  3.        
-9.13712311 11.41965103  3.60434008  3.        
 8.76862335 12.79849625 -1.85513306  4.        
-0.35047901  6.41665316  1.60302699  2.        
-1.81079102 10.26714706  1.01086402  3.        
-5.07795715 12.43307114  5.37127686  3.        
15.31301117  6.91872787 -7.64825392  4.        
14.82969666  9.01047897 -5.01098585  4.        
-13.51315308   8.32726669   2.61144996   3.        
 2.29321289 -5.53757477  2.95330811  2.        
-1.74137104  9.88711166  1.00750697  3.        
-6.01635695 11.81757736  2.02481103  3.        
-11.84886169  10.03346634   2.63372803   3.        
 2.68251801 10.89278793  0.13266     4.        
 1.99223304 10.23705673 -0.30813599  4.        
0.77366602 7.46222305 1.03161597 2.        
-14.20565796   8.04000473   3.88580298   3.        
14.85754395  6.82354403 -8.13278198  4.        
 3.30800605 10.95097733 -4.59460402  4.        
-6.42221117 11.59643173  1.18008399  3.        
0.88619202 6.04217911 1.24664295 2.        
  3.18028307 -12.24564743   3.45129395   2.        
11.29047394  8.63374043 -8.20477295  4.        
0.69046801 5.54454422 1.35308802 2.        
-5.44440508 12.72635269  5.12939501  3.        
-5.91297197 11.87334824  2.78225708  3.        
-7.66654205 11.08230209  0.51577801  3.        
13.41999817  9.42061234 -6.1907959   4.        
-13.22066498   8.91697311   6.81790209   3.        
1.69467902 9.09556961 0.88897699 2.        
-15.83399963   3.31412101   7.62997389   3.        
15.98703003  6.06534195 -7.55905104  4.        
 3.51775408 -9.67718124  4.02502394  2.        
-14.38312531   7.74744797   7.27419996   3.        
 3.373245   11.36471939 -0.431366    4.        
  3.59426093 -11.09646225   4.15148878   2.        
10.55094147 10.09420395 -6.89141893  4.        
1.35403395 0.63136297 2.01315308 2.        
-10.11959839  11.35473347   5.51849413   3.        
 8.87654877 10.76776505 -6.1252141   4.        
 5.51476288 11.05296707 -6.3345952   4.        
0.90557897 6.489254   1.73059106 2.        
 5.5150528  11.47048569 -4.57046509  4.        
-13.83563232   8.52882004   5.9972229    3.        
-7.90399885 11.73202133  3.34173608  3.        
 2.22821808 10.05637741  0.59332299  4.        
  3.07786608 -10.79373169   3.39269996   2.        
-8.06188202 11.40503311  1.52487195  3.        
1.13047004 3.47941208 1.716766   2.        
 9.51226807 12.32534409 -2.68087792  4.        
16.31860352  5.80327177 -7.18512011  4.        
-7.55887604 11.46213913  1.32293701  3.        
 8.24015141 11.48254013 -4.52264404  4.        
 2.709831   -9.19127655  3.13626099  2.        
-10.05717468  10.51549911   1.008636     3.        
-12.74803925   9.40856457   3.40985107   3.        
-0.52656603  8.87958908  1.17276001  2.        
-10.1839447   11.05514908   3.42874193   3.        
0.035011   7.33455276 0.76422101 5.        
10.14656067 11.43129253 -4.25241089  4.        
11.59822083 11.79787064 -2.76525903  4.        
-4.40864611 11.86886215  2.64904809  3.        
-15.68360138   5.72331619   7.56713915   3.        
14.30306244  8.18957901 -7.28576708  4.        
11.75831604 10.38812637 -5.58044386  4.        
-6.23665619 12.28056717  5.80456495  3.        
  4.19285583 -12.07479095   4.01449585   2.        
 2.72109199 -9.33317947  3.81082106  2.        
 3.16641998 -8.64694977  3.73480201  2.        
-7.13947296 11.81383896  2.48352098  3.        
1.09262097 6.68925905 1.53335595 2.        
 9.5715332   9.74431992 -7.59893799  4.        
  4.24686384 -11.74261475   3.57620192   2.        
-7.10809278 11.80315781  2.91070604  3.        
-9.53552341 11.50369644  7.13562012  3.        
1.74374402 9.72320175 0.18887299 2.        
-12.39046478   9.22877121   2.27212501   3.        
 9.08821869 12.1409874  -2.99792504  4.        
 1.80230701 -5.16230822  3.01672411  2.        
-11.71504974  10.23587418   4.44897509   3.        
11.29315853  9.17515182 -7.78143311  4.        
10.94564056 12.08179092 -2.55615211  4.        
-15.64575195   5.6793561    4.8241272    3.        
 2.75949097 -8.72799301  3.71334791  2.        
11.79837799  8.19894028 -8.58001709  4.        
-0.42222601  7.34778214  1.76815796  2.        
-3.66316199 12.04365158  3.28512597  3.        
 2.12674689 -1.71215796  2.9680481   2.        
 2.01921105 -1.626068    2.65353394  2.        
-11.88010406  10.07255173   3.25350904   3.        
-15.91986084   4.36779404   8.13198853   3.        
-5.75631714 11.55054092  0.96887201  3.        
 2.98924303 -7.66266203  3.38909888  2.        
 3.9600141  11.63412094 -1.02029395  4.        
-15.3633194    6.44795609   6.2303772    3.        
-12.11553192  10.16884232   6.40307617   3.        
-15.50719547   5.6065712    8.47723389   3.        
1.14477503 4.08679581 1.81103504 2.        
-5.92043304 12.56689072  4.80700684  3.        
12.22488403  8.46921158 -7.99014282  4.        
13.2413559   8.07255936 -7.95187378  4.        
 4.16846514 11.12339401 -5.41958618  4.        
-9.13632202 11.78480053  7.02291918  3.        
15.03044891  7.42295504 -7.36978197  4.        
15.25653076  7.72976303 -6.86062622  4.        
 9.12319183 11.22300339 -5.14889479  4.        
0.52345997 6.93142319 1.39871204 2.        
1.12073505 1.33115804 2.53277612 2.        
 8.98692322 12.46036053 -2.421875    4.        
11.55808258  9.53133774 -7.22540283  4.        
-7.32879591 11.94111347  3.25540209  3.        
-6.78340197 12.06882095  3.4502871   3.        
 5.77770996 12.00219345 -2.41333008  4.        
15.207901    8.13319778 -6.44317579  4.        
 6.04615784 12.69909286  0.050018    4.        
-8.48490143 12.06695175  6.47186279  3.        
-9.72650909 10.73545456  1.18118298  3.        
-15.63781738   4.94024277   8.29928589   3.        
-9.59874725 11.60461044  5.42660522  3.        
 6.28875685 10.95573044 -6.54980516  4.        
0.97651702 3.72531509 2.27117896 2.        
-15.76237488   3.2667501    7.23886108   3.        
-2.9900279  11.87488937  3.16198707  3.        
 5.87860107 12.35432053 -1.33865404  4.        
0.16784699 9.41556168 0.22821    5.        
-10.26683807  10.54475784   1.65506005   3.        
 2.44494605 -3.70206499  3.315979    2.        
-4.9621582  11.15722275  0.088959    3.        
 5.29204607 11.59149647 -3.61584496  4.        
12.32267761 11.28207016 -3.22012305  4.        
12.35116577 10.15119553 -5.66687012  4.        
-0.384918    7.0219841   1.70538294  2.        
 2.60285211 -4.32580996  2.9927671   2.        
1.05849504 4.41150284 2.00952101 2.        
 2.62838006 -8.57538605  2.67001295  2.        
-5.57214403 11.30199146  0.35272199  3.        
1.19933295 3.67016196 2.50744605 2.        
-10.3290863   10.70256424   2.29894996   3.        
13.19517517  8.93735886 -7.1468811   4.        
 8.24552155 10.93909073 -6.28204393  4.        
-14.4719696    7.6303978    4.39990187   3.        
11.76029205 11.36870956 -3.39565992  4.        
-5.58447313 10.99607468 -0.16699199  3.        
 2.3521421  -2.71643806  3.17062402  2.        
0.584373   8.65178299 0.89932299 5.        
14.0974884   7.20940781 -8.32580566  4.        
 8.40682983 10.09054184 -7.70425415  4.        
 2.36952209 10.15950394  0.273895    4.        
-11.69813538  10.43286514   5.62954712   3.        
-13.15670013   8.95742416   2.81521606   3.        
-12.40740967   9.90988541   6.28118896   3.        
14.06401062  9.29791641 -5.70019484  4.        
10.03988647 10.12579727 -7.07031202  4.        
 3.11294603 11.23651505 -3.47338891  4.        
 2.146034   -3.69255805  2.79721093  2.        
 3.99252295 11.15771103 -4.7936101   4.        
-2.86900306 12.25333023  4.22921705  3.        
13.67699432  8.62288284 -7.11865187  4.        
1.65597498 0.32628199 2.85467505 2.        
1.60103595 1.06891596 2.89184594 2.        
2.14510298 9.66073227 0.59130901 4.        
 3.48966193 11.42512131 -2.01580811  4.        
-4.65520477 11.99305344  3.08361793  3.        
-12.28225708   9.75716019   3.57379198   3.        
-14.04956818   8.24991989   5.24716187   3.        
 2.44805908 11.0850563  -2.69458008  4.        
-5.26415205 12.72341537  4.83334303  3.        
-8.91971588 11.61271286  4.15234423  3.        
 2.05695295 -1.25156796  2.99749804  2.        
-11.46514893  10.3625679    3.86254907   3.        
  3.64672089 -10.09875488   3.97192407   2.        
-2.91581011 10.69892502  0.68499798  3.        
-14.43540192   7.80365419   5.63919115   3.        
 6.82599592 10.67274857 -6.60946703  4.        
 9.44098663 12.87350082 -1.63821399  4.        
12.33424377  9.90321732 -6.0744319   4.        
 9.65553284 12.75344467 -1.39291406  4.        
1.24894702 5.75349808 2.01107788 2.        
 0.62047601 10.48654556  0.27923599  5.        
-9.28971863 11.28432846  2.86398292  3.        
-5.14685106 11.35234547  0.45050001  3.        
 2.89016008 -5.63641024  3.60137892  2.        
10.74614716 10.32304001 -6.30868483  4.        
-13.30348969   9.12843704   7.20736694   3.        
10.23078918  9.12292862 -7.96276903  4.        
 9.86901093 12.48637009 -1.88165295  4.        
 5.17277479 12.40921402 -0.20742799  4.        
 2.16257501 10.67224503 -3.24960303  4.        
-12.8307724    9.48443985   5.37658691   3.        
13.43473816  9.6408186  -5.69671583  4.        
-13.09500885   9.29661179   5.908813     3.        
-5.84648085 12.18003464  3.58154297  3.        
-9.53509521 11.69475174  6.07855177  3.        
 1.62867701 -3.15733695  3.04864502  2.        
 6.90036011 12.53459454 -1.61419702  4.        
-13.11824799   8.75951767   8.36166382   3.        
-12.21248627  10.02724075   5.58017015   3.        
-12.68447876   9.59884262   4.42529297   3.        
 6.34970903 11.71603775 -3.81298804  4.        
-12.02985382  10.32024002   7.46701002   3.        
 1.93257105 -0.232517    2.63250709  2.        
 6.13918304 12.69981003 -0.35287499  4.        
 9.85177612 12.38393784 -2.41693091  4.        
 2.02439904 10.16376877  0.023315    4.        
 8.76187897 10.68632126 -6.59954786  4.        
 6.23835802 11.58097458 -4.38684082  4.        
0.523476   4.96044493 2.11965895 2.        
-5.88521624 12.41506577  4.44601393  3.        
 7.42063093 11.64558029 -4.35806322  4.        
 8.74733734 12.64064407 -2.14495802  4.        
-8.21984863 11.22783279  0.93279999  3.        
 4.8766861  11.59969711 -3.41397095  4.        
 9.84204102  9.49058056 -8.02801514  4.        
 3.65435004 11.64693832  0.15469401  4.        
 1.83898199 -3.95796204  3.21127295  2.        
-16.04750061   3.54669595   7.68530321   3.        
 6.56778717 12.51189804 -1.63378894  4.        
10.75669861  9.44913864 -7.54177904  4.        
-15.11160278   6.58277512   6.99514818   3.        
-14.63265228   7.01354599   7.84292603   3.        
 5.25960493 11.77751541 -2.96435499  4.        
-13.92041779   8.37665176   6.67797899   3.        
-3.30777693 11.60823441  2.58123803  3.        
1.00641596 5.21481705 2.0189209  2.        
 7.75702715 11.05035782 -5.80267286  4.        
 2.72788191 -4.72392988  2.99783301  2.        
-12.3661499    9.70669937   7.94570923   3.        
-11.11961365  10.79909897   5.55154419   3.        
 1.97695196 -3.31660104  3.32687402  2.        
12.98362732 10.03902817 -5.39660597  4.        
-1.17203498  9.19861221  1.83297706  3.        
12.56330872  9.11401653 -7.23480177  4.        
-9.04586029 11.85306168  5.73422194  3.        
 1.653023   10.00605392 -0.460022    4.        
16.24208832  6.59272385 -6.43279982  4.        
1.07572198 8.46854019 0.61798102 2.        
 1.63694    -1.62409198  2.0683589   2.        
15.22159576  7.96160507 -5.46463013  4.        
1.30361199 3.81347299 2.77084303 2.        
-10.66012573  11.03859329   5.22171021   3.        
0.76015502 3.80046511 1.51797497 2.        
 2.3159101  -7.94090986  3.18868995  2.        
 6.80639601 11.62745953 -4.12634277  4.        
1.06507897 7.69162416 1.07769799 2.        
-9.83863068 10.9912529   2.42617798  3.        
-12.13937378   9.9215889    3.90631104   3.        
 1.86476898 -5.3525238   3.52261305  2.        
 6.58025408 12.27415085 -2.29794312  4.        
0.097145   7.10294724 1.20898402 2.        
10.78744507 11.50227737 -3.79614305  4.        
-8.78401947 11.53219223  2.98288012  3.        
 2.40292406 -8.03126907  3.59536695  2.        
-15.10178375   5.80433321   8.62774658   3.        
 5.03834486 11.49549484 -4.11151123  4.        
 0.201317   10.18483353 -0.18072499  5.        
 3.67113495 11.45173264 -0.927948    4.        
14.81598663  7.17641783 -7.75234985  4.        
-14.44821167   7.62900877   3.87255907   3.        
 2.06489611 -4.41678619  2.88027906  2.        
0.52359802 7.42038298 1.38250697 2.        
 7.20328522 10.7737236  -6.71432495  4.        
 2.55647993 -6.63338518  2.97409105  2.        
16.21269989  6.45693588 -7.11105299  4.        
0.99542999 2.38826394 2.01950097 2.        
 8.1804657  12.10522079 -3.13006592  4.        
0.56640601 4.44569778 1.69238305 2.        
  3.64196801 -12.59883881   3.0914309    2.        
-2.41227698 10.58115768  1.07382202  3.        
 6.56502485 11.8116951  -3.1907959   4.        
-4.15612793 11.19923019  0.32550001  3.        
 5.99516296 11.47508621 -4.88913012  4.        
12.79114532  9.16717243 -6.92227221  4.        
-15.76294708   5.2242322    7.71807909   3.        
13.98020172  7.67266512 -8.11407471  4.        
 7.82258606 13.01372147 -0.965424    4.        
  3.69992805 -10.50861359   3.71627808   2.        
 2.18792701 -6.97271395  3.28073096  2.        
-10.79647827  10.73098373   4.41943407   3.        
 3.47257209 -9.68850708  3.71472192  2.        
0.207306   6.76955795 1.23223901 2.        
-12.35671997   9.65885544   2.96609497   3.        
-13.73706055   8.62224197   6.50579786   3.        
11.85829926  9.15519333 -7.42196703  4.        
2.118294   9.58439159 0.96020502 2.        
-15.13357544   6.69454622   4.3157649    3.        
 9.27094269 10.75934219 -6.23269701  4.        
-9.88053131 10.87590408  2.1373899   3.        
-13.73406982   8.33711624   7.51623487   3.        
0.12011    8.29327774 1.03341699 5.        
 7.44828796 11.25642014 -5.50796509  4.        
-13.5560379    8.1337471    8.51644897   3.        
12.833992    9.76448441 -6.03005981  4.        
-13.25907898   9.06176376   5.16641188   3.        
-1.42960405  9.77728653  2.00939894  3.        
12.39035034 11.16176987 -3.50073195  4.        
 2.51747108 -3.27965212  2.87701392  2.        
-7.5691762  11.37739182  1.00952101  3.        
-5.44529676 12.305233    4.05044603  3.        
-8.75761414 11.43982315  2.46231103  3.        
-9.01009369 11.81805038  5.30438185  3.        
0.95835102 5.43698502 1.47238195 2.        
 2.60826898 10.97712326 -3.63909888  4.        
 4.11599684 11.58392715 -1.55529797  4.        
 1.305565   -0.22536799  2.81979394  2.        
16.14271545  5.46789217 -7.36322021  4.        
1.27965605 7.13176298 1.10928297 2.        
-0.58660901  8.48971176  1.241974    2.        
-13.42491913   8.96225357   6.30517578   3.        
 9.12854767 11.06460953 -5.49536085  4.        
11.07898712 10.46660995 -5.7530818   4.        
 3.91096497 11.67277908 -0.50820899  4.        
 0.278267    9.66822433 -0.022522    5.        
-4.671875   11.24536514  0.16018701  3.        
1.40394604 6.81725693 1.29763806 2.        
-9.99876404 11.21583176  4.1902771   3.        
-12.69028473   9.64487839   5.75103807   3.        
 7.72452593 10.9376564  -6.32220507  4.        
1.12673998 7.12890196 0.65750098 2.        
11.26312256  9.6024437  -7.15698195  4.        
 1.89210498 -2.07318091  2.48648095  2.        
 1.97282398 -2.5475769   2.58895898  2.        
-0.91847199  9.39159012  1.27133203  3.        
-12.29801941   9.89748764   5.30557299   3.        
 2.05219293 10.83548355 -2.21066308  4.        
 9.69639587 12.5669136  -2.13055396  4.        
-16.12863159   4.57302523   6.41824293   3.        
12.41879272 10.34621811 -5.33932495  4.        
-15.87265778   5.21580076   4.83920288   3.        
-11.92616272  10.12842941   7.69949293   3.        
12.22933197  9.14782333 -7.26040697  4.        
 6.88024092 12.35322189 -2.03948998  4.        
-14.38450623   7.69743013   3.33758497   3.        
-13.75784302   8.58255386   4.8815608    3.        
1.61824    1.39054501 2.92007494 2.        
-1.220245    8.89056015  0.98425299  3.        
-11.45796204  10.2272377    2.86102295   3.        
15.3536377   8.61843491 -5.55133104  4.        
-15.54128265   5.85412216   6.62094116   3.        
 2.37764001 -3.88725996  3.57397509  2.        
14.39006805  9.50426865 -4.46731615  4.        
-5.58225298 11.67723465  1.53476     3.        
  3.90844703 -11.92636108   3.20388794   2.        
-12.39617157   9.78355026   4.54290819   3.        
13.72141266  8.42755508 -7.35601807  4.        
-14.80926514   7.27325106   5.49905396   3.        
 1.57685101 -0.22731     2.11572289  2.        
-1.65361798 10.16696453  1.69799805  3.        
-14.64022064   7.53879881   7.00961304   3.        
12.83859253  8.49370956 -7.72052002  4.        
 2.84865594 -5.32256317  3.49517798  2.        
 2.58932495 11.07342911 -3.16101098  4.        
-0.03775     7.93680906  0.56701702  5.        
 6.85431719 12.21946335 -2.59259009  4.        
 9.99810791 11.14093399 -4.82278395  4.        
-4.42262983 12.63285446  5.28893995  3.        
13.21669769  8.48534775 -7.56774902  4.        
 1.64165497 -3.5502851   2.93624902  2.        
13.16851044  9.21342087 -6.56231689  4.        
 3.05164289 -9.30084229  3.96136498  2.        
1.45322394 2.48830795 2.26055908 2.        
 1.04049695 10.66810226 -0.10434     5.        
-4.81577301 11.58224869  1.40985096  3.        
-15.75267029   5.51908493   5.58901978   3.        
-10.95991516  10.34704971   2.05178809   3.        
 3.81493402 11.42613602 -3.06686401  4.        
1.67668903 8.4564476  1.03418005 2.        
14.55001068  6.7914238  -8.13214111  4.        
-6.30059814 12.47089005  4.92675781  3.        
 7.77766418 12.40667343 -2.40557909  4.        
 7.09619904 11.79662704 -3.45306396  4.        
 8.79148865  9.98900986 -7.41046095  4.        
  3.11696601 -10.01240921   3.52294898   2.        
1.20127904 0.85020399 2.29116797 2.        
 5.00540876 11.39232254 -4.7749939   4.        
-12.62002563   9.51832199   7.27264404   3.        
-7.37732697 11.60174179  1.82849097  3.        
-8.02987671 11.46860886  1.82376099  3.        
 8.50421906 12.77878189 -1.70025599  4.        
-6.4978261  11.83913803  2.68896508  3.        
 1.91111004 -0.51999301  2.91836596  2.        
-6.58081102 12.17289352  3.73452806  3.        
 0.54043603 10.48460007 -0.193115    5.        
 3.2035141  10.95009232  0.74609399  4.        
10.39228821 10.83666611 -5.31607103  4.        
 2.75609589 -7.10201311  3.67599511  2.        
 6.10150909 12.66126633 -0.65478498  4.        
-10.62589264  11.30312729   6.77407789   3.        
-0.228622    7.60094786  0.70175201  5.        
1.279495   2.97572708 1.92825305 2.        
13.81420898  9.90230179 -4.51413012  4.        
 8.98583984 11.67409897 -4.22683716  4.        
 4.45328522 11.57010269 -2.91488695  4.        
0.30992901 4.61860323 1.78204298 2.        
 7.24813795 12.77373886 -1.16214001  4.        
-15.5117569    5.74344206   8.06152344   3.        
-15.07465363   6.88773012   4.97836304   3.        
-8.65625    10.96465683  0.77795398  3.        
  4.29955292 -12.16257095   3.71353197   2.        
0.49128699 5.05092192 1.53997803 2.        
-2.65139794 10.89897537  1.72927904  3.        
-9.22543335 11.17346573  2.15899706  3.        
12.73667145  8.20691299 -8.22000122  4.        
-16.08126068   5.12950516   6.61999512   3.        
0.67267603 8.92071056 0.743774   5.        
-0.007622    6.55354691  1.97665405  2.        
-9.20103455 11.28731918  2.55575609  3.        
14.18705654  7.88146591 -7.75744581  4.        
-2.21393609 11.57194138  3.075562    3.        
15.57196045  8.25311661 -5.19345093  4.        
-16.13566589   4.54300308   7.50668287   3.        
-4.97377014 11.41878891  0.69317597  3.        
-11.0582962    9.86027145   1.37475598   3.        
 2.85295105 -6.68962097  3.90402198  2.        
11.88282013 11.61005783 -2.83663893  4.        
-10.45593262  10.94411087   4.40002394   3.        
 2.91883898 -8.99662399  3.87112403  2.        
 2.62262702 -8.54944611  3.13915992  2.        
-14.45012665   7.79346895   6.04415894   3.        
 4.62448883 12.15920639 -0.16271999  4.        
-0.097008    7.7688098   1.91094995  2.        
 6.91780806 10.67821121 -7.10427904  4.        
 3.17527795 -9.75789642  3.96328712  2.        
-10.28958893  10.81445694   2.74057007   3.        
 4.97751617 11.23108292 -5.76425219  4.        
-10.61582947  10.16215897   1.34603906   3.        
-0.79515803  8.73655319  1.18966699  2.        
 5.36402893 11.82987595 -2.40811205  4.        
 9.63271332 11.57828903 -4.2749629   4.        
 2.15630293 -2.00395608  3.07107496  2.        
-11.98634338  10.23622513   5.99294996   3.        
-6.5527339  12.29294205  5.91796923  3.        
-0.013115    8.62547684  0.51733398  5.        
0.94023103 6.58620787 1.097839   2.        
 7.90055799 12.73363876 -1.839203    4.        
-3.52501702 11.32530594  1.95214796  3.        
15.14476013  8.18161392 -5.26898193  4.        
 1.61610401 -1.30796397  2.57681298  2.        
 4.38017988 11.65645981 -2.19113207  4.        
1.31447601 1.01720405 2.72583008 2.        
1.20064497 3.34653091 2.46307397 2.        
-6.66843414 11.86983109  2.96026611  3.        
 2.90676904 -6.40187407  3.39446998  2.        
  3.74994707 -10.83614254   3.447052     2.        
-3.40833998 11.16669846  1.36080897  3.        
  3.17562103 -12.56562805   3.48568702   2.        
 2.83203101 -6.90739393  3.18649292  2.        
-4.88995409 12.64968491  4.72335815  3.        
-2.19874597 10.61750412  1.73007202  3.        
0.72940803 5.23939896 1.44525099 2.        
-14.73612976   7.27043486   7.46957397   3.        
 1.15738702e+00  1.03581657e+01 -2.65499996e-03  5.00000000e+00
-12.70632172   9.44495773   3.72021508   3.        
-11.78393555   9.89214706   1.97766101   3.        
1.15447998 1.18204904 1.70025599 2.        
1.27115595 4.0135231  2.16189599 2.        
 4.78013611 11.71816635 -2.38796997  4.        
0.52703899 6.95339584 0.96789598 2.        
14.42420197  8.98297501 -6.00772095  4.        
-7.0344162  12.47777939  5.50274706  3.        
 4.45288897 11.37063217 -4.53002882  4.        
-2.6384201  10.53202438  0.467163    3.        
10.15305328  9.51968765 -7.8659668   4.        
-12.53449154   9.50937271   2.39801002   3.        
15.15937805  7.60786819 -7.12033081  4.        
 6.02033997 11.25163746 -5.70147705  4.        
-5.09194994 12.74448776  5.30587816  3.        
 2.29219794 -4.26008606  3.69219995  2.        
10.28052521  8.82662582 -7.99969482  4.        
 2.24227905 -6.70969391  3.43048096  2.        
 5.41195679 11.16695786 -6.07318115  4.        
 2.52503204 11.09280014 -2.08908105  4.        
-3.31100007e-03  7.85304594e+00  1.09432995e+00  5.00000000e+00
-6.18699694 12.21792984  3.78604102  3.        
-13.91329956   7.64030123   8.60409546   3.        
10.58573246  8.73100662 -8.08114624  4.        
 3.55870104 11.36242294 -1.33761597  4.        
11.33390045 11.46043015 -3.55557203  4.        
-2.1581881  10.9557457   2.23867798  3.        
 1.56442297 -0.35375199  2.909271    2.        
1.28336298 8.21318436 1.03140295 2.        
-15.71609497   5.74640989   6.09915209   3.        
-14.06656647   8.26617813   6.31942701   3.        
-15.86719513   5.39239883   7.10076904   3.        
-13.83124542   8.37939835   4.28814697   3.        
11.84578705 11.18065262 -3.80514503  4.        
 2.04267907 10.77750015 -1.72582996  4.        
-14.71904755   6.36296511   8.61111355   3.        
13.92115784  9.26279831 -5.97329712  4.        
-15.77513885   5.44967985   4.66119385   3.        
-11.52713776  10.75297928   7.11489916   3.        
16.29682159  6.93352079 -6.5566411   4.        
1.03877294 1.85628104 1.75912499 2.        
-12.25715637  10.16084671   6.87866211   3.        
 8.23713684 11.14390182 -5.777771    4.        
 4.74031115 11.03701401 -5.42007494  4.        
  3.12277198 -11.55321884   3.31161499   2.        
