-0.109962    7.27104187 -0.639862    2.        
 -6.09749603 -11.73199844   0.76904303   2.        
-13.04032898   8.72332764   3.30160499   3.        
13.01371765  6.08003998 -2.24557495  4.        
-2.61586809 -2.40871096 -0.26321399  2.        
 7.10044098 10.879776    0.656555    4.        
-5.77819777 11.92153931  2.57876611  3.        
 9.18530273  9.33028412 -3.98263597  4.        
 3.71922302 10.3748703  -3.37051392  4.        
-9.6553421  10.51293182 -0.68322802  3.        
-4.12033081 10.26317596 -2.09811401  3.        
-1.68679094  2.58126092  0.62594599  2.        
-4.29949188 -7.19131088 -0.72009301  2.        
 2.74133301 10.22905731  1.42935205  4.        
-9.62586212 11.01746368  3.60083008  3.        
-2.21115899 10.18617153  1.70913696  3.        
10.92832184  9.19622803 -0.34893799  4.        
-6.61384583 11.32765198 -0.44988999  3.        
 6.66252089 10.81755066 -2.41943407  4.        
 1.48673296  9.75196075 -1.44070399  4.        
-11.39583588  10.0845108    1.51174903   3.        
 4.62696791 10.74222565 -0.56308001  4.        
-3.75856805 -4.80412292  0.48275799  2.        
11.37546539  8.14861298 -2.88501     4.        
-1.87548101  9.35901642 -0.83846998  3.        
-2.02557397  0.24335501 -0.65933198  2.        
-5.49644518 -9.05303192  0.79351801  2.        
-0.434082    4.70972395 -0.186829    2.        
-4.25144196 11.23991394  0.57214397  3.        
-8.32036591 11.35923767  1.46438599  3.        
 8.90979004 10.2727356  -1.46331799  4.        
0.79386097 9.06227112 0.62213099 4.        
-11.42314911   9.98057556   3.99957299   3.        
12.3337326   7.73518419 -1.11297596  4.        
-3.83523607 11.37075043  2.54626489  3.        
 8.91976166 10.10810089  0.53012103  4.        
 5.14257002 10.64582062  1.32443202  4.        
-7.67787218 11.56352997  3.29748511  3.        
 -5.24486494 -10.04168701  -0.73999      2.        
10.18460083  9.42163086 -2.42425489  4.        
 7.61759901 10.20111084 -3.81753492  4.        
 2.87803602 10.4338913  -0.42410299  4.        
-3.56131697 -3.74742889 -0.89990199  2.        
-9.92209625 10.84455872  1.02652001  3.        
-5.71259308 10.92359161 -1.86474597  3.        
-1.01325202  8.34099579  0.35964999  3.        
-7.98915911 10.80368805 -1.32687402  3.        
-1.81298101 -1.075737    0.44946301  2.        
 -6.55287218 -11.5319519   -0.86325097   2.        
-2.83403802 10.43958282  0.059937    3.        
 4.92712402 10.88493347 -2.29177904  4.        
-4.15410614 -5.49659395 -0.96929902  2.        
 6.31700087 10.82624054 -0.77514601  4.        
-6.64524794 11.67870331  1.22766101  3.        
 2.24565101  9.87400818 -2.86840796  4.        
11.98139954  6.84410095 -3.58773804  4.        
 5.78459215 10.44121647 -3.69045997  4.        
-1.04254198  6.21378279  0.075623    2.        
-5.67888594 -7.82354403 -0.39727801  2.        
-4.47572279 -6.17004395  0.556458    2.        
 0.57137299  8.63144684 -0.89474499  4.        
 3.45426893 10.63184357 -1.82235706  4.        
-2.05822802  1.05326796  0.62603801  2.        
 -4.98774004 -10.71387482   0.619995     2.        
10.41745758  8.43527222 -4.018188    4.        
-1.19254303  3.21756697 -0.61111498  2.        
-8.55600739e+00  1.11943436e+01  5.73700015e-03  3.00000000e+00
-12.44828033   9.05245972   2.00991797   3.        
-10.79948425  10.53283691   2.74801612   3.        
 7.94036913 10.67169952 -0.490143    4.        
 3.87205505 10.80240631  0.72308302  4.        
-4.34310198 10.90804291 -0.79638702  3.        
-2.77818298 -1.06900406 -0.66329998  2.        
-10.7335434   10.06394958   0.197174     3.        
-2.936234   10.15157318 -1.36746204  3.        
 8.67159271 10.14715576 -2.90560889  4.        
-1.78369904  9.60201263  0.52346802  3.        
11.22068024  8.88088226 -1.70086706  4.        
-4.50802612 -8.33221817  0.109314    2.        
-3.14041901 11.19823456  1.37066698  3.        
 -6.26791382 -10.51979828   0.15856899   2.        
1.90260303 9.89319611 0.34378099 4.        
-1.242378    8.09463501 -0.94534302  3.        
-9.49489594 11.12412262  2.26580811  3.        
12.36841583  7.37723494 -2.43218994  4.        
 9.84063721  9.92502594 -0.57324201  4.        
-5.61377001 11.39064789  0.419678    3.        
-3.36036706 -3.32955194  0.33978301  2.        
-2.14221907  1.83325195 -0.43432599  2.        
0.14492799 6.60558319 0.47650099 2.        
-4.86685896 11.73867798  1.72451794  3.        
 7.72138214 10.50663757 -1.80673206  4.        
-11.86206818   9.84039307   2.79290795   3.        
-2.93387604 -0.38173699  0.36273199  2.        
 5.9034729  11.02718353  0.369385    4.        
-3.32969689 -1.55574405  0.312897    2.        
0.36732501 7.94052887 0.42434701 2.        
-5.96665907 -9.15173721 -0.34484899  2.        
-7.05697584 11.84609222  2.33547997  3.        
 0.0541      5.84255219 -0.40335101  2.        
-6.84970903 10.89360046 -1.60919201  3.        
 -5.1480031 -11.8068161   0.098724    2.       
-1.42689502  3.93739295  0.261902    2.        
-7.40430498 11.40946198  0.37735     3.        
-4.80391693 -7.25690079  0.33136001  2.        
-5.47658491 11.19742584 -0.67770398  3.        
 2.36093903 10.33071899 -1.81964099  4.        
-1.26824999  7.34123993 -0.125183    2.        
-4.84046888 -6.23551607 -0.49069199  2.        
 1.28800201  9.3723526  -0.42208901  4.        
-8.72708893 11.48405457  2.97375488  3.        
-1.24301898  1.32893395 -0.056793    2.        
 1.40206897  9.31056976 -2.47384596  4.        
-12.28919983   9.36008358   3.79257202   3.        
-2.98195601 -4.24104309 -0.128113    2.        
-1.68544805  0.021904    0.34454301  2.        
-3.74538398 -6.30454588 -0.22912601  2.        
11.71128082  8.46870422 -0.629547    4.        
-0.71954298  3.12728095  0.34304801  2.        
 5.83115387 10.8631897  -1.72210705  4.        
10.40268707  9.45124817 -1.35058606  4.        
 4.81491899 10.63717747 -3.32723999  4.        
-10.50362396  10.44559479   3.78036499   3.        
-4.90696001 -9.33913803 -0.025055    2.        
12.79854584  6.89647722 -1.61309803  4.        
10.09326172  9.2586441  -3.44769311  4.        
-2.89259291 10.92639923  2.31726098  3.        
-4.08417511 -4.590168   -0.45117199  2.        
 7.96538496 10.38868046  0.83456397  4.        
 -5.57173204 -10.97176361  -0.40597501   2.        
 4.90260315 11.02565002  0.39279199  4.        
 7.63796997 10.5322113  -2.80371094  4.        
 8.98496246 10.41485596 -0.42068499  4.        
 6.7456131  10.56359863 -3.50204492  4.        
-10.52238464  10.62227631   1.80612195   3.        
-0.016525    5.40274096  0.474213    2.        
11.83243561  8.14490509 -2.01406908  4.        
-4.85214996 11.59709167  2.68927002  3.        
-6.6243062  11.58279419  3.15969896  3.        
 2.95837402 10.56749725  0.53158599  4.        
11.3278656   7.56445312 -3.64752197  4.        
-2.57935309  9.22422028 -1.47796595  3.        
-4.77715302 10.92559147 -1.66104102  3.        
 0.888107    8.99711609 -1.73431396  4.        
-3.4088521  -2.85604501 -0.600586    2.        
-1.13587904  2.32860589 -0.104523    2.        
 3.69805193 10.59017181 -0.86807299  4.        
-3.41706896 -5.41838503 -0.203491    2.        
 4.39025879 10.80461121 -1.474213    4.        
-5.57914019 -9.94147873  0.492432    2.        
-3.06043196 -2.42817712  0.56390399  2.        
 2.92745996 10.489151   -2.67428589  4.        
-3.70812988 10.73946381 -0.102356    3.        
-7.54506683 11.31958008 -0.557648    3.        
 2.08930993  9.95549774 -0.58352703  4.        
-5.7166748  11.71533203  1.32629395  3.        
-2.53173089 10.64665222  0.91787702  3.        
 5.82282305 10.80995941 -2.83715796  4.        
-9.54645538 10.85866547  0.177856    3.        
-8.78456116 10.873909   -0.85876501  3.        
12.7299118   6.30544281 -3.097229    4.        
-1.32171595  4.68698883 -0.43301401  2.        
-9.02797699 11.10844421  0.93057299  3.        
10.78224182  8.87349701 -2.97866797  4.        
 7.21534014 10.71193695 -1.07495105  4.        
-11.85140228   9.34861755   1.22082496   3.        
-4.00817108 11.51308441  1.512115    3.        
 4.06491899 10.78026581 -2.56710792  4.        
 9.28195858  9.89848328 -2.27758789  4.        
-5.18279982 -8.55585098 -0.58050501  2.        
-1.04344904  5.31621599  0.17553701  2.        
-1.40500605  8.79545593 -0.3125      3.        
-7.98063707 11.57488346  2.26763892  3.        
-2.0842061  -0.568546   -0.27920499  2.        
-2.52273607  0.84420002 -0.230225    2.        
-2.38323998 -1.56389999 -0.02829     2.        
 6.18070221 10.6424942   1.12072802  4.        
 8.48934937  9.83666229 -3.71603394  4.        
-3.73051405 10.64180756 -1.39740002  3.        
-4.39496613 -5.50043917 -0.115967    2.        
 -6.56921387 -11.34216309   0.021393     2.        
1.97843897 9.77851105 1.21261597 4.        
-2.9186101  -1.92942405 -0.93255597  2.        
-0.66018701  3.84490204 -0.32983401  2.        
 7.10480499 10.83616638 -0.22219799  4.        
 0.98532099  8.52229309 -0.02536     4.        
 9.45735931  9.7798996  -3.18664598  4.        
9.71660614 9.67608643 0.24173    4.        
-10.70265198  10.4644928    0.98016399   3.        
-7.47979021 11.59120178  1.41482496  3.        
-2.24461389  9.85076904 -0.24002101  3.        
 5.42130995 10.88989258 -0.85086101  4.        
-5.1527791  -7.01589203 -0.64361602  2.        
-4.82582092 11.15543365 -0.127808    3.        
-12.53898621   9.23403931   2.83685303   3.        
 9.64736176  9.83250427 -1.43148804  4.        
 3.73902893 10.36014557  1.43365502  4.        
-0.43059501  4.13190508  0.43005401  2.        
-3.2669301 10.9380722  0.588135   3.       
-11.31221008   9.72546387   0.70867902   3.        
-6.21475983 11.22901917 -1.18774402  3.        
-6.43374586 11.46340942  0.38784799  3.        
-0.596901    6.94011688  0.130798    2.        
-1.87126195  2.60891008 -0.410065    2.        
1.597435   9.22783661 0.74469    4.        
-4.75109911 -7.83167982 -0.48858601  2.        
-1.79212904  1.12044501 -0.62255901  2.        
-3.95365906 -3.849648   -0.135864    2.        
 3.89245605 10.8523407  -0.09021     4.        
-5.38822889 -8.47867203  0.199646    2.        
-1.89812505  9.48830414  1.45397902  3.        
-2.70156097 -3.48368096 -0.088593    2.        
 0.448448    7.27732897 -0.067474    2.        
-10.10102081  10.9037323    2.855896     3.        
 -5.78819323 -11.7365036   -0.40136701   2.        
 0.23795301  7.974617   -0.53442401  2.        
-1.83210003  1.78278399  0.426819    2.        
-10.33904266  10.6213913   -0.195007     3.        
-6.34000397 11.86904144  1.92736804  3.        
11.10138702  8.37836456 -3.58554101  4.        
 8.42177582 10.5878067   0.120728    4.        
-0.61856103  7.53749084 -1.16992199  2.        
-3.47386193  9.87969971 -1.88546801  3.        
-4.88467407 11.50284576  0.94491601  3.        
 2.85861993 10.42410278 -1.202057    4.        
-12.04110718   9.71477509   2.02661109   3.        
11.85652161  7.56349897 -3.08074999  4.        
-2.42339301  0.145409    0.084808    2.        
 6.62796783 10.73360443 -1.57586706  4.        
-8.22502899 11.28488922  0.69723499  3.        
 1.85086799  9.86989594 -2.19189405  4.        
-1.49217999  3.16159105  0.16629     2.        
-8.76325989 11.38750458  2.2194519   3.        
-2.64065504 -0.32883099 -0.77035499  2.        
-11.37245178  10.15343475   2.26791406   3.        
-1.28163195  8.96129608  0.70282     3.        
-4.09171295e+00 -6.93903017e+00 -5.03499992e-03  2.00000000e+00
-1.57568395  8.82106781 -1.27795398  3.        
-1.668625    0.70463902  0.020599    2.        
-11.32230377  10.20684147   3.18386793   3.        
 -5.47248793 -11.31340408   0.74023402   2.        
 8.55622101 10.20201874 -2.16445899  4.        
-3.23736596 10.44972992 -0.74807698  3.        
 -4.96100616 -10.55762863  -0.112061     2.        
-0.31751299  6.0652771   0.24353001  2.        
-8.80427456 11.17523193  3.65011597  3.        
-1.03205097  7.04907179 -0.76907301  2.        
-5.80450392 -9.86962128 -0.251129    2.        
 8.21930695 10.52310181 -1.15841699  4.        
12.67600346  6.70960999 -2.46524096  4.        
-3.66747999 -2.59410095  0.033295    2.        
 0.196999    6.54698896 -0.27340701  2.        
 4.42431593 10.69431305  1.22488403  4.        
-0.54823297  5.43196917 -0.341461    2.        
-9.43460846 11.03266907  1.54934704  3.        
 7.69600677 10.81847382  0.196564    4.        
 9.83869171  8.8642807  -4.04614305  4.        
 1.00275397  9.20280457 -1.05181897  4.        
-2.59343004 10.86728668  1.67663598  3.        
 5.090446   10.8713913  -1.54519701  4.        
-2.44657111  9.86451721 -0.94683802  3.        
-2.96559095 -1.00606501  0.034271    2.        
-1.03514898  4.53323412  0.19293199  2.        
-2.0734179  10.08950806  0.938995    3.        
-5.00649977 -8.08399582  0.637573    2.        
11.8742981   8.33152771 -1.29718006  4.        
-7.03057098 11.27550507 -1.02908301  3.        
-3.41632795 11.46965027  1.99639904  3.        
-0.87033802  7.60656691  0.38159201  2.        
 -5.69842482 -10.66158676   0.64831501   2.        
-3.62444305 -4.55316496 -0.97198498  2.        
11.01452637  9.15736389 -1.09927404  4.        
-3.0133059  -1.71069705 -0.28311199  2.        
10.27796173  9.57556915 -0.171875    4.        
10.87397766  9.01686859 -2.27944994  4.        
-11.84670258   9.83573055   3.4776001    3.        
 2.32968903 10.19812012  0.78176898  4.        
-9.35960388 11.23181915  2.93185401  3.        
12.3968811   7.01126099 -3.0097661   4.        
-4.20820618 -6.17554903 -0.73867798  2.        
12.34313965  7.64840698 -1.81722999  4.        
-2.19582391 -0.45951799  0.375       2.        
-1.00943005  8.01786041 -0.223846    2.        
-5.92565203 11.32707977 -0.206726    3.        
-8.19431305 11.12306976 -0.69085699  3.        
-5.43698883 11.91548157  2.01126099  3.        
-3.36054993 -4.77032804 -0.326294    2.        
-5.09270477 10.62059784 -2.15371704  3.        
 5.24494219 10.95491791 -0.219971    4.        
 -6.25790405 -10.9185524   -0.37451199   2.        
-5.31490278 11.10806274 -1.32928503  3.        
-2.94951606 -2.86422706  0.073456    2.        
-4.12874603 -4.07985306 -0.86157203  2.        
-4.30058289 11.72169495  2.24545288  3.        
 2.16288805 10.13119507 -1.21063197  4.        
-3.49466705 -4.20805693  0.41628999  2.        
-10.13880157  10.6199646    0.45059201   3.        
-1.71019006  9.32985687 -0.066498    3.        
1.33512104 9.52902222 0.22912601 4.        
-4.73513794 -6.69285202 -0.039734    2.        
-5.42474413 -7.17671585  0.15432701  2.        
 5.88919115 10.95618439 -0.281616    4.        
-6.45749712 11.90708923  2.57122803  3.        
 6.62765503 10.97492218  0.191101    4.        
 5.436234   10.91785431  0.79965198  4.        
-0.46160901  6.42819214 -0.267456    2.        
-0.66011798  7.47629499 -0.27300999  2.        
 8.11406708 10.2549057  -3.41091895  4.        
-3.69502306 11.26858521  1.01196301  3.        
-1.50242603  3.73722792 -0.4086      2.        
-1.72491503  8.31984043 -0.597076    3.        
-5.27028704 -9.42591858 -0.54013097  2.        
 2.34050012 10.18008423 -0.043854    4.        
 9.37734985 10.17769623  0.047668    4.        
 7.13589478 10.64736176 -2.03051805  4.        
-1.03209698  1.95237696  0.39151001  2.        
-9.07844543 10.95082855 -0.30697599  3.        
 -4.97556305 -10.09294891   0.40728801   2.        
-2.16287208  1.35931396 -0.023346    2.        
-5.62106323 -9.28754807  0.229187    2.        
 3.19644904 10.54419708  1.10415602  4.        
-1.55164301  1.90696704 -0.27349901  2.        
-12.64759064   8.87256622   3.90563989   3.        
-9.98163605 10.83522797  2.02590895  3.        
-4.33472395 -5.51523209  0.49542201  2.        
-7.55665588 11.67683411  2.70663404  3.        
-2.19835711  0.46050599  0.56274402  2.        
-3.89218903 -5.71718216 -0.441071    2.        
-5.17255402 -7.91531706 -0.05661     2.        
-3.23565698 -2.31682992 -0.29409799  2.        
 9.36403656 10.11102295 -0.89990199  4.        
11.32839966  8.55422974 -2.43667603  4.        
 7.35854292 10.49369812 -3.35449195  4.        
 -6.31525421 -11.06562424   0.496887     2.        
-7.89810181 11.30374908  0.048065    3.        
-2.19683099 10.03858852  0.330688    3.        
 5.6184392  10.92809296 -2.28213501  4.        
10.59002686  8.83947659 -3.6061399   4.        
-3.28089094 -3.53168511 -0.24322499  2.        
-5.74798584 -8.48146057 -0.281982    2.        
 1.64615595  9.64394379 -0.84326202  4.        
 -5.26755524 -11.15467072   0.078064     2.        
 3.47525811 10.62316132 -2.47650099  4.        
 6.9268651  10.64084625 -2.92092896  4.        
 0.81880999  8.0853653  -0.582214    2.        
-4.2192688  10.73957825 -1.73614502  3.        
-4.26277924 -7.47594118 -0.186707    2.        
-7.11579084 11.48217773  0.93087798  3.        
-4.26967621 10.95452881 -0.21283001  3.        
 2.90250397 10.42199707 -2.03439307  4.        
 5.39537096 10.73446655 -3.32366896  4.        
-8.87947845 11.21665192  1.60742199  3.        
-2.679878   -0.42749399 -0.16406199  2.        
-2.467834   -0.97871399  0.352844    2.        
10.53614807  9.49798584 -0.69274902  4.        
-4.4802022  -5.13614988 -0.566742    2.        
-7.13220215 11.38104153 -0.14758299  3.        
-8.27857971 11.43112946  3.34423804  3.        
-6.30688477 10.8711853  -1.82369995  3.        
 6.22849989 10.7434082  -3.24896193  4.        
 2.80402398 10.16473389 -3.14077806  4.        
-10.094841    10.71685028   3.43737793   3.        
 4.35864305 10.86956024  0.26944     4.        
 4.22898102 10.57141113 -3.17950392  4.        
 1.31969404  9.36408234 -1.85223401  4.        
-4.90676117 -8.85451126  0.29031399  2.        
-1.18227398  5.69285583 -0.240326    2.        
11.38648224  8.71589661 -1.08236694  4.        
3.22721100e+00 1.06089315e+01 1.28199998e-03 4.00000000e+00
-5.22106886 -9.90670395 -0.179749    2.        
-1.31466699  2.6416471  -0.55761701  2.        
-1.79492998  2.32505012  0.123444    2.        
-1.00688899  2.93261695 -0.148682    2.        
-2.75413489 10.20748901 -0.55905199  3.        
11.85372162  7.96658278 -2.55764794  4.        
 -5.7314992  -10.43446732  -0.19503801   2.        
 0.45178199  8.36141205 -0.14956699  2.        
 3.99907708 10.76554108 -1.91076696  4.        
-10.80948639  10.63465881   3.34139991   3.        
-3.97804999 -4.98281097 -0.057129    2.        
-0.61836201  4.878479    0.357941    2.        
 9.8315134   9.73654175 -1.95739698  4.        
-0.936737    3.65856194  0.300201    2.        
-7.39172411 11.10877228 -1.43023705  3.        
 9.69400787  9.74680328 -2.63049293  4.        
 5.01742506 10.85872746 -2.85070801  4.        
 -5.45334578 -11.87546158   0.75634801   2.        
-3.32516503 -4.23721313 -0.57366902  2.        
 2.43711805 10.32827759 -2.45105004  4.        
-12.68354034   9.20257568   3.42437696   3.        
-4.9560318  11.08676147 -0.85574299  3.        
 6.54074907 10.9048233   0.77984601  4.        
-5.84752703 11.59412384  3.02673292  3.        
-0.98562598  6.61495209 -0.32095301  2.        
-2.84944201 -1.83718503  0.36206099  2.        
-10.78823853  10.06012726   4.06536913   3.        
 0.98078197  9.08514404 -0.05661     4.        
-9.04731846 11.05700684  0.32601899  3.        
 9.56090641  9.3768692  -3.55544996  4.        
-4.24193621 -6.25235701  0.014709    2.        
-1.95130205 -0.04068    -0.167816    2.        
-3.72800398 10.69104767 -0.84356701  3.        
 8.12879944 10.37490082 -2.59829712  4.        
-5.0641942  11.33338165  0.44516     3.        
-5.02475691 -7.33006716 -0.208344    2.        
-2.9715271   9.72567654 -1.71585095  3.        
 6.1519618  10.82970428 -2.18530297  4.        
-6.13879395 11.53614044  0.84735101  3.        
-4.431252   -6.68822479 -0.53994799  2.        
 4.23217821 10.68823242 -0.95446801  4.        
 3.85214996 10.67966461 -1.38836706  4.        
-0.072197    7.10600996 -0.030396    2.        
-2.20381904 -1.124493   -0.30456501  2.        
 8.48699188 10.55065918 -0.60650599  4.        
 8.97851562  9.95506287 -3.38803101  4.        
-7.53484297 11.67224884  1.96707201  3.        
-2.96666694 -3.11602807 -0.412994    2.        
 4.80880022 10.71955872 -1.07717896  4.        
0.63928199 8.5548172  0.49707001 2.        
-0.231277    7.83270311 -0.92608601  2.        
-1.68688202  1.21501195  0.23736601  2.        
-1.04173303  7.5904541  -0.71478301  2.        
-3.78564501 -5.03132582 -0.768677    2.        
0.199867   7.44320679 0.56716901 2.        
-2.15930891  9.0075531  -1.21130395  3.        
-4.27376604 -7.79260302 -0.743622    2.        
10.78453827  9.19953918 -1.65536499  4.        
 1.79740906  9.74136353 -0.165802    4.        
-10.46278381  10.67333984   2.347229     3.        
 1.84660304  9.55844116 -2.6600039   4.        
-6.98954821 11.77133179  1.80304003  3.        
 -6.87066603 -11.4454689   -0.43298301   2.        
-1.69312298  9.2245636   0.93630999  3.        
-10.90557861  10.40109253   1.49514794   3.        
-5.07886505 -9.56837463  0.48724401  2.        
 6.12957001 10.75932312 -1.28356898  4.        
12.58435822  7.32508802 -1.35995495  4.        
-7.18353319 11.63809204  3.09612989  3.        
-10.92294312  10.39157104   2.08264208   3.        
 3.44796705 10.26154327 -2.91918898  4.        
-7.72441101 11.37587738  0.87332201  3.        
-4.33677721 11.44677734  1.09112501  3.        
-1.08161199  4.15253401 -0.198792    2.        
-4.57143402 -7.78146696  0.129822    2.        
-2.5807879  10.53536224  2.13180494  3.        
-12.21394253   9.55741882   3.2129209    3.        
 4.91551208 10.93864441  0.943573    4.        
12.05850983  8.10552216 -0.80212402  4.        
 0.83048201  8.96411896 -0.575378    4.        
-0.87432897  5.01580095 -0.35086101  2.        
-3.85818505 -4.36151123  0.065186    2.        
 7.46463013 10.56700134  0.87631202  4.        
-8.11096191 11.60468292  2.77783203  3.        
-0.69567102  5.96045685 -0.331451    2.        
11.36151886  8.83107758 -0.47644001  4.        
-1.05250597  3.49790192 -0.1875      2.        
12.70947266  7.13272095 -2.07473707  4.        
-1.46276104  8.93758392  0.210144    3.        
-5.17419386 -8.57159424  0.73465002  2.        
-12.24053955   9.61107635   2.50030494   3.        
 5.65512085 10.63430786  1.21652198  4.        
 8.44020844 10.33859253  0.57955903  4.        
-0.74607801  5.76686096  0.241119    2.        
 1.99383497  9.96038818 -1.67276001  4.        
 6.831779   10.79484558 -0.70294201  4.        
 8.29698944 10.34612274 -1.73663294  4.        
-5.36525011 11.62519073  2.77185106  3.        
-11.16337585  10.13713837   1.04971302   3.        
-11.81481934   9.76451111   1.562042     3.        
-4.74269104 -8.69481659 -0.177582    2.        
-10.12200165  10.74162292   1.50042701   3.        
-5.43952179 11.55207062  0.92092901  3.        
-1.25595105  2.71641493  0.282471    2.        
11.53363037  7.98851013 -3.43475294  4.        
12.58491516  5.87522888 -2.04211402  4.        
10.28982544  9.25798798 -2.90130591  4.        
-4.47480822 -6.86719894  0.39663699  2.        
 9.28816223 10.06447601 -1.79247999  4.        
-5.42104292 11.26000977 -0.162109    3.        
 -5.59233904 -11.55935287   0.051025     2.        
-7.69492292 11.13651276 -1.020172    3.        
 2.53475904 10.2158432  -0.86837798  4.        
-3.12739611 -2.42981696 -0.778198    2.        
-1.36282301  8.66253662 -0.80127001  3.        
-4.48425293 -4.95478392 -0.062531    2.        
-0.396896    6.91621399 -0.386475    2.        
-5.32644701 -8.95606995 -0.309387    2.        
10.05580902  9.75889587 -1.14563     4.        
 8.89705658 10.42631531  0.093567    4.        
10.41482544  9.37213898 -1.98016405  4.        
11.83396053  7.31064606 -3.70040894  4.        
 0.220688    7.74729919 -0.015259    2.        
-3.37070489 10.36566162 -1.61184704  3.        
-2.31661201 -2.0266459   0.152832    2.        
 4.49015093 10.82197571 -2.83346605  4.        
-9.85686493 10.72831726 -0.27243     3.        
-2.46666694 -1.94128001 -0.358307    2.        
 5.41496992 10.96862793  0.28183001  4.        
-5.1305542  11.90337372  2.41363502  3.        
-0.220917   5.2576828 -0.011078   2.       
 4.45632219 10.86312103 -2.13534594  4.        
 8.78170776 10.31713104 -0.98571801  4.        
-2.13308692  0.77227801  0.18222     2.        
-2.66390204  0.014378   -0.38726801  2.        
-5.98533583 11.26499176 -0.75140399  3.        
 -5.30596209 -10.34498215   0.70330799   2.        
 9.84509277  9.49391174 -3.07748389  4.        
 7.48150587 10.80013275 -0.61569202  4.        
-3.37643409 -3.294029   -0.84927398  2.        
-12.0803299    9.29883575   1.65362501   3.        
0.15307599 6.09938002 0.38330099 2.        
 6.53465986 10.95011902 -0.34277299  4.        
 -5.89060211 -10.13591003   0.165161     2.        
-6.91735077 11.45246887  0.301025    3.        
-0.62200898  4.2276001  -0.011505    2.        
-2.58255792 10.42775726  0.478699    3.        
-2.26019311 10.45067596  1.30163598  3.        
12.3068161   6.59578705 -3.24905396  4.        
-3.89697289 11.59989166  2.00115991  3.        
-3.66485596 -3.31948805 -0.45437601  2.        
11.17325592  8.59330654 -2.89611793  4.        
-11.75982666   9.63414764   3.94888306   3.        
 -6.18281603 -11.39408875  -0.432587     2.        
 4.76199293 10.9331131  -0.138367    4.        
-5.55380201 -9.53581619  0.75457799  2.        
-2.19645691  9.54866791 -1.213745    3.        
-4.47324419 -5.86940813 -0.47857699  2.        
 3.34666395 10.55278015 -0.541412    4.        
-5.33093977 -7.59392214 -0.63732898  2.        
 3.3559649  10.55896759 -1.20333898  4.        
12.05890656  7.95059204 -1.52340698  4.        
 5.14588881 10.45696259 -3.62539697  4.        
-3.24365211 10.51726532 -0.177551    3.        
 6.9805069  10.21666718 -3.7346189   4.        
-8.34701538 11.48931122  1.97116101  3.        
0.71711701 8.05876923 0.119324   2.        
-5.24202013 10.90222931 -1.77267504  3.        
 4.34991503 10.97409058  0.736359    4.        
1.66629004 9.7043457  0.85907    4.        
 7.31053877 10.68060303 -1.54089403  4.        
2.45265198 9.77075958 1.16738904 4.        
-1.86550105  8.61480045 -0.94341999  3.        
-2.83171105 -2.26162696  0.147247    2.        
 5.56462908 10.77762604 -1.33709705  4.        
-9.23426056 10.74926758 -0.76525903  3.        
-2.11672211  0.60110903 -0.27950999  2.        
-10.90656281  10.15969086   0.65100098   3.        
 8.06682587  9.80895996 -3.92999291  4.        
-3.7634511  -4.01399183 -0.56359899  2.        
-1.71327198  1.46113598 -0.272156    2.        
 9.39827728 10.15776062 -0.42971799  4.        
 3.43978906 10.76911163  0.53241003  4.        
 7.77188921 10.6151123  -1.03527796  4.        
 0.50354803  7.46683502 -0.49731401  2.        
-4.0705719  -5.81193495  0.0336      2.        
-3.40071106 -3.90482306  0.020813    2.        
-3.37481689 -2.96979499 -0.100922    2.        
-12.62835693   8.96339417   2.43603492   3.        
-9.54206085 10.91992188  0.644867    3.        
-8.59966278 11.27000427  1.04025304  3.        
-1.75843096  9.72177887  1.07238805  3.        
-3.39070892 11.14925385  2.33715796  3.        
 8.89212799  9.70118046 -3.91247606  4.        
-3.9552691  10.98686981  0.31308001  3.        
12.96862793  6.62368822 -1.95239305  4.        
-8.45401764 10.82544708 -1.28939795  3.        
-5.31055498 11.72784424  1.58200097  3.        
-1.19899702  8.38887024 -0.431793    3.        
-3.98554206 -5.21475983  0.42761201  2.        
-4.80879211 -7.38830996 -0.61672997  2.        
 0.16820499  7.53397417 -0.90161097  2.        
-2.94863892 11.14324188  1.91195703  3.        
-4.16181183 -4.54927397 -0.90512103  2.        
11.5796814   8.5514679  -1.57626295  4.        
-11.28119659  10.19763947   2.724365     3.        
 6.46181488 10.80172729 -2.8343811   4.        
-2.55087996  0.552414   -0.585693    2.        
 5.91690779 10.90670013  0.851013    4.        
-6.18268585 11.68383789  1.28109705  3.        
-4.59728193 10.57427979 -1.93820202  3.        
-12.87687683   8.92938995   2.89804101   3.        
 3.81538391 10.60440063 -2.98532104  4.        
 7.54170179 10.53557587 -2.22708106  4.        
-3.65650201 10.27810669 -2.01638794  3.        
-1.95436895 -0.783131    0.127747    2.        
-0.50240302  5.38452101  0.32547     2.        
-1.13172197  6.80399323  0.067902    2.        
-0.25146499  6.65131378  0.202209    2.        
-11.17288208  10.27387238   3.6086731    3.        
-2.09938097  9.42311859  0.984833    3.        
-2.8854599  -1.44031894  0.142731    2.        
-8.6450882  11.18654633  0.55368     3.        
-4.75392914 -8.26876354 -0.33550999  2.        
-2.72468591 10.90126801  1.24108899  3.        
-6.66181183 11.49688721  0.81207299  3.        
 8.542099   10.10015106 -3.35083008  4.        
-4.67779493 10.98741055 -1.22305298  3.        
-2.01472497  1.78538501  0.012085    2.        
-4.42304993 11.70668793  1.80435205  3.        
 -6.69992781 -11.49791718   0.42511001   2.        
-0.67484301  6.41230822  0.247986    2.        
 9.92685699  9.85484314 -0.118744    4.        
12.90666962  6.12694502 -2.72183299  4.        
11.10372162  7.94615889 -3.73733497  4.        
 3.06065392 10.55814362 -1.58270299  4.        
-8.63636017 11.12435246  3.23431396  3.        
1.234833   9.1062088  0.50521898 4.        
0.28597999 6.80794477 0.098755   2.        
-1.95014906  9.70987701  0.118286    3.        
11.50546265  8.52942657 -2.02023292  4.        
10.84374237  8.29646301 -3.9458921   4.        
-1.62788403  9.10442257 -0.55276501  3.        
 4.02015686 10.68424225 -0.487762    4.        
-5.75799608 11.13549042 -1.40307605  3.        
-2.95015001 -0.57929999 -0.56253099  2.        
-10.43676758  10.73861694   3.10430908   3.        
-8.5721283  11.11773682 -0.44812     3.        
-5.8948288  11.87180328  1.98583996  3.        
-10.07910919  10.54897308   3.88351393   3.        
-3.02915192 -3.90151191 -0.54086298  2.        
 9.26563263  9.83001709 -2.73312402  4.        
-1.65650201  2.74921393  0.080322    2.        
-2.3326261   0.034916    0.52807599  2.        
 6.95042419 10.60336304  0.97473103  4.        
 6.21044207 10.92784119  0.036713    4.        
-0.949898    7.09181213 -0.331604    2.        
 2.661484   10.37911987  0.19503801  4.        
 -5.97832489 -10.83674622   0.27999899   2.        
-6.34437609 11.36904144 -0.038025    3.        
 0.72052801  8.85613155 -1.24786401  4.        
 6.24508715 10.37055969 -3.48892212  4.        
-9.10279083 11.00789642  3.36819506  3.        
-5.21775818 -8.0554924  -0.47399899  2.        
-2.59102607  9.66659546 -1.47793603  3.        
-9.07165527 11.26548004  2.59808302  3.        
-4.92481995 -8.20983124  0.188538    2.        
 6.60391998 10.83197021 -1.11032104  4.        
-3.48833489 11.40744781  1.54098499  3.        
-10.38499546  10.37870026   0.176819     3.        
 8.85782623 10.16365814 -2.50775099  4.        
-1.97869098  9.54221344 -0.40420499  3.        
-2.79765296 -2.72414398 -0.51605201  2.        
-1.25143397  8.52960968  0.043304    3.        
-5.35081482 -8.94351196  0.228119    2.        
-3.37905908 10.77766418  0.19693001  3.        
-11.48911285   9.8224411    1.17422497   3.        
 5.29580688 10.93614197 -1.92581201  4.        
-1.93788898  0.319168    0.148102    2.        
-3.77191901 -3.88540292  0.31951901  2.        
-9.77814484 11.08898163  2.59564209  3.        
 2.69148993 10.34806061  1.01269495  4.        
-2.69474006 -0.86612701 -0.28640699  2.        
 1.14662898  9.38115692 -1.42282104  4.        
-11.76507568   9.91738129   2.37496996   3.        
 3.85241699 10.68836212  1.14300501  4.        
 9.19284821  9.6175766  -3.60885596  4.        
 5.04608917 10.91517639 -0.63171399  4.        
-1.45861101  2.98200202 -0.229645    2.        
-6.02480316 11.34697723  0.283813    3.        
-7.97758484 11.50727844  1.74316394  3.        
-8.52114868 11.48023224  2.59240699  3.        
-1.45109606  2.06282806  0.38797     2.        
 8.13288116 10.33013153 -2.13662696  4.        
 7.21932983 10.68473053 -2.47372389  4.        
-1.43044996  7.94789124 -0.293304    2.        
-1.15919495  4.94132185 -0.005951    2.        
-6.81387281 11.84085083  2.86950707  3.        
-10.08303833  10.40211487  -0.46530199   3.        
-2.56497192 -1.34572601 -0.409058    2.        
-0.91477197  7.23186493  0.111603    2.        
-0.079803   5.6651988  0.011597   2.       
 1.64598894  9.45523071 -2.14825392  4.        
-2.15830994  9.93183136  1.36495996  3.        
 5.82600403 10.80792999 -0.97424299  4.        
-11.686203     9.94500732   1.93008399   3.        
-1.35762     1.65066504  0.203613    2.        
 -5.16581011 -11.61390686   0.57504302   2.        
-5.68903303 -9.71045685  0.148743    2.        
-6.2878952  11.66876984  2.88369703  3.        
12.1268158   7.26699114 -3.22909594  4.        
-6.57038879 11.28074646 -0.95626801  3.        
-4.71434784 11.789505    2.16747999  3.        
 6.71836901 10.74971771 -1.99179101  4.        
10.07765198  9.60321045 -1.57998705  4.        
-2.85534692 -1.56117296 -0.64871198  2.        
 0.30535099  6.98520708 -0.34066799  2.        
-0.88015699  4.52477312 -0.232178    2.        
-10.32772827  10.66385746   1.13742101   3.        
 -5.9452672  -11.23713684   0.61413598   2.        
-10.51535034  10.47245789   0.599976     3.        
-3.40164208 -4.85806322  0.086029    2.        
 8.51106262  9.55861664 -4.03405809  4.        
-0.585365    7.33554792 -0.66421503  2.        
-4.40389299 11.06919861  0.17089801  3.        
-5.67174482 -9.43078613 -0.229248    2.        
-0.994385    4.12005615  0.267151    2.        
-7.94144392 11.39639282  1.23382604  3.        
 8.04676819 10.71869659  0.405792    4.        
0.81092799 8.81721497 0.218079   4.        
-4.00388288 10.8165741  -0.55377197  3.        
-4.90312195 -6.76350021 -0.42059299  2.        
 7.27214813 10.88713074  0.274414    4.        
 1.95273602 10.01634979  0.76675397  4.        
11.14345646  8.72383118 -2.10015893  4.        
-0.65164202  4.47253418  0.53149402  2.        
-3.42641401 10.5196991  -1.13726795  3.        
-4.06265306 -6.65085602 -0.73379499  2.        
11.80625153  7.88699293 -1.19638097  4.        
-9.14757538 11.22201538  2.05477905  3.        
 0.43090799  8.34622192 -0.56616199  2.        
-9.69330597 10.65912628  3.33953905  3.        
-2.98463392 10.91579437  0.89422601  3.        
 -6.37154388 -10.94299698   0.102722     2.        
 8.03269196 10.73659515 -0.033966    4.        
 -5.4257431  -10.68473434  -0.064453     2.        
-4.59065294 11.60175323  1.38214099  3.        
-2.897331   -2.05780792 -0.47955301  2.        
10.65180206  9.38672638 -0.104492    4.        
 5.80371094 10.70809174 -3.25344896  4.        
-0.71008301  7.97685194  0.47885099  2.        
2.98102593 9.98039341 1.19934106 4.        
-2.53708696 10.10150146 -0.086273    3.        
12.66355133  6.69789124 -2.95968604  4.        
12.17124176  7.68266296 -2.23358202  4.        
 8.07557678 10.37465668 -3.01629591  4.        
-5.62161303 -9.90604019 -0.63470501  2.        
-6.56828308 11.15611267 -1.38983202  3.        
-1.44388604e+00  3.61785889e+00 -6.09999988e-05  2.00000000e+00
-2.93155694 10.64154816  0.43164101  3.        
10.21327209  8.73008728 -3.81542993  4.        
-3.5357821  10.63202667 -0.46075401  3.        
-2.30223107  0.23493201 -0.30972299  2.        
-1.62739599  9.217453    0.53088403  3.        
-4.6883769  11.0409317  -0.54776001  3.        
10.44432831  9.04917145 -3.21917701  4.        
-9.53515625 10.96308136  1.09216297  3.        
-2.9643631  -3.79819894 -0.083252    2.        
-2.54488397 -2.80395889  0.085327    2.        
 5.41838789 10.8159256  -2.91622901  4.        
-9.89427185 11.01205444  3.23892212  3.        
-0.55323797  3.76757789  0.212402    2.        
-12.31589508   9.41346741   2.15115404   3.        
 2.57894111 10.05904388 -2.72335792  4.        
-4.09238386 10.7771759  -1.09002697  3.        
 9.54049683  9.12249756 -3.94369507  4.        
-3.84455109 -5.9996829  -0.79107702  2.        
-1.94301605  1.47484601  0.66668701  2.        
-4.60618591 -6.20848513 -0.158325    2.        
 1.84776294  9.9258728  -1.05880702  4.        
-1.09128594  3.26141405  0.25299099  2.        
 4.82366896 10.93206024 -1.84414697  4.        
-8.04918671 11.22480774 -0.32644701  3.        
-5.39127302 -8.24530029 -0.14190701  2.        
 3.9148941  10.79100037  0.320831    4.        
 2.459656   10.32710266 -1.40252697  4.        
-3.9670639  -5.38491821 -0.020508    2.        
 0.077187    7.52367401 -0.38656601  2.        
 3.1812439  10.2832489  -3.22241211  4.        
 0.008255    6.08226013 -0.081787    2.        
10.63305664  9.05116272 -2.64862108  4.        
-1.56790197  2.38571906 -0.266449    2.        
-4.08020782 -5.38050508 -0.55783099  2.        
-2.34126997 -0.28044099 -0.39309701  2.        
-11.64378357   9.52262115   0.92324799   3.        
-6.60324097 11.79833984  1.63146996  3.        
9.38848877 9.90946198 0.347168   4.        
-4.71699476 -5.73877287 -0.147156    2.        
11.63946533  8.2538681  -2.37622094  4.        
 1.64965796  9.74755096 -1.86654699  4.        
-1.13974798  7.67832184  0.05127     2.        
 3.15212202 10.43814754 -0.87914997  4.        
-5.10223389 11.13433075 -0.48501599  3.        
-2.14383698  9.67417908 -0.76504499  3.        
-11.27523041  10.18878174   1.88037097   3.        
 2.32861304 10.19887543  0.380707    4.        
-1.77262902  1.03933001 -0.230469    2.        
 9.26200867 10.17125702 -1.28243995  4.        
-1.84783196 -0.39963499  0.171112    2.        
-11.66113281  10.00036621   3.13076806   3.        
-3.71131897 -4.41090012 -0.56222498  2.        
-3.1829989  -1.96930695 -0.029114    2.        
 1.3937      9.51557922 -1.13143897  4.        
-5.00593615 -7.76627684  0.39422601  2.        
-4.67304993 11.25221252  0.46133399  3.        
 2.07575989  9.95835114 -2.51034594  4.        
-11.59233856  10.18888855   3.47799706   3.        
 7.88588715 10.53397369 -1.40948498  4.        
-3.61504412 -3.56788611  0.018219    2.        
-0.344345    5.77349806 -0.30374101  2.        
-4.46401215 11.52175903  2.6403501   3.        
10.96347046  8.68395996 -3.27844191  4.        
11.33912659  8.29465485 -3.27041602  4.        
 2.16971588 10.10726166 -2.15335107  4.        
 5.19193316 10.75991821 -1.17639196  4.        
-1.32847595  4.45177507 -0.110962    2.        
-11.02759647  10.36276245   2.46460009   3.        
-7.51788282 11.35564423 -0.053894    3.        
-10.11399078  10.85899353   2.39935303   3.        
12.04963684  7.66082811 -2.71731591  4.        
 8.67446899 10.55615234 -0.20770299  4.        
 2.53794909 10.23625183 -0.47259501  4.        
-2.82372308 10.15538788 -0.945526    3.        
-4.54163408 -7.08908796  0.075714    2.        
-1.21165502  1.93266296 -0.032379    2.        
-3.7035749  -5.67740297 -0.0961      2.        
-11.11547947   9.90228271   0.41531399   3.        
 -6.12460279 -10.48554993  -0.20751999   2.        
 -5.72433519 -11.10839081  -0.068726     2.        
-3.16571808 -2.77276206  0.40371701  2.        
-12.86190796   8.63301945   3.67755103   3.        
 0.46178401  8.26258755 -0.97845501  2.        
12.9710083   6.44890594 -2.46963501  4.        
11.77973175  7.67778015 -3.44897509  4.        
 9.91020203  9.18384647 -3.7871089   4.        
-0.75494403  3.37989807  0.044647    2.        
-3.4577179 -2.2639811  0.06134    2.       
-4.37918806 -6.49695206  0.309845    2.        
-2.63624597 -0.67414898  0.136932    2.        
-5.70646715 -8.85462189 -0.17392001  2.        
-3.08801293 -3.29319406  0.062378    2.        
10.69739532  9.38601685 -1.03024304  4.        
 7.69049788 10.75829315  0.58224499  4.        
-3.91397905 10.51493073 -1.82958996  3.        
-2.52859497 -1.50862503  0.32940701  2.        
-2.4060359  -0.95314801 -0.65505999  2.        
-4.4910512  -8.01313019 -0.203766    2.        
 -5.36433411 -10.81094742   0.78149402   2.        
 3.555305   10.73455811 -0.245087    4.        
-7.15897417 11.31060028 -0.60626203  3.        
-4.61231184 -7.06367922 -0.52697802  2.        
 1.06377399  9.17238617 -2.07330298  4.        
-6.72955322 11.40336609 -0.075195    3.        
-6.08001709 11.90450954  2.32504296  3.        
12.55232239  7.0343318  -2.6373291   4.        
-1.02546704  6.16322279 -0.31027201  2.        
-4.07388306 -6.66507292 -0.34683201  2.        
-2.38418603 -0.008904   -0.66574103  2.        
-3.4199369  -3.78741097 -0.54211402  2.        
11.70915222  7.99202681 -3.00204492  4.        
-2.07952094 -1.14659905  0.089569    2.        
12.38134766  7.28321791 -1.937042    4.        
10.21785736  9.71176147 -0.72848499  4.        
 4.38197279 10.8821106  -0.172729    4.        
1.33678401 9.52351379 0.61325097 4.        
-3.61525011 11.05841827  0.69485497  3.        
-2.98494697 -3.05995202 -0.79208398  2.        
-4.33151197 10.86255646 -1.37750196  3.        
-2.25855303 10.26560974  0.63357502  3.        
 -4.92679596 -10.46754456   0.25827      2.        
 7.73609209 10.43907166 -3.17761207  4.        
 0.651932    8.65904236 -0.27893099  4.        
-9.75717926 10.88300323  1.41198695  3.        
-3.56304908 -5.24986315 -0.54974401  2.        
-2.43351698 10.53057098  1.75540197  3.        
-4.92298079 -9.22835922  0.360107    2.        
-9.95764923 10.66265869  0.118561    3.        
10.90460968  9.23658752 -0.726013    4.        
-3.31419396 -4.08638811 -0.92190599  2.        
 -6.28237915 -11.4413147    0.53707898   2.        
-0.28212699  4.9417882   0.19516     2.        
 6.21263123 10.80731964 -1.81335402  4.        
-4.4307332  -4.80729723 -0.84716803  2.        
-1.04896498  7.95568085 -0.62094098  2.        
-2.20561194  1.06861103 -0.25976601  2.        
 2.6415329  10.36997986  0.58456397  4.        
-2.39665198  0.52386498 -0.039124    2.        
-2.416435    9.92503357 -0.56698602  3.        
-2.43450189 -0.23793     0.18734699  2.        
 5.60352278 10.39930725 -3.36389208  4.        
 8.86907196 10.1324234  -1.80914295  4.        
-2.94387794 -1.34721398 -0.22228999  2.        
-7.93885803 11.32372284  0.458038    3.        
-7.44138288 11.74097443  2.3556211   3.        
-9.65910339 10.97984314  1.90164196  3.        
-1.217224    8.65138245  0.40194699  3.        
 3.52570295 10.70259094  0.88967901  4.        
12.25093079  7.36297607 -2.89047194  4.        
-4.57162523 -7.32995605 -0.93423498  2.        
 3.11908007 10.51998901 -2.35595703  4.        
-1.77227795  0.43402499 -0.21386699  2.        
-4.1724472  -4.52123308 -0.095764    2.        
-12.53104401   9.3247366    2.47573805   3.        
-0.81914502  3.23839593 -0.31722999  2.        
-4.95626783 -8.82975388 -0.47021499  2.        
11.74674225  8.28024292 -0.94769299  4.        
-1.671211    8.92381287 -0.87558001  3.        
 1.24105096  9.44690704 -0.782745    4.        
-0.385849    4.55969191  0.148834    2.        
-8.23306274 10.9143219  -1.00595105  3.        
-3.53600311 -4.50094986 -0.051575    2.        
-3.14805603 -2.47826004  0.026855    2.        
-3.93302202 -4.21874619 -0.26727301  2.        
-9.50730896 10.82981873 -0.53054798  3.        
-4.84596205 -7.53843689  0.092621    2.        
-4.47016096 -6.366364   -0.91400099  2.        
0.214523   7.21223497 0.280945   2.        
-3.91624403 -3.68385291 -0.82836902  2.        
 5.30886078 10.91168976 -2.57870507  4.        
-4.35191393 -5.90230179 -0.93737799  2.        
12.29944611  7.54133606 -1.44238305  4.        
 0.53935999  7.85253906 -0.163818    2.        
 9.0994873  10.34008026 -0.794312    4.        
-2.00257111  2.08650994 -0.193298    2.        
-9.69048309 10.7781601   3.86785889  3.        
-4.40657806 -4.7562561  -0.419159    2.        
-3.11637092 10.05342865 -1.77886999  3.        
-2.669487   -2.99636102 -0.240631    2.        
-4.41070604 -5.88883209  0.137054    2.        
 -5.5019908  -11.05889511   0.33908099   2.        
-1.43571496  4.09851122 -0.26132199  2.        
-2.30235291 -2.47369409 -0.09198     2.        
1.60842097 9.70136261 0.43527201 4.        
 7.4284668  10.79330444 -0.047119    4.        
-0.92880201  7.95049286  0.164886    2.        
 5.54619598 10.88327789 -0.40658599  4.        
-4.23061419 -5.15615797  0.134064    2.        
-6.03809404 11.04584503 -1.65747094  3.        
-0.89177698  5.51324511 -0.123627    2.        
-0.95300299  7.68646193 -0.353394    2.        
-1.75035095  3.36794305  0.30935699  2.        
-0.133858    5.79016113  0.384583    2.        
 6.96284485 10.76220703 -1.32574499  4.        
-8.25974274 11.26068115  0.19796801  3.        
-6.09977007 11.78464508  1.67578101  3.        
 6.10012102 10.87109375 -2.61929297  4.        
-3.35117292 -2.65490294 -0.29882801  2.        
 -5.5598979  -10.29116821   0.421967     2.        
-0.201424    5.32766724 -0.36041301  2.        
-0.289536    7.5976491  -0.66439801  2.        
-6.98923492 11.65546417  1.31835902  3.        
-1.265221    2.64647698 -0.199524    2.        
-0.26535001  7.38236189 -0.34020999  2.        
-7.2179718  11.80115509  2.78253198  3.        
-2.09046888 -0.124863    0.14785799  2.        
 1.78946698  9.77030182 -0.54046601  4.        
-1.97272503  9.91624355  0.57696497  3.        
 7.28220415 10.07672119 -3.61273193  4.        
 7.92781782 10.04254913 -3.70401001  4.        
-3.86086297 -5.64775085 -0.81308001  2.        
-3.64147902 -5.08831787 -0.068268    2.        
-10.50040436  10.61071777   1.44045997   3.        
-0.090393    6.34509277 -0.29980499  2.        
-6.71366882 11.84752655  2.00823998  3.        
 -5.0919342  -10.26072311   0.026001     2.        
-2.19127703  9.22837067 -1.48352098  3.        
-0.95476502  2.69104004  0.102142    2.        
-11.12974453   9.9412384    3.71484399   3.        
-5.05736494 -9.17163467 -0.422943    2.        
-3.83692908 11.27934265  2.13290405  3.        
10.97320557  8.80125427 -2.53884912  4.        
 4.7505722  10.79850006 -1.49410999  4.        
-0.113441    6.70532179 -0.31762701  2.        
 7.27047014 10.61187744 -2.98556495  4.        
-4.24765015 -7.01852798 -0.419678    2.        
2.1517179  9.53662872 1.02825904 4.        
-2.2545619   1.50494397 -0.38876301  2.        
 0.75834697  8.20791626 -0.219025    2.        
 -6.54771423 -11.57619476  -0.46212801   2.        
 9.89351654  9.56502533 -2.29437304  4.        
-5.43166304 10.62449646 -1.86486804  3.        
-2.03541589  1.42025805  0.29519701  2.        
 6.29373217 10.99054718  0.55004901  4.        
 8.07374573 10.55240631 -0.84359699  4.        
-11.5734787    9.67185974   3.65731812   3.        
 3.62087989 10.73438263 -2.11016798  4.        
-5.68749189 11.27629948  0.061127    3.        
-0.510979    5.12145185 -0.18896499  2.        
-10.4938736   10.20894623  -0.106598     3.        
-5.08396196 -7.69745588 -0.41546601  2.        
-1.69887495  2.91874695  0.38058501  2.        
11.86592865  8.23027039 -1.628479    4.        
-3.93141198 -6.1630249  -0.498566    2.        
-2.29456306 -0.725025    0.15274     2.        
-1.18044996  5.17479706 -0.32650799  2.        
-8.92936707 11.30127716  3.31155396  3.        
 3.06528497 10.33812714  1.37936401  4.        
-1.59288001  0.43103799  0.216736    2.        
-5.3131032  -9.31549072  0.48306301  2.        
-0.41577101  7.16001892 -0.062317    2.        
-3.21933699 -3.322613   -0.54452503  2.        
-0.81053197  7.57971191  0.040253    2.        
-9.29853821 10.94821167 -0.042908    3.        
-1.24556005  2.30081201  0.249268    2.        
-5.43567705 11.74703979  2.43243408  3.        
-2.41342211 -0.673531   -0.32315099  2.        
 -5.1230011  -11.94158936   0.48358199   2.        
-3.99776506e+00 -6.49211502e+00 -5.95099991e-03  2.00000000e+00
11.23509979  8.91131592 -0.78466803  4.        
 8.34184265 10.62175846 -0.25692701  4.        
 3.59448195 10.7274704   0.095093    4.        
 8.356987   10.15876007 -3.04037499  4.        
-4.71633101 -6.04549789 -0.74661303  2.        
 2.26416802 10.10108852  1.10305798  4.        
 6.56844282 10.70767975 -3.24578905  4.        
-0.039528    6.35033417  0.25415     2.        
12.55548096  5.89281511 -2.38189697  4.        
 -5.18741608 -11.23436356   0.56973302   2.        
 8.46691132 10.37171173 -1.33755505  4.        
10.67018127  9.12677765 -2.02938795  4.        
 6.9346242  10.88738346  0.072296    4.        
-7.44194794 11.47088623  1.03799403  3.        
 -5.1183238  -11.44649124   0.170166     2.        
 9.65994263 10.03652954 -0.249359    4.        
 4.67343903 10.90785217 -2.51709008  4.        
 8.94090271  9.94499969 -2.95089698  4.        
-5.33731079 11.28910828  0.24862701  3.        
-3.69808197 -4.78247786 -0.55560303  2.        
11.37126923  8.77239227 -1.41735804  4.        
 0.126755    7.38010406 -0.025177    2.        
10.01819611  9.52839661 -2.69918799  4.        
-3.24746704 -3.6308291  -0.85156202  2.        
-10.87705994  10.16190338   3.74993896   3.        
 6.9319458  10.74172211 -1.72137499  4.        
-4.25474596 -5.84240007  0.48678601  2.        
12.07662964  7.84644318 -1.87359595  4.        
 -6.14614105 -11.62910461  -0.67083699   2.        
 7.79442596 10.29265594 -3.50952101  4.        
 -5.43253279 -10.28422546  -0.158997     2.        
-5.25560808 -9.8989563   0.57415801  2.        
 6.60364485 10.32730103 -3.69482398  4.        
-4.10501099 -5.55224609  0.252716    2.        
-4.46930695 -7.41457796 -0.53497303  2.        
-5.42299604 -8.56407166 -0.30441299  2.        
-7.73687696 11.48397064  2.97665405  3.        
 4.66666412 11.01673126  0.63366699  4.        
-4.82195282 -9.01543808 -0.118164    2.        
-1.36782801  7.62839508 -0.374603    2.        
10.647789    8.56145477 -3.78417993  4.        
-9.08454895 11.13969421  1.25939906  3.        
-5.69793701 11.83832645  1.71707201  3.        
-11.98941803   9.60443878   3.67303491   3.        
-5.21849108 -8.05968475  0.24417099  2.        
 7.04263306 10.55528259 -3.26449609  4.        
 6.55665588 10.66400146  1.01098597  4.        
-2.92599511 10.29983521 -0.28796399  3.        
-11.98644257   9.77222443   3.09521508   3.        
-1.43830097  0.998119    0.28646901  2.        
 4.15420485 10.77574158 -2.24502611  4.        
-4.06181288 -4.92224121 -0.457306    2.        
-7.04831696 11.08204746 -1.29919398  3.        
-4.43890381 -8.64599228  0.026611    2.        
-4.574471   11.39247131  0.744995    3.        
 0.213531    6.33117723 -0.006409    2.        
-1.84623694  9.1104126  -1.24221802  3.        
-1.31798601e+00  8.06509399e+00 -5.09600015e-03  3.00000000e+00
 9.6100769   9.86241913 -2.25888109  4.        
-1.466187    1.61167896 -0.11261     2.        
-3.32228804 -5.10236406 -0.190369    2.        
-5.25030518 11.61536407  1.18316698  3.        
-3.07358599 10.31177521 -1.09133899  3.        
 4.1154561  10.81809235  0.99426299  4.        
 -5.79907179 -11.80971146   0.88320899   2.        
-3.66867805 -5.98545504 -0.211853    2.        
-9.42723846 11.01758575  3.31890893  3.        
 -5.93476915 -10.93668747  -0.25250199   2.        
 7.82831621 10.42204285 -2.33862305  4.        
 6.1698761  10.88031006 -0.48727399  4.        
-6.21949816 11.31739044 -0.528198    3.        
-4.94670916 -7.01197386 -0.20422401  2.        
-1.31605506  8.40320587 -1.02554297  3.        
 1.59901404  9.52624512 -0.43463099  4.        
-3.88211107 -4.74456787  0.18649299  2.        
 1.380615    9.42865658 -0.114685    4.        
-2.88212609  9.41799164 -1.65609705  3.        
12.8764801   6.79914904 -2.22491503  4.        
-11.03594208  10.40518188   3.29855394   3.        
-5.14994001 -9.59315872 -0.228607    2.        
-6.11080885 11.85125732  2.6443181   3.        
-4.52520704 -6.30231524 -0.52658099  2.        
 5.22374678 10.97969818  0.56329298  4.        
-0.37873799  5.66033888  0.20941199  2.        
10.06492615  9.50722504 -2.02600098  4.        
-3.62601495 11.52804565  2.23577905  3.        
 -6.41645813 -11.13487244  -0.174164     2.        
-4.19566393 -5.79193497 -0.62512201  2.        
11.54747772  8.71347809 -0.762878    4.        
-2.65920997 -1.12060499  0.134552    2.        
 9.24460602 10.19602203  0.38604701  4.        
 7.16395617 10.84378147 -0.65454102  4.        
-4.68054199 -6.44436312  0.412476    2.        
 3.7605741  10.72200775 -2.6564939   4.        
-2.54589105 -1.80001795  0.152283    2.        
-4.30188799 -5.2027359  -0.196777    2.        
-2.0788269   9.75253296  1.619995    3.        
 2.94899702 10.2095108  -2.83175707  4.        
-1.33349597  3.36427307 -0.268677    2.        
 4.14663696 10.76464081 -2.87750196  4.        
-5.29264116 -8.68330383  0.42807001  2.        
-3.21145606 -1.29462802  0.16821299  2.        
 7.45107985 10.64025116 -1.91680896  4.        
 5.85623884 10.92227173 -0.67620802  4.        
 4.72272491 10.73116302  1.11373901  4.        
11.58225346  8.50821686 -1.22820997  4.        
-6.74806213 11.86657715  2.41796899  3.        
 4.52307081 10.68293762 -3.12027001  4.        
-4.8035512  -8.55574799  0.340332    2.        
-10.27481842  10.64333344   0.82253999   3.        
 5.67163086 11.02175903  0.60980201  4.        
-1.21649206  6.93862104 -0.41888401  2.        
 5.676651   10.97075653 -0.043365    4.        
 5.11483812 11.00315857  0.155029    4.        
-12.50379944   9.38659668   3.23580909   3.        
-4.9991231  -9.80665588  0.026245    2.        
 -5.85587311 -10.54305267   0.26388499   2.        
-3.95639801 11.16656494  0.66708398  3.        
-0.71818501  3.9244771  -0.009888    2.        
-4.38950396 -6.66707182  0.041443    2.        
-5.17698717 11.47042084  0.76132202  3.        
-8.65505981 11.36013794  1.78085303  3.        
-8.41934967 11.4152832   3.01370192  3.        
-8.09942627 11.57000732  3.12185693  3.        
-0.682953    6.70311022 -0.28393599  2.        
-7.42367506 11.27371216 -0.92901599  3.        
-3.09830499 -4.52757597 -0.19927999  2.        
-1.20672596  3.77437592 -0.16622899  2.        
-5.04997206 11.81218719  1.97299194  3.        
-3.69261193 11.54017639  1.76593006  3.        
-2.74390411 -3.18354011  0.003754    2.        
-3.39305902 11.18881989  1.06420898  3.        
11.9502182   7.94856977 -2.25705004  4.        
 8.68908691 10.45092773  0.330414    4.        
-2.64250994  9.99279022 -1.15911901  3.        
 1.03284395  9.22743225 -0.691284    4.        
-4.02774811 11.38962555  1.124084    3.        
 3.28208899 10.52724457 -2.87905908  4.        
-5.69342804 11.46117401  0.71682698  3.        
-10.14241791  10.42545319  -0.045319     3.        
-11.57322693  10.03141022   2.59753394   3.        
 0.98094201  9.06976318 -1.44210804  4.        
 2.74691701 10.37429047 -2.41662598  4.        
-7.82350206 11.64367676  2.54241896  3.        
 2.80058289 10.39302063 -1.64856005  4.        
 -5.10850477 -10.89172363   0.147339     2.        
 2.19174194 10.07108307 -0.299225    4.        
-5.26662397 11.14881134 -0.907166    3.        
-4.87494707 10.69528961 -1.85208094  3.        
12.17172241  7.97997284 -1.23101795  4.        
-6.43100023 11.59900665  1.00003099  3.        
0.53922302 8.20360565 0.40795901 2.        
-0.77054602  6.38551283 -0.31768799  2.        
-5.71755981 -8.23200607 -0.092926    2.        
-8.82756042 11.06751347 -0.157745    3.        
-7.71054077 11.1013031  -1.33209205  3.        
 4.11395311 10.4577179  -3.44860792  4.        
 -5.72624207 -10.77518845  -0.072876     2.        
12.64396667  7.28832197 -1.66592395  4.        
-2.93540192 -1.75614202  0.017517    2.        
 6.77675581 10.93250275  0.46377599  4.        
-0.874641    6.63638306  0.157501    2.        
-3.89998603 -4.59720182 -0.72955298  2.        
-5.47318983 -9.60942841  0.35223401  2.        
-5.20077515 -7.38578796  0.088745    2.        
-8.9912262  10.66687775 -0.97094703  3.        
 8.26190186 10.09207916 -3.63403296  4.        
 9.81444454  9.87589264 -0.88150001  4.        
-1.91640496  0.840496   -0.55758703  2.        
-4.81388903 -6.49554396 -0.286102    2.        
-5.14949799e+00  1.12193680e+01  8.39199964e-03  3.00000000e+00
-8.01860046 11.16307831 -0.94653302  3.        
 7.46340179 10.71268463 -1.264709    4.        
-4.89166307 -8.14533997 -0.58712798  2.        
 6.46357679 10.86030579 -2.18261695  4.        
 8.53858185 10.16860199 -2.47427392  4.        
-2.88887    11.01380157  1.481354    3.        
11.92991638  7.14218903 -3.43640089  4.        
-12.8380661    8.9383316    3.48333693   3.        
-12.00325012   9.59323883   1.74206495   3.        
 6.83988905 10.87709808  0.87463403  4.        
-0.73400098  4.46216583  0.23071299  2.        
-0.65198499  6.10248613  0.222839    2.        
 8.60508728 10.24507141 -1.68777502  4.        
 4.17939806 10.5447464   1.34619105  4.        
 -6.59137678 -11.21595764   0.349426     2.        
 3.31092095 10.6860199  -2.17529297  4.        
-2.82505798 10.8768692   2.01547194  3.        
0.69514501 8.4653616  0.07196    2.        
-3.1324079  -1.415874   -0.46023601  2.        
-0.96333301  4.83467102  0.220428    2.        
1.15465605 9.27620697 0.22021499 4.        
 4.97400016e-03  7.09048510e+00 -4.14642006e-01  2.00000000e+00
-10.543396    10.63820553   3.50170898   3.        
-5.37371778 -9.26221848 -0.28604099  2.        
-10.69421387  10.27326202   0.42321801   3.        
-9.89652157 10.86247253  3.62677002  3.        
-1.53588903  1.05821204 -0.030518    2.        
 3.16708398 10.61107635  0.80267298  4.        
-8.27449799 11.54879761  2.36328101  3.        
-0.50302899  7.68569994 -0.89929199  2.        
-2.4782331  -1.63452899 -0.31488001  2.        
-2.98551893 -2.43666792 -0.43252599  2.        
 8.85687256 10.09965515 -2.11709595  4.        
-4.55935717 11.05183411 -0.26620501  3.        
-3.73556495 -3.61470795 -0.51602203  2.        
-7.47977495 11.68948364  3.02175903  3.        
-0.90785199  5.20453596 -0.10614     2.        
0.034042   6.81780195 0.278442   2.        
 5.99016619 10.54079437 -3.44699097  4.        
 2.59515405 10.45604706 -2.04257202  4.        
 5.27583313 10.82926178  1.11410499  4.        
-2.0544591   9.72016907  1.16177404  3.        
 0.78746802  9.01953888 -0.92700201  4.        
 8.37229919 10.19707489 -2.73272705  4.        
 7.61749315 10.80574799 -0.33868399  4.        
-2.74257708 -1.79327798 -0.44384801  2.        
-1.52623701  1.73236799  0.44872999  2.        
-9.77850342 10.76433563  0.357941    3.        
-10.92390442  10.34829712   1.19183302   3.        
-3.65502191 10.97711945  0.400024    3.        
-3.16881609 11.11355591  2.12597704  3.        
-0.298866    6.07811022 -0.319336    2.        
10.03952026  9.52304077  0.016449    4.        
-3.94656396 -6.32396698 -0.80572498  2.        
 2.91593909 10.53037262  0.109497    4.        
 1.10279906  8.45682526 -0.302551    4.        
-7.27440596 11.42063904  0.65621901  3.        
10.18952179  9.06784821 -3.66915894  4.        
-12.42457581   9.08101654   3.86682105   3.        
-1.23318505  4.19624281  0.088806    2.        
 7.50402117 10.68266296 -0.90026897  4.        
-4.66910505 -6.33296204  0.115509    2.        
-3.55510712 -3.69384408  0.42239401  2.        
 9.43184662  9.49743557 -3.30398607  4.        
-3.90399909 -5.3471489  -0.857391    2.        
 2.82025909 10.32811737 -0.86038202  4.        
-12.31815338   9.44592953   2.85943604   3.        
-9.28122711 11.00890446  0.788849    3.        
 2.17199707 10.20049953 -1.60424805  4.        
-2.96932197 -3.53091788 -0.23300201  2.        
-2.85683393 10.69059753  0.72457898  3.        
 1.77478004  9.86736298 -1.35043299  4.        
 5.90739393 10.9122467  -2.38217211  4.        
-4.75372314 11.19009399  0.172607    3.        
-2.37121606 -1.22294199  0.15145899  2.        
-2.06598711  1.06971002  0.209198    2.        
 3.58110809 10.64044952 -1.54400599  4.        
-4.95252991 11.03632355 -1.34857202  3.        
 0.71514899  8.82129669 -1.55322301  4.        
-10.34335327  10.78144836   2.71475196   3.        
-2.46794105 10.68296814  1.21481299  3.        
10.10144806  9.78499603 -0.45535299  4.        
-7.1581502  11.75442505  2.06213403  3.        
 0.30193299  7.79189301 -0.80700701  2.        
-6.1519618  11.46104431  0.55157501  3.        
 4.32905579 10.80924988 -0.56289703  4.        
 6.09091187 10.76795197 -2.97717309  4.        
-9.75439453 11.06326294  2.9724431   3.        
-3.26726508 11.31441498  1.72979701  3.        
-8.49491882 10.95394897 -0.80664098  3.        
-3.16700006 -3.07755709  0.39785799  2.        
10.41868591  9.50804138 -1.04870605  4.        
-4.01586103 11.62234497  2.28924608  3.        
-8.91860962 10.66831207 -0.67504901  3.        
 1.34069097  9.53958893 -1.60311902  4.        
-12.24671173   9.50762177   3.52951097   3.        
 6.38427019 10.53593445 -3.72827101  4.        
-10.25150299  10.4907608    3.6156311    3.        
 1.97548699  9.96154022 -0.054016    4.        
-3.48305511 -4.19547987 -0.016357    2.        
13.00778198  6.36703491 -2.11114502  4.        
1.56451404 9.65822601 0.011292   4.        
-6.91559601 11.49597931  3.15725708  3.        
-9.07764435 11.04457092  3.6725769   3.        
 0.424263    7.56086016 -0.173889    2.        
-11.42227173  10.10365295   3.72195411   3.        
-1.07714796e+00  8.24987793e+00 -2.01399997e-03  3.00000000e+00
 0.28208199  8.01328278 -0.171875    2.        
12.42164612  7.12258101 -2.27612305  4.        
-1.49270594  8.13366699 -0.52484101  3.        
 6.94802094 10.67062378 -2.60818505  4.        
-0.71038097  7.07195282 -0.146942    2.        
10.485672    9.54846859 -0.39089999  4.        
-8.29247284 11.19192505 -0.148773    3.        
12.0687561   7.83848619 -0.983612    4.        
 8.32566071 10.62710571  0.48043799  4.        
 4.65657806 10.91249084  0.23593099  4.        
-2.31098199 10.45475769  0.99581897  3.        
 1.07570601  9.1619339  -0.333588    4.        
 3.35237098 10.34983826  1.28451502  4.        
1.03984106 9.00582123 0.292694   4.        
-4.4548111  -7.50554323  0.088409    2.        
-3.12036109 -3.60811996 -0.53659099  2.        
 3.10696411 10.58050537 -0.29208401  4.        
-11.7145462    9.90863037   3.83087206   3.        
-12.04534054   9.76199341   2.32504296   3.        
12.35787201  7.40409088 -1.17636096  4.        
-2.74211097  9.92677307 -1.45101905  3.        
10.99067688  8.99891663 -2.00161695  4.        
-1.81725299  2.06378889  0.31756601  2.        
 5.65512896 10.77183533  0.94753999  4.        
 4.50959778 10.76247406 -1.20037794  4.        
-1.22734797  3.62721992  0.209686    2.        
-3.95830488 10.71164703 -1.58761597  3.        
-4.04273176 10.90138245  0.037445    3.        
-12.71514893   9.21221924   3.10989404   3.        
-1.64340198  9.31549835  0.246216    3.        
-11.1204071   10.34381866   3.00683594   3.        
 4.28578901 10.82094574 -1.75646996  4.        
-8.19108582 11.3062439   1.09115601  3.        
10.83225346  8.6686554  -3.55206299  4.        
-3.37664008 -3.35784197 -0.016632    2.        
-3.41007996 -4.50192595 -0.45370501  2.        
-4.30010223 11.55300903  1.44976795  3.        
-4.9260478  -7.3951869   0.56939697  2.        
10.90470123  9.1860199  -1.37808204  4.        
-9.07939053 11.33890533  2.90844703  3.        
-9.17887878 11.13250732  1.67248499  3.        
 9.58362579  9.7749939  -2.90893602  4.        
-4.69944811 -9.18228245  0.126068    2.        
-4.02879286 -4.21803713 -0.61386102  2.        
-1.72100794  2.87349701 -0.32870501  2.        
-7.82511902 11.59941101  1.99575806  3.        
-1.83866096  9.3966217   1.13531494  3.        
-9.89674377 10.76647854  0.737396    3.        
10.52698517  9.34727478 -1.70187402  4.        
 9.44901276  9.96401978 -2.02557397  4.        
 9.11780453 10.31198883 -0.171661    4.        
10.73633575  8.87001801 -3.34188795  4.        
-7.68867493 11.58428192  1.71472204  3.        
-1.54553998  2.40898108  0.26821899  2.        
-1.50622594  9.00413513 -0.079468    3.        
-2.82009101 -2.30702591 -0.64691198  2.        
-10.68595886  10.52052307   2.21694994   3.        
-3.69036102 -3.97178292 -0.059174    2.        
-11.17553711  10.19941711   1.34307897   3.        
-5.07986498 -7.63080978 -0.079102    2.        
 5.73873091 10.90859985 -2.00393701  4.        
10.62372589  9.17539978 -2.32669091  4.        
 7.50094604 10.32080078 -3.56375098  4.        
-9.02892303 11.07271576  0.63296503  3.        
 3.96086097 10.65193176 -1.11050403  4.        
 5.38748217 10.88893127 -1.64446998  4.        
-2.45236206 10.18871307  0.18753099  3.        
 1.88322496  9.58973694 -2.29293799  4.        
-5.18720198 -8.4047699   0.48623699  2.        
-5.44012403 -9.72226715 -0.26730299  2.        
-9.29293823 10.9961319   0.48608401  3.        
-4.20609283 10.49417114 -1.90701306  3.        
11.75266266  7.73583221 -2.85366797  4.        
-1.22074103  8.39308929 -0.73016399  3.        
-5.46741486 -8.76108932  0.021759    2.        
 0.59314698  8.5795126  -1.18838501  4.        
 9.8378067   9.47155762 -3.37542701  4.        
-4.84739685 -8.47376156 -0.53185999  2.        
-10.794487    10.56757355   3.04476905   3.        
-5.2087779  -8.33221436 -0.36181599  2.        
11.14855194  8.99555969 -0.329956    4.        
-9.38007259 11.08383179  1.92169201  3.        
 0.224518    7.07536316 -0.023254    2.        
-4.49142504 10.84004211 -1.65353405  3.        
-9.62688446 10.57010746 -0.37707499  3.        
-6.3311162 11.0491333 -1.535339   3.       
-5.58347321 -9.03915787  0.068176    2.        
-7.80592299 11.20192719 -0.641083    3.        
-0.911461    7.34264421 -0.61273199  2.        
-8.80812073 11.13459015  0.166504    3.        
-11.06306458   9.94796753   4.08822584   3.        
-1.92089796 -0.35163501 -0.157166    2.        
 8.00791168 10.43293762 -1.77404797  4.        
-4.13721514 11.32702637  0.840729    3.        
-0.50534099  4.31240797 -0.271851    2.        
 2.61314392 10.32745361 -2.84710693  4.        
 2.12313104 10.04911804  0.21917699  4.        
 -6.19121599 -10.23362446  -0.064575     2.        
 8.10053158 10.6125412   0.67800897  4.        
12.08963013  7.62645721 -1.25006104  4.        
-8.6889267  10.75051117 -1.12411499  3.        
0.33750901 8.00546265 0.136261   2.        
-2.7315371  -2.53830004  0.109222    2.        
-1.24016595  7.2349782  -0.400574    2.        
 7.412117   10.78890228  0.67929101  4.        
 5.16416216 10.50989532 -3.3344419   4.        
-5.58863115 11.26625061 -0.412323    3.        
 -5.8973918  -11.52909088   0.60308802   2.        
-4.70749712 11.79530334  2.46331811  3.        
-2.3452301   0.35277599 -0.65936297  2.        
-3.2105329  -2.75338793 -0.79446399  2.        
 8.77207184  9.92971802 -3.59799194  4.        
-3.89092207 -4.38054705  0.35809299  2.        
 3.49563599 10.59527588  1.16317701  4.        
12.23400879  6.88134813 -3.23223901  4.        
-1.99243903  9.34311676 -1.13464403  3.        
-9.53694916 10.8075943  -0.144806    3.        
 9.33074856  9.98439026 -1.50003099  4.        
 3.64236403 10.60517883 -0.57959002  4.        
-1.92309594  1.664101   -0.30804399  2.        
 2.73598504 10.37683105 -0.089478    4.        
-1.07589698  5.75499678  0.026459    2.        
 8.49859619 10.41883087 -0.86883497  4.        
-7.17095184 11.41964722  0.14096101  3.        
 6.31627703 10.86343384  0.96441698  4.        
-2.45830488  9.77384186 -1.23925805  3.        
-9.77307129 11.0354538   2.2945559   3.        
11.91168213  7.429245   -3.36663795  4.        
-4.71653795 -7.98602295  0.28131101  2.        
-1.74955797  0.056915    0.019867    2.        
-8.86804199 11.44620514  2.70437598  3.        
-12.08721924   9.65460968   2.84762597   3.        
-4.39543104 -5.51903486 -0.407379    2.        
-3.13481903 -2.03451204 -0.31207299  2.        
-2.74792504 -0.347527    0.107697    2.        
-2.63665795 -2.18604708 -0.45581099  2.        
 7.52640486 10.50542355 -2.53616309  4.        
-2.01279497  0.220898   -0.279755    2.        
 0.46006799  8.09158325 -0.70413202  2.        
 3.29570007 10.73118591  0.256073    4.        
-5.73836517 11.93107605  2.22363305  3.        
 4.15274811 10.88604736  0.065521    4.        
-2.57885695 -2.31146598  0.00766     2.        
-3.79791999 -5.46426821 -0.59728998  2.        
-4.11516619 -6.41196823 -0.48245201  2.        
 2.30304694 10.08006287 -0.75869799  4.        
-11.34022522   9.90227509   0.93689001   3.        
9.56176758 9.9015274  0.114929   4.        
11.64451599  7.51243591 -3.78479004  4.        
-0.70724499  4.77856398 -0.25125101  2.        
 -5.84676409 -10.89727783   0.57162499   2.        
 9.00944519  9.46071625 -3.76757789  4.        
 1.83837104 10.01469421 -1.91006505  4.        
-4.69503784 -7.62979507 -0.72695899  2.        
-5.19760895 -7.21258497 -0.40759301  2.        
-7.39527082 11.64741516  1.68508899  3.        
-0.89292097  3.12792993  0.065338    2.        
11.38382721  8.20513916 -2.60275292  4.        
-1.82174695  0.73427999 -0.221375    2.        
-1.70639801  1.50816298  0.457001    2.        
 9.64044189 10.08417511 -0.70477301  4.        
12.6776123   7.02418518 -2.3626709   4.        
-6.94536591 11.49169159  0.69946301  3.        
-2.2764051  0.5327     0.250916   2.       
-4.98799086 -6.51462221 -0.53674299  2.        
-3.54934692 11.23812103  2.10253906  3.        
12.70314026  6.87187195 -1.95468104  4.        
-9.45726776 11.17905426  2.54507494  3.        
-4.31795502 -6.20040083  0.318573    2.        
-1.11152697  3.18370104 -0.247192    2.        
-1.89831495  9.78690338  0.83050501  3.        
-1.79622602  0.90878701  0.17648301  2.        
-1.601982    8.93468475  0.49066201  3.        
-1.92053998  9.55834198 -0.124054    3.        
-3.62598395 10.48825073 -1.65573096  3.        
-4.395401  -8.0459938  0.063812   2.       
0.28509501 7.67173004 0.37133801 2.        
 2.49500299 10.14099121  1.26681495  4.        
 6.33725691 10.85977936 -2.46014404  4.        
-4.42964888 -7.68929291 -0.466919    2.        
-1.51195502  1.84752703  0.042084    2.        
-6.38548994 11.91642761  2.20538306  3.        
 2.94942498 10.46157074  0.96597302  4.        
-6.31735992 11.29219818 -0.79531902  3.        
-7.54338121 10.86762238 -1.41101098  3.        
 2.61271691 10.26599884 -1.16952503  4.        
 4.74151611 10.82272339 -3.00143409  4.        
10.11947632  9.31267548 -3.16906691  4.        
 9.14089966 10.06000519 -2.46530104  4.        
-5.90790606 -9.87566376  0.050446    2.        
-2.58973694 -0.159988   -0.038147    2.        
-1.78055596  2.54249597 -0.070282    2.        
 6.79869795 10.91413116 -0.440979    4.        
-10.88434601  10.43798065   1.80532801   3.        
-3.53344011 -3.18267798 -0.24353001  2.        
9.96573639 9.77749634 0.15289301 4.        
 1.05456495  9.2221384  -1.77703905  4.        
-4.24217176 11.53364563  2.44885206  3.        
-3.26668501 10.38769531 -1.34948695  3.        
 -6.7783432  -11.48926544  -0.099762     2.        
-5.42104292 11.06255341 -1.62411499  3.        
-3.45395708 10.15681458 -1.83474696  3.        
-3.22553205 -2.88469291  0.12930299  2.        
-11.77017975   9.58807373   1.34493995   3.        
-8.90475464 11.29871368  1.89572096  3.        
 -5.03588104 -10.43710327   0.60092199   2.        
 0.91023302  8.92307281 -0.30847201  4.        
11.1763382   8.9648819  -1.22580004  4.        
-1.05611396  4.76808214 -0.202271    2.        
10.05860901  8.68982697 -4.06347704  4.        
-10.26620483  10.28639984  -0.28628501   3.        
 5.34932709 10.88275909 -2.21606398  4.        
10.28479767  9.51800537 -1.74905396  4.        
-0.76630402  3.88993096  0.34774801  2.        
-2.51529694 -1.07777405 -0.34350601  2.        
-0.76858503  4.09237719 -0.25558501  2.        
 -5.71047211 -11.1010437    0.70709199   2.        
-3.00868201 10.35720825 -0.61557001  3.        
 0.309845    7.33944702 -0.340271    2.        
-1.79706597  9.32711792 -0.56347698  3.        
-3.69792891 10.63272095 -1.11556995  3.        
10.59435272  9.08078766 -2.97601295  4.        
-1.74764204  1.72497594  0.68701202  2.        
 1.37356603  9.40514374 -2.18612695  4.        
-7.4246521  11.07485199 -1.15512097  3.        
 4.01595306 10.60930634 -0.75656098  4.        
 -5.99952698 -11.21951675  -0.31570399   2.        
 4.08197784 10.91751099  0.58023101  4.        
-2.987854   11.02895355  1.14892602  3.        
-7.10863495 10.89087677 -1.50622594  3.        
-4.95075178 -7.81834793  0.126312    2.        
 -6.58439589 -11.36903     -0.280182     2.        
-2.48460388  0.46163201 -0.29550201  2.        
-2.30844092  0.81604397 -0.029114    2.        
11.36656189  7.91778612 -3.65139794  4.        
 6.88790083 10.78891754 -2.25945997  4.        
-7.87470198 11.42015839  3.43127394  3.        
 0.60588801  8.73090363 -0.63772601  4.        
-9.15831757 11.30448914  2.33715796  3.        
11.65879822  8.35996246 -1.86257899  4.        
-4.89514208 11.38285828  0.65924102  3.        
 4.83842516 10.74471283 -0.74224901  4.        
-1.18352497  1.38009596  0.208984    2.        
12.57287598  6.53338623 -3.20416307  4.        
 3.19330597 10.54044342 -1.83761597  4.        
 7.79445601 10.65531921 -0.72491503  4.        
 -5.73403883 -10.13659668  -0.270477     2.        
-10.86374664  10.44935608   3.53967309   3.        
 6.99499512 10.79912567 -0.93221998  4.        
-0.68842298  7.42363691 -0.90521199  2.        
 7.09815216 10.48055267 -3.52481103  4.        
-4.28669024 -7.46507597 -0.756378    2.        
1.75290704 9.8777771  0.63525403 4.        
 4.46651506 10.66426086 -0.81002802  4.        
-7.78798723 11.31394196 -0.314484    3.        
-6.41596222 11.71789646  1.44503796  3.        
 4.5891881  10.95921326  0.892456    4.        
-3.91268206 -5.16222    -0.53595001  2.        
-6.40776777 11.49637604  0.70425397  3.        
-4.19771624 -4.9212532  -0.212433    2.        
 -5.51615906 -11.51177979   0.31195101   2.        
 3.94857788 10.51695347 -3.23620605  4.        
-1.83003199  9.45258331  0.86401403  3.        
-2.82701111 -0.75849497 -0.069885    2.        
-5.8105092  -9.11426163 -0.120911    2.        
-1.37273395  8.77010345 -0.014252    3.        
-6.69269609 11.4919281   0.53857398  3.        
-2.86972809 -1.11981201 -0.358154    2.        
-2.58644891 10.12329102 -0.355988    3.        
 -5.44086504 -11.05674362   0.647614     2.        
-8.60811615 11.2333374   1.31234705  3.        
 -5.6109848  -10.60663986  -0.371887     2.        
-12.54927826   9.25460052   3.65808105   3.        
-0.78673601  3.67069197 -0.159668    2.        
 6.36076403 10.74942017 -1.430969    4.        
-5.22501421 -8.283535    0.085907    2.        
-6.58321381 11.44236755  0.153198    3.        
 4.93483019 10.84327698 -0.33090201  4.        
1.42909205 9.44696808 0.85928297 4.        
10.72669983  9.313591   -0.49206501  4.        
-11.10037231   9.93372345   0.686768     3.        
-8.47308254 11.31047058  3.49408007  3.        
-11.57532501   9.87911987   1.42758203   3.        
 9.06066132 10.19433594 -1.098755    4.        
 5.82974195 10.84361267 -1.326599    4.        
 2.06094408  9.96133423 -0.891357    4.        
 9.01464081  9.81423187 -3.67410302  4.        
 1.09337002e-01  6.62589312e+00 -2.56299996e-03  2.00000000e+00
 3.72259498 10.72315979 -1.76245105  4.        
 6.1374588  10.80075073 -1.01382399  4.        
 2.01119995  9.77873993 -2.70529199  4.        
-6.78884888 11.21168518 -1.13796997  3.        
-2.28425598 -1.35022402 -0.16577099  2.        
-9.27288818 11.03794861  1.09048498  3.        
 -6.25451708 -10.69200516  -0.052307     2.        
 3.58095503 10.61039734 -2.84640503  4.        
-7.86148119 11.51503754  1.49685705  3.        
-2.05179596  1.34234595 -0.307587    2.        
11.13948822  8.43868256 -3.15405297  4.        
 2.3052671   9.82389832 -2.5683291   4.        
-9.98075104 10.79167175  1.72766101  3.        
-6.87461901 11.36048126 -0.30148301  3.        
-5.0904541  -8.61659622  0.25860599  2.        
-1.07509601  6.52281189 -0.081116    2.        
12.80545044  6.69654799 -2.70413208  4.        
-4.60279799 11.50337219  1.08758497  3.        
-0.68771398  5.18611097  0.30889899  2.        
0.397995   8.26975155 0.115295   2.        
-1.71446204  2.61341906  0.35742199  2.        
 8.72373199 10.48095703 -0.71972698  4.        
-3.690346   10.84308624  0.147552    3.        
-5.91241503 11.63956547  1.154724    3.        
-3.5380249  11.33065796  1.28604102  3.        
 2.07798004 10.08537292  0.483643    4.        
 5.03655195 10.88551331 -2.53939795  4.        
-5.89347792 11.75152588  2.77117896  3.        
-1.90956104  0.61998397  0.18716399  2.        
 5.12983704 10.74572754 -3.20651293  4.        
-4.82991791 -9.52094269  0.39294401  2.        
-3.32112098 -3.61355996  0.051483    2.        
 6.24791718 10.96936035 -0.244202    4.        
-6.54533386 11.84746647  2.83990502  3.        
-9.37579441 10.99935246  3.70163012  3.        
-5.34985399 -7.81992006 -0.47158799  2.        
-10.57440186  10.6832428    2.87884498   3.        
 -5.22856092 -10.48322678  -0.042114     2.        
 9.38709259  9.4386673  -3.84054589  4.        
-3.108917   10.65789795  0.22934     3.        
 1.59591699  9.6893158  -1.17077601  4.        
-3.07436395 -2.17039895 -0.64831501  2.        
 4.63611603 10.44620514 -3.17999291  4.        
-0.91266602  7.39645386 -0.32019001  2.        
-5.48296404 -9.10041428  0.40152001  2.        
 5.89264679 10.71211243  1.05764794  4.        
 7.23038483 10.31479645 -3.73248291  4.        
-0.62059802  5.70698595 -0.37799099  2.        
 8.74591827  9.97492981 -3.22918701  4.        
-2.1589129  -0.91393697 -0.14456201  2.        
-3.23877692  9.75502777 -1.85232496  3.        
-0.30763999  6.35463715  0.25411999  2.        
 9.50276947  9.94859314 -1.237885    4.        
-4.32579803 -6.46711683 -0.64843798  2.        
-4.94053698 11.58987427  1.192047    3.        
12.50556183  7.51628923 -1.64117396  4.        
-1.99454498  2.30434394 -0.34881601  2.        
-0.778404    7.35983276  0.33319101  2.        
-2.88643599 -0.82536298 -0.47848499  2.        
-2.84882307 -0.58080298 -0.30410799  2.        
-3.25640893 -1.75176203  0.146027    2.        
-4.09860992 11.63689423  1.82913196  3.        
-1.10514796  6.01708221 -0.101013    2.        
-0.37226099  7.64072418 -1.17941296  2.        
12.74736786  6.33873701 -2.75503492  4.        
 9.87322235  9.77701569 -1.56253099  4.        
 -5.34332991 -11.4672966    0.023895     2.        
11.23316956  8.14714813 -3.618958    4.        
-3.866081   -6.11516619 -0.085205    2.        
-2.62933302 10.70555115  1.88552904  3.        
-10.11211395  10.91133881   3.12301612   3.        
-8.74098969 11.21263885  0.82183802  3.        
-2.41358995  9.49446106 -1.37896705  3.        
10.05293274  8.94155884 -3.90817308  4.        
-4.3009491  -6.92908478 -0.674164    2.        
0.038429   5.83084106 0.185883   2.        
-2.17615509e+00  9.68999986e-04 -3.22784007e-01  2.00000000e+00
-2.96526289 -2.05252504  0.46679699  2.        
-2.11419702  0.83696699  0.48168901  2.        
-2.33124495 -1.92267203 -0.091492    2.        
-7.63221693 11.36868954  0.185699    3.        
 5.08020782 10.7525177  -0.93533301  4.        
11.70468903  8.07872772 -2.75100708  4.        
-3.62182593 -4.79087114 -0.046478    2.        
-3.26599908 11.02919006  0.837524    3.        
-12.71796417   9.1459198    2.66168189   3.        
11.54718781  8.09208679 -3.18685889  4.        
 3.89569092 10.75567627 -2.18923903  4.        
-12.48848724   9.12215424   2.27612305   3.        
 8.37805939 10.36830139 -2.04351807  4.        
-0.79563099  5.41146803  0.220734    2.        
-1.46379101  1.343117    0.174225    2.        
-2.15270996 10.21170807  1.452057    3.        
-2.67354608 -2.7323761  -0.219391    2.        
-1.59833503  2.648628   -0.25848401  2.        
-6.60119581 10.98417664 -1.61947596  3.        
-3.51098609 -4.97835922 -0.390625    2.        
-2.17816901 -1.40390801  0.153046    2.        
 6.34522295 10.99671936  0.29058799  4.        
-5.78121185 -9.33940887  0.014954    2.        
-3.0549159  11.17066956  1.66461205  3.        
 9.18463898  9.90386963 -3.23025489  4.        
10.4141922   9.01889801 -3.52328491  4.        
 1.43854499  9.57233429 -1.99172997  4.        
 -5.360466   -10.99835587  -0.113983     2.        
 -6.01554918 -10.69715118  -0.33013901   2.        
10.39514923  9.27248383 -2.48208594  4.        
 1.99880195  9.88968658 -0.34423801  4.        
-3.80620599 10.76351929 -0.38677999  3.        
 8.22309875 10.56073761 -0.60424799  4.        
-3.40901208 -3.49309492 -0.476013    2.        
-0.217186    6.93764496  0.112274    2.        
-4.09909821 -4.06406021 -0.08493     2.        
-7.40181017 11.33498383 -0.289978    3.        
-2.12284803 -0.54298401  0.069183    2.        
 4.98103285 10.76750183  1.15313697  4.        
-1.11185503  7.10448503 -0.008881    2.        
 7.83711195 10.47032928 -2.64218092  4.        
 3.56463599 10.41956329 -3.16159105  4.        
-4.80834198 -7.16433716 -0.039459    2.        
-10.38405609  10.69355774   2.018677     3.        
2.65161896 9.94332886 1.19082606 4.        
 7.50950623 10.53256226 -3.08129907  4.        
-2.94916511 -2.00112891  0.181885    2.        
-0.075043    5.66150713 -0.26275599  2.        
-3.46012092 -3.51545691 -0.971497    2.        
-6.89613295 11.31752777 -0.60421801  3.        
 -6.2817688  -10.74847794   0.28756699   2.        
-4.56811523 -5.94012785 -0.227173    2.        
0.37983701 7.00564623 0.24435399 2.        
-3.15036798 10.2286377  -1.57080102  3.        
-3.25611091 -3.79280496 -0.25775099  2.        
-8.31341457 11.16243744 -0.45605499  3.        
-6.35667419 11.61640167  3.13165307  3.        
-1.48029304  3.21490502 -0.110291    2.        
-4.62571001 11.69168854  1.63195801  3.        
-5.61927795 11.64689636  2.83425903  3.        
-12.30548096   9.21183777   1.85815406   3.        
0.900841   8.2406311  0.16378801 2.        
1.705055   9.45131683 0.91607702 4.        
 2.878052   10.26598358  1.20867896  4.        
11.036026    9.04256439 -1.60867298  4.        
-10.79250336  10.47859955   2.45272803   3.        
-4.08262587 -5.82988691 -0.858459    2.        
-3.11056495 -2.20430803  0.061371    2.        
-3.74633789 -3.68497109 -0.26382399  2.        
 5.65988207 10.90797424 -2.54007006  4.        
 4.88439178 10.64025879  1.36874402  4.        
-11.49887753  10.07332611   2.938416     3.        
-5.84602404 11.26795959 -0.46057099  3.        
 1.45298803  9.55435181 -0.650177    4.        
 0.782875    8.79666901 -0.098694    4.        
-10.57229614  10.63649654   2.58221412   3.        
12.04615784  7.74662018 -2.45449805  4.        
 6.55677795 10.83480835 -0.67040998  4.        
-1.45847297  9.18516541  0.82714802  3.        
12.02268219  8.19417572 -1.13101196  4.        
-5.39510393 11.9522171   2.27511597  3.        
-1.45374298  2.37942505 -0.50177002  2.        
-11.50382233  10.04497528   1.74667394   3.        
 3.31462097 10.60878754 -1.45669603  4.        
 5.39839888 10.63932037  1.26593006  4.        
10.87706757  8.42182159 -3.7124331   4.        
-5.70893908 11.5689621   0.95437598  3.        
 5.30824995 10.85638428 -0.51120001  4.        
 8.16472626 10.43457794 -1.52938795  4.        
-0.34173599  4.70652008  0.360291    2.        
-11.15718079  10.27600861   2.09637499   3.        
 2.28742194 10.10951996 -2.53375196  4.        
12.33515167  7.56096697 -2.07073998  4.        
-3.10088396 -4.00724411 -0.006927    2.        
-1.45503199  3.93291497 -0.060455    2.        
-10.5656662   10.55310822   1.18389904   3.        
-11.99723816   9.75258636   2.58764601   3.        
11.5814209   7.74051714 -3.6065979   4.        
-1.10984004  2.10364509  0.145294    2.        
-3.61941504 -4.32580185  0.164276    2.        
 2.35903192 10.35198975 -2.08145094  4.        
-5.07218218 10.99821472 -1.59939599  3.        
-9.28797913 10.79470825 -0.393738    3.        
 5.45207977 10.84770203 -1.10644495  4.        
11.71079254  7.90242004 -3.26373291  4.        
-4.8290019  11.66481018  1.46731603  3.        
-0.435707    4.91536713 -0.013977    2.        
11.06772614  9.11698055 -0.56137103  4.        
-9.03697205 10.92953491 -0.563568    3.        
-12.8503952    8.9467926    3.15683007   3.        
 3.01077294 10.43436432 -0.64849901  4.        
-5.37320709 11.3735199   0.51861602  3.        
-0.491081    6.59019518  0.29837     2.        
 9.41213226  9.81369019 -2.48687696  4.        
-2.51014709  0.061005   -0.151062    2.        
 6.49639082 10.97153473 -0.085968    4.        
 3.64987206 10.61794281 -1.23623705  4.        
10.58964539  8.30858612 -3.80685401  4.        
 7.60443878 10.5578537  -1.57971203  4.        
 2.55971503 10.09899139 -2.97991896  4.        
10.71227264  9.33530426 -1.28619397  4.        
 6.36271715 10.66153717 -3.4564209   4.        
-1.79430401  1.92279804 -0.18081699  2.        
 3.40228295 10.50331116 -0.90911901  4.        
 5.93917799 11.00532532  0.112549    4.        
-7.66752577 11.67411041  2.24578905  3.        
 8.26506042 10.26128387 -2.349792    4.        
 9.63355255  9.87636566 -1.86319005  4.        
 4.15432692 10.70698547 -1.42523205  4.        
1.79918694 9.78100586 0.133301   4.        
 9.11747742 10.09753418 -2.20913696  4.        
-1.64532495  2.13857293 -0.201721    2.        
-1.63195801  9.13825989 -0.26318401  3.        
1.19103205 9.19258881 0.74639899 4.        
 1.76701403  9.83572388 -1.64913905  4.        
 6.68621111 10.77748871 -2.6751101   4.        
 1.88172901  9.77588654 -2.47997999  4.        
 8.70342255 10.52735901 -0.464569    4.        
 0.21404301  6.80080414 -0.182007    2.        
 9.65818787  9.64250946 -3.27767897  4.        
 7.85295105 10.44668579 -2.02249193  4.        
-1.25460804  8.55279541 -0.23822001  3.        
 0.072258    7.45546007 -0.65460199  2.        
 7.48352098 10.84043884  0.43502799  4.        
-1.46733904  2.896667    0.179474    2.        
 -5.64300489 -11.50889587   0.74557501   2.        
-2.57072401 10.79409027  1.42550695  3.        
-7.68947601 11.45306396  1.20935094  3.        
-4.18986511 11.08925629  0.35516399  3.        
 8.20864868 10.32437134  0.77157599  4.        
-11.57447815  10.03787994   2.14495802   3.        
-3.11911011 -1.53591204  0.083252    2.        
12.11528015  7.4862752  -3.09109497  4.        
-10.76626587  10.35525513   0.74752802   3.        
 2.00488305  9.98575592 -1.36657703  4.        
 8.68582916 10.18678284  0.60934401  4.        
11.04547119  8.23374939 -3.79568505  4.        
-3.56231689 -4.38869905 -0.77313203  2.        
-3.41610694 -2.62934899 -0.01889     2.        
-0.129898    5.39667511  0.187592    2.        
-4.66175795 11.76823425  1.88281202  3.        
 3.24732995 10.5225296  -2.62277198  4.        
 2.19513702 10.10839081 -1.84472704  4.        
-2.23899794 -1.74216497  0.090698    2.        
12.4907608   7.35540009 -2.15957594  4.        
 3.79696703 10.69804382 -0.32830799  4.        
-11.92669678   9.44348145   1.50494397   3.        
 7.20487213 10.59059906  0.933411    4.        
-3.53675103 -3.13379693 -0.57974201  2.        
-2.79728699 11.01154327  1.74160802  3.        
-3.67518592 10.03330231 -1.93701196  3.        
-4.02227783 -5.11786985 -0.85696399  2.        
2.03112006 9.98184967 1.01010096 4.        
-8.3315134  11.22290039  3.16137695  3.        
-4.61794996 11.58374786  2.28930712  3.        
 7.72612    10.43743134  0.91726702  4.        
 6.09726715 10.76538086 -1.53918505  4.        
-9.87010193 10.47324371 -0.238434    3.        
 5.34143782 10.92347717  0.016846    4.        
 5.39716291 10.47425079 -3.57147193  4.        
 0.34033999  7.73869324 -0.54803503  2.        
 2.54788208 10.30464172 -1.64446998  4.        
-8.69271088 11.38021088  3.24798608  3.        
-6.33634901 11.34175873 -0.29388401  3.        
-5.37124586 -9.98863983 -0.52209502  2.        
-12.9943161    8.74840641   3.03830004   3.        
 7.01625776 10.92892456  0.37029999  4.        
-4.84478807 -7.15335894 -0.46368399  2.        
-6.09403181 11.62496853  3.09265089  3.        
-2.7438581  10.74497223  1.02462804  3.        
-1.29909503  8.61161041 -0.51187098  3.        
-5.66405487 -9.94979095  0.25003099  2.        
-6.98075914 11.84857941  2.58087206  3.        
-5.10832214 11.60884857  2.70547509  3.        
-9.66106415 10.90122986  0.87173498  3.        
-2.21163893  9.78948975 -0.49179101  3.        
-12.05207062   9.711586     3.33914208   3.        
 5.75618696 10.62475586 -3.51092505  4.        
-5.98848009 10.99825954 -1.90463305  3.        
-0.75668299  7.3350749  -0.06192     2.        
12.58918762  7.00887299 -1.51678503  4.        
-6.04084015 11.35707092  0.028137    3.        
 8.27355957  9.92282867 -3.82623291  4.        
-12.1791153    9.47142792   3.99548292   3.        
-2.62117004 10.4029541   0.22656199  3.        
-4.61151886 -8.48932743 -0.079742    2.        
 -5.39820099 -11.58771515   0.67965698   2.        
-2.21765089  1.10994697 -0.002533    2.        
-8.81699371 11.04978943 -0.41632101  3.        
-9.33100891 11.21743011  3.19094896  3.        
 4.94849396 10.4240036  -3.22640991  4.        
-3.60692596 11.29186153  2.46136498  3.        
12.19190216  7.54169512 -2.51757789  4.        
-1.408409    3.40132904  0.196594    2.        
11.90328217  8.30646515 -0.747253    4.        
 4.98574114 10.87924957 -2.043396    4.        
 3.09796095 10.45806885 -1.28393495  4.        
-9.37258911 10.60267639 -0.60879499  3.        
1.86270905 9.65195465 1.01312304 4.        
-1.34942603  2.23326111 -0.206238    2.        
-8.51815796 11.20772552  0.33364901  3.        
 -4.98654222 -10.0560379    0.135315     2.        
 1.62212396  9.43653107 -2.49881005  4.        
 6.46363783 10.83909607 -1.78420997  4.        
 6.06661177 10.42418671 -3.66235399  4.        
-4.03444719 -4.73289919 -0.12600701  2.        
 7.84912109 10.63100433  0.73519897  4.        
-4.18149614 -5.11497498 -0.57253999  2.        
-3.48688507 10.56700134 -0.894714    3.        
 -5.77151489 -11.4144516   -0.056732     2.        
-3.23551893 -4.23492384 -0.146973    2.        
-4.57138777 -6.81772995  0.135498    2.        
-1.85260797  2.30532789 -0.12616     2.        
-1.22130597  8.14879608 -0.51193202  3.        
 9.29219055 10.26730347 -0.63284302  4.        
-8.74810791 11.41725159  2.48239112  3.        
-10.03435516  10.8086853    1.25143397   3.        
 8.28949738  9.72518921 -4.0186162   4.        
-12.63075256   8.9497757    3.62942505   3.        
-1.61653101  3.00332594  0.003937    2.        
 5.66572618 10.96725464  0.24231     4.        
-2.29894996 -0.267239    0.50466901  2.        
 -5.99414778 -10.36343765   0.028564     2.        
 7.2174449  10.58857727 -2.73861694  4.        
-2.9077301   9.99512482 -1.63052404  3.        
-1.34595501  8.34751129  0.191956    3.        
-5.5115428  11.63756561  1.19958496  3.        
-4.43227386 11.17021179  0.409058    3.        
 4.7012558  10.92563629 -2.12127709  4.        
-4.41751099 -5.75944519 -0.080322    2.        
-5.08293104 -9.03590393  0.281555    2.        
-9.66963959 11.08285522  3.35043311  3.        
-1.15937805  2.94471002  0.231903    2.        
-12.1938324    9.4270401    1.92861903   3.        
-2.3878479  10.40720367  2.03164697  3.        
10.25801086  9.62532806 -1.23931897  4.        
 5.96150208 10.95554447  0.604065    4.        
 9.01547241 10.06661224 -2.74319506  4.        
-5.02726698 10.89193726 -1.90371704  3.        
-3.03659105 -2.40011191  0.31488001  2.        
-4.28730822 -5.66293716 -0.820831    2.        
-1.98490906  9.84857941  0.334961    3.        
-11.12979126  10.29370117   1.70394897   3.        
-10.30656433  10.58974457   0.052399     3.        
-10.07311153  10.67225647  -0.104675     3.        
-2.03909302  0.51955801 -0.50439501  2.        
-5.98861694 11.16854858 -1.279266    3.        
-3.26530504 11.35279846  2.15963793  3.        
-3.57544708 -2.83297706 -0.036621    2.        
-5.58032179 -9.12058258 -0.26736501  2.        
12.75402069  6.67466021 -1.72192395  4.        
 9.83883667  9.62327576 -2.8626399   4.        
-1.62877703  1.25049603 -0.16540501  2.        
11.30693817  8.42900944 -2.68560791  4.        
-0.62119299  7.08484697 -0.38091999  2.        
 9.12010956 10.31262207  0.080688    4.        
 -5.20661879 -10.206707     0.51934803   2.        
-3.24684095 -2.48254395 -0.481567    2.        
-7.86148119 11.6212616   2.79211402  3.        
-3.54479194 -3.4367981  -0.73123199  2.        
 2.53503394 10.26852417 -0.191681    4.        
-1.46174598  8.83673859 -0.65161097  3.        
-4.38671112 10.68050385 -2.02130103  3.        
-0.952896   3.9313581 -0.204468   2.       
 -5.23694611 -10.58116913   0.66012597   2.        
12.2844162   7.79049683 -1.44989002  4.        
 -5.10777998 -10.18361282  -0.21084601   2.        
-5.02908278 -9.80046463  0.410889    2.        
 3.61525702 10.74655914  0.35687301  4.        
 -5.41574907 -11.71780777  -0.024231     2.        
-2.61904097 -2.03318     0.105011    2.        
-5.91151381 -9.48009872 -0.27239999  2.        
-1.84128594  9.05609894 -0.99945098  3.        
-4.48797607 -5.25715303 -0.041443    2.        
 1.65184796  9.70295715 -2.16494703  4.        
2.20024896 9.88365173 1.24996901 4.        
12.85956573  5.99073792 -2.41848707  4.        
-0.89539301  5.9223628   0.118164    2.        
 2.85931396 10.55986023 -2.23608398  4.        
0.20597801 8.06749725 0.563568   2.        
-1.88360596 -0.60039902  0.31222501  2.        
 0.062233    7.76357317 -0.44686899  2.        
-2.27256799  0.26403001  0.431274    2.        
-5.02789307 11.68162537  2.37264991  3.        
-3.395859   10.66860962 -0.053802    3.        
-2.54277802 -0.34881601 -0.51998901  2.        
-2.1437149  0.189899   0.196136   2.       
-2.66894507 -0.205502   -0.27362099  2.        
 7.84588623  9.92772675 -3.90743995  4.        
-2.32920098 -0.91492802 -0.35421801  2.        
 9.86144257  9.831604   -1.30731201  4.        
-3.29677606 10.54553986 -0.41745001  3.        
-5.09679413 -8.8302803   0.462769    2.        
-0.35458401  6.64791918 -0.30462599  2.        
-4.05108595 10.74961853 -1.36166406  3.        
-0.83647901  2.92047906  0.186829    2.        
 7.33972216 10.67389679 -2.19494605  4.        
-2.10060096 -0.26287499 -0.341034    2.        
-11.37039948  10.30870819   3.4649961    3.        
-2.91539788 -1.913113   -0.67852801  2.        
12.20613861  7.43792677 -2.25683594  4.        
11.66575623  8.33596039 -2.10775805  4.        
-1.19863105  7.80245209 -0.41687     2.        
-3.07238793 -1.84521496 -0.48083499  2.        
-3.97419691 -4.91431379  0.43798801  2.        
-8.35954285 11.53292084  2.80609107  3.        
-4.48194885 -5.99227905  0.386749    2.        
-8.85037994 11.20711517  1.06900001  3.        
-10.51176453  10.53968811   0.83636498   3.        
-4.20909882 -4.63815308 -0.65707397  2.        
 5.01403809 10.93644047  0.71865797  4.        
-4.12834215 11.66996002  2.07665992  3.        
-0.169167    7.02979994 -0.25317401  2.        
11.53765106  8.47280884 -0.80719     4.        
-5.29479218 -8.84414291 -0.52484101  2.        
-4.28878021 -4.76962709 -0.043152    2.        
-0.34492499  4.9020462  -0.30859399  2.        
 1.46172297  9.76197147 -1.711182    4.        
 2.38391089 10.21884155 -1.09844995  4.        
 4.87841797 10.90929413  0.074951    4.        
-1.01924098  2.2630229   0.33261099  2.        
-0.50360101  5.86990404  0.209747    2.        
-5.91459703 11.40695953  0.56607097  3.        
-4.02336121 -5.93273878 -0.52533001  2.        
-10.94582367  10.25563812   0.87905902   3.        
-7.30675507 11.55219269  1.24768102  3.        
12.81389618  6.57332611 -2.29144311  4.        
-6.83441877 11.04954529 -1.41107202  3.        
-4.57337904 -6.63468218  0.52002001  2.        
-7.0963521  11.47776794  0.46402001  3.        
-3.06600189 10.50260162  0.022064    3.        
-2.71971893 10.25971222 -0.16537499  3.        
 9.45107269  9.69737244 -3.4412539   4.        
 9.66285706  9.227005   -3.76141405  4.        
-4.18244886 -5.54611588 -0.007294    2.        
 7.87693024 10.45010376 -2.89856005  4.        
-1.13837397  6.42607117 -0.31869501  2.        
10.94841003  8.75429535 -2.84756494  4.        
-5.50728607 11.81671143  2.65383911  3.        
11.98075104  8.07810974 -1.77896094  4.        
-4.62869978 -6.08350706 -0.506805    2.        
12.35109711  7.16945601 -2.64987206  4.        
-0.96801001  7.81988478 -0.045532    2.        
-0.88803101  5.86273193 -0.220428    2.        
-9.05102539 11.02549744 -0.073273    3.        
 5.54719496 10.7648468  -3.13702393  4.        
-7.22363997 11.21406555 -1.16226196  3.        
11.99880981  6.89746094 -3.3521421   4.        
-6.6901021  11.73812103  2.67956495  3.        
-0.67694098  4.23344421  0.50451702  2.        
-6.85826111 11.29007721 -0.85998499  3.        
 3.93653107 10.73927307 -1.65087903  4.        
-11.44733429   9.84331512   3.7718811    3.        
-5.07000017 11.71495056  1.56219494  3.        
-1.23801398  5.00197601 -0.48538199  2.        
 -6.25959015 -11.15999222  -0.36358601   2.        
-1.48710597  8.80380154 -0.97567701  3.        
-3.57495904 -4.04222107  0.260254    2.        
 -5.94761705 -11.04636765   0.410889     2.        
-9.55728245 11.15110016  3.08004808  3.        
-1.96531701  9.50475311 -0.668823    3.        
-1.13073695  5.34742022 -0.16622899  2.        
-0.19882999  5.84860182  0.149597    2.        
-5.03057909 -8.96923065 -0.28887901  2.        
 -5.77378893 -10.07549286  -0.041687     2.        
-5.47764587 10.97875977 -1.84188795  3.        
-2.01960802  0.94316101 -0.34521499  2.        
-10.22575378  10.76255798   2.18530297   3.        
 0.52790099  8.54743958 -0.478607    2.        
-4.62116194 11.10951233 -0.011871    3.        
-8.1127634  11.5358429   1.98941004  3.        
-3.94132209 -4.44597578 -0.14294399  2.        
 0.97135198  8.29416656 -0.41894501  2.        
-4.38162994 10.87379456 -1.14376795  3.        
 6.71131897 10.74411011 -2.9317019   4.        
-2.288872    0.76253098 -0.318207    2.        
 6.50836182 10.93132782  0.46285999  4.        
-7.61042786 11.40171814  0.49789399  3.        
-0.49641401  4.3511281   0.18545499  2.        
 9.17851257  9.82227325 -3.48672509  4.        
 5.30059814 10.82188416 -1.432495    4.        
10.19455719  9.36907196 -2.67752099  4.        
-2.85688806 -3.96081495 -0.220764    2.        
-5.24546099 -7.41820097 -0.188995    2.        
-5.75924683 -9.67007065 -0.075439    2.        
 4.63477278 10.80899811 -0.29718     4.        
-2.87760901 -1.388538   -0.44747901  2.        
 0.121193    6.23539019 -0.30160499  2.        
-1.43472302  8.74541473  0.378052    3.        
 4.40033722 10.97958374  0.476349    4.        
 0.69315302  8.28019047 -0.926727    2.        
 9.65693665 10.03549957 -0.95999098  4.        
-1.48234606  8.47110844 -0.72750902  3.        
-2.11982703  9.86339569  0.055328    3.        
-0.64357799  4.50363922 -0.24884     2.        
11.16049194  8.66926575 -2.59930396  4.        
 8.89858246 10.32811737 -1.20816004  4.        
-9.56416321 11.13551331  2.84390306  3.        
