-12.71507263  15.12519073   6.59439087   3.        
  3.17349195 -15.93386459   0.36889601   2.        
14.33475494 11.94381046 -9.347229    4.        
0.630234   2.96090698 0.53036499 2.        
 2.60033393 14.15524292 -5.15988207  4.        
-2.49372101 13.69612885  4.13873291  3.        
 1.32362401 -6.55661011  0.460693    2.        
10.00759888 14.38513184 -3.58471704  4.        
-0.28647599  9.6241684  -0.84738201  2.        
-8.23365021 15.05818939  2.53204298  3.        
-7.03512621 15.20725346  8.25799561  3.        
 9.16772461 14.62158966 -9.2585144   4.        
-14.12387085  11.62716675  10.70162964   3.        
 4.57417297 13.44449615 -0.431458    4.        
  3.05561805 -11.09618378   1.12716699   2.        
 1.71256304 -1.75009203  0.74011201  2.        
-4.51488495 13.10044861  0.067902    3.        
-10.82055664  14.19181061  10.36117554   3.        
 6.47122192 15.35338593 -6.14202881  4.        
12.3994751  14.40569305 -6.74914598  4.        
 1.23484004 12.86177826 -1.95870996  4.        
-5.54606581 15.48728943  4.991364    3.        
-1.16696203 12.38700867  1.13128698  3.        
 13.31118774   8.72267246 -10.27828979   4.        
-9.38629246 15.8759079   5.7348938   3.        
 0.21971899  6.15319777 -0.83853102  2.        
 6.51683807 14.89476776 -2.77624512  4.        
 11.24467468  12.32524872 -10.40084839   4.        
-14.40789795  13.74736023   8.61413574   3.        
 9.47306061 15.24504948 -6.37118483  4.        
-5.1680069  14.68066406  2.30377197  3.        
 0.36051199  0.381569   -0.15951499  2.        
-10.37776184  15.68470764   8.20147705   3.        
  2.03913093 -13.5033493    0.62762499   2.        
 3.99686408 14.14464569 -2.94970703  4.        
 0.86169398 -4.07347107  0.225189    2.        
 2.07709503e+00 -9.06190491e+00 -2.47199996e-03  2.00000000e+00
 7.17661285 14.00457764 -8.01062012  4.        
-3.0320971  13.68798828  1.81210303  3.        
11.50846863 14.14873505 -8.91000366  4.        
13.99636078 12.74861145 -7.17263794  4.        
 4.56649017 14.06685638 -6.55914307  4.        
-13.07672119  13.69754791  10.58554077   3.        
 12.99832916  10.94987488 -11.0065918    4.        
-11.01251984  14.43727112   4.97143602   3.        
 8.12910461 15.40560913 -4.51245117  4.        
-3.61579108 14.73958588  5.87197924  3.        
-12.39669037  14.95713043   8.83755493   3.        
-7.2505722  15.93917084  6.21044922  3.        
 2.64063311 12.59169769 -0.33587599  4.        
-5.36722612 14.72975922  7.02651978  3.        
14.63606262  9.89859009 -9.09039307  4.        
 0.96460003 11.25946045 -0.53289801  4.        
 5.03593397 14.948349   -4.69332886  4.        
0.037903   7.95835114 0.327667   2.        
11.62276459 14.47640228 -4.84835815  4.        
-6.74969482 13.79599762  1.42999303  3.        
-2.63185096 12.2798233  -0.177673    3.        
-8.91490936 14.88885498  9.24401855  3.        
 8.17551422 13.84548187 -2.778687    4.        
-7.74997711 15.70783234  4.31790209  3.        
 1.69144404 12.99836731 -3.87704492  4.        
-9.88222504 15.21030426  3.60928297  3.        
-4.00795698 14.86643982  3.90335107  3.        
-1.42366004 10.82630157  0.092133    3.        
-8.62932587 15.96253967  7.48913622  3.        
12.81871033 13.12158203 -9.77334595  4.        
 6.19210815 13.48690796 -1.58685303  4.        
 0.31248501  4.34794617 -0.70748901  2.        
 2.00276899 -4.72032213  1.47146595  2.        
 2.15705109 -7.83956194  1.40783703  2.        
-11.02562714  15.73770905   6.51443481   3.        
-1.43516505 13.40029144  2.57394409  3.        
10.84011841 14.82261658 -7.42263794  4.        
-6.5448761  15.28059387  3.16888404  3.        
 2.87733507 13.52170563 -1.82232702  4.        
13.07794189 13.82038879 -8.25543213  4.        
 8.50717163 15.21832275 -7.75778198  4.        
10.27954102 13.5592804  -9.8677063   4.        
  3.21343207 -14.53868484   1.19674695   2.        
-14.90867615  12.77484894   9.80444336   3.        
1.37312305 1.63855004 0.034698   2.        
 6.57305908 15.1544342  -4.34823608  4.        
-13.33721161  13.90491486   7.35089111   3.        
 1.54634094 -0.126221    0.72448701  2.        
 2.27742791 -3.43868995  0.36908001  2.        
10.12933254 15.20931244 -4.96148682  4.        
 2.18202996 -9.59166718  1.44290197  2.        
 5.81152296 14.50286865 -7.32778883  4.        
 1.817909   -5.24275208 -0.11377     2.        
 4.88757277 14.23914337 -1.71664405  4.        
 7.97589922 15.41565704 -6.14654493  4.        
  1.99749005 -11.98484802   0.53064001   2.        
 0.69487798 -2.50324988 -0.064026    2.        
14.65979767 11.12762547 -8.14715576  4.        
 14.14497375   9.92085266 -10.54940796   4.        
-4.46710205 14.08400726  1.16833496  3.        
 0.171928   11.78100586 -1.60812402  4.        
0.119232   5.3303299  0.32177699 2.        
  2.08987498 -15.52237701   1.18991101   2.        
 0.58164197 -1.00731695  0.019257    2.        
12.98899841 13.16649628 -6.27801514  4.        
  2.26171899 -10.45195007   0.146088     2.        
-11.01338959  15.1855011    9.35235596   3.        
 2.61502099 14.04502869 -3.73513794  4.        
-5.7174449  13.11997223  0.77706897  3.        
11.18613434 15.01089478 -6.04452515  4.        
-11.72174835  15.32765198   7.6340332    3.        
 12.53516388  12.25442505 -10.87875366   4.        
 3.71915388 14.50327301 -4.41964722  4.        
-3.01307702 14.37958527  3.06900001  3.        
 7.19338989 15.20317078 -7.35882616  4.        
 5.31397295 14.70825958 -3.38519311  4.        
-12.10323334  14.54528046  10.13189697   3.        
 0.23273499  8.20195007 -0.98205602  2.        
-5.31987    15.06958771  3.6842041   3.        
-3.25775909 13.28046417  0.51205403  3.        
  3.26396203 -12.3919754    0.71264601   2.        
 7.28318787 14.22533417 -1.84402502  4.        
-0.66287202  9.10501099  0.329712    2.        
-2.48377991 12.16166687  1.23556495  3.        
-10.50149536  15.69007874   5.01760912   3.        
 8.64204407 14.98834991 -3.29614305  4.        
 1.30344403 -7.990623    0.17694101  2.        
-6.3575058  15.60562897  7.13192701  3.        
 1.289505   -3.10160089  1.17608595  2.        
-11.93320465  15.29069519   5.54559278   3.        
-13.35850525  14.28565979   9.43856812   3.        
14.02536774 12.85430145 -8.47113037  4.        
 11.6290741   13.54155731 -10.14703369   4.        
-9.8128891  15.73852539  6.96691895  3.        
 8.41541958 13.77228546 -8.63806057  4.        
 9.76752472 15.06645966 -8.09100342  4.        
 5.22076416 15.06463623 -6.06787109  4.        
 0.17009     1.96458399 -0.266449    2.        
-9.0128479  15.72308254  4.49581909  3.        
 3.68455505 14.59095764 -5.68719482  4.        
-3.05190992 14.71078491  4.73403883  3.        
-4.78663588 15.20709229  5.94711304  3.        
-14.03527069  12.91158295  10.74124146   3.        
-0.47718799  7.14398193 -0.55721998  2.        
-6.86992693 14.87075806  2.03893995  3.        
 1.51567805 12.39107513 -0.85320997  4.        
 2.03543901 13.44892883 -2.71871996  4.        
13.86748505 11.01442719 -9.98721313  4.        
  2.36473107 -11.93476105   1.69079602   2.        
12.1337738  13.60363007 -5.52536011  4.        
0.547539   6.86830091 0.089203   2.        
-11.88323212  13.47076416  10.65621853   3.        
0.93011498 4.14091492 0.314758   2.        
-4.00514221 14.26223755  2.38345289  3.        
-7.67452192 13.98843384  2.23049903  3.        
 0.508385    3.16110992 -0.66497803  2.        
 7.43463898 15.12636566 -3.51309204  4.        
 2.20674896 -5.98294783  1.02874804  2.        
-6.76515198 15.73937988  4.99105787  3.        
11.93431091 14.51722717 -7.8406682   4.        
-8.24124146 15.8234787   5.41445923  3.        
-1.98301697 13.20615387  1.50335705  3.        
-13.4839859   14.63941193   8.31317139   3.        
-0.47760001 10.81791687 -0.62359601  2.        
-9.89588928 14.30889893  9.5619812   3.        
-5.71834612 14.30442047  1.15844703  3.        
 0.58562499  9.15982056 -0.206604    2.        
 3.44242907 13.35356903 -0.73886102  4.        
  2.7491231  -14.30606842   0.14150999   2.        
0.851982   0.80897498 0.84857202 2.        
 13.46746063  12.16162109 -10.17745972   4.        
 0.44570899 10.44007111 -1.24475098  2.        
-9.07782745 14.48047638  3.0909121   3.        
  1.95831299 -10.85817719   1.50549304   2.        
10.45422363 14.65434265 -8.93191528  4.        
-8.11294556 15.53272247  8.52468872  3.        
14.30157471  8.87437439 -9.71655273  4.        
-5.96376801 15.62941742  6.04949903  3.        
  2.83564806 -11.546875    -0.092834     2.        
-7.52453613 15.75585938  7.34979296  3.        
10.5515976  13.91424561 -4.45718384  4.        
 8.97524261 15.38618469 -5.24331713  4.        
  3.13371992 -13.40255737   1.15621901   2.        
-4.24327803 15.11006927  4.9571228   3.        
-0.77503997  8.26926422 -0.53543103  2.        
 1.00557005 13.10888672 -3.00448608  4.        
 7.16275787 15.31395721 -5.25878906  4.        
 2.25858307 -7.12198591  0.52886999  2.        
-9.31391144 15.67048645  8.4432373   3.        
-14.19326019  13.59252167   9.70941162   3.        
13.40615845 13.67261505 -7.14202881  4.        
-1.62617505 11.99453735  0.105377    3.        
 9.27851105 15.17152405 -4.14913893  4.        
-8.46163177 15.46755981  3.50445604  3.        
-0.92330199 11.36087036  0.88372803  3.        
 1.31529999 -0.101799   -0.32617199  2.        
 5.90184021 14.51149654 -1.94525099  4.        
-6.42971802 14.56402588  7.36862183  3.        
-2.21511102 13.1515274   3.26098609  3.        
  2.19337511 -14.1925621    1.423859     2.        
  3.17147112 -13.24829865   0.092346     2.        
 2.71217394 -8.37182617  0.67657501  2.        
 13.20074463   9.87787628 -11.02526855   4.        
 0.40113801 10.28333282 -0.199524    2.        
 3.89234209 13.8463974  -1.55548096  4.        
-6.21122694 15.37745667  4.16131592  3.        
 9.36846161 13.59494781 -9.32278442  4.        
 5.89080811 15.22216797 -5.23095703  4.        
14.71295166 10.90325928 -9.36557007  4.        
-8.53805542 15.92539215  6.45269823  3.        
-0.63560498 10.13959503  0.226074    2.        
 1.82315803 -4.37023211  0.46871901  2.        
13.37644958 12.33896637 -9.0897522   4.        
-7.84744978 14.59081268  8.10076904  3.        
-12.74852753  15.07086182   7.73315382   3.        
 7.77165222 14.77015686 -2.57012892  4.        
-10.00600433  15.30493927   9.17785645   3.        
 1.51345098 -1.92244005 -0.28530899  2.        
 5.43514299 13.69898987 -0.92303503  4.        
-0.302147    5.17850494 -0.59728998  2.        
 9.09534359 13.98749542 -3.37377906  4.        
 1.38134003 -5.32837677  0.79953003  2.        
14.42790985 12.02542114 -7.73672485  4.        
 3.01596808 13.85536194 -2.82745409  4.        
-12.91433716  12.79171753  10.99298096   3.        
12.43618774 13.76137543 -9.02523804  4.        
 2.23923492 13.37662506 -4.6282959   4.        
 2.17822289 13.04616547 -1.22628796  4.        
 1.66744196 -6.95664978  1.31671095  2.        
 3.3423841  13.65293121 -5.66567993  4.        
 1.18914795 11.86820984 -1.63546801  4.        
 0.87899798  5.08719587 -0.274048    2.        
 1.75724006 -8.58100891  0.86554003  2.        
 7.96822405 14.67280579 -8.38571167  4.        
-10.26831055  14.41136169   4.32516479   3.        
 1.78128099 -1.02947998  0.034424    2.        
-0.008972    3.88982391  0.185211    2.        
 2.85707903 -9.81877136  0.76944     2.        
  2.00441003 -14.8495903    0.47164899   2.        
12.03435516 14.56816101 -5.8474431   4.        
-1.95743597 12.61636353  2.32144189  3.        
 1.59312403 -2.66073608  0.33840901  2.        
-2.32421088 13.86880493  2.44961596  3.        
 12.13030243  11.38425446 -10.78192139   4.        
  2.3350451  -12.71499634   1.09314001   2.        
 4.51371002 14.71178436 -3.91690111  4.        
-12.11691284  14.3976059    5.84536695   3.        
 1.12860894 -1.03005195  0.96908599  2.        
-7.55802917 15.37833405  3.21762109  3.        
0.61370802 1.70513201 0.65603602 2.        
 10.83177185  13.29710388 -10.5909729    4.        
 8.65933228 15.3527298  -6.83602905  4.        
-11.50154877  15.29116821   8.55493164   3.        
-4.56391096 14.69422913  3.16412401  3.        
-3.70949602 12.49980164  0.24469     3.        
13.33428955 13.27596283 -8.97723389  4.        
-13.47408295  14.77378082   7.02133179   3.        
 1.26681495  2.55981398 -0.023804    2.        
-1.09835804  9.54494476 -0.40631101  2.        
 4.87899017 14.42726898 -2.61367798  4.        
-2.44671607 12.86011505  0.586761    3.        
-1.99278998 14.04209137  3.45440698  3.        
 0.941315   -2.18269396  0.97747803  2.        
 9.96121216 15.15023041 -7.20248413  4.        
-10.83947754  15.67034054   7.41464186   3.        
-0.33824199  6.04605103 -0.12835699  2.        
0.721573   5.94205523 0.025513   2.        
-10.27393341  15.90432739   6.03518677   3.        
-5.12879181 13.80939484  0.61947602  3.        
 0.85600299  1.10224903 -0.47406     2.        
 1.77349901 -9.64191437  0.64602703  2.        
10.46037292 14.78088379 -4.24765015  4.        
 4.08451796 12.73732758 -0.77713001  4.        
-5.9959259  14.76477814  1.91543603  3.        
  1.80630505 -11.07376862   0.58837903   2.        
 4.49731398 14.84764862 -5.44302416  4.        
 0.63400298  7.58582306 -0.48840299  2.        
-4.58332777 14.46195984  6.37649488  3.        
-14.03071594  12.70310211   9.85821533   3.        
11.13103485 14.66650391 -8.30441284  4.        
 0.45177501 12.53910828 -2.20150805  4.        
-11.85962677  15.49587154   6.65802002   3.        
10.94572353 14.17405701 -9.58306885  4.        
-3.78874993 14.13511658  5.26339722  3.        
 6.39738512 15.14038086 -7.00280809  4.        
  2.91741204 -15.05819321   0.55227703   2.        
 0.61354798 -0.138046    0.494598    2.        
 1.15251195 -3.31538391 -0.095123    2.        
10.60240936 12.71585083 -9.95797729  4.        
 12.25233459  13.00564575 -10.42843628   4.        
 8.90145874 14.90431213 -8.48327637  4.        
 5.70494795 14.94547272 -4.14788818  4.        
11.6124649  14.70833588 -6.93374586  4.        
 0.53552997  9.58279419 -1.10531604  2.        
-9.83951569 15.48014832  4.46005201  3.        
10.40164185 15.16743469 -6.46374512  4.        
12.79145813 14.15364075 -7.51724195  4.        
-0.44499201 11.08478546  0.22759999  2.        
 3.44048309 14.25093079 -3.63406396  4.        
-5.71656799 15.0536499   2.92532396  3.        
1.41191101 0.59999102 0.154053   2.        
-2.66540504 14.49916077  3.91024804  3.        
-3.67263794 13.71401978  1.25204504  3.        
 1.71459997 -3.96357012  1.23257399  2.        
-13.98251343  14.03143311   7.94284105   3.        
-9.67293453 14.40319061  3.72595191  3.        
11.00907135 14.94371033 -5.18426514  4.        
-14.56337738  12.29645538  10.443573     3.        
-8.32051945 14.13805389  2.74725294  3.        
-4.71244812 15.1672287   4.25195312  3.        
 5.13317108 14.63909054 -6.8565979   4.        
12.82513428 13.9529953  -6.04391479  4.        
11.20108795 13.77108002 -5.00494385  4.        
13.74810791 13.32154083 -7.83581495  4.        
 9.81964111 14.23511505 -9.70272827  4.        
-11.11057281  15.68482971   5.58602905   3.        
-14.1817627   13.0170517    9.10165405   3.        
-2.263062   11.55410004  0.411652    3.        
14.32582855 10.33537292 -9.83117676  4.        
  2.60670495 -12.67414856   0.29214501   2.        
 13.8442688   10.66172791 -10.76391602   4.        
-6.9960022  15.53294373  3.95468092  3.        
 6.29705811 15.05089569 -3.55703712  4.        
 6.67976379 14.61483765 -7.76776123  4.        
-8.52437592 14.59153748  8.58657837  3.        
  2.94296288 -15.87799072   1.15087903   2.        
 1.97869897 -6.04347181  0.24765     2.        
14.59370422 11.9990921  -8.57788086  4.        
-1.67991602 11.78334045  0.93017602  3.        
 1.78926098 13.71777344 -3.51074195  4.        
 4.95338392 13.07022095 -1.10641503  4.        
-11.80284119  15.02622986   9.43585205   3.        
 0.91830403 11.13600159 -1.42105103  4.        
 14.00781345   9.11328888 -10.43179321   4.        
-5.3468318  15.36728668  6.53295898  3.        
 13.60382843  11.48630524 -10.59533691   4.        
 8.04750824 15.35803986 -5.34695387  4.        
  2.72908807 -11.81186676   0.959961     2.        
-7.68197584 14.75725555  1.99841297  3.        
14.90866947 10.53209686 -8.62506104  4.        
 8.6683197  14.48655701 -2.67007494  4.        
 6.88165998 13.48069    -1.99777198  4.        
 1.339203   12.3797226  -2.59039307  4.        
 0.248161   7.0042038 -0.881042   2.       
-10.50489044  14.73769379   9.86889553   3.        
 2.08373308 -8.17603302  0.22885101  2.        
-0.23580199  8.83600616 -0.75021398  2.        
 2.49520898 -9.10952759  0.88012701  2.        
 8.75781155 15.3319397  -6.00619507  4.        
 7.19576311 15.31170654 -6.46350098  4.        
  2.52365088 -10.46450043   1.11123705   2.        
 1.86721802 -2.56189704  1.15743995  2.        
-4.02062988 13.57305908  0.55712903  3.        
 12.63664246  12.41413879 -10.07574463   4.        
-6.37176514 15.22019196  7.83337402  3.        
-11.28450012  13.6725769    9.9979248    3.        
-7.13777924 14.58355713  7.76565599  3.        
-11.27881622  14.58117676   9.85739136   3.        
 3.61949205 13.92964172 -2.29907203  4.        
-13.64393616  12.25975037  10.90896606   3.        
 0.87946302 -1.644508    0.35141     2.        
 0.157478   11.20826721 -1.08407605  2.        
 7.37704515 15.28212738 -4.37643385  4.        
 4.54839277 13.8928299  -1.06121802  4.        
 0.023499  4.645576 -0.019348  2.      
-9.47803497 15.88031006  7.64636183  3.        
  2.52267504 -14.89813232   1.30636597   2.        
-1.29744697 12.92753601  1.70935094  3.        
 6.45777082 14.20147705 -1.49340796  4.        
 7.86283922 15.33556366 -7.00878906  4.        
 2.18119788 -5.20394087  0.903961    2.        
-0.12749501  7.14651489  0.320618    2.        
 1.64234197 -7.66018677  0.87298602  2.        
-4.58252716 14.36462402  1.86868298  3.        
 1.69627404 -7.11550093  0.01413     2.        
 4.06687212 13.77854919 -6.06103516  4.        
 2.81175208 14.28347015 -4.43963623  4.        
-13.01945496  14.19764709   6.72442579   3.        
 9.99375153 15.28687286 -5.70397902  4.        
14.5894928   9.62512207 -9.86914062  4.        
-7.51973009 15.77220917  5.06033278  3.        
 4.28181505 14.76872253 -6.59466505  4.        
-1.68212903 12.21070099  1.65682995  3.        
 0.49433899  8.38774872 -0.296783    2.        
-2.84810591 13.35115814  1.16241503  3.        
 0.24826799  2.69021606 -0.090729    2.        
  2.41938806 -15.81608963   0.58505201   2.        
 9.1600647  15.25989532 -7.39624023  4.        
-12.8102417   14.33222961  10.01657104   3.        
12.18333435 14.02990723 -8.37765503  4.        
-9.13200378 15.25186157  3.262604    3.        
 5.83200788 15.17754364 -6.47695923  4.        
 2.23599195 13.18695831 -1.98736596  4.        
12.15126038 13.41973114 -9.6182251   4.        
 0.76958501  3.81298089 -0.32989499  2.        
-3.70994592 14.5684967   3.23385596  3.        
 9.39867401 14.78977966 -3.47155809  4.        
-0.60463703  8.33887482  0.181091    2.        
 8.12543488 15.25506592 -3.78869605  4.        
-13.79468536  14.22589874   8.83932495   3.        
-7.19826508 14.37748718  1.49111903  3.        
-9.37497044 14.38980103  8.95840454  3.        
 1.25962806 -4.80524397  0.28256199  2.        
 7.47066498 13.69734192 -2.37844896  4.        
 1.46710205 11.66058254 -0.98962402  4.        
 7.99140215 14.23273468 -2.02850294  4.        
 0.407318    5.41989088 -0.72341901  2.        
-13.73828125  13.42631531  10.3164978    3.        
-3.125916   13.98425293  4.73996019  3.        
-11.27788544  15.13696289   5.13610792   3.        
 4.28160906 14.22363281 -2.23129296  4.        
 2.64862108 -7.57748413  0.94268799  2.        
13.63883209 11.71989441 -9.62835693  4.        
 0.83078003  1.87760198 -0.55239898  2.        
0.45864901 1.19177997 0.125488   2.        
13.35249329 12.73487854 -6.84020996  4.        
  2.81034803 -13.69499969   0.53241003   2.        
10.46825409 14.91369629 -8.13702393  4.        
-4.88315582 15.32103729  5.20617723  3.        
 0.72832501 11.73007965 -1.01727295  4.        
  1.90166497 -12.77057552   0.33981299   2.        
-10.45081329  15.10025024   4.34948683   3.        
0.496582   4.64523315 0.57000703 2.        
-3.31558204 14.75527954  4.0473628   3.        
 7.08017015 14.71648407 -2.37887502  4.        
 5.55289507 14.6552124  -2.58703589  4.        
-8.03559113 15.74923706  7.84521484  3.        
 11.74201202  12.70452881 -10.82202053   4.        
-11.54190826  14.17565155  10.42977905   3.        
 7.65798998 15.12890625 -7.93713379  4.        
-7.81328583 15.9854126   6.64004517  3.        
-12.17381287  15.14971924   8.15045166   3.        
-9.765625   15.77348328  5.14532518  3.        
1.10039496 3.45471907 0.26937899 2.        
 3.24513197 14.4193573  -5.03204393  4.        
 1.69483995 -3.95411706 -0.089417    2.        
 2.81780195 13.31008911 -1.07897902  4.        
12.79158783 12.72499847 -9.18515015  4.        
  2.54333496 -11.0200119    0.64572102   2.        
-6.56495714 15.77815247  6.47967482  3.        
-3.22967505 14.0486908   2.48626709  3.        
-0.36144999  9.54410553 -0.152161    2.        
-10.69743347  15.33970642   8.74285889   3.        
 9.78881073 14.72580719 -8.70626831  4.        
-6.07678223 13.68804169  0.98123199  3.        
14.77760315 11.36878967 -8.82751465  4.        
-0.40505201  7.77129412 -0.184113    2.        
-1.74851203 12.45227146  0.72842401  3.        
 4.35699511 14.7700882  -4.69451904  4.        
14.28342438 12.86211395 -7.80175781  4.        
  2.24790192 -14.16880417   0.727844     2.        
-3.57873511 14.90727997  5.14794922  3.        
 13.39709473   9.23734283 -10.83346558   4.        
 12.94406128  11.61664581 -10.81195068   4.        
-1.44953203 11.33084106 -0.38732901  3.        
  2.07970405 -11.54679871   1.18771398   2.        
-8.91163635 15.81493378  5.22653198  3.        
-1.12860894 11.51811981  0.20468099  3.        
 5.74668884 14.16252136 -1.33755505  4.        
-9.17645264 15.84043121  6.71121216  3.        
 1.19157398 -0.67031097  0.096344    2.        
-13.01870728  14.69181824   8.98635864   3.        
-7.41775513 15.14741516  2.58102393  3.        
 2.09315491 -8.64168453  1.46655297  2.        
 3.39178491 12.75495911 -0.39730799  4.        
 11.76538754  11.96860504 -10.73394775   4.        
-6.55538893 15.82426453  5.75219679  3.        
 1.26588404 -3.57543206  0.67486602  2.        
 2.00843    13.84608459 -4.15228319  4.        
 8.55615997 14.41680908 -8.83673096  4.        
-4.31243896 14.33776855  5.75665283  3.        
13.62017822 13.32813263 -6.4960022   4.        
-12.52240753  14.71783447   9.46884155   3.        
-12.37251282  14.06127167  10.53567505   3.        
-1.12789202 10.30562592 -0.23858599  2.        
 1.23232996 11.86416626 -0.36459401  4.        
-5.24835205 14.50151062  1.65039098  3.        
 2.1197741  12.12652588 -0.68133497  4.        
-0.83932501  8.92114258 -0.335022    2.        
 7.80667877 14.01436615 -8.42633057  4.        
-3.12667894 12.81452942  0.035797    3.        
 4.53578186 14.39008331 -3.28051805  4.        
  1.91336095 -10.43080139   0.775482     2.        
0.895248   2.33840895 0.55062902 2.        
10.92472839 14.44533539 -4.64126587  4.        
 1.30056    -5.88762712  0.37722799  2.        
-5.35749817 15.34851837  4.32806396  3.        
-12.33695221  15.06148529   6.0401001    3.        
-8.72596741 15.46092987  8.79541016  3.        
 2.0207901  -9.80447388  0.040619    2.        
 1.432724   -6.33969116  1.18734705  2.        
10.98126221 13.49721527 -9.96737671  4.        
 2.78640008 13.51035309 -5.16577101  4.        
-13.36759853  13.92908478  10.02688599   3.        
-0.230537   10.70919037 -1.30700696  2.        
-9.28340912 15.506073    3.92288208  3.        
-6.50857496 14.40003967  1.686432    3.        
-5.09671783 13.01386261  0.54968297  3.        
-5.39628601 15.43030453  5.64108276  3.        
-14.8272171   13.16606903   9.1942749    3.        
13.96839142 12.1186142  -8.81726074  4.        
-6.13880205 15.67773438  5.25183105  3.        
-12.25983429  15.19248199   7.2635498    3.        
 8.21923065 15.24240875 -8.62307739  4.        
 0.987091   -2.85923004  0.63464397  2.        
-4.16366577 15.06080627  5.67276001  3.        
-2.46475196 14.42353058  4.61447096  3.        
 6.26786804 14.03780365 -7.455688    4.        
-13.67040253  14.58501434   7.62652588   3.        
12.96671295 13.93551636 -6.72027588  4.        
 1.24719203 -4.40091705  0.80810499  2.        
-0.103615   10.2644577  -0.83276403  2.        
-3.71890998 14.02922821  1.83245802  3.        
14.39331818 11.35805511 -9.72521973  4.        
-0.017296    3.447258   -0.30404699  2.        
 0.58248901 10.73654175 -0.658081    2.        
-6.26066589 15.01529694  2.46490502  3.        
 6.53675795 15.33311462 -5.46484423  4.        
13.32410431 12.71736145 -9.62585545  4.        
-11.60315704  15.61262512   6.06323195   3.        
-11.11984253  15.49124908   7.98248291   3.        
-12.56881714  13.43666077  10.91177368   3.        
-8.39582825 15.78407288  4.71130419  3.        
-10.16410828  15.7279129    7.52084303   3.        
-6.89226484 15.5320282   7.50411987  3.        
  2.32379198 -13.44927216   1.21560705   2.        
-9.36872864 15.1727829   8.86590576  3.        
11.61188507 13.77088928 -9.4966116   4.        
-12.89849091  14.93968201   8.35583496   3.        
12.22547054 14.16417694 -5.20178223  4.        
-7.85398102 15.94221497  5.959198    3.        
-8.71936798 15.77050781  8.19647217  3.        
 9.50624084 15.28720856 -4.79086304  4.        
 2.45345306 13.73511505 -3.1313169   4.        
-1.87924194 13.53266907  2.12185693  3.        
 1.81628394 -3.14096808  0.70703101  2.        
-9.54226685 14.84740353  9.54476929  3.        
-3.7764051  14.93659973  4.53555298  3.        
  2.2738719  -11.16252899   0.078552     2.        
 0.28842899  9.64467621 -0.50814801  2.        
-5.90658617 15.15432739  7.21453905  3.        
-14.44771576  13.03108215  10.21987915   3.        
-0.169769    8.72737122 -0.121277    2.        
 9.83276367 14.86549377 -4.04663086  4.        
 7.31462097 14.62930298 -8.14376831  4.        
  2.95314789 -12.13594818   0.214844     2.        
-7.07004499 15.82938385  6.86865187  3.        
 5.21417999 15.05464935 -5.29608107  4.        
10.99294281 15.05947113 -6.66760302  4.        
 1.12947905 -1.26370203 -0.17275999  2.        
-5.94190216 15.27297974  3.59634399  3.        
-13.93767548  13.4285202    8.33163357   3.        
 8.76862335 15.36618805 -4.47125196  4.        
-11.48677826  14.41082764   5.39090014   3.        
 0.60332501 -0.203575   -0.169342    2.        
-7.66672516 15.25391388  8.17297363  3.        
 11.92810059  12.35733032 -10.26525879   4.        
 1.59915197 -9.0647049   0.40838599  2.        
 5.49719191 14.05441284 -7.01806593  4.        
 1.95687902 -6.66009521  0.84353602  2.        
0.41107899 3.63157606 0.57516497 2.        
-2.18721795 12.1988678   0.30194101  3.        
 0.68819398  4.4461751  -0.17855801  2.        
-0.677055   10.65122223  0.61904901  3.        
 4.6182251  14.88970947 -6.06140089  4.        
 9.87263489 13.91519165 -3.97708106  4.        
0.149048   5.95587921 0.29547101 2.        
 1.17867994 13.29786682 -3.67706299  4.        
 0.56982398  6.40830994 -0.38604701  2.        
 1.67526996 12.73070526 -1.42599499  4.        
 1.48806798 13.1798172  -2.57818604  4.        
13.88210297 12.35139465 -9.49127197  4.        
11.58123016 14.7486496  -5.45526123  4.        
-12.5970459   14.3739624    6.24456787   3.        
1.03118098 1.23268104 0.371124   2.        
 11.43106842  12.98603058 -10.35134888   4.        
 7.35643816 15.40881348 -5.84329224  4.        
 6.56384993 14.60228729 -2.05053711  4.        
 0.021553    6.55282593 -0.014252    2.        
 0.38297999  8.82820892 -0.80932599  2.        
  2.94402289 -13.06919861   0.66714501   2.        
 5.86708784 14.86486053 -3.08047509  4.        
 5.77637482 15.23395538 -5.85131788  4.        
10.29045868 14.15940857 -9.30725098  4.        
-4.24420881 12.86997223  0.57372999  3.        
-7.16680908 15.89524841  5.55264282  3.        
-1.12072003 11.9931488   0.59747303  3.        
-13.42486572  12.92385864  10.66326904   3.        
-0.92122602 10.98606873 -0.23172     2.        
-1.84588599 13.62420654  3.02889991  3.        
 1.56108904 -0.77993798  0.61184698  2.        
-3.12490797 14.60484314  5.43026686  3.        
 7.18440294 14.9834671  -2.92129493  4.        
 4.01380205 14.46859741 -3.62588501  4.        
10.59770203 15.19724274 -5.75994921  4.        
-3.90329695 13.07632446  0.103821    3.        
 2.01080298 12.72596741 -0.61340302  4.        
-5.18521881 14.47375488  6.49050903  3.        
-2.42340803 13.62104034  1.83096302  3.        
-0.114807    7.59477186 -0.75784302  2.        
-5.99539185 15.5042572   6.64916992  3.        
-10.38558197  15.80728054   6.76290894   3.        
 3.97470903 13.60720062 -0.90075701  4.        
-8.08206177 14.9026947   8.86978245  3.        
-1.64794898 11.32817841  0.461456    3.        
  2.92118812 -12.79190826   1.24212599   2.        
 2.25648499 -7.5983429   0.141754    2.        
13.75463867 12.84515381 -9.07031155  4.        
 7.96424913 15.07836914 -3.21893311  4.        
 3.32958198 13.63866425 -1.26251197  4.        
 8.84629822 13.94959259 -9.09100342  4.        
-8.409729   15.63137817  4.12539721  3.        
1.09439099 0.248833   0.57784998 2.        
11.42129517 14.76122284 -7.578125    4.        
-9.70861053 15.90827179  6.2492981   3.        
 2.18514204 -3.90508294  0.74145502  2.        
  2.71178389 -14.08661747   1.10452294   2.        
 0.96144098  0.40167999 -0.19824199  2.        
-4.56356812 14.56593323  2.43576097  3.        
11.73688507 14.79706573 -6.31793213  4.        
14.26794434 12.3591156  -8.20956421  4.        
-14.39847565  13.55981445   7.96978807   3.        
-11.4782486   15.57692719   7.14562988   3.        
 1.87234497 -5.47843885  0.469147    2.        
-10.34916687  14.11873627   9.90426636   3.        
 0.83031499  3.14443994 -0.163544    2.        
-9.94670868 15.46560669  8.60827637  3.        
 2.66156793 13.59702301 -2.42807007  4.        
-4.65164185 13.45749664  0.62808198  3.        
 0.86660802 12.36471558 -1.660339    4.        
 0.77715302 10.16109467 -0.842224    2.        
  3.12326789 -15.32510376   1.04589796   2.        
 1.22694397 -2.14530206  0.180878    2.        
 1.45098901 -7.09525299  0.78478998  2.        
 2.31063795 -9.91036987  0.566315    2.        
 6.92675781 15.18495941 -3.8067019   4.        
-0.38114199 10.11235046 -0.307648    2.        
-0.38796201  6.45755005 -0.54705799  2.        
 13.29718781  10.45967102 -10.84692383   4.        
-13.88976288  13.95892334   9.36328125   3.        
 2.73793006 -9.43308258  1.30715895  2.        
 0.75475299  2.50346398 -0.323212    2.        
-5.15983582 14.87290192  2.87927198  3.        
 4.02996778 14.41136932 -6.20501709  4.        
0.66181201 0.55359697 0.328033   2.        
  2.61357903 -10.91138458   1.47796595   2.        
-8.72055817 15.81764984  5.90774488  3.        
 1.69953203 -4.83787489  0.80197102  2.        
 1.70449102 -3.26999688  0.092102    2.        
 2.2141881  -4.99043322  0.360962    2.        
10.70486546 14.44207764 -3.83969092  4.        
 1.65655506 -5.8927002   0.85537702  2.        
-1.80464196 13.02536011  2.82571411  3.        
 5.07871199 14.83117676 -3.99481201  4.        
0.42910799 2.10244703 0.236816   2.        
-8.68915558 15.14067078  2.90097094  3.        
-6.40206909 14.1678009   1.02960205  3.        
 9.41811371 15.33990479 -5.76199293  4.        
-6.81668806 15.13286591  2.58538795  3.        
 1.36888897 12.71761322 -3.23165894  4.        
 9.87937164 13.22953796 -9.60791016  4.        
  2.50682092 -11.69637299   0.36077899   2.        
 3.94923401 14.68213654 -5.09545898  4.        
 5.34962511 14.41430664 -2.084656    4.        
 2.85668206 13.08342743 -0.54785198  4.        
-14.02902985  14.20745087   7.37744093   3.        
13.87216854 12.221138   -7.3710022   4.        
-8.07811737 15.89219666  7.26180983  3.        
-4.90123701 15.03572845  6.6867981   3.        
12.57487488 13.45687866 -5.8656311   4.        
13.53300476 13.41571045 -8.36105442  4.        
0.47647101 7.44260406 0.04541    2.        
0.24321    3.22494507 0.19787601 2.        
-14.21434021  12.28287506  10.96774292   3.        
 0.68045801 11.82702637 -1.89679003  4.        
-0.22052801  8.14897919 -0.63528401  2.        
13.18076324 13.70407867 -7.70379591  4.        
-1.74578905 12.69322205  1.35626197  3.        
-7.5377121  15.58766937  3.77929711  3.        
-7.17913103 15.64653015  4.60791016  3.        
 6.43262482 15.22668457 -4.8968811   4.        
14.40390015 11.63806152 -8.15505981  4.        
 13.0772934   12.13607025 -10.61688232   4.        
-12.92411041  15.00688171   7.19415283   3.        
-0.143242    3.95162201 -0.53692597  2.        
-9.82917023 15.78064728  8.08261108  3.        
 1.47749305 -1.41112494  0.34863299  2.        
  3.22660804 -14.61211014   0.108887     2.        
-7.28769684 13.90321445  1.82354701  3.        
11.58612823 14.33429718 -8.37322998  4.        
 2.00817895 -1.81684101  0.260223    2.        
 1.59059095 -8.49806976  0.33019999  2.        
 2.30641198 -8.02571869  0.89257801  2.        
 1.55437505 -5.82154799 -0.12207     2.        
-2.37435102 12.97835541  1.16842699  3.        
 1.90003204 -6.63231707  0.21945199  2.        
-2.50057197 14.1563797   3.00292993  3.        
 2.31073809 14.08842468 -4.68206787  4.        
-5.02159882 14.17248535  1.13226295  3.        
 0.341759    4.84786987 -0.452667    2.        
 9.7851944  14.34240723 -9.14474487  4.        
 1.71331799 12.20953369 -0.30319199  4.        
 5.61138916 14.96556854 -7.08337402  4.        
  2.13497901 -12.1962204    1.16046095   2.        
  1.962883   -16.00645828   0.84716803   2.        
 13.95175934  10.44451904 -10.25933838   4.        
 0.92749    12.24422455 -2.20782495  4.        
-0.67251599  7.63790894 -0.76623499  2.        
 1.087448   -0.460747    0.60446203  2.        
 5.71648407 13.34457397 -1.32946801  4.        
-10.80410004  13.80844116   9.74920559   3.        
 3.39228106 13.76329041 -1.81771898  4.        
  2.86969805 -15.42496872   0.134949     2.        
 1.73994505 11.94314575 -1.59323096  4.        
-5.85788679 14.46852112  7.0657649   3.        
-0.282745   5.4941411 -0.075623   2.       
-0.18698099  8.59368134  0.447449    2.        
12.80366516 13.4080658  -9.24859619  4.        
-8.11981201 15.24739075  3.04238892  3.        
 0.91275799 12.77200317 -2.40704298  4.        
  2.8272779  -10.54245758   0.63961798   2.        
 0.215271    7.91513109 -0.21322601  2.        
-4.63690186 14.97077942  3.63885498  3.        
 1.85268402 -9.21623993  0.991974    2.        
-10.19070435  15.89202881   5.48757887   3.        
12.22362518 14.38277435 -7.38919115  4.        
  2.96642303 -14.34857941   0.64794898   2.        
 1.51242101 -2.25892591  0.81710798  2.        
10.31374359 14.9740448  -7.58901978  4.        
-14.32085419  13.59393311   9.13720703   3.        
 2.11060309 -7.17982483  1.07580602  2.        
 9.48270416 15.23840332 -6.94290209  4.        
 1.12699902 -1.66374195  0.98129302  2.        
0.98899102 2.03330994 0.026825   2.        
-2.20574188 13.48264313  3.70043898  3.        
-10.17665863  14.7728653    9.42910767   3.        
 1.56026495 -4.6053772  -0.130981    2.        
-7.98352098 14.43532562  2.32467604  3.        
 13.86505127   8.75691986 -10.04013062   4.        
-10.06140137  14.73326111   3.9277041    3.        
13.25072479 12.17461395 -9.62854004  4.        
-6.05612183 15.54673767  4.65795898  3.        
 2.23122406 -8.60845184  0.56768799  2.        
 5.08612823 14.06867218 -1.236359    4.        
 8.48744202 15.43624115 -4.93508911  4.        
 9.18032837 15.06274414 -8.04031372  4.        
  2.46514893 -13.32878876   0.31964099   2.        
 13.98750305  11.58029938 -10.02481079   4.        
10.25378418 14.28715515 -4.10449219  4.        
-10.84545898  14.84588623   4.62677002   3.        
 5.71963501 15.10403442 -4.72701979  4.        
  2.30856299 -15.30200577   0.72759998   2.        
-13.98216248  12.49937439  10.39035034   3.        
-4.14490509 14.4797821   2.86181593  3.        
 7.63010406 15.34173584 -4.98281908  4.        
12.99741364 13.65408325 -8.76602173  4.        
11.69831753 13.91223145 -5.17114305  4.        
 8.63465118 13.99182892 -3.08676195  4.        
12.57926941 14.02372742 -7.99960279  4.        
 1.527565  13.4280014 -3.0592041  4.       
-2.17195892 11.99581909 -0.22390699  3.        
10.55543518 14.99482727 -6.98150587  4.        
 13.65843964   9.77571869 -10.75311279   4.        
11.09213257 14.5345993  -8.82855225  4.        
13.74297333 13.24538422 -7.01715088  4.        
 3.00629401 14.01956177 -3.36181593  4.        
 6.98471785 15.24071503 -4.75320387  4.        
-7.27751207 15.6155777   7.87463379  3.        
-6.65280914 15.52165222  4.5090642   3.        
  3.05875397 -11.45628357   0.72106898   2.        
 3.00726295 12.50195312 -0.72277802  4.        
-0.40998799 10.64425659 -0.08255     2.        
10.38584137 14.09251404 -9.83441162  4.        
14.27941132 11.6319809  -8.91159058  4.        
-7.01500702 15.36943054  3.41592407  3.        
 3.27742791 14.26411438 -5.555511    4.        
 8.90448761 15.11256409 -3.76660204  4.        
14.74570465 10.26328278 -9.50314331  4.        
  2.59548211 -11.42115784   1.30859399   2.        
 14.38142395  10.84003353 -10.00650024   4.        
 13.46598816  10.8993988  -10.32400513   4.        
 4.4763031  13.09407043 -0.862122    4.        
 3.30675507 14.27293396 -4.15301514  4.        
 1.49913001 -7.46229506  0.371521    2.        
 1.727898   13.06058502 -2.099792    4.        
 0.78474402  1.55070496 -0.130798    2.        
10.62004948 14.98543453 -4.82022095  4.        
-1.18439496 11.03235626  0.552948    3.        
-3.56649804 14.37068939  2.74758911  3.        
-8.65268707 14.56820679  2.78018188  3.        
 3.48677802 14.03134918 -3.0531919   4.        
12.44561768 14.35746765 -6.22116089  4.        
 12.46700954  10.95748901 -11.02340698   4.        
 4.14176178 13.11712646 -0.41030899  4.        
 1.77506304 -3.71740007  0.46096799  2.        
 2.38800002e-03  5.67866516e+00 -4.83916998e-01  2.00000000e+00
-14.5320282   11.76873016  10.39309692   3.        
 1.96064794 -9.9937439   1.07110596  2.        
  2.71144104 -12.27809906   0.70904499   2.        
-1.53161597 12.92412567  2.25546288  3.        
 1.14571404 12.12786102 -1.12530506  4.        
-5.72226715 14.85803986  2.35778809  3.        
-11.88721466  15.08796692   8.88082886   3.        
 9.44064331 14.31478882 -3.14602709  4.        
-11.89172363  14.72942448   5.50170898   3.        
 8.90002441 14.44165039 -3.15625     4.        
 6.053123   14.68963623 -2.43222094  4.        
12.46611023 14.13343811 -5.70663404  4.        
-2.53122711 11.81848907  0.77658099  3.        
 0.82671398 -0.91164398  0.55010998  2.        
 8.10217285 14.36539459 -2.60238695  4.        
-13.2566452   14.79672241   7.86917114   3.        
 3.58192396 13.9952774  -5.97955322  4.        
 1.64170098 13.50271606 -4.002563    4.        
0.473068   4.98509979 0.155518   2.        
13.2154007  13.63586426 -6.28518677  4.        
-10.79600525  15.86040497   6.06393385   3.        
-5.68878222 13.93288422  0.73654199  3.        
-9.45464325 14.72918701  3.34738207  3.        
 0.370049    7.09385681 -0.342621    2.        
 6.81956482 13.99878693 -1.80355799  4.        
-0.68392199  9.62084961  0.308319    2.        
 6.4222641  15.05580139 -7.51037598  4.        
 13.27181244  11.67511654 -10.24966431   4.        
 1.39978802 -4.12068892  0.29824799  2.        
1.45864904 1.09784698 0.032196   2.        
 8.29431915 14.70319366 -2.94836402  4.        
-0.022545    9.24108124 -0.39181501  2.        
-13.01744843  14.72285461   6.69174194   3.        
  2.96514106 -12.19808197   1.20050001   2.        
 0.75585198 -2.31420112  0.518372    2.        
-6.83509779 15.00619507  7.80096388  3.        
-6.43524218 15.36653137  3.69168091  3.        
 1.26577795 -0.15893599  0.17923     2.        
 3.16280389 13.70462036 -2.33947802  4.        
 1.45626795 -2.91452003 -0.181458    2.        
 8.19886017 15.40216064 -6.60522509  4.        
 6.70026398 15.04166412 -3.24487305  4.        
-4.96222687 15.32576847  4.66726685  3.        
 2.39400506 -5.69175005  0.65454102  2.        
11.93914032 13.98215485 -9.16802979  4.        
 0.53757501  5.49069214 -0.120728    2.        
 9.56549835 14.13877106 -3.62759399  4.        
-10.47579956  15.09122467   9.17108059   3.        
 0.084732   10.6546402  -0.56912202  2.        
 7.12009382 15.0202713  -7.88632202  4.        
-2.25303602 12.30233002  0.807953    3.        
 2.13248396 -9.1192627   0.52813703  2.        
-2.21756005 12.31602478  1.636078    3.        
 1.81528497 -5.44752502  1.15127599  2.        
-2.43054199 14.07442474  3.70272803  3.        
  2.54774499 -14.72778702   0.460022     2.        
-1.04709601 10.52600098  0.235291    3.        
-8.48916626 15.9960556   6.99313307  3.        
-4.4271698  14.86376953  6.05172682  3.        
 1.66709101 -8.103508    0.630768    2.        
-2.6477809  12.42357635  0.44253501  3.        
10.08015442 15.05917358 -4.43740797  4.        
-6.27100002e-03  7.41236115e+00 -8.63339975e-02  2.00000000e+00
 2.03825402 -2.88755012  0.31549099  2.        
 4.92726088 14.93903446 -6.51455688  4.        
 9.29994202 14.14045715 -9.26016235  4.        
 6.7539978  14.07022858 -7.75372314  4.        
-13.4220047   14.27407074   7.00784302   3.        
 9.99118805 15.27980042 -6.20205688  4.        
  2.26666307 -12.98339081   0.67922997   2.        
 6.92130995 15.26344299 -6.94714403  4.        
 13.08781433  12.62116241 -10.09741211   4.        
  2.17855811 -11.40048981   0.62551898   2.        
 4.40522003 14.2921524  -2.70889306  4.        
  2.27609205 -14.59782028   0.97494501   2.        
-9.39590454 15.73672485  4.81018114  3.        
 2.4459691  -9.89758301  1.08392298  2.        
-2.76626611 13.97847652  2.25814795  3.        
0.52342999 3.9281919  0.13308699 2.        
-14.51781464  12.48243046   9.87643433   3.        
 10.94805145  12.77461243 -10.30511475   4.        
-7.56151581 14.84030247  8.41903687  3.        
 1.83232105 -8.15570068  1.21621704  2.        
 7.5149312  14.29743195 -2.27185106  4.        
-0.02327     6.78720903 -0.53137201  2.        
 13.44239807  11.14731598 -10.93927002   4.        
 12.19444275  11.93780518 -10.49926758   4.        
-10.92431641  15.46939087   4.90618896   3.        
-4.21084595 14.16252899  1.622437    3.        
14.58538818 10.87685394 -8.75189209  4.        
-5.48213196 15.2869339   7.01055908  3.        
-8.02046967 15.51278687  3.75503492  3.        
-3.15980506 14.56156921  3.62615991  3.        
 12.68579865  12.58776093 -10.53005981   4.        
 7.96440887 15.25873566 -7.4806819   4.        
 1.37310803 -3.13826704  0.42614701  2.        
-14.53782654  13.12163544   9.74868774   3.        
 2.35902405 13.03095245 -0.76773101  4.        
-1.15534198 11.90194702  1.08789098  3.        
 1.19923401 11.1361084  -1.02417004  4.        
 1.14131904 -5.27656603  0.288757    2.        
-10.27468872  15.436409     4.67080688   3.        
-9.07848358 15.88259125  6.22897291  3.        
 1.76158094 -4.43008423  1.05728102  2.        
 2.40061903 -6.80109406  0.99478102  2.        
-11.41509247  15.09500122   9.09866333   3.        
-10.90624237  14.77215576   9.60171509   3.        
 4.89321089 13.59633636 -0.89773601  4.        
-4.24969482 15.04303741  4.31326294  3.        
-0.54965198  9.28897858 -0.62008703  2.        
10.81352997 14.27206421 -9.12988281  4.        
 0.74767298 -2.9583509   0.082458    2.        
 1.98043799 13.20031738 -4.26336718  4.        
14.36859131 11.24998474 -9.18936157  4.        
  2.03736091 -11.09777069   1.02185094   2.        
 4.14507294 14.70337677 -5.76083422  4.        
-9.12879944 15.896492    7.18518114  3.        
-7.32300615 14.44024658  2.0118711   3.        
-1.52732897 12.53346252  1.97820997  3.        
-14.54165554  13.31694794   8.81524658   3.        
 0.26293901  4.22683001 -0.18981899  2.        
 5.06977797 14.11387634 -6.81115723  4.        
 9.36253357 15.02602386 -8.52001953  4.        
 5.19161987 14.63485718 -2.90997291  4.        
 8.5885849  14.89318085 -8.84637356  4.        
 13.00192261  12.06075287 -10.14596558   4.        
 7.59618378 15.28253174 -3.9342649   4.        
 0.13281199  9.29845428 -0.839203    2.        
 8.12412262 15.0675354  -8.01797485  4.        
-6.13381195 14.45188141  1.33999598  3.        
 0.270073    9.9439621  -0.94720501  2.        
 14.08255005   9.55875397 -10.2479248    4.        
-13.78192139  13.71627045   9.93270874   3.        
-10.87934875  14.32557678   9.88653564   3.        
12.48683929 12.85720825 -9.56002808  4.        
-14.0478363   14.05249023   8.41271973   3.        
-0.95041698  9.82092285 -0.029755    2.        
 2.50476789 13.28436279 -1.60864305  4.        
 1.73236799 -2.20209503  0.28173801  2.        
 12.49673462  11.71028137 -10.93740845   4.        
-13.57614899  12.74422455  11.07476807   3.        
 0.20166799  1.42628503 -0.19577     2.        
  2.60007501 -15.38780594   1.09036195   2.        
-12.88354492  14.4126358    9.45040894   3.        
 12.33100891  13.28617096 -10.05639553   4.        
 8.33891296 15.36223602 -5.78964186  4.        
0.889503   2.71604204 0.21264599 2.        
-3.29705095 13.49490356  1.069031    3.        
 0.85403401  0.869461   -0.063843    2.        
-13.08659363  13.31952667  10.86703491   3.        
 1.84288001 -7.51288605  1.27380395  2.        
 0.543549   11.23178864 -0.81570399  4.        
 9.97808838 15.26400757 -6.67224121  4.        
10.98891354 14.77896881 -7.86691284  4.        
 1.38709295 12.18727112 -2.12658691  4.        
-7.33140612 15.34425354  8.59622192  3.        
-11.76702118  15.37942505   8.10766602   3.        
 2.11922503 -4.55729723  0.78164703  2.        
-1.93981898 11.64565277  0.084503    3.        
 1.95078301 -7.75116014  0.46243301  2.        
 2.00810194 -6.34171295  1.25531006  2.        
-4.97132111 14.85193634  3.33074999  3.        
 8.70314789 15.25984192 -7.29211378  4.        
-10.64704895  15.74272156   5.57540894   3.        
-4.10700178 14.7400589   3.40768409  3.        
-7.77475023 14.8731842   2.46057105  3.        
 5.74252319 14.89448547 -3.68634009  4.        
-0.73909801 10.45363617 -0.49783301  2.        
13.9948349  11.61791229 -9.34603882  4.        
 9.05905914 15.30918121 -6.60125685  4.        
 1.31663501 -3.68120599  0.14010599  2.        
 9.07556915 14.70631409 -2.70654297  4.        
 9.80802917 13.77741241 -9.62646484  4.        
-10.66682434  15.50119019   7.88226318   3.        
1.08196294 1.59235406 0.65991199 2.        
-5.73076582 15.25804901  4.00930786  3.        
  2.19994307 -10.72277069   0.55081201   2.        
 4.14844513 14.65475464 -4.197052    4.        
14.29965973 12.40963745 -8.66934204  4.        
 2.421875   13.69007874 -4.94278002  4.        
0.233871   4.27454376 0.272888   2.        
 0.493729   11.32048035 -1.43048096  4.        
12.61914825 13.74089813 -8.51351929  4.        
 6.11872911 15.06747437 -4.33169603  4.        
  3.02721405 -13.77026367   0.13052399   2.        
-9.20373535 15.71292877  7.99594116  3.        
 1.31535304 -2.46866608  1.17926002  2.        
-3.30062103 14.27278137  5.0562439   3.        
 14.44390106  10.08046722 -10.23492432   4.        
 0.30592301 12.05018616 -2.049927    4.        
 8.45576477 15.28839111 -4.11004591  4.        
0.55557299 7.95070601 0.096802   2.        
 4.89195299 14.98195553 -5.6404109   4.        
  2.40653992 -12.25863647   0.29010001   2.        
-2.50962806 14.1457901   4.23880005  3.        
-5.141716   13.44407654  0.339111    3.        
-11.98254395  13.822052    10.37527466   3.        
0.422295   2.58968401 0.35412601 2.        
-4.08660889 13.87997437  1.00817895  3.        
-11.98797607  15.31982422   6.19284105   3.        
 2.01862311 -8.62538147  0.154663    2.        
 1.05843401 -2.64965105  0.231598    2.        
 12.04730225  12.33142853 -10.7494812    4.        
11.1491394  14.9519577  -7.10821486  4.        
 2.22876    13.82400513 -3.62185693  4.        
 6.73962402 15.31652832 -6.51403809  4.        
-11.53581238  13.68902588  10.45068359   3.        
 13.67755127  10.19495392 -10.56765747   4.        
 2.88119507 13.87312317 -5.42968798  4.        
-12.8430481   13.97068024  10.29650879   3.        
-7.13669586 15.25219727  2.99050903  3.        
 5.99660492 13.83957672 -1.13085902  4.        
 1.56800795 -4.07511091  0.78939801  2.        
 1.61752295 -1.19264996  0.801117    2.        
  2.66106391 -13.16705322   1.01296997   2.        
14.42739868  9.34765625 -9.54360962  4.        
 0.573318    5.83083296 -0.42428601  2.        
-1.59450495 13.24609375  1.90905797  3.        
 9.53896332 15.11159515 -7.60327101  4.        
 7.41941786 15.33702087 -6.90096998  4.        
 9.60908508 15.34415436 -5.23168898  4.        
10.73815155 14.60113525 -8.52609253  4.        
 4.84866285 14.32309723 -2.16296411  4.        
-1.463745   10.68675995 -0.33984399  3.        
-2.10250807 12.76291656  0.86914098  3.        
 1.29208398 12.54667664 -1.58895898  4.        
 8.49085236 15.0963974  -8.28604126  4.        
-1.90834796 11.92479706  0.53478998  3.        
-12.29157257  15.19125366   6.80999804   3.        
-2.75167894 13.17232513  0.71392798  3.        
-2.49956489 13.34678555  1.45410204  3.        
 0.34876999  3.83386207 -0.50027502  2.        
10.425354   13.132164   -9.99966431  4.        
-4.71009111 12.81826782  0.36566201  3.        
-8.48523045 15.03713989  8.66583347  3.        
  2.53871107 -12.33259583   1.31778002   2.        
-14.18119812  12.07525635  10.54956055   3.        
-1.34535205 11.47875977  0.76477098  3.        
 5.45251513 14.30345154 -1.65274     4.        
 1.30521405 -0.55912     0.98965502  2.        
 4.69543505 14.86116791 -4.40716505  4.        
 1.537552   -2.76559496  0.91906703  2.        
 14.3529129    9.26572418 -10.03329468   4.        
13.93877411 13.01342773 -7.53521681  4.        
-0.20323201  7.00865221 -0.142151    2.        
13.04906464 14.00711823 -7.175354    4.        
-10.81130219  15.74180603   6.96890306   3.        
-1.87696803 13.72348022  2.53179908  3.        
 12.65583038  12.00401306 -10.43136597   4.        
10.36057281 15.18887329 -5.37518311  4.        
 9.39841461 14.82848358 -8.92480469  4.        
10.15460968 14.80596924 -8.44384766  4.        
-11.73529816  14.74424744   9.96133423   3.        
-11.14226532  15.37078094   8.81640625   3.        
-3.58686805 14.51483154  5.3997798   3.        
-8.97901917 14.58448029  8.86459255  3.        
-14.47283173  12.8295517    9.39059544   3.        
 0.39239499  9.54077911 -0.062286    2.        
11.23062134 13.86907959 -9.91543579  4.        
 3.72119904 12.96448517 -0.637878    4.        
  2.99530792 -15.71456146   0.71963501   2.        
 4.87852478 14.57852173 -3.50350904  4.        
 1.74765003 -5.05093384  0.40380901  2.        
-10.23375702  15.20262146   3.88934302   3.        
  2.55007911 -15.13656998   0.26422101   2.        
14.3266983  12.39411926 -7.50088501  4.        
  2.95248389 -14.80520153   0.94656402   2.        
  2.51750207 -12.85148621   1.48007202   2.        
-2.78512597 14.62184906  4.37026978  3.        
 7.85411787 13.91674042 -2.45834303  4.        
10.78668976 15.10733032 -6.22528076  4.        
 2.42700195 -9.47827053  0.60113502  2.        
 11.82733917  13.169487   -10.45236206   4.        
14.62557983 10.55158234 -9.05737305  4.        
 2.3337481  -8.34076691  1.23837304  2.        
 2.40398407 14.08245754 -4.2444458   4.        
 1.09111798 -1.77542901 -0.27810699  2.        
 0.70784801 -0.61276197  0.187134    2.        
-6.74774218 14.32158661  1.26754797  3.        
  2.17881799 -10.47780609   1.42672706   2.        
-2.97468591 12.36769104  0.14388999  3.        
-8.00814819 15.04150391  8.45223999  3.        
12.6618576  14.16285706 -7.01590014  4.        
12.83802795 12.55328369 -9.70294189  4.        
 3.92327094 14.00819397 -1.98288     4.        
11.90649414 14.45998383 -5.29464722  4.        
 5.32102203 15.04502869 -6.69183397  4.        
 1.70745099 11.96033478 -0.68563801  4.        
 1.60181403 -6.27663422  0.212677    2.        
 10.72021484  13.88069153 -10.03668213   4.        
-5.35199022 13.82981873  1.00625598  3.        
-3.67776489 13.14381409  0.553406    3.        
  2.73017097 -13.5959549    1.10214198   2.        
 12.5112381   12.84757233 -10.10491943   4.        
 0.70909101 11.973526   -1.38726795  4.        
0.45766401 1.66345203 0.183167   2.        
11.26753998 14.21211243 -4.8311162   4.        
-0.77867103  9.32757568 -0.169525    2.        
-2.63447595 14.38885498  3.46740699  3.        
-2.80664802 12.93740845  0.314789    3.        
-6.42926788 14.82529354  1.97442603  3.        
-10.45526123  15.59197998   7.21188307   3.        
11.23799133 14.23933411 -9.25930786  4.        
12.06773376 14.60070038 -6.53335619  4.        
 1.26724195  0.64881903 -0.39764401  2.        
11.4052124  14.50610447 -7.99935913  4.        
-6.11354113 15.21386719  3.11022902  3.        
-3.58505988 12.79709625 -0.054565    3.        
  2.09788489 -14.94247055   1.20184302   2.        
-14.1503067   13.36549377  10.08331299   3.        
 0.508614   10.70939636 -0.192261    2.        
 2.34647393 -7.65250397  0.63253802  2.        
 1.77219403 12.72318268 -0.98318499  4.        
-12.35908508  13.6230011   10.51403809   3.        
-11.24208069  14.10329437  10.0696106    3.        
-13.2631073   14.78713989   7.40533495   3.        
 13.93170166  11.14007568 -10.40203857   4.        
-13.33440399  14.4987793    8.75216675   3.        
 0.65705901 10.79911804 -1.08471704  4.        
 8.08414459 14.21020508 -8.70178223  4.        
14.32035065 10.85505676 -9.55194092  4.        
-7.81391907 15.82142639  5.50451708  3.        
-3.64560699 14.70258331  3.72317505  3.        
-12.22403717  15.22386932   7.72323608   3.        
 8.29515076 15.35247803 -7.1686101   4.        
 13.58933258   9.00452423 -10.51876831   4.        
14.72525024 11.48200989 -8.40466309  4.        
-9.74155426 15.32643127  4.00454712  3.        
13.74353027 12.0610199  -9.19842529  4.        
-11.31518555  14.90428162   9.53762817   3.        
0.77082801 1.30192602 0.74700898 2.        
12.33424377 14.3398819  -7.80685377  4.        
11.54499054 14.81771088 -5.89532518  4.        
 0.080399    8.33940887 -0.17599501  2.        
-4.5242691  13.84565735  0.772919    3.        
-7.31067705 14.8631897   8.0480957   3.        
 3.68260193 14.39125061 -3.96502709  4.        
-2.13549805 13.953125    2.83026099  3.        
13.20085907 12.91262054 -9.17160034  4.        
-11.45394135  15.64432526   6.68725586   3.        
10.13930511 14.56912231 -9.24749756  4.        
13.67279816 13.42192841 -7.40591383  4.        
 1.71735406 -3.49098992  0.94107097  2.        
-9.46602631 15.31385803  3.55673194  3.        
 3.23061395 14.42918396 -4.60089111  4.        
-5.16553497 15.39230347  6.03830004  3.        
 2.25145006 13.43320465 -2.34585595  4.        
11.36576843 14.92804718 -6.49313307  4.        
-14.14844513  13.92947388   8.92932129   3.        
-12.08338928  14.83044434   9.69747925   3.        
 0.028992    2.98640394 -0.31353801  2.        
13.97821808 13.03659058 -8.06201172  4.        
 4.6098628  14.49688721 -6.53344679  4.        
 0.99808502 10.8345871  -0.60418701  4.        
-11.90681458  15.33638      7.06390381   3.        
 8.9777832  14.34597778 -8.98754883  4.        
-6.21720886 15.00150299  7.49688721  3.        
  2.68414307 -11.31758118   0.26083401   2.        
 1.10642195 11.51620483 -1.35141003  4.        
-4.60398102 15.20098877  5.55804396  3.        
 0.60311902  2.12248206 -0.194702    2.        
13.62337494 12.48756409 -7.14382887  4.        
 1.11383796 11.79702759 -0.78726202  4.        
 1.12817395 -3.48796797  1.08431995  2.        
-0.79973602  8.52220058 -0.153503    2.        
-0.097382    4.90627289 -0.33706701  2.        
-2.80541992 13.91580963  4.4463501   3.        
-10.32269287  15.48040009   8.89471436   3.        
13.34114838 13.61682129 -6.6937561   4.        
13.78395844 12.05666447 -9.84869385  4.        
-5.69883013 14.43890381  1.56393397  3.        
 0.43746901  0.85781097 -0.159485    2.        
 2.15985894 -6.22266388  0.67782599  2.        
 0.34085801  6.1122508  -0.068298    2.        
 4.354424   14.13167572 -1.82040405  4.        
 1.98288    13.66392517 -3.08410597  4.        
-9.70314789 14.92974091  9.15777588  3.        
11.12631226 15.00162506 -5.62237597  4.        
-7.93586683 15.7990799   4.97168016  3.        
-10.20096588  14.02670288   9.46807861   3.        
  2.80149794 -13.04405212   0.20999099   2.        
10.59290314 14.36275482 -4.35101318  4.        
-0.67333198  9.72962189 -0.37411499  2.        
 2.34496307 -9.48959255  1.01995802  2.        
  2.42021203 -11.87848663   1.27316296   2.        
-7.33695221 15.63128662  4.21356201  3.        
 12.90322876  10.55576324 -11.13354492   4.        
-10.76062012  15.45666504   8.29394531   3.        
 6.93922377 15.39285278 -5.76663208  4.        
11.77388    14.59797668 -7.31048584  4.        
-0.56259203  8.64266205 -0.495819    2.        
-10.5643692   15.04673767   9.58450317   3.        
  2.03745294 -12.40415192   0.57968098   2.        
-7.78319502 15.66039276  8.203125    3.        
-9.34545898 15.82507324  5.22128296  3.        
 1.16569495 -2.01782203  0.65921003  2.        
-1.35340905 12.09185028  1.41903698  3.        
14.66711426 10.04037476 -9.8649292   4.        
-1.938797   12.09736633  1.04321301  3.        
11.90247345 14.16402435 -8.75866699  4.        
 11.24123383  13.46578979 -10.29852295   4.        
-8.26988983 15.91687012  5.89254808  3.        
-11.20207214  15.75242615   5.99203491   3.        
 7.47198486 14.20316315 -8.25372314  4.        
 2.29964399 -8.71282196  0.97003198  2.        
0.731354 0.135574 0.045166 2.      
 2.10947394 -9.44618225  0.26367199  2.        
-13.64631653  13.99872589   7.69140577   3.        
14.61465454 12.08522797 -8.1663208   4.        
-5.88220978 15.62149811  5.58056593  3.        
 6.91564178 14.38525391 -1.97146595  4.        
 6.23976088 15.26835632 -6.51455688  4.        
 4.59526777 14.06510162 -1.44033802  4.        
 0.361404    8.01951599 -0.59179699  2.        
-6.42819214 13.60004425  1.19128394  3.        
  1.797791   -10.69218445   0.41659501   2.        
-4.23065186 13.35179901  0.24349999  3.        
-11.54458618  14.78861237   5.22149706   3.        
 1.20696998 -1.36704195  0.66403198  2.        
 0.99390399 -0.56169099 -0.255371    2.        
 8.53076172 15.42340088 -5.35024977  4.        
-2.75952911 14.14904022  2.67538404  3.        
-3.42557502 12.89694977  0.33019999  3.        
14.20528412 11.87973785 -8.4822998   4.        
 1.50536394 -1.44471002 -0.186676    2.        
0.23696899 6.36857605 0.29211399 2.        
10.87020874 13.84527588 -4.7619319   4.        
 2.54785895 -8.03965759  0.48562601  2.        
 5.38895416 14.98287964 -4.474823    4.        
-9.01400757 15.27317047  9.05966187  3.        
 0.35468301 10.08804321 -0.565979    2.        
-9.91576385 15.92246246  5.82498217  3.        
-0.077782    9.94469547 -0.56869501  2.        
  2.75882006 -12.69052124   0.69265699   2.        
-0.059242    8.49050903 -0.91873199  2.        
 13.16918945  11.39123535 -10.54568481   4.        
  2.5002141  -11.02494812   1.09515405   2.        
-3.60702491 14.15088654  2.34817505  3.        
 0.135765    6.53846693 -0.965729    2.        
-7.28319502 14.79781342  2.2164309   3.        
 2.61160994 -8.76634979  0.60488898  2.        
-3.36313605 14.84233856  4.49594116  3.        
-4.0189209  14.62484741  5.80416918  3.        
-5.07778215 15.21312046  4.05560303  3.        
 6.17285204 14.57476807 -7.51464796  4.        
-2.84434509 14.56523132  5.12982178  3.        
 6.77599287 15.09384918 -7.30069017  4.        
 1.32894099 -2.53021193 -0.056671    2.        
-13.7071991   14.31085968   8.42572021   3.        
13.55717468 13.04806519 -8.54730225  4.        
 0.60749799 10.88484955 -1.52465796  4.        
14.02748871 12.49258423 -9.13192654  4.        
 3.5334239  12.62917328 -0.78765899  4.        
-1.58313   11.4450531  0.033203   3.       
-11.63769531  14.35708618  10.06417847   3.        
-9.32456207 14.70568085  9.22463989  3.        
 2.01139808 -5.68663788  0.81594801  2.        
-12.44513702  14.52236176   9.82324219   3.        
 1.54805005 -5.36261702  0.223877    2.        
-0.02726     6.25049591 -0.52407801  2.        
 0.17414901  8.74463654 -0.34637499  2.        
-14.72529602  12.64614868  10.29959106   3.        
 7.59406281 14.947052   -2.93014503  4.        
-0.82699603 11.31803131  0.39990199  3.        
 5.98479509 15.14315033 -6.85711718  4.        
-0.56444597  8.81860447  0.051636    2.        
-8.96663666 15.41958618  3.59951806  3.        
 7.83865404 15.36362457 -5.70089722  4.        
 5.84294891 14.10206604 -7.2345891   4.        
-5.77308607 15.42642975  4.3814702   3.        
 9.18772125 15.29779053 -4.53204393  4.        
-6.76893616 14.6344986   7.58871508  3.        
 0.88988501 12.61535645 -1.98446703  4.        
-4.97801208 14.54943848  1.95523095  3.        
  2.22795892 -13.80795288   1.04104602   2.        
 1.10321796  1.29291499 -0.111084    2.        
 5.24754286 13.35312653 -1.06588805  4.        
 8.97478485 14.80189514 -3.446594    4.        
-4.86109209 14.31372833  1.48193395  3.        
 1.57209802 -6.4172821   0.75531     2.        
 12.27476501  12.68760681 -10.68579102   4.        
 1.68563795 -6.91139221  0.503784    2.        
 1.01038396 -3.46830702  0.30880699  2.        
1.19226801 2.08684492 0.42388901 2.        
14.53446198  9.74117279 -9.48059082  4.        
-8.28908539 14.62350464  2.52127099  3.        
 1.08044398 -2.46625495  0.71737701  2.        
  2.35864305 -15.77334213   0.98727399   2.        
14.19586945 11.76908112 -9.68994141  4.        
 6.99517822 14.42120361 -7.99597216  4.        
11.15094757 14.75206757 -4.85214186  4.        
13.73326874 11.34917355 -9.79504395  4.        
 9.66106415 15.1529007  -4.29116821  4.        
-12.61250305  14.82158661   6.2227478    3.        
-3.72642493 13.65465546  0.85186797  3.        
  2.60313392 -15.89793015   0.230011     2.        
-1.429726   11.76413727  0.378784    3.        
-5.53858185 13.48611546  0.75857502  3.        
0.746948   3.59292603 0.070038   2.        
-8.76856232 15.60353088  3.93365502  3.        
  2.977005   -13.94201279   0.83078003   2.        
-1.33317602 12.70131683  1.37216198  3.        
-0.074562    7.20343018 -0.651245    2.        
 0.45668799  2.79702806 -0.424072    2.        
-5.01327515 15.29587555  5.60690308  3.        
 0.95709997 -1.05867803  0.168152    2.        
-6.61590576 15.43680573  4.06405592  3.        
 6.47028303 15.12442017 -3.91775489  4.        
 5.37297821 15.11024475 -5.6937561   4.        
-8.78388214 15.79624939  4.83056593  3.        
 1.93246496 -7.35724592  0.23895299  2.        
-5.51554108 14.66459656  1.90878296  3.        
 6.15499115 15.27919769 -5.71225023  4.        
-3.10113502 13.584198    1.41302502  3.        
 0.54296899  8.77120209 -0.098145    2.        
-10.00001526  15.69710541   4.81582594   3.        
13.86047363 12.61255646 -8.75183105  4.        
  2.9616549  -14.67647934   0.408966     2.        
 13.68941498  11.76942444 -10.22399902   4.        
-3.33838606 13.97615147  2.1000061   3.        
 8.49417114 15.37175846 -6.31130981  4.        
-11.05750275  13.87819672  10.45932007   3.        
-11.21492004  15.43709564   7.59262085   3.        
 6.96382093 15.2598114  -4.33978319  4.        
12.07073975 14.57082367 -6.9370122   4.        
-8.84208679 14.97203827  8.84536743  3.        
-13.60868073  13.9994812    9.65164185   3.        
 0.132469    9.89761353 -0.226135    2.        
 0.35025799  8.43806458 -0.67153901  2.        
 6.54665422 13.55753326 -1.78424096  4.        
 7.76534986 15.43070984 -6.49157715  4.        
-8.95970058 15.83319855  7.69677687  3.        
-7.65522003 15.6749649   7.72375488  3.        
-10.70195007  15.34222412   4.55395508   3.        
 13.64800262  10.17771912 -10.9703064    4.        
-0.14666     8.03903961 -0.026794    2.        
 0.857063    6.12262678 -0.309082    2.        
  2.58002496 -10.15080261   0.79977399   2.        
-5.58132887 15.1064682   3.37912011  3.        
12.22270966 13.74636078 -9.36697388  4.        
 4.21371508 14.01529694 -6.37106323  4.        
  2.94413805 -11.62274933   1.32031202   2.        
-1.04376197  9.17644501 -0.57022101  2.        
12.66104889 14.14766693 -6.56622314  4.        
 12.10686493  11.78530884 -10.87042236   4.        
-6.75811005 15.86359406  6.13696289  3.        
 4.02953291 14.13983154 -2.54855394  4.        
-13.50762939  13.36379242  10.64038086   3.        
 1.95227802 12.9409256  -1.62860096  4.        
12.58544159 13.39127254 -9.58679199  4.        
 0.272499    7.50723314 -0.69293201  2.        
-14.36581421  12.72136688  10.61315918   3.        
 1.88266003 -8.93636322  1.27899206  2.        
-11.42896271  15.30153656   5.47030592   3.        
-7.47230482 15.94757843  6.84951782  3.        
-4.63574219 15.1842041   4.85378981  3.        
 3.50240302 14.51290131 -5.32607985  4.        
-2.13339996 12.56529236  0.45748901  3.        
 9.92525482 15.03060913 -7.67758179  4.        
 7.14987183 13.77736664 -2.03433204  4.        
 2.90424395 14.14838409 -3.99386597  4.        
-1.16514599  9.93744659 -0.458588    2.        
-14.44957733  13.36335754   9.44070435   3.        
-9.97251129 15.76746368  6.6000061   3.        
-8.1566391  14.65200043  8.43829441  3.        
 9.47388458 14.42751312 -9.47973633  4.        
  2.595505   -14.02357483   0.45025599   2.        
 4.54684401 14.85321045 -5.04507494  4.        
 5.44779205 14.43470764 -7.13519287  4.        
 0.57720202  3.41259789 -0.36041301  2.        
-3.80175805 14.95300293  5.53808594  3.        
-10.1084137   14.68740845   9.90014553   3.        
-3.80999991e-04  5.16168213e+00 -4.37619984e-02  2.00000000e+00
 1.86523402 -5.03419495  1.10949695  2.        
13.38638306 13.63648224 -8.06091309  4.        
 1.51015496 -1.85090601  0.108459    2.        
0.722404   0.97937799 0.345734   2.        
-10.53696442  14.70532227   4.36459303   3.        
-3.46760607 13.842453    1.58340502  3.        
-13.13539124  14.18955994   9.8315134    3.        
 0.18855999  7.80499983 -0.96264601  2.        
 1.32146502 -6.76442003  0.119141    2.        
-8.4289856  15.80844116  7.80725098  3.        
 10.79790497  13.20450592 -10.16818237   4.        
-7.93101501 15.38419342  3.38763404  3.        
 1.04888904 -4.40222883  0.35311899  2.        
-10.63902283  15.81963253   6.42883301   3.        
-5.59751081 15.47216797  6.0272522   3.        
-8.27233887 15.74517822  8.22671509  3.        
-7.69132185 15.27883911  2.85507202  3.        
-4.22486115 14.29528046  2.05221605  3.        
 0.19561    10.72568512 -1.12246704  2.        
 3.73413801 14.27402496 -3.36557007  4.        
  3.14278412 -14.22307587   0.127808     2.        
1.15985894 0.84568799 0.34048501 2.        
-8.52536011 15.8457489   5.12942505  3.        
 6.44245911 14.76481628 -2.39562988  4.        
-7.11808014 15.79589081  7.30935717  3.        
 9.17340088 15.30747223 -6.07424879  4.        
-6.60685015 15.77058411  5.36126709  3.        
 7.86274004 15.34534454 -4.22311401  4.        
-9.57746887 15.76345825  6.6470952   3.        
 2.97882104 13.52950954 -1.41528296  4.        
 1.26905096 -4.79148102  0.73556501  2.        
 9.41120911 14.9942627  -3.81869507  4.        
-12.54086304  15.11193085   8.33087158   3.        
-8.13231659 15.69137573  4.42614698  3.        
 13.34098053  11.77492523 -10.6711731    4.        
-6.34315491 15.77307892  6.08456421  3.        
-6.38471985 15.17177582  2.8087461   3.        
 7.73965502 15.36652374 -4.60143995  4.        
-11.04657745  15.43000031   5.28244019   3.        
 8.015625   15.39790344 -4.8934021   4.        
 1.63816798 -9.86775208  0.34814501  2.        
-8.15346527 15.93221283  6.3526001   3.        
 6.04350281 14.3348999  -1.61868298  4.        
1.25116003 0.239555   0.107727   2.        
-6.23950195 15.42747498  7.46691895  3.        
-12.16358185  14.92971802   9.3001709    3.        
-11.88446808  15.21755219   8.45092773   3.        
 8.86473846 15.36756134 -5.62445116  4.        
-12.78878784  14.89768219   8.73620605   3.        
 13.71458435   9.38811493 -10.64840698   4.        
-9.00630188 15.84121704  5.62457323  3.        
-2.23213196 14.30631256  4.00436401  3.        
-7.42185211 15.97001553  5.84750414  3.        
 4.25784302 13.40187073 -0.71301299  4.        
-13.68982697  14.43302155   8.04376221   3.        
-3.95561194 13.94193268  1.41342199  3.        
  2.63114905 -15.47406769   0.45559701   2.        
 1.39897203 -0.98210901  0.226105    2.        
14.30133057 12.18572235 -9.03521729  4.        
-0.81096601 11.00871277  0.74115002  3.        
-12.63784027  14.77343845   9.09420776   3.        
-2.85636902 14.27255154  4.7094121   3.        
-12.39411926  14.67649078   5.89074707   3.        
-4.80226088 14.7339859   2.70236206  3.        
-12.24324036  13.67070007  10.88894653   3.        
-10.27388     14.39804077   9.63415527   3.        
13.30155182 13.09526062 -6.5123601   4.        
  1.95977795 -11.83024597   0.89202899   2.        
  2.23136902 -10.29618073   0.53948998   2.        
 2.59756494 12.42112732 -0.68893403  4.        
-2.18087792 12.94548798  2.92642212  3.        
11.85348511 13.3521347  -9.88412476  4.        
 2.91006494 14.31246185 -4.85412598  4.        
 4.15401506 14.29404354 -3.28485107  4.        
-1.95604706 13.45608521  3.36737108  3.        
 0.26872301  4.72213697 -0.820831    2.        
 12.69611359  11.27412415 -10.98031616   4.        
-1.47006202 12.17090607  0.56863397  3.        
-2.57920098 12.51967621  0.827393    3.        
 3.99385095 14.62149811 -4.68862915  4.        
-6.71702623 15.67939758  6.99307299  3.        
 9.69469547 14.5430603  -3.39859009  4.        
0.434479   4.57737684 0.090179   2.        
 4.15348816 13.84275055 -1.158234    4.        
 1.76473999 -5.25106812  0.771851    2.        
 9.00893402 14.85048676 -8.96209717  4.        
 6.02309418 15.02632141 -3.9342351   4.        
-1.80655706 12.28916931  0.32034299  3.        
 1.75936103 11.72686768 -1.24145496  4.        
-9.1791153  15.5027771   8.77783203  3.        
 0.65296203  9.80651093 -0.73687702  2.        
-13.29842377  12.49898529  10.95327759   3.        
 0.76586902 -1.30757105  0.511383    2.        
 1.22921002 -3.96661401  0.61309803  2.        
 8.49584198 15.15908146 -3.71432495  4.        
-0.77761799 10.43713379 -0.110413    2.        
-2.56665802 12.10783386  0.165527    3.        
-9.55566406 15.45321655  8.65731812  3.        
-2.50965905 12.55940247  0.063904    3.        
  2.67871094 -11.44813538   0.80398601   2.        
-4.39329481 14.97933197  3.95733595  3.        
  2.57334089 -10.59719753   0.32785001   2.        
 3.41928911 13.91161346 -2.68948388  4.        
 1.32392895 12.16797638 -0.59906     4.        
  2.93087006 -10.99209595   0.64385998   2.        
-4.88835907 15.24029541  6.32049608  3.        
-8.64427853 15.90332794  5.49908495  3.        
 1.11383796 13.04843903 -2.59066796  4.        
-8.1163559  15.99827576  6.88583422  3.        
 0.371445    9.20930481 -0.52621502  2.        
  2.17597198 -10.61824036   0.99081397   2.        
-9.039505   14.8943634   3.14599609  3.        
 0.188675    2.35431695 -0.27371201  2.        
-1.62909698 12.39878082  1.13384998  3.        
 1.41631305 -0.467278    0.40112299  2.        
 7.63010406 15.34712982 -5.37576294  4.        
 0.806732    2.802948   -0.58789098  2.        
 2.05046797 -8.33565521  0.92159998  2.        
0.912422   1.70143104 0.330383   2.        
-0.91564202 11.66876984  0.63961798  3.        
0.197258  7.1026082 0.021729  2.       
0.24687999 5.65366411 0.073853   2.        
 1.95610094 -9.59940338  1.13031006  2.        
 1.11011505 12.6518631  -2.73928809  4.        
-6.08396196 14.08139801  1.246979    3.        
 0.13628399  9.64441681 -1.14907801  2.        
10.776474   14.77104855 -4.49975586  4.        
-7.62129211 15.72973633  4.67950392  3.        
-6.93965197 14.61038971  1.65435803  3.        
 13.15068817  10.96931458 -10.53198242   4.        
-1.92318702 12.41786957  1.99459803  3.        
-9.41598511 15.16592407  9.25177002  3.        
 6.05947113 15.25778961 -6.17700195  4.        
 3.25069404 13.10063171 -0.47872901  4.        
 1.255211   13.28774261 -3.28677392  4.        
 2.63184404 13.40678406 -2.09094191  4.        
 13.4635849   10.71299744 -11.07861328   4.        
-0.52516198  8.16104889 -0.146881    2.        
10.56622314 13.98235321 -9.50216675  4.        
-11.40276337  15.24440002   8.04827881   3.        
-13.68041229  12.62674046  10.72790527   3.        
  2.94640398 -13.47411346   0.81393403   2.        
 3.00182295 12.70950317 -0.40444899  4.        
-13.47520447  14.28814697   9.03485107   3.        
-10.19004822  15.36164856   4.2311101    3.        
-0.25615701  9.11317444 -0.121704    2.        
14.56132507 11.66522217 -9.1630249   4.        
  2.60947394 -14.52811432   1.14105201   2.        
-6.06671906 14.79261017  7.21932983  3.        
-6.97138214 15.87546539  6.50637817  3.        
 2.08889794 13.7115097  -4.5375061   4.        
 1.58550298 -1.90543401  1.06045496  2.        
 1.58078802 12.83114624 -1.80963099  4.        
12.11734009 14.32637024 -8.15274143  4.        
 0.86898798 -2.03133392  0.220825    2.        
 6.12138414 14.83042145 -2.80358911  4.        
 7.55276489 15.43096924 -6.16455078  4.        
10.14859009 14.65969753 -4.03994799  4.        
 0.34281901  6.7123642  -0.57977301  2.        
 1.54940796 12.78121853 -3.55615211  4.        
-1.62651098 13.02429199  1.49038696  3.        
 14.1778717   10.74147034 -10.3085022    4.        
 3.69870806 13.71512604 -1.13287401  4.        
 0.87667102 -0.21077     0.089111    2.        
12.90856171 13.52619171 -6.0249939   4.        
-6.34137011 15.66515446  4.93508911  3.        
 2.16677904 -7.70585585  1.03265405  2.        
 1.57751501 -4.90192413  0.103546    2.        
-6.87905884 14.23990631  1.63732898  3.        
14.06639862 12.64772797 -8.07867432  4.        
-3.34513092 12.43071747  0.187805    3.        
0.274872   3.62964606 0.226105   2.        
 2.36227393 -7.33729506  0.83447301  2.        
-11.05788422  14.44210052  10.19445801   3.        
-4.02579498 12.68186188  0.328491    3.        
 3.62313104 14.5566864  -4.7775569   4.        
13.28482819 11.92950439 -9.9390564   4.        
 0.371483    5.805511   -0.73776197  2.        
-4.29612684 13.5100708   0.801422    3.        
-0.406517    7.50025177 -0.44042999  2.        
 1.19234502 -1.60469103  0.152466    2.        
 8.23670959 14.57932281 -8.62695312  4.        
  2.17319489 -11.14963531   1.41711402   2.        
-0.188942    7.64770508  0.137482    2.        
-10.68132782  14.48614502   4.62832594   3.        
 0.45712301  5.21424913 -0.35583499  2.        
 2.68740797 13.68500519 -2.79406691  4.        
-9.51091766 15.65363312  4.46365404  3.        
-0.23128501  9.23133755 -0.802338    2.        
 3.90180993 13.37291718 -0.61196899  4.        
 11.77449799  12.80213928 -10.45654297   4.        
-0.72405201 10.82972717  0.040924    2.        
 0.233009    9.26046753 -1.19439697  2.        
 1.804703   -7.05396986  0.88818401  2.        
-12.46459198  14.18151093  10.19732666   3.        
 4.55470991 13.6391983  -0.75375402  4.        
-8.45887756 14.95159054  9.02493286  3.        
 1.19646502 -0.84297198  0.618011    2.        
-13.46109772  13.67049408  10.33337402   3.        
-4.92900005e-03  8.31097412e+00  2.25127995e-01  2.00000000e+00
14.10422516 11.13426971 -9.66079712  4.        
-1.34582496 11.14937592 -0.069366    3.        
14.80841064 11.07878876 -8.53793335  4.        
-7.19586182 15.25776672  7.91201782  3.        
-5.45690203 14.89235687  2.66174293  3.        
 2.37614393 -8.39885044  0.25323501  2.        
11.55532074 13.54167175 -9.78027344  4.        
  2.44966888 -10.23110962   1.39013696   2.        
10.65065765 14.89564514 -7.78079224  4.        
-10.63051605  14.45845032  10.12277222   3.        
 3.07561493 13.33352661 -0.759247    4.        
 2.23165894 -8.21461487  0.563416    2.        
-4.88102007 14.67022705  6.55425978  3.        
-0.423462    9.93164062 -0.69943202  2.        
 0.61508203  4.22325897 -0.54043603  2.        
 5.50910997 14.7634964  -3.04284692  4.        
 14.07141876  10.37854767 -10.60040283   4.        
 0.77605402 11.54183197 -1.509583    4.        
-11.11300659  15.55644989   7.17437696   3.        
 0.57378399 12.16347504 -1.79711902  4.        
 0.71218097  8.11523438 -0.40933201  2.        
10.92217255 13.75257111 -9.71136475  4.        
 6.26033783 14.46149445 -1.88851905  4.        
 11.60511017  12.39539337 -10.6809082    4.        
-11.19683075  14.84673309   4.92782593   3.        
 9.37924957 14.43849182 -9.02206421  4.        
0.56417799 4.25457001 0.42950401 2.        
-13.14419556  13.98078156   7.04928589   3.        
 0.82843798 11.58434296 -0.63150001  4.        
-12.31719208  15.15786743   6.4468379    3.        
 6.35359907 14.95728302 -3.16531396  4.        
0.75769001 4.80584002 0.012695   2.        
 6.75756788 15.26317596 -5.05969191  4.        
 6.08319807 15.13352203 -4.74603319  4.        
-14.09934998  13.09663391  10.43304443   3.        
  1.87480199 -11.59877777   0.58801299   2.        
 12.951828    11.79205322 -10.45040894   4.        
-12.70809174  13.05843353  10.85565186   3.        
-7.16337585 15.72344208  5.1159668   3.        
 1.48106396 -3.23181891  0.84506202  2.        
 2.87638903 14.23610687 -5.44809008  4.        
 8.84719086 15.40335846 -4.89538622  4.        
-7.77384186 15.39041138  8.49221802  3.        
-9.71243286 14.78834534  3.59649706  3.        
 0.59117901  4.62218523 -0.58886701  2.        
13.53194427 13.59197235 -7.69381714  4.        
 6.83034515 15.11868954 -7.69146681  4.        
 0.66447401 11.06306458 -0.478912    2.        
 1.18370795 -0.217667    0.97540301  2.        
-12.2427597   14.99207306   8.51119995   3.        
 0.079971    4.48395491 -0.36807299  2.        
 6.11433411 14.00958347 -1.42849696  4.        
-8.86747742 15.93193817  6.87695312  3.        
0.617378   3.28635406 0.21319599 2.        
-2.04963708 13.4649353   1.80938697  3.        
-3.92378998 15.01642609  5.16458082  3.        
-9.53504944 14.4858551   9.52627563  3.        
-11.9805069   14.16387177  10.4942627    3.        
10.13443756 15.02351379 -8.05062866  4.        
  2.206352   -15.19672775   0.35852101   2.        
 7.61842299 15.22674561 -7.38250685  4.        
 13.46498871  11.26797485 -10.34399414   4.        
 1.41914403 -5.64630079  0.633636    2.        
 0.79058802 10.46624756 -0.54126     2.        
  2.18547106 -13.27711487   0.93078601   2.        
  1.86405206 -10.08377838   0.69210798   2.        
-2.18563795 13.78593445  3.8938601   3.        
 4.81725311 14.49731445 -3.08291698  4.        
-8.72609711 15.28728485  3.33938599  3.        
 0.189163    5.12866211 -0.61785901  2.        
 12.36145782  12.30745697 -10.28140259   4.        
 1.41175795 -7.07666016  0.33984399  2.        
 1.44202399 13.49196625 -3.52874804  4.        
-8.9173584  15.55653381  8.40625     3.        
  2.38867903 -15.02629089   0.998932     2.        
14.60771942 10.5567627  -9.81240845  4.        
14.26389313 11.71865082 -7.8251338   4.        
-4.24562788 15.11914825  5.32827806  3.        
-8.62644196 15.75088501  4.43841505  3.        
-14.21768188  13.8493576    8.14349365   3.        
-13.60660553  14.38129425   7.29583693   3.        
-12.89904022  14.45109558   6.42156982   3.        
-13.94864655  12.65584564  10.97689819   3.        
-13.90879059  11.88272095  10.83016968   3.        
 1.641083   -6.74275208  1.03121901  2.        
-14.20687103  13.25634003   8.70483398   3.        
10.27104855 12.90462494 -9.7713623   4.        
0.66489398 2.0670011  0.58026099 2.        
10.01739502 15.2807312  -5.33807421  4.        
 1.75807202 -8.94232178  0.78317302  2.        
-12.61899567  15.15472412   6.94744921   3.        
 1.15891302 -2.84174395  0.96942103  2.        
 8.44007874 14.13689423 -2.82559204  4.        
 7.21600294 14.54492188 -2.09741211  4.        
 5.54446411 15.17761993 -6.26623487  4.        
 1.39697301 12.45725346 -1.26040602  4.        
-5.33927107 14.30872345  1.36492896  3.        
14.81633759 10.8659668  -9.02688599  4.        
10.80862427 14.79354095 -8.2227478   4.        
-13.9733963   12.35309601  10.71478271   3.        
14.45032501 11.37179565 -8.60177612  4.        
  2.02547503 -12.64676666   0.83963001   2.        
-10.34612274  15.46740723   8.48117065   3.        
  2.33847809 -10.02146912   0.22967499   2.        
10.48374176 14.45648956 -9.33505154  4.        
 6.84542799 15.35476685 -6.10714722  4.        
-5.24369001 15.00642395  6.77642822  3.        
 0.56507897  5.102005   -0.73358202  2.        
 1.76203203 -5.76875305  0.18810999  2.        
-9.47857666 15.85044098  7.14990187  3.        
13.66989899 13.56295013 -6.81512403  4.        
  2.93286896 -15.07643509   0.119629     2.        
  2.2537539  -13.81866074   0.67303503   2.        
-6.02651215 15.47937775  7.12002611  3.        
-0.255806   9.5954361 -0.486572   2.       
 1.99391901 -4.20170593  0.773193    2.        
-1.74836004 12.80677795  2.53469896  3.        
-4.70088196 14.77838135  6.26928711  3.        
 9.71501923 14.98445129 -8.47619629  4.        
-5.18804884 15.43753147  5.069489    3.        
 9.84389496 14.07971954 -9.38595581  4.        
 13.17166901  11.42884064 -11.00683594   4.        
 6.07790422 14.94238281 -7.13287306  4.        
 13.53754425  10.5591507  -10.60760498   4.        
10.21092987 15.05893707 -6.93630981  4.        
 0.51794398  1.77974701 -0.18545499  2.        
-3.24425507 14.23979855  2.80859399  3.        
  2.16706896 -11.08088684   0.405029     2.        
13.00562954 13.97974396 -7.83755493  4.        
  2.65639496 -11.9108963    0.62918103   2.        
13.07859802 12.49229431 -9.20046997  4.        
0.142105   4.66073608 0.31246901 2.        
 4.23867798 14.70786953 -6.10083008  4.        
-9.91385555 14.85725403  9.64819336  3.        
-5.65416718 14.5069046   6.78118896  3.        
12.99525547 13.19693756 -9.02981567  4.        
-13.14002991  14.75740147   8.61331177   3.        
  2.36443305 -14.14332581   1.11120605   2.        
  2.29618812 -12.14368439   0.62722802   2.        
 8.58817291 13.60601044 -8.89547729  4.        
 1.91048396 -8.46898556  0.53042603  2.        
  2.36240411 -12.66749573   0.55783099   2.        
 5.26839495 14.52911377 -2.42321801  4.        
-0.93424201 11.21619415  0.033783    3.        
 1.97274804 -6.79707289  1.16690099  2.        
  2.23413801 -10.2140274    1.08697498   2.        
-12.75122833  13.56695557  10.56201172   3.        
 9.09338379 13.64329529 -9.10940456  4.        
-0.965042   10.21051025  0.104706    2.        
 3.927742   14.66603088 -5.44552612  4.        
1.358971   0.077782   0.42327899 2.        
-6.65978193 14.93984985  2.31115699  3.        
 8.84854889 15.14746094 -8.11605835  4.        
 1.52848804 -4.25804901 -0.035889    2.        
-11.88855743  15.47883606   5.89663696   3.        
 0.31677201  6.18113708 -0.4711      2.        
 1.79334295 -2.36392903  0.63565099  2.        
 1.06220996 -3.03600311  0.30099499  2.        
 11.54697418  12.06534576 -10.47781372   4.        
-4.64300489 13.4548111   0.27816799  3.        
-4.96495819 13.77420807  0.92669702  3.        
 1.34101903 13.07718658 -2.277771    4.        
-2.21164703 11.89666653  0.89480603  3.        
 1.621979   -4.62171221  0.33334401  2.        
-11.74088287  13.89406586  10.64541626   3.        
-7.75489807 15.98371124  6.29150391  3.        
 4.93470812 14.9493103  -5.02746582  4.        
 0.47847    11.63466644 -1.24142504  4.        
-5.69203901 14.84748077  7.07473803  3.        
 1.82915497 -3.36563897  0.440552    2.        
-6.05369616 14.13487244  0.90374798  3.        
 13.51350403  11.53318024 -10.03741455   4.        
-1.32950604 12.47084045  1.633636    3.        
11.65911102 14.29232788 -4.55462694  4.        
 1.33409095  2.032516   -0.021881    2.        
 14.2614212    9.83345795 -10.07022095   4.        
 7.41038513 14.77263641 -2.47488403  4.        
 6.25291395 15.25299072 -5.27981615  4.        
 0.83332801 11.00786591 -0.86898798  4.        
-9.84393311 15.85420227  5.47448683  3.        
13.73571777 12.80412292 -6.9491272   4.        
-0.72685999 10.95287323  0.38287401  3.        
 1.98348999 -4.77111816  0.54348803  2.        
-7.7148819  14.38385773  2.11038208  3.        
-3.35465193 14.76947784  4.92114305  3.        
  2.7621839  -10.71607208   1.09582496   2.        
 1.80135405 12.34161377 -0.662628    4.        
13.27967072 13.48459625 -8.65661621  4.        
14.508255   10.53047943 -9.38317871  4.        
-0.085869    5.82070923 -0.051697    2.        
-4.82048798 13.20423889  0.46188399  3.        
 0.510162    6.46009779 -0.048401    2.        
 0.98696101  0.05899    -0.24469     2.        
-1.41098797 12.37543488  0.84207201  3.        
 9.09465027 15.27137756 -7.05639601  4.        
-0.50902599  9.99264526  0.51281703  2.        
-10.12662506  15.63841248   7.96814013   3.        
 1.44370997 11.7257843  -1.38278198  4.        
 0.247719    8.5897522  -1.04321301  2.        
10.14402771 14.78227997 -8.84979153  4.        
 14.16889954   8.92088318 -10.04837036   4.        
 9.2472229  14.67707062 -3.18304396  4.        
 7.62196302 14.21546173 -1.954651    4.        
 6.84714508 14.94766998 -2.86047411  4.        
-11.00315094  15.12600708   4.87145996   3.        
11.31522369 14.51950073 -4.65823412  4.        
-6.46956587 14.17115021  1.43197596  3.        
 5.49832916 13.95951843 -1.21200597  4.        
 8.30464935 15.04402161 -3.25564599  4.        
-4.54809618 15.20298767  5.1872859   3.        
 5.48133802 14.81010437 -3.92446899  4.        
-10.83794403  14.68087769   9.96237183   3.        
 1.71796405 -3.08216095  1.04419005  2.        
 1.20548999 -2.15180993 -0.16214     2.        
-1.01048994 12.24639893  0.85955799  3.        
  2.60575104 -15.26186371   1.40991199   2.        
 2.76283312 -7.90096283  0.95898402  2.        
-0.16495501 10.64159393 -0.80450398  2.        
 0.27748901  7.56328583 -0.20724501  2.        
 2.49394298 13.20275116 -1.03259301  4.        
 7.7851491  14.50920105 -2.272156    4.        
 11.9591217   13.08607483 -10.14727783   4.        
 14.0144577   10.07964325 -10.27532959   4.        
 2.05599999 -6.84617615  0.51397699  2.        
 1.49166095 -5.68723297  1.07424903  2.        
 9.59133244 14.62728119 -9.22784424  4.        
0.73303998 0.167625   0.397888   2.        
 8.80233765 14.74176788 -3.0249939   4.        
 2.01592994 -7.323349   -0.090668    2.        
1.11333501 2.63154602 0.45611599 2.        
11.53378296 14.08454895 -9.3296814   4.        
 0.30418399  6.81626081 -0.155853    2.        
-14.14677429  12.79784393   9.48480225   3.        
 0.063614   10.34768677 -0.422791    2.        
 7.78012085 14.40302277 -8.47369385  4.        
 0.91973901  4.19712782 -0.194489    2.        
-7.42536211 15.50285339  8.15960693  3.        
-9.60509491 15.41806793  8.99203491  3.        
-9.02655029 15.16527557  2.86529493  3.        
 8.32415009 14.37956238 -2.34503198  4.        
 7.85587311 15.20874023 -3.5865171   4.        
 0.116783    3.84626007 -0.25192299  2.        
 6.41729021 14.25927734 -7.66564894  4.        
-6.99334717 15.91863346  5.84375     3.        
11.30175781 14.44300079 -8.52362061  4.        
 9.79528809 14.59345245 -3.847229    4.        
-13.73432922  12.96666718  10.53088379   3.        
-2.29180908 11.81489563  0.196564    3.        
 14.12812805  11.277565   -10.08532715   4.        
  2.33847809 -14.91188431   0.65335101   2.        
  2.8801651  -12.50649261   0.95025599   2.        
14.03085327 11.87516022 -9.1283884   4.        
 5.98412323 14.95614624 -3.45727491  4.        
-0.039986    6.22115278  0.164886    2.        
-0.51030701  9.36380768  0.17288201  2.        
-6.61275482 15.16169739  7.59912109  3.        
0.66550398 1.46597302 0.36230499 2.        
12.21395874 14.33010864 -5.59719896  4.        
 1.74512506 13.68054962 -4.28442383  4.        
-0.375801    7.79547119 -0.60186797  2.        
 1.48146796 -7.86507416  0.435211    2.        
 8.98735809 15.13928986 -7.77374315  4.        
-11.2449646   15.42891693   8.28994846   3.        
-5.37559509 15.00447083  3.13159204  3.        
 2.3855741  12.83308411 -0.49548301  4.        
-10.72158146  15.36603546   9.07846069   3.        
1.04156494 0.58209199 0.57855201 2.        
  3.07701898 -11.7244339    0.92483503   2.        
-13.67646027  13.03739166  10.85702515   3.        
-0.41323099 10.38009644 -0.543823    2.        
  2.82714796 -13.33579254   0.49700901   2.        
-3.72557092 14.85588074  4.08709717  3.        
 1.47862196 -1.58628798  1.07781994  2.        
 1.599419   -1.83799696  0.43316701  2.        
 1.88838995 -7.43953705  0.93862897  2.        
-11.40679932  15.64493561   6.335114     3.        
 0.25161001 10.94420624 -0.87222302  2.        
-13.02539825  14.95496368   7.5750432    3.        
13.49895477 12.45848846 -9.37985229  4.        
 1.46463799 -6.11552382  0.56314099  2.        
11.5203476  14.64019012 -5.14230299  4.        
 1.73122394 -2.82129693  0.60018897  2.        
-0.26969901  6.02462006 -0.45715299  2.        
 1.19302404 -0.82936901 -0.200195    2.        
 2.84196496 13.85453796 -3.11898804  4.        
-4.00545502 13.21289062  0.521667    3.        
-8.39173126 15.33773041  8.78363037  3.        
-8.21422577 15.97362518  7.55813599  3.        
12.48136139 13.7177887  -5.67562914  4.        
-2.8259809  13.50086212  1.58697498  3.        
 8.28623199 14.66343689 -2.61480689  4.        
 1.306885   -3.88141608  0.928406    2.        
 1.01077998 -0.074089    0.54446399  2.        
12.21955872 13.896492   -8.68304443  4.        
-6.9112401  15.46056366  7.83102417  3.        
-4.41497803 13.62984467  0.465332    3.        
 12.78925323  11.90592194 -10.74447632   4.        
 9.35835266 14.43605042 -3.44720507  4.        
 1.91811395 -8.03070068  0.88330102  2.        
 7.91719818 14.90177155 -2.841187    4.        
-0.29518101  6.48232985 -0.22665399  2.        
 11.36763763  12.70178223 -10.51568604   4.        
10.75777435 14.61212158 -4.20153809  4.        
 1.80289495 -8.16798401  0.048401    2.        
-3.55883789 13.1847229   0.22579999  3.        
-2.01518989 13.87796021  3.16439795  3.        
12.78540802 13.13175964 -9.43490601  4.        
-4.95063782 15.05870056  3.71099901  3.        
 0.87294799  4.68192291 -0.325562    2.        
-12.65103912  15.12004089   7.34866285   3.        
 2.24400306 13.96684265 -3.92285204  4.        
 12.61347198  11.45600891 -10.71331787   4.        
-3.12481689 13.29254913  0.86758399  3.        
10.68537903 15.11347961 -5.3745122   4.        
-0.45265201  9.91331482 -0.049866    2.        
-8.42460632 15.26494598  3.19888306  3.        
-13.08462524  14.40357971   9.13967896   3.        
-2.27960205 14.16210175  3.25198388  3.        
-5.67102098 15.44651794  6.35101318  3.        
 5.31178999 15.04181671 -4.85446215  4.        
-9.23821259 15.58740234  4.28475904  3.        
-11.99457645  13.37780762  10.35705566   3.        
 4.2831192  13.95916653 -1.54528797  4.        
 1.18352497  0.90704298 -0.040619    2.        
 9.53387356 15.17440796 -7.2772522   4.        
  2.72182488 -12.36231232   0.298401     2.        
-13.26073456  13.0479126   10.94519043   3.        
 1.42374396 -2.90266395  0.14856     2.        
12.42176056 13.46936035 -9.30950928  4.        
-6.67359209 15.23233032  7.9812932   3.        
-1.07216597 10.62915802 -0.282745    2.        
-2.02833605 12.14398956  1.42559803  3.        
 9.91342163 14.44326782 -9.45410156  4.        
0.16550399 7.71820784 0.13906901 2.        
-3.33519697 14.41815853  3.13412499  3.        
 6.55944777 14.3332901  -1.829193    4.        
-6.19623613 14.5121994   1.65908802  3.        
 3.92699409 14.05480957 -6.21136522  4.        
  1.85968804 -11.36327362   0.93725598   2.        
 4.67526197 14.85028076 -4.74069214  4.        
-3.09301805 12.77671814  0.36199999  3.        
11.35820007 14.7374649  -7.25500488  4.        
  2.92456794 -14.00760269   0.46878099   2.        
 1.46963501 -5.29476881  1.11566198  2.        
1.11623394 0.91008002 0.67892498 2.        
  2.64359999 -13.00827789   0.545349     2.        
-7.46102095 14.55934143  1.73699999  3.        
 1.71281397 -3.69669294  0.115875    2.        
 3.73582506 13.99642944 -2.72576904  4.        
 1.13547504 12.30706024 -1.42581201  4.        
 0.97122997  2.84857202 -0.12970001  2.        
 7.78141022 14.90646362 -8.14633179  4.        
 8.42493439 14.02228546 -8.85217285  4.        
 0.78098297 -1.390221    0.16684     2.        
 0.64252502  2.26565504 -0.52133203  2.        
-4.31762695 15.10282135  4.6366272   3.        
0.667992   3.768677   0.42193601 2.        
-5.40394592 13.19883728  0.67196703  3.        
12.75027466 13.83020782 -8.22546387  4.        
13.62228394 12.38215637 -9.69039917  4.        
 1.41213202 -6.70441389  0.76217699  2.        
 3.14112902 14.10386658 -3.64944506  4.        
-7.40983582 15.42772675  3.52242994  3.        
-7.10969496 15.09185028  2.44271803  3.        
-3.0290761  13.01651764  0.63238502  3.        
  2.45917511 -11.57485199   1.56445301   2.        
 13.5814743    8.89286804 -10.20358276   4.        
 9.82859802 15.24621582 -4.74627686  4.        
 7.19675398 15.2379303  -3.98516798  4.        
 13.75807953  10.75222015 -10.30197144   4.        
 0.160973   11.51803589 -1.41281104  4.        
10.77741241 14.44397736 -8.8326416   4.        
12.62528992 13.52535152 -8.89981079  4.        
 1.86865199 -8.55243683  1.17205799  2.        
-2.01928711 12.86185455  1.41879296  3.        
14.09542847 11.9979248  -7.80020094  4.        
-14.28266907  12.38937378  10.58340454   3.        
13.45285797 12.95561981 -8.84317017  4.        
 14.44559479  10.45932007 -10.10894775   4.        
-8.75358582 15.9661026   7.1867981   3.        
-9.70879364 15.58113861  8.31167603  3.        
-2.55919695 13.75378418  2.14306593  3.        
 1.88098097 -9.29894257  0.63314801  2.        
 4.31972504 14.39014435 -6.42874193  4.        
 7.01673889 15.05370331 -3.32348609  4.        
-14.33623505  11.88131714  10.76098633   3.        
-0.69409198 10.54122162  0.18972801  2.        
 9.19303894 15.36156464 -4.85168505  4.        
0.97701299 2.42935205 0.047913   2.        
-2.27933502 12.41210938  1.19522095  3.        
 0.42686501  9.47823334 -0.81655902  2.        
 13.55319977  11.07966614 -10.06716919   4.        
  2.48854804 -10.57845306   1.42553699   2.        
 5.7494812  15.20404053 -5.52374315  4.        
 0.83876801  1.49240899 -0.44635001  2.        
13.51170254 12.04372406 -9.42593384  4.        
-14.6338501   12.84549046   9.96334839   3.        
-10.22731781  15.87677765   6.35586596   3.        
-7.28887177 15.64216614  7.54275513  3.        
-1.61617994 11.60186005 -0.32104501  3.        
-4.21627808 13.0198288  -0.031616    3.        
-11.51100159  15.50631714   7.80496216   3.        
 8.96500397 15.25431824 -4.16851807  4.        
 13.64192963  11.05724335 -10.54660034   4.        
13.64305115 13.14627838 -8.21725464  4.        
-12.88356018  14.97116947   6.32006788   3.        
-2.16453505 13.70043182  2.22280908  3.        
-5.27448988 15.41259766  4.67651415  3.        
 2.24982405 -6.38481903  0.943726    2.        
12.17858124 14.52933502 -6.15612793  4.        
-5.73287201 15.36984253  6.78366089  3.        
 11.5530014   13.33482361 -10.38467407   4.        
 8.80788422 14.63287354 -8.83154297  4.        
13.22277832 13.48703766 -8.30215454  4.        
 9.70486355 15.31969547 -6.05639601  4.        
  2.00985003 -10.89108276   0.761383     2.        
 2.28484297 -8.77295685  0.264496    2.        
-4.36213684 14.55162811  5.99758911  3.        
14.19109344 10.62911987 -9.81982422  4.        
 1.44340503 -8.50945282  0.896088    2.        
 0.43991899  3.08914208 -0.28716999  2.        
12.570755   14.03859711 -8.39788818  4.        
 2.53696394 -8.13052368  1.09304798  2.        
0.28590399 2.30991411 0.031036   2.        
-5.95267487 13.39089203  0.95727497  3.        
0.68013799 5.24904585 0.039001   2.        
-8.59494781 15.60757446  8.53942871  3.        
-5.87942505 14.9755249   2.65792894  3.        
0.39397401 2.8798449  0.215973   2.        
 13.14661407  12.33377838 -10.37161255   4.        
  2.811203  -15.8320694   0.467529    2.       
 6.77695513 14.79341888 -2.45727491  4.        
-5.82786608 15.57070923  5.12411499  3.        
 4.50830793 14.65785217 -6.27313185  4.        
  2.03311896 -12.18230438   0.81332397   2.        
  1.94588494 -12.99131775   0.649872     2.        
  2.09255195 -14.44988632   0.75531      2.        
 0.49208799 11.70708466 -1.55499303  4.        
 2.05925012 -4.87793016  0.837677    2.        
 1.91682398 -6.12213898  1.01492298  2.        
-6.62121582 15.44101715  7.35626221  3.        
-6.21702623 15.29615021  3.43099999  3.        
 8.83633423 15.33603668 -6.37060499  4.        
 1.97745502 -3.6600039   0.75869799  2.        
14.24604034 13.10025024 -7.58874512  4.        
0.63374299 4.2352519  0.116028   2.        
-1.58150494 11.91551971  1.20642102  3.        
14.55796814 11.06028748 -9.62124634  4.        
-4.48638201 15.1054306   5.84814501  3.        
 1.27197301 -5.06048584  0.559784    2.        
 13.55750275  10.82830048 -10.78192139   4.        
1.19818902 1.49939001 0.30715901 2.        
  2.9702301  -14.27209473   1.06079102   2.        
 0.44470999 10.05535126 -1.19244397  2.        
-9.7943573  15.82807159  7.63153076  3.        
 7.34674788 15.14098358 -7.63382006  4.        
-0.76473999 10.01187134 -0.252197    2.        
 0.56639898 10.41410065 -0.94882202  2.        
13.51654053 12.89400482 -9.27932739  4.        
14.46298218 11.55554962 -9.48251343  4.        
 1.98043799 13.79804993 -3.83669996  4.        
-4.84424591 14.59853363  2.28463793  3.        
10.21728516 13.98895264 -4.21594191  4.        
14.41799164 12.44322968 -7.93923998  4.        
 7.2762599  15.29241943 -4.87557983  4.        
 4.34835815 14.29051208 -3.03018188  4.        
-9.81899261 14.61862183  9.45669556  3.        
 13.99332428   9.54389191 -10.62374878   4.        
10.4354248  15.12158203 -5.04364014  4.        
  2.16210198 -12.18344879   1.47921801   2.        
-6.91117907 15.86843872  5.34448195  3.        
12.17237854 13.9030838  -5.419312    4.        
  2.84790802 -15.085392     1.05938697   2.        
 9.52792358 13.82695007 -9.48080444  4.        
 5.6603241  14.84322357 -3.32278395  4.        
-11.34264374  15.54187775   5.75213623   3.        
 0.42123401  9.85788727 -0.082703    2.        
-2.08124495 11.34119415  0.25866699  3.        
  2.63388801 -14.34017181   0.44226101   2.        
10.68843079 15.13581085 -6.72427416  4.        
 0.77745801 12.48782253 -2.35516405  4.        
  2.92850494 -12.75651646   0.15649401   2.        
