-10.93715668   7.9847641    0.062714     4.        
17.0588913   8.27990723 -2.83752394  3.        
  4.90463305 -12.9355011    4.49981689   2.        
2.52899909 1.34043896 0.31982401 2.        
 5.90311384 11.49979401 -4.534729    3.        
-3.05633497  6.93738604 -2.95752001  4.        
-17.07376862   2.74336195   0.102875     4.        
11.29376221 11.74981689  1.08532703  3.        
 4.61004591 -5.20904493  3.94021606  2.        
2.65199304 8.79531097 1.56634498 3.        
12.1354599  12.08115387 -5.12616014  3.        
-5.83815002  6.95853376  1.86523402  4.        
-13.1737442    4.3215642   -3.06347704   4.        
-8.16963959  6.31072187 -3.98983788  4.        
 6.48928785 11.59654236  0.4021      3.        
 1.85346997  9.2984314  -3.1747129   3.        
 0.111595    5.16993713 -0.121063    2.        
-15.1727829    6.76616716   0.32345599   4.        
 2.47556305 -2.99887896  0.89621001  2.        
14.63172913 11.48802185 -1.49481201  3.        
 9.28733063 12.78263855 -2.35140991  3.        
 5.57145691 -9.04393768  4.18652296  2.        
-6.23760986  8.15855408 -1.58288598  4.        
-2.66268897  7.40247297  0.49588001  4.        
 4.29087782 10.83823395 -1.75579798  3.        
-11.09130096   6.66964006  -2.77185106   4.        
14.95462799 10.92150879 -4.61395311  3.        
 8.88048553 12.11894989 -5.31137085  3.        
 1.05825806  7.82745409 -0.73327601  3.        
12.07461452 12.72602081 -1.56533802  3.        
-8.62120056  7.57829285  1.63986194  4.        
-15.46399689   4.54994202  -1.36825597   4.        
-8.92189789  7.93730211 -1.90655506  4.        
4.98631287 9.96672821 1.92639196 3.        
 8.75458527 11.09381866  1.62268102  3.        
-5.45434618  7.09629822 -3.95489502  4.        
-13.48207092   6.47332811  -1.61016798   4.        
 6.90975189 11.70124817 -2.20068407  3.        
 3.48560309 -0.77610803  1.55435205  2.        
 4.62663984 -3.454391    2.10790992  2.        
15.74465942  9.32628632 -0.93859899  3.        
-12.60527039   6.42581892   1.04766798   4.        
 3.40759993  8.74659729 -0.76660198  3.        
 4.82584381 -7.2660141   2.65896606  2.        
 3.68714905 10.49591064 -4.18951416  3.        
0.67070001 2.83857703 0.085999   2.        
-1.255234    6.66755676 -1.39389002  4.        
 9.24903107e+00  1.27290039e+01 -8.30100011e-03  3.00000000e+00
13.22644043 10.69593811  0.29046601  3.        
-16.49966431   4.94728804   0.733917     4.        
13.62875366 12.3135376  -3.33703589  3.        
-4.08578491  7.86881304 -1.13961804  4.        
16.10137939 10.18443298 -2.91213989  3.        
11.0845871  12.94806671 -3.48791504  3.        
  5.57310486 -10.95845795   5.07406616   2.        
-6.98860216  8.14675903  0.43383801  4.        
 4.19099379 -5.49453688  1.87866199  2.        
-11.17921352   4.69797516  -3.18597388   4.        
 4.04150391 10.47395325  0.208618    3.        
 7.83592987 12.42523193 -3.67449999  3.        
-10.72679901   6.6207962    1.32550001   4.        
-4.47569323  7.69901323  0.740417    4.        
-7.33000994  7.82144213 -3.03796411  4.        
 2.07102203 -0.45114899  0.38809201  2.        
-15.69780731   2.71757507  -1.26590002   4.        
 6.88222504 10.49589539  1.82723999  3.        
-12.96482086   7.60176897  -0.285431     4.        
-8.93365479  8.14771271 -0.106262    4.        
 7.87162018 11.81277466 -0.68972802  3.        
-14.1849823    3.24927497  -2.09033203   4.        
-9.89525604  5.75055695 -3.76681495  4.        
 4.58992815 -7.62750196  4.49426317  2.        
 1.11286902  7.91277313 -2.47915697  3.        
-11.67865753   7.4513402   -1.37445104   4.        
 1.42449999  6.1952672  -0.52075201  3.        
10.85050964 12.35137177 -0.47235101  3.        
 2.84233904  9.87333679 -1.87600696  3.        
-4.54298401  7.97000885 -2.75076294  4.        
 5.36520386 11.67921352 -2.85501099  3.        
 5.78361511 10.86886597 -1.012115    3.        
1.57090795 7.73573303 0.87539703 3.        
 1.48466504  4.24216509 -0.217804    2.        
10.5042572  12.33631134 -5.19085693  3.        
  4.96086884 -11.49733734   3.66809106   2.        
12.53421783 12.12145996 -0.056427    3.        
15.06394958 11.40427399 -3.06674194  3.        
 9.66608429 12.1056366  -3.75942993  3.        
 3.39336395 -2.42372108  2.06195092  2.        
-12.44316864   5.82860613  -2.61737108   4.        
2.09120893 9.07175541 0.122345   3.        
14.63114929 10.18502045 -0.233612    3.        
 7.36148119 11.66240692 -5.03836107  3.        
-7.60697889  7.71469116 -1.00479102  4.        
-2.62870002  7.3732152  -1.45141602  4.        
-14.79328156   5.90644789  -1.02371204   4.        
13.67108917 11.75580597 -4.79064894  3.        
-1.19859302  6.56480408  0.136841    4.        
-14.0278244    4.9968338   -2.00381494   4.        
-9.65414429  7.06150818 -3.037323    4.        
10.71334076 12.34023952 -2.10882592  3.        
15.6638031   9.31651306 -4.06817579  3.        
-10.18522644   7.44731092  -1.25570703   4.        
-5.54449511  7.59738922 -0.30423     4.        
-7.31910706  6.8415451   1.64871204  4.        
 7.85880995 12.03807831  0.811279    3.        
13.19319916 11.82427979 -1.94784606  3.        
-16.57811737   4.02981615  -0.559448     4.        
 2.02536011  8.71002197 -1.40377796  3.        
 5.24386597 11.06732178  0.97216803  3.        
 3.57424212 10.01564789  1.54504395  3.        
 3.30400109 -3.99531603  2.19436693  2.        
 0.31498     6.64918518 -1.29977405  3.        
 9.86026001 11.88617706  0.96276897  3.        
12.26512146 12.16509247 -3.70507789  3.        
-13.79383945   7.24108887   0.804443     4.        
-6.87518311  6.77662706 -4.22848511  4.        
-15.94805145   5.74571991  -0.264038     4.        
 5.22055817 -5.96242523  2.85400391  2.        
-9.90441895  7.73873091  1.170959    4.        
 2.33069611 -1.474419    1.30514503  2.        
16.47619629  8.35358429 -1.59964001  3.        
 5.68830109 -7.77811384  3.68563795  2.        
15.62026215 10.49784088 -1.63049304  3.        
 2.02422309  2.55349708 -0.053467    2.        
-2.34405494  6.11158705 -2.13601708  4.        
 8.0470047  12.47084808 -1.86053503  3.        
-5.92513323  8.02565002 -3.09060693  4.        
 9.5723877  12.14651489 -1.19738805  3.        
  5.62424517 -10.29932404   3.70165992   2.        
2.55280304 0.190804   1.46142602 2.        
-1.03534698  5.53216505 -0.68298298  2.        
1.21677399 1.57413495 0.32882699 2.        
-3.56327105  6.94270277  1.35156202  4.        
 6.57314301 12.10028839 -3.41247606  3.        
-14.14955902   7.01017809  -0.61566198   4.        
 3.4095149  10.56798553 -2.90945411  3.        
-4.27321577  6.74963379 -3.40258789  4.        
 6.51029205 12.00372314 -0.99160802  3.        
0.63536102 7.05904388 0.227631   3.        
 4.45082903 -4.54337311  2.83975196  2.        
-11.79472446   7.43513489   1.02606201   4.        
-5.83509779  7.89595795  0.931427    4.        
13.527565   11.59078217 -0.65591401  3.        
12.56731415 11.07819366 -4.46694994  3.        
 4.6464839  -8.48805237  3.50418091  2.        
 4.6408391  10.75049591 -3.3904109   3.        
 0.263809    3.97621894 -0.51559401  2.        
 3.88127899  9.92866516 -0.97610497  3.        
16.25678253  7.30261993 -2.83660889  3.        
 2.37696791  7.82580614 -0.57382202  3.        
 4.52693176 -6.60217285  3.68356299  2.        
-16.57836914   3.67457604   0.78338599   4.        
16.50327301  9.55344391 -1.91036999  3.        
3.22991896 9.52429199 0.26062    3.        
-8.40440369  7.24203491 -3.047333    4.        
 3.70736694 -3.22796607  1.22119105  2.        
 8.61549377 11.67208862 -4.20050097  3.        
 2.70766401  9.91223145 -3.82968092  3.        
-2.23102593  6.57261705 -0.65741003  4.        
-5.11746216  7.68393707 -1.70437598  4.        
11.1886673  11.91332245 -4.33624315  3.        
-3.66436791  7.33392286 -0.107147    4.        
12.51948547 12.57403564 -2.6217041   3.        
  5.76748705 -11.8887558    4.42172194   2.        
-3.72714996  7.3053441  -2.09539795  4.        
12.33354855 11.27166653  0.727539    3.        
-12.45120239   6.85942793  -1.97604406   4.        
15.89839172  8.36162567 -3.0567019   3.        
 4.69759417 10.87130737 -0.63284302  3.        
-4.73127794  7.0236659   1.62274206  4.        
  5.05934095 -10.01896667   4.64376783   2.        
14.13694    11.33818817 -3.84539795  3.        
-6.76435089  7.84886217  1.57018995  4.        
-8.14834595  8.07808685  0.74612403  4.        
 3.65651703 -1.74469805  1.00967395  2.        
 8.66984558 12.10787964 -2.99633789  3.        
16.67520905  9.28180695 -3.23312402  3.        
 4.00148821 -5.74679613  3.17974901  2.        
-9.41403198  6.80593109  1.571136    4.        
 4.90245104 11.03617859 -4.44659424  3.        
14.13102722 11.54730988 -2.47351098  3.        
 7.37048292 11.46776581 -3.94287109  3.        
-0.040863    5.59134722 -1.14328003  2.        
15.68869781 10.61038208 -3.83331299  3.        
 5.77056885 11.64440918 -1.84417701  3.        
1.84453595 0.57231897 0.67208898 2.        
 9.98085022 12.97058868 -3.16354394  3.        
 8.67361355 12.70138454 -0.967682    3.        
  5.65286303 -12.66617584   3.6872561    2.        
-7.57784319  8.08403778 -2.01379395  4.        
 5.79662323 10.79543304  0.0914      3.        
-10.92536163   5.72652388  -3.46273804   4.        
10.38277435 12.6769104   0.459869    3.        
10.32223511 12.90962982 -1.23196399  3.        
-15.16930389   3.58312201  -1.83917201   4.        
 3.0868001  -0.77934998  0.56454498  2.        
 7.60823107 11.18527222  1.39053297  3.        
-11.92123413   7.45706177  -0.18490601   4.        
 8.87652588 12.30226135  0.89425701  3.        
-9.19639587  6.53207397 -3.92651391  4.        
-12.26496124   4.81562805  -2.88619995   4.        
 2.63509393  9.42145538 -0.94769299  3.        
-6.495224   7.6935811 -0.686737   4.       
 4.34628296 10.60595703  1.20907605  3.        
 5.82391405 10.53477478  1.74493396  3.        
-7.76235199  7.24878693 -3.91934204  4.        
-10.64212799   7.39057207  -2.19897509   4.        
-9.99008942  7.74802399 -0.231049    4.        
 1.126472   5.2493968 -0.076813   2.       
1.47820306 3.39601111 0.35345501 2.        
-14.36827946   6.41064501   0.88467401   4.        
 4.15393782 -4.42179918  1.85141003  2.        
12.66693115 12.07854462 -1.067505    3.        
 5.50080109 -6.81317902  3.90737891  2.        
 8.27120972 12.47906494 -0.049774    3.        
 0.395248    6.09951782 -0.37399301  2.        
 1.55008698  8.87276459 -2.32318091  3.        
2.92383599 0.182335   0.34841901 2.        
 7.46950483 12.44629669 -2.74603295  3.        
-16.5628891    3.00089312  -0.85943598   4.        
 2.94451904  9.5473938  -2.9342351   3.        
11.42073822 12.44935608  0.390533    3.        
-9.17375946  7.66702986 -0.94137597  4.        
11.77372742 12.70580292 -0.51904303  3.        
1.79858398 8.68969727 1.07836902 3.        
-12.78819275   7.51490784   0.68289202   4.        
 0.72659302  7.5014801  -1.60458398  3.        
-15.81814575   5.83445692   0.70626801   4.        
-6.31742096  7.55866194 -3.87295508  4.        
11.52255154 12.35554504 -2.66317797  3.        
 8.83345795 12.66187954 -3.7875669   3.        
-13.41905975   5.66969299  -2.36584496   4.        
-7.8637538   8.25574493 -0.241364    4.        
 5.61122894 11.15317535 -3.68002295  3.        
-12.87939453   7.20249891  -1.16137695   4.        
 4.44969893 -6.34492493  2.41570997  2.        
12.97058868 12.25190735 -4.353302    3.        
 7.25997877 12.05387115  0.052795    3.        
-4.63607788  7.89509583 -0.209015    4.        
-10.96668243   7.92254591  -0.89538598   4.        
 5.47134399 -8.18360901  4.59478807  2.        
-4.78123522  7.7437439  -3.64987206  4.        
-13.74878693   4.11499023  -2.32913208   4.        
10.15624237 12.68060303 -4.34320116  3.        
2.72012305 9.63221741 1.11654699 3.        
-6.65601397  8.12786102 -2.44012499  4.        
-10.84320831   7.54962206   1.16595495   4.        
15.01005554 10.96025085 -2.18572998  3.        
1.95423901 1.69415295 0.98040801 2.        
-15.8870163    4.85714006  -0.57601899   4.        
-7.70313978  7.80176497  1.629547    4.        
14.38019562 11.06273746 -0.69543499  3.        
-9.08808899  8.05631256  0.84378099  4.        
 1.21068597  8.32530212 -1.64614904  3.        
 6.44045305 11.00558472  1.12225294  3.        
 3.97836304 -3.03488898  2.62908912  2.        
-15.77794647   3.62371111  -1.06744397   4.        
 4.97635603 -9.63061523  3.77615404  2.        
 4.56594086 11.22546387 -2.59622192  3.        
-9.62749481  7.38751221 -2.15109205  4.        
 1.49359095  7.11203003 -0.337311    3.        
-2.7677381   7.39738512 -0.54196203  4.        
-14.71052647   4.38052416  -2.01971412   4.        
 3.08405304 -1.58109295  1.86975098  2.        
 1.61669898  8.53076172 -0.56191999  3.        
 7.26570082 11.5598526  -1.37145996  3.        
-0.499603    6.02444506 -0.134003    2.        
11.20098877 12.26204681 -1.30804396  3.        
11.7807312  12.66668701 -4.2902832   3.        
 8.12211609 12.1600647  -4.81121778  3.        
-1.844818    7.19174194  0.021545    4.        
 3.69145203 10.16957092 -2.14453101  3.        
 4.60107422 -7.55090284  3.59130907  2.        
 4.97766876 10.47570038  0.305664    3.        
 2.40365601  9.14792633 -2.21084595  3.        
 6.22991896 11.42081547 -2.80673194  3.        
10.46924591 11.32872009  1.32962     3.        
 8.91646576 12.13271332 -1.816589    3.        
-0.064354    4.72210693 -0.90359497  2.        
 6.41635895 11.19009399 -0.458801    3.        
1.01908898 7.9116292  0.15969799 3.        
 5.1808238  10.97270966 -1.90093994  3.        
-10.28610229   6.43887281  -3.13742089   4.        
-11.53089142   6.84229279  -2.01635695   4.        
 0.96598798  3.42644501 -0.50796503  2.        
-14.15542603   5.90531206  -1.66592395   4.        
15.24034119 10.40869904 -0.822357    3.        
  5.06472778 -10.9240036    4.36212206   2.        
 4.05928802 -2.44242907  1.38095105  2.        
-16.91818237   4.27738905   0.207672     4.        
-3.75949907  7.45560503 -2.98852491  4.        
 9.24074459 12.38034821 -4.55944777  3.        
-11.81417847   5.6098938   -3.17971802   4.        
-14.90067291   5.16417694  -1.607849     4.        
 2.86422706 -2.21691895  1.32290602  2.        
-2.03903198  6.87584686 -1.87387097  4.        
16.49615479  8.83860016 -2.39456201  3.        
-5.87001801  7.7573781  -2.27264404  4.        
  4.88134003 -12.33113861   3.87722802   2.        
-1.64190674e+01  3.29159594e+00  1.82999996e-04  4.00000000e+00
-11.63839722   6.60318804   1.16326904   4.        
0.780846   3.95865607 0.17892499 2.        
10.50408936 12.32045746 -3.44674706  3.        
-6.22803497  8.08659363  0.049561    4.        
 6.46450806 11.37670898 -3.90329003  3.        
 9.97821808 12.29712677 -0.184753    3.        
-4.87447405  7.48265791 -0.91336101  4.        
-15.17964172   6.21918488  -0.325317     4.        
-3.48666406  7.27273607 -1.21057105  4.        
-8.43916321  8.08288574 -0.914276    4.        
 9.8819046  12.26945496 -1.97860706  3.        
 4.84706879 -5.24226379  3.09939599  2.        
 0.80617499  4.73217821 -0.658813    2.        
13.91316986 11.91934967 -1.41616797  3.        
 6.48597002 11.23093414 -1.31381202  3.        
-3.50700402  7.48796082  0.70080602  4.        
-8.27540588  7.8700099  -2.43368506  4.        
 2.61700392  8.60894775 -0.40530401  3.        
 7.37257385 11.36833954  0.51446497  3.        
-3.51590705  6.27800798 -3.17550707  4.        
16.20050049  9.87310028 -3.67807007  3.        
 3.87432909 -3.84013391  2.80581689  2.        
 1.24344599  2.47264099 -0.388733    2.        
-5.36615705  7.57299805  1.53347802  4.        
12.98447418 11.50225067  0.258728    3.        
 2.49401093 -0.56227899  1.12664795  2.        
16.73120117  7.71816301 -2.30435205  3.        
14.44435883 11.90373993 -3.2714231   3.        
-0.66674799  6.10551405 -1.27075195  4.        
2.65180993 0.86689001 1.01010096 2.        
 7.28129578 11.70556641 -3.16784692  3.        
13.0812912  11.99978638 -2.75820899  3.        
-2.8951869   6.88760424 -2.04852295  4.        
 5.48722792 -8.83648682  5.08050489  2.        
 0.97223699  7.03784895 -0.95770299  3.        
 4.7718811  -8.94950104  4.30236816  2.        
-13.483078     7.06056976   0.029694     4.        
14.44218445 11.55130768 -4.61935377  3.        
11.88933563 12.84785461 -3.47534204  3.        
11.30261993 12.19500732 -5.18838501  3.        
-16.47177124   5.11036682  -0.075409     4.        
-13.54360962   4.92524004  -2.65655494   4.        
3.30398607 9.30221558 1.81265295 3.        
-15.47445679   5.48535204  -0.92288202   4.        
-6.99258423  7.74015093 -1.57885695  4.        
10.1120224  11.87841797 -4.39630079  3.        
-5.5401001   8.01110077 -0.99368298  4.        
14.97628021 11.3319397  -3.86117506  3.        
 3.90484595 10.22914886 -3.44128394  3.        
 7.47354889 12.35865021 -1.11984301  3.        
 5.96963501 -9.73744202  4.19644213  2.        
-5.21480608  7.95723009  0.43044999  4.        
12.91413879 12.60657501 -3.54293799  3.        
13.95626068 10.63327026 -0.029297    3.        
12.79763031 12.53148746 -1.84368896  3.        
 3.20085907  9.90406036 -0.441223    3.        
-1.40389204  6.79379988 -0.61962903  4.        
15.56143188 10.78515625 -2.98788404  3.        
 1.83771503  1.17402697 -0.042542    2.        
-14.4173584   7.1555481   0.121704    4.       
-16.6703186    2.88541389   0.85467499   4.        
 8.51081753 11.9431076  -1.15393102  3.        
-9.04107666  7.59312391 -2.71939111  4.        
 9.65155792 12.84327698 -0.80731201  3.        
 8.44094086 11.7864151   1.315521    3.        
 6.65788317 11.72027588 -4.67413282  3.        
15.15819454  9.64189911 -0.50808698  3.        
13.43025208 11.65379333 -4.01721191  3.        
 1.71707201  3.14066291 -0.485962    2.        
-2.11848497  6.8098979   0.65750098  4.        
16.23526001  8.82291412 -3.70040894  3.        
-8.23990631  7.6879878  -1.59887695  4.        
-16.06937408   2.34672499  -0.68072498   4.        
3.76379395 9.90627956 0.79235798 3.        
1.53211999 8.50886536 0.21661399 3.        
 9.66426945 11.33784485  1.48583996  3.        
-8.50919342  6.99559021 -3.83328295  4.        
-5.25622606  7.65608978 -2.74279809  4.        
 5.34440613 -6.6713872   3.15252709  2.        
 5.64984894 11.41233826 -0.47015399  3.        
 9.32210541 12.78169346 -1.572662    3.        
1.46967304 2.28562903 0.51889002 2.        
  5.77201796 -11.17831421   4.10320997   2.        
 3.51113892 -3.19690704  2.02966309  2.        
 4.16182709 10.55587006 -2.71719408  3.        
4.17414093 9.72890472 1.93988001 3.        
13.8946228  11.01742554 -4.50790405  3.        
11.02503204 12.64648438 -4.51211596  3.        
 9.21444702 12.90898895 -3.12481689  3.        
 4.38302612 10.15132141 -0.40112299  3.        
  5.14112806 -11.62329865   4.77944994   2.        
 4.94413805 -5.96615601  3.57763696  2.        
 9.65940094 12.24407196 -5.18841505  3.        
 8.27109528 12.66167355 -2.64700294  3.        
-11.86454773   6.46274614  -2.59179711   4.        
 3.77347589 -4.662323    2.5067749   2.        
 7.08375502 11.52403259 -0.61828601  3.        
-10.20012665   7.96958923   0.50796503   4.        
-3.05412292  6.24025679 -2.57086205  4.        
-6.54215193  7.01258087  1.57946801  4.        
-10.94403839   7.25244904  -1.40188599   4.        
 8.84037018 12.11387634 -0.394409    3.        
-14.08851624   6.37258101  -1.022614     4.        
 7.95543718 11.75476074  0.114014    3.        
15.22409058 10.15267944 -4.21737719  3.        
 6.47731781 12.15395355 -2.62554908  3.        
10.74607754 12.91171265 -2.81289697  3.        
12.89918518 11.82311153 -4.97164917  3.        
-2.87178802  6.79679918  1.08389294  4.        
16.3713913   9.07638645 -1.34149206  3.        
-4.26616716  8.00704956 -1.85730004  4.        
  5.30288696 -12.36106873   4.77871704   2.        
 3.93552399 -5.00152588  3.24945092  2.        
-7.29290819  7.69833422  1.00875795  4.        
-7.15767717  8.18265533 -0.48605299  4.        
 2.98818994 -3.50851393  1.09533703  2.        
 3.7966001  -1.81150806  1.84112501  2.        
12.19120026 12.10356903 -1.96508801  3.        
 7.32524109 12.27579498 -1.89581299  3.        
 2.95412397 -1.44717395  0.87420702  2.        
-7.08418322  7.32887983 -3.61526489  4.        
-6.61528015  7.60324907 -3.04675293  4.        
 9.68727875 12.34431458 -2.88241601  3.        
 9.46226501 12.10977173  0.37237501  3.        
12.05084991 11.92358398  0.50219703  3.        
 0.81896198  5.57712603 -0.69464099  3.        
 5.06361389 10.62815094 -1.23315406  3.        
11.33972168 12.80721283 -1.79299903  3.        
 3.68937707 -3.93228197  1.45578003  2.        
11.38832092 12.3132782  -3.74682593  3.        
 4.65681505 -5.61481524  2.48931909  2.        
-13.4094162    6.90788317  -0.73962402   4.        
-11.15087128   7.43137407   0.49996901   4.        
-13.15520477   6.82909393   0.64724702   4.        
15.00232697 10.85982513 -1.40197802  3.        
11.10077667 12.91664886 -0.869537    3.        
 3.31686401 -0.220322    0.98107898  2.        
-4.16995192  7.49606323  1.37246704  4.        
 2.61431098  9.52311707 -0.22427399  3.        
  4.95020294 -10.57341003   3.64395094   2.        
-12.85760498   6.16079712  -2.11682105   4.        
-5.64116716  7.80728197 -3.72625709  4.        
 5.21024323 -7.67805481  3.14587402  2.        
12.36038208 11.86251831 -4.42770386  3.        
-0.50627899  4.59352922 -0.34121701  2.        
 5.88687086 11.86920929 -3.46487403  3.        
 3.4036479  10.20118713 -1.481323    3.        
  5.64560699 -10.2399292    5.11456299   2.        
 2.31171393  9.72969055 -2.62637305  3.        
 5.11100006 10.58772278  1.58346605  3.        
-12.39044189   7.64386702  -0.71749902   4.        
-9.53599644  7.87423706 -1.53643799  4.        
16.09626007  9.83235168 -1.38900805  3.        
2.405792   8.92969513 0.78066999 3.        
-1.75757599  6.1230998  -1.72454798  4.        
2.27889991 2.16960907 0.55395502 2.        
 7.56178999 12.02172947 -4.38729906  3.        
-8.20341492  6.99993086  1.59402502  4.        
 5.1880722  -8.95118046  3.55740404  2.        
 8.13715363 12.00122833 -2.41665697  3.        
-16.09129333   4.26151323  -1.10513306   4.        
 5.84346008 11.26108646  0.64239502  3.        
-10.19871521   7.06646013   1.16055298   4.        
 4.9439621  11.39124298 -3.42102098  3.        
 1.69221497  7.78936005 -0.27316299  3.        
 9.52303314 12.82343292 -3.77258301  3.        
0.92723101 6.33708191 0.025146   3.        
 5.18216705 -7.44979095  4.05090284  2.        
16.51589203  9.62268829 -2.61117506  3.        
-9.48951721  7.8120122   0.259857    4.        
11.94390106 12.23500061 -1.01391602  3.        
2.43743896 0.67961103 0.09552    2.        
-10.27485657   5.20216417  -3.54251099   4.        
 8.11591339 10.81098938  1.70678699  3.        
 4.42463684 10.33502197 -1.21646094  3.        
0.46913099 4.56475115 0.011139   2.        
 8.68654633 11.94320679  0.322449    3.        
15.69335175 10.44343567 -2.32562304  3.        
-12.93257904   5.22431183  -2.82492089   4.        
 1.594383    1.86489105 -0.184631    2.        
 2.1102829   8.9896698  -0.75155598  3.        
-12.23566437   7.06233978   0.631378     4.        
 3.8098979   9.85851288 -0.100433    3.        
-12.05461884   7.76058197   0.43087801   4.        
-5.18561506  8.13373566 -2.23788404  4.        
-12.50244904   4.15508986  -2.96585107   4.        
-7.56378889  6.56585693 -4.22412109  4.        
10.40232086 12.86325073 -0.321228    3.        
 0.54196203  6.85186815 -0.431122    3.        
 3.17799401 10.38555908 -3.63055396  3.        
 7.94562483 11.83757019 -1.54620397  3.        
-14.87677765   2.95951104  -1.74117994   4.        
-9.16320038  7.35241699  1.22268701  4.        
 0.36992601  3.44752502 -0.079254    2.        
10.44200134 12.21643066 -1.48333704  3.        
 5.28614807 11.30158234 -1.30029297  3.        
 4.10675097 -2.60411811  2.05252099  2.        
 7.93565416 11.92959595 -3.19924903  3.        
2.10880995 8.12016296 1.32034302 3.        
 1.59446704  8.36634827 -2.79165697  3.        
 3.22866106 -2.7469101   1.071136    2.        
 6.98195601 11.43585205  1.07998705  3.        
-1.03597999  6.21299696 -0.56048602  4.        
10.80615234 12.09312439  0.74069202  3.        
 4.88577986 -8.09203339  4.01437378  2.        
-15.18184662   6.18355608   0.69049102   4.        
-9.00714111  6.87568712 -3.36077905  4.        
 4.45132494 -4.95480299  2.28790307  2.        
-10.26782227   7.09796095  -2.72888207   4.        
-2.05297089  7.1217041  -1.17285204  4.        
16.93739319  8.34558105 -2.10882592  3.        
 6.92428589 11.99692535 -3.99340796  3.        
-11.61510468   7.86380816  -0.67837501   4.        
 4.692451   -4.26677704  2.26080298  2.        
13.78429413 12.11026001 -2.70492506  3.        
10.14157104 12.83023834 -2.26547194  3.        
 9.20424557 11.74012756  1.09622204  3.        
 1.62815905  8.03884888 -1.19043005  3.        
 6.52090502 11.96343231 -1.70791602  3.        
0.90840101 7.56189013 0.73220801 3.        
-8.99951172  5.8827672  -3.89303589  4.        
 4.18938494 10.93470764 -4.06204224  3.        
16.78931427  7.78471422 -3.2149961   3.        
-6.48471785  7.70298004  0.92193598  4.        
-1.44676197  5.83874512 -1.12533605  4.        
 5.5246048  -8.42249298  3.80499291  2.        
 2.84871697 10.12086487 -2.51721191  3.        
-9.77945709  8.04232788 -0.79821801  4.        
 6.62814283 11.82247162 -0.214935    3.        
13.94850922 12.08622742 -3.88201904  3.        
 4.33783722 -6.33894396  3.07763696  2.        
 8.00084686 12.54102325 -0.74734497  3.        
-9.69254303  6.36796618 -3.50619507  4.        
 5.24007416 11.08401489 -2.57540894  3.        
-4.84262896  6.92837477 -3.74288893  4.        
10.49681854 12.91840363 -3.80505395  3.        
-6.14811707  7.61769104  1.68713403  4.        
-8.31463623  7.88148499  0.079559    4.        
-7.74844408  7.27719116 -3.25216699  4.        
 5.23812103 10.65447998 -0.30725101  3.        
 2.81767988 -0.58789098  1.70895398  2.        
 8.84747314 11.9727478  -3.65496802  3.        
-3.21963501  7.58644104 -1.73126197  4.        
13.60803986 11.19802094 -0.05368     3.        
  5.67401123 -10.27388      4.45202589   2.        
 4.46446991 -6.99125719  3.14282203  2.        
-14.53853607   6.60168505  -0.26647899   4.        
 7.24459124 12.33426666 -3.38870192  3.        
2.2416079  0.035797   0.89773601 2.        
-16.48944092   3.61035204  -1.10357702   4.        
-4.30514479  7.41635084 -0.58609003  4.        
-6.03638506  7.61189318 -1.16442895  4.        
10.96128845 12.77043247  0.045197    3.        
 7.99368286 11.65310669 -3.8409121   3.        
-7.67857409  7.59843397 -2.48370409  4.        
 8.51486969 12.364151   -4.27944994  3.        
-11.40216064   6.14735413  -3.0219121    4.        
 2.35984802  9.38744259 -1.54135096  3.        
 8.32580566 12.659729   -3.29980493  3.        
 5.90931702 11.7328949  -1.21060205  3.        
 3.20671797  9.59664154 -1.21142602  3.        
10.2796936  12.28119659 -0.85394299  3.        
-12.07989502   6.90526581  -1.44104004   4.        
12.38824463 12.49706268 -0.56897002  3.        
16.59945679  8.57478333 -3.1907351   3.        
-7.6641922   7.83870697  0.38442999  4.        
  5.50440216 -12.76845646   4.31149292   2.        
-5.1567378   7.53231812  0.91848803  4.        
-12.56528473   7.27503204   0.113739     4.        
 7.06147003 12.17208862 -0.58560199  3.        
-12.81789398   6.56455994  -1.52883899   4.        
13.23027802 11.85349274 -1.29550195  3.        
-14.35736084   3.82749891  -2.32479906   4.        
 9.48931885 11.73120117 -4.49047899  3.        
12.47701263 12.6227417  -4.16247606  3.        
-3.9426651   7.79108381 -2.46163893  4.        
12.87494659 11.89071655 -3.79025292  3.        
 2.62277198  8.72759342 -1.16332996  3.        
 2.06932807  8.81677341 -2.7002871   3.        
 4.14640808 -3.363693    1.690552    2.        
 2.33870697 -1.10150099  0.78378302  2.        
-5.57293701  8.13367462 -1.66952503  4.        
 0.89547002  4.10372877 -0.57077003  2.        
-0.47181699  5.43512678 -0.39431801  2.        
-10.20549774   7.696877    -1.84439099   4.        
16.80058289  8.93385315 -1.84075904  3.        
0.56530797 5.56297302 0.095001   2.        
16.05435944  9.99914455 -2.04486108  3.        
-8.20648193  7.57040405  1.15582299  4.        
-10.62078857   7.60528612  -0.464966     4.        
13.93660736 11.99572754 -2.06616211  3.        
 4.52384901 -4.59295607  3.46951294  2.        
-11.7926178    4.46902514  -3.1333921    4.        
 2.24696398  1.777969   -0.044891    2.        
 7.50418091 11.8562088  -2.51452589  3.        
-4.62682295  7.43708801 -3.08496094  4.        
14.07783508 11.42079163 -1.79586804  3.        
1.81545997 1.20976996 0.58975202 2.        
 4.09140778 -5.31096697  2.6655581   2.        
-13.29176331   3.747437    -2.56335402   4.        
 0.78131902  7.48554993 -0.23953199  3.        
14.7358551  11.52229309 -2.26403809  3.        
-16.22705078   5.60744476   0.28469801   4.        
 9.77613068 12.60411072  0.61035198  3.        
-3.71438599  7.64945221 -0.64913899  4.        
 4.00141907 10.89606476 -3.22116089  3.        
-6.79585981  8.09259796 -1.068115    4.        
14.40539646 10.71593475 -4.30130005  3.        
-2.46518707  7.10470581 -0.02182     4.        
11.85848236 11.38066101  1.12231505  3.        
-3.96202111  7.69709778  0.306824    4.        
-5.80858612  7.66129303  0.25921601  4.        
-3.19905901  7.37386322 -2.422333    4.        
 5.86518097 11.88648987 -2.41235399  3.        
 6.26194    11.44544983 -2.17367506  3.        
1.36017597 7.4138031  0.32818601 3.        
-15.58628845   6.11030579   0.13510101   4.        
 5.81543016 10.80002594  1.06076002  3.        
-16.35494995   4.46216583  -0.172058     4.        
-4.90991211  8.01952362 -1.22226     4.        
 2.4365921   9.85796356 -3.27478004  3.        
15.48370361  9.99809265 -1.29068005  3.        
-13.79269409   6.63440704   0.93008399   4.        
 8.72164917 12.64496613 -2.14361596  3.        
13.81443787 11.72534943 -3.37350512  3.        
-14.70172119   6.95233107   0.67633098   4.        
 6.94623613 11.28079987  0.079193    3.        
 1.18327560e+01  1.22004013e+01 -2.28899997e-03  3.00000000e+00
-16.01052856   3.16827393  -0.64733899   4.        
  5.4286499  -11.82067108   3.91326904   2.        
12.19773102 12.30215454 -3.06936693  3.        
 1.56481194  8.2171936  -2.19482398  3.        
11.77198029 11.92657471 -4.59301805  3.        
 2.21991706  8.33174896 -0.88369799  3.        
-11.08674622   7.01567078   0.98779303   4.        
 5.27332306 -9.40522766  4.58117723  2.        
13.01260376 11.79236603 -0.39309701  3.        
16.09144592  9.45411682 -3.1711731   3.        
 3.46675897 -1.14997101  1.070526    2.        
 0.77379602  6.45404816 -0.94909698  3.        
 5.318367   11.07431793  0.34588599  3.        
 4.99701691 -4.81973314  2.68865991  2.        
-11.3411026    5.27173615  -3.3561399    4.        
 2.84014893 -1.18851495  1.47189295  2.        
1.79222906 2.82871199 0.43487501 2.        
11.3914566  12.25263214 -2.07989502  3.        
-11.19586945   7.36414289  -1.94226098   4.        
-0.61721802  5.40406799 -1.15222204  2.        
13.2070694  11.43629456 -4.56774902  3.        
10.26844788 12.33348083  0.969971    3.        
11.06569672 12.4484787  -3.04940796  3.        
2.05692291 0.185173   0.25845301 2.        
-14.71628571   6.49137878  -0.89056402   4.        
-16.88731384   3.69088793   0.063385     4.        
16.15856934  9.02062988 -1.92697096  3.        
11.80537415 12.70637512 -2.26010108  3.        
 4.47161102 10.75061035  0.53005999  3.        
-1.72405195  6.53916216 -0.17712399  4.        
-1.75004601  6.22209215 -0.74145502  4.        
 5.06546783 10.92967987 -3.786865    3.        
3.16957092 9.96064758 0.737091   3.        
 4.72238922 -7.02598619  4.05871582  2.        
 6.3757782  11.01129913  0.358307    3.        
-8.80016327  6.96602583  1.59558105  4.        
10.55245972 12.08811188 -4.05203295  3.        
-15.62670898   4.02989197  -1.61178601   4.        
-5.34052992  6.94652605  1.53787196  4.        
0.85956597 3.37348199 0.26589999 2.        
 4.8314209  10.44393921  0.90496802  3.        
-3.11998796  7.51693678  0.047333    4.        
-5.25546312  8.0298996  -3.20413208  4.        
15.00765991 10.76583862 -4.0368042   3.        
 9.07933807 12.26055908 -2.54119897  3.        
-2.18278503  7.18264818 -0.536865    4.        
-13.77214813   5.52226305  -1.91085804   4.        
1.00650001 2.28798699 0.120117   2.        
 5.45384216 -7.17562914  3.44018602  2.        
 4.52504015 10.19696045  1.63821399  3.        
 1.49466705  3.62644196 -0.234863    2.        
 6.95661879 11.03912354  1.60894799  3.        
-2.95598602  7.09031677 -1.00839198  4.        
 3.85731506 10.76735687 -2.2593379   3.        
3.00550103 0.39743    1.04437304 2.        
13.21788025 12.31643677 -2.26925707  3.        
 9.55384064 12.22562408 -0.61523402  3.        
 6.36982012 10.7381897   1.67105103  3.        
-3.66608405  6.88568878 -2.89147902  4.        
11.19836426 12.79392242 -2.44946289  3.        
1.20511603 2.88003492 0.38738999 2.        
15.733078    9.91720581 -4.05181885  3.        
 6.65367079 11.54016876 -3.26651001  3.        
  4.95532179 -10.16883087   4.08914185   2.        
1.13613105 4.57046509 0.115479   2.        
 4.98819685 -8.21692657  3.11898804  2.        
 3.26923394  9.83474731 -3.46887207  3.        
-10.45614624   7.39916182   0.75976598   4.        
 4.53633118 -3.90821791  2.69030809  2.        
-10.36060333   5.81702423  -3.36456299   4.        
 2.87154388 10.20288754 -3.10665894  3.        
-16.84345245   3.22537208   0.40628099   4.        
-6.87415314  7.80755615 -0.14691199  4.        
-16.86109924   3.17697096  -0.35693401   4.        
-1.83355701  6.58878279 -1.38781703  4.        
 2.42145491  9.26638031 -3.28539991  3.        
-13.3633728    7.42931414   0.458801     4.        
11.74667358 12.43913269 -4.85961914  3.        
 9.2827301  12.17432404 -3.33221412  3.        
-4.50281477  7.58695984 -2.17611694  4.        
 0.089554    5.52813721 -0.57412702  2.        
-15.57720184   3.19265795  -1.57189906   4.        
-11.89096069   7.36286879  -0.79074103   4.        
 3.04190803  9.28388977 -0.56298798  3.        
-1.15049591e+01  7.90538788e+00  3.90599994e-03  4.00000000e+00
10.43977356 12.43863678 -2.69540405  3.        
 8.16825104 12.58080292 -1.30862403  3.        
 2.01053596  8.56802368 -0.144196    3.        
14.16531372 11.34946442 -1.144135    3.        
10.84145355 12.02272797 -4.84927416  3.        
 3.02874804 -2.00312805  0.75656098  2.        
11.29592896 12.83934021 -4.03842211  3.        
-15.03666687   4.19937086  -1.58581495   4.        
2.454041   9.40461731 0.46575901 3.        
  5.68891907 -11.50933838   4.97329712   2.        
-8.01832581  7.73401594 -2.92596412  4.        
 5.98214006 11.40570831  0.106903    3.        
 4.84829712 -6.52271986  2.90258789  2.        
-5.8161931   7.27067614  1.35833704  4.        
-7.87017107  8.0614624  -1.37158203  4.        
-7.04013109  7.71044207 -2.39685106  4.        
-8.84374237  7.85199022  0.37130699  4.        
 8.79026794 12.5262146   0.25946     3.        
 3.79693604 10.25458527 -0.508057    3.        
-4.49112701  7.61000109 -1.51879895  4.        
 2.69757795 -0.314255    0.50494403  2.        
 1.98358202  8.78340244 -1.96792603  3.        
 5.41957903 11.14627075 -4.65261793  3.        
-16.59750366   4.37998199   0.66442901   4.        
-12.76631165   4.62650299  -2.7038269    4.        
 1.46889496  4.91674805 -0.38043201  2.        
-7.69662523  7.21634722  1.45648205  4.        
-4.72940111  7.57793379  1.37939501  4.        
-3.90158796  7.44090986 -1.57498205  4.        
11.63410187 12.39670563 -3.21517897  3.        
 8.03179932 11.532341    1.02096605  3.        
-5.91036987  8.06807041 -0.41674799  4.        
 8.78633118 12.67159271 -0.32376099  3.        
-13.91098022   6.91118622   0.36379999   4.        
3.0525279  9.74472809 1.55554199 3.        
 6.06246901 11.76325989 -3.98803711  3.        
13.91838074 11.66448975 -4.29370117  3.        
-5.26396179  7.40612793 -3.52764893  4.        
 1.236534    7.73438978 -1.45242298  3.        
14.74243164 10.65288544 -0.57153302  3.        
-13.73852539   3.498734    -2.33355689   4.        
-8.94921112  8.11386108 -0.68466198  4.        
 4.5617218  10.75379181 -0.102295    3.        
 4.40216112 10.35149384 -3.70269799  3.        
-14.13793182   4.45531511  -2.11538696   4.        
 8.35546875 12.2503891   0.66671801  3.        
  5.01856995 -11.59382629   4.21810913   2.        
1.68521905 8.25158691 0.69284099 3.        
 9.98782253 12.80216217  0.084869    3.        
-9.48996735  8.13128662 -0.329346    4.        
 1.31227899  4.48231506 -0.69381702  2.        
 2.40576911 -2.49191308  1.16296399  2.        
-12.76322937   7.17507887  -0.58306903   4.        
15.17325592 10.93645477 -3.52062988  3.        
-14.65122986   3.86274004  -1.80706799   4.        
 1.166031    5.78237915 -0.23468     3.        
16.93868446  8.82344055 -2.82119703  3.        
-0.019897    6.30566406 -0.68243402  2.        
-10.84587097   6.35634613  -3.16107202   4.        
 3.53227997 -2.2881999   1.29055798  2.        
10.60125732 12.30757904  0.022858    3.        
 7.47025299 11.70191956  1.08196998  3.        
10.47580719 12.83796692 -1.76156604  3.        
 4.73442793 10.82822418 -2.19830298  3.        
 3.56089807 -2.66583991  2.53280592  2.        
 8.85403442 12.79253387 -2.69860792  3.        
-8.63983059  7.64923096 -1.21554601  4.        
 4.37012482 -5.71472883  3.59310889  2.        
-12.37696838   5.35647583  -2.92984009   4.        
12.85493469 11.02908325  0.53073102  3.        
2.30337501 9.20143127 1.25225794 3.        
-11.68662262   7.35852814   0.33386201   4.        
12.49542236 12.58731079 -1.19427502  3.        
 5.46400404 -9.57189941  4.05069017  2.        
 5.44192505 11.12143707 -3.15625     3.        
 5.17174482 -8.57112122  4.27404785  2.        
14.43406677 11.46222687 -2.92587304  3.        
-5.11532593  7.9621892  -0.47183201  4.        
13.42590332 12.36190033 -3.84625196  3.        
  5.65223694 -10.84714508   3.65820289   2.        
 5.16813707 11.17913818 -0.77767903  3.        
 5.21563721 11.47039795 -2.18554711  3.        
-13.61630154   6.08319807  -1.97286999   4.        
-12.45872498   7.75802612  -0.140991     4.        
-7.40406799  8.20113373  0.064575    4.        
 7.39771986 10.67803955  1.77841198  3.        
-6.72605085  7.75660706 -3.56472802  4.        
 6.77879286 11.63570404 -2.72949195  3.        
 6.82858276 11.13098145  0.65035999  3.        
15.59933472  9.84889984 -0.77606201  3.        
-10.44239044   8.05011845  -0.165649     4.        
13.12438202 12.46627045 -3.04217505  3.        
16.27287292  9.35179901 -3.83624291  3.        
10.10106659 12.55636597 -4.89355516  3.        
-10.72372437   4.95008802  -3.35430908   4.        
-2.51402307  6.8407588  -1.60546899  4.        
-7.26705885  7.48484802  1.72045898  4.        
 5.88970995 11.10980988 -4.14819288  3.        
-4.87911987  7.5507431   0.287323    4.        
 5.8167038  11.29491425 -2.47293091  3.        
2.04537201 8.61688995 0.50686598 3.        
11.80979156 12.17560577 -1.53906202  3.        
-2.49784803  6.52796888 -1.13064599  4.        
 3.3085711  -2.84359694  1.60137904  2.        
-6.37421417  7.74742079 -2.06671095  4.        
 3.33453393 10.05476379  0.197449    3.        
 4.63347578 -9.60956573  4.19842482  2.        
-13.89320374   7.30718994  -0.238708     4.        
 9.92726135 12.85045624 -1.601349    3.        
11.33316803 12.32275391 -0.22427399  3.        
 3.833565   -3.48748803  2.35662794  2.        
-10.432724     7.95042419  -0.99176002   4.        
 4.08652496 10.0761261   1.34140003  3.        
-8.68048096  7.95761108  1.18884301  4.        
-13.73232269   6.7406311   -1.209167     4.        
15.97392273 10.39055634 -3.42779493  3.        
-8.55780792  7.85317183 -0.40432701  4.        
-14.40162659   5.43333387  -1.76928699   4.        
 3.81048608 10.57318115 -1.75521898  3.        
 9.09546661 12.13697147 -0.89083898  3.        
 6.05350494 12.01194    -2.96929908  3.        
-8.72715759  7.53964996 -2.2189939   4.        
 8.25349426 11.7270813   0.566589    3.        
 6.17628479 11.34453583 -3.43185401  3.        
 0.082283    4.53959703 -0.36727899  2.        
 7.52652693 12.3134079  -0.340942    3.        
 5.7506032  11.05832672 -1.51849401  3.        
 9.61614227 12.93367004 -2.75445604  3.        
 1.94279504  9.35154724 -2.50689697  3.        
14.50820923 11.33737183 -3.44720507  3.        
-5.99286604  7.08016205 -4.00485182  4.        
-4.79904222  8.10763645 -1.86026001  4.        
-11.14477539   7.57782698  -0.33422899   4.        
 6.98901415 11.8037796   0.44824201  3.        
 8.38775635 12.02102661 -1.79882801  3.        
-11.80367279   5.00811815  -3.26373291   4.        
-11.3699646    7.41809082  -0.93228102   4.        
 8.71773529 11.77947235  0.83792102  3.        
 4.51422882 10.22434235  0.13055401  3.        
1.13398695 6.80997515 0.184784   3.        
12.79918671 12.10653687 -3.30096412  3.        
-2.45249891  6.60140181 -2.33612108  4.        
-6.24620104  7.70587921 -2.6564641   4.        
1.44645703 3.95646691 0.23858599 2.        
-9.68215942  7.58231306 -1.10760498  4.        
 3.78828406 -1.33388495  1.46151698  2.        
-7.04715014  8.14559174 -1.94632006  4.        
 6.96695709 12.15318298 -1.23352098  3.        
-13.29801941   4.47427416  -2.4962461    4.        
 8.60793304 12.58921814 -1.62097204  3.        
-8.04838562  7.81919909 -0.656708    4.        
12.57025909 12.22304535 -4.82901001  3.        
 1.06877899  7.61413622 -2.00237989  3.        
-15.46839905   4.90468597  -0.96575898   4.        
-16.09042358   3.24271393  -1.27938795   4.        
11.54998016 12.83504486 -1.15106201  3.        
 8.39148045 11.96291447 -0.131989    3.        
 3.49168396 -1.94644201  2.28533912  2.        
 4.39526415 -3.87420702  1.86798096  2.        
-4.11550903  7.74974823 -0.21170001  4.        
-5.5813899   8.12593842 -2.59912109  4.        
 5.54945421 -7.81103516  4.20166016  2.        
 6.88077593 12.2311554  -2.26742506  3.        
 0.041039    4.11627197 -0.043549    2.        
14.42975616 11.85830688 -3.80328393  3.        
-5.53209686  7.62650299 -1.37332201  4.        
 7.36702013 11.56967163 -0.14428701  3.        
-6.60946703  7.7899251   0.317047    4.        
-9.48327637  7.66068316  0.77145398  4.        
-9.67068481  7.26402283  1.36050403  4.        
 4.84839582 10.9094162  -2.92602491  3.        
-12.25106812   6.37032318  -2.23709106   4.        
-10.79440308   6.86191607  -2.37377906   4.        
-3.06639099  7.09609985 -1.57470703  4.        
2.12384009 8.69664764 1.49972498 3.        
 7.82502794 12.5184021  -3.15051293  3.        
-10.13224792   7.22136688  -2.12887502   4.        
14.10522461 10.12600708 -0.18512     3.        
 9.48947144 12.15238953  1.27258301  3.        
-3.76328993  7.84374189 -1.91067505  4.        
 5.07699585 -6.62270403  3.60836792  2.        
 5.56412506 10.65887547  0.56442302  3.        
12.42151642 12.74354553 -3.40417504  3.        
-3.37558699  7.24294281 -0.69369501  4.        
13.63362885 12.11743164 -4.3059082   3.        
10.10209656 12.21759033  0.455475    3.        
-1.70387304  6.74674177  0.33633399  4.        
 3.81344604 -4.0472641   2.068115    2.        
2.22291589 1.10109699 1.20843506 2.        
-11.9310379    5.92310286  -2.6993711    4.        
-6.45046997  8.14920807 -0.42572001  4.        
  5.12242079 -12.95851135   4.00228882   2.        
 0.71971101  7.00045013 -1.44219995  3.        
11.54564667 11.98557281  0.68746901  3.        
13.02138519 12.35062408 -1.34539795  3.        
 3.40940905 -3.52086592  1.62667799  2.        
 1.93979597  3.07078505 -0.013611    2.        
-8.2347641   7.33886719 -3.54507494  4.        
 1.04229701  6.69590807 -0.43926999  3.        
 4.85002089 10.39546204 -0.790649    3.        
 9.18345642 12.7939682  -1.04397595  3.        
 1.53467596  7.61177778 -0.759857    3.        
10.93281555 11.31900024  1.08685303  3.        
-10.64714146   7.62118483   0.32644701   4.        
-6.2075882   8.01833344  0.58554101  4.        
-15.2634964    3.5043869   -1.29354894   4.        
12.70797729 11.98574066 -1.841766    3.        
  5.53307295 -10.69416809   4.17599487   2.        
2.28221893 0.49886301 1.13525403 2.        
3.07829309 9.42490387 0.798706   3.        
-6.23534393  8.07980442 -1.04763806  4.        
  5.04017591 -12.1362381    4.38848877   2.        
 9.37294006 12.24636078 -2.08929396  3.        
 7.78394318 11.92050934 -2.03466797  3.        
11.65583801 12.81947327 -2.91119409  3.        
12.17556    12.19384766 -2.52844191  3.        
2.685776   9.30838013 1.650635   3.        
 7.87911987 12.24965668  0.25787401  3.        
-6.51332092  7.70378923 -1.37857103  4.        
 1.31254601  6.51837206 -0.91281098  3.        
 9.30492401 12.171875   -0.119415    3.        
 9.26102448 12.53848267  0.63034099  3.        
-1.64370499e+01  3.98353601e+00  1.28480000e-02  4.00000000e+00
-7.77020311  7.97936201  1.08834803  4.        
16.26351929  8.97346497 -2.83898902  3.        
-14.48599243   4.79163408  -1.79598999   4.        
 4.3877492  10.22296906  0.75222802  3.        
 6.27592516 11.77226257 -0.59127802  3.        
 9.64169312 12.62398529 -4.3288269   3.        
13.34293365 11.87148952 -3.52990699  3.        
 2.87345099  9.43600464 -1.58456397  3.        
-4.2470932   7.41738081 -2.65051293  4.        
-4.24842119  7.35800886 -3.42886305  4.        
-7.50293684  7.83201599 -0.32666001  4.        
-12.39342499   7.08403015  -1.02963305   4.        
 1.37226105  3.94448805 -0.69164997  2.        
 4.53450012 -8.44786072  4.14562988  2.        
-2.5227201   7.13796997  0.91650403  4.        
 8.25513458 11.32243347  1.44088805  3.        
 2.01135993 -0.41383401  1.02600098  2.        
-6.08197021  7.59439802 -3.32318091  4.        
-13.76831818   4.46076202  -2.7094121    4.        
 3.5319519   9.6346283  -0.72793603  3.        
 4.25620985 10.58421326 -0.79974401  3.        
  5.24681091 -11.10938263   3.84536695   2.        
16.38240051  8.08376312 -3.1252439   3.        
-15.26707458   5.94620514  -0.83380097   4.        
 4.93087816 -7.25050306  3.17700195  2.        
-3.59539795  7.76754808 -1.28210402  4.        
-9.79998779  7.36928606 -2.655792    4.        
 4.13746595 -4.99430084  1.789276    2.        
-10.72116089   7.48473406  -0.988617     4.        
 5.52749586 10.94062805  1.45809901  3.        
 7.83781385 11.83207703 -5.10513306  3.        
14.55840302 11.19158173 -1.91903698  3.        
 0.65241998  5.06485701 -0.045837    2.        
-6.80490112  7.38900805 -4.03723097  4.        
-3.68498993  7.42087603  1.22515905  4.        
14.39125061 11.7870636  -1.97128296  3.        
 4.14641619 -2.95546699  1.38662696  2.        
13.10432434 12.18690491 -0.83139002  3.        
-4.06526995  7.03143311  1.549438    4.        
 2.8606801  -1.70925903  1.29907203  2.        
  5.42714691 -11.17678833   4.64105177   2.        
-4.08750916  7.33353376  0.90014601  4.        
2.59575605 9.07582092 0.08255    3.        
-0.56859601  5.75875092 -0.76983601  2.        
10.48782253 11.80587006  1.16747999  3.        
1.64730799 1.78092206 0.489838   2.        
2.77399397 0.94699901 0.51632702 2.        
 4.28633118 -5.83732605  2.74731398  2.        
 5.7723012 10.9258728 -0.432556   3.       
-10.09332275   7.65091705  -0.762604     4.        
 2.7894361   9.39627838 -2.41613793  3.        
-15.04360199   5.51995087  -1.22415197   4.        
 5.45652008 11.60837555 -3.53616309  3.        
14.85394287 11.20582581 -2.6565249   3.        
-8.09201145  8.01446533 -1.990417    4.        
-14.68463898   6.599998     0.211823     4.        
-13.11837006   6.76377916  -1.14590502   4.        
 3.42052507 10.14425659 -2.64471412  3.        
 3.87858605 -5.25427198  2.21710205  2.        
 7.393929   12.18795776 -3.94827294  3.        
 0.89755201  6.0786438  -0.64532501  3.        
-8.01248169  6.81769609 -3.92010498  4.        
-7.66902924  8.14903259 -0.76879901  4.        
 4.51660919 11.19537354 -3.20446801  3.        
12.36347198 12.11843109 -1.45971704  3.        
-3.01197004  7.11859083  0.73217797  4.        
 4.72572279 10.95610809 -1.54647803  3.        
-13.02098846   7.12388611   0.241364     4.        
14.5758667  11.44348145 -4.13275194  3.        
 4.69885302 10.64931488 -3.96923804  3.        
-9.1803894   7.11662292 -2.90054297  4.        
11.48620605 12.31639862 -0.84054601  3.        
-12.93669128   5.72015381  -2.47021508   4.        
-5.6156621   7.55317688 -0.81863397  4.        
-16.08033752   4.40285492  -0.621521     4.        
-9.78105927  7.45328522 -1.62878394  4.        
-4.52731323  7.83692217 -0.72570801  4.        
 4.38435411 -5.44309998  3.10089111  2.        
15.36459446 10.91490936 -1.84353602  3.        
 4.24179792 -3.11945295  2.2190249   2.        
 4.05699921 -4.50054216  3.13571191  2.        
 3.93451691 10.39181519 -1.19232202  3.        
-6.93503618  7.38250017  1.369385    4.        
-6.15317488  8.16030121 -2.23553491  4.        
-0.40413699  5.0549469  -0.77233899  2.        
-11.29086304   7.62125397   0.971466     4.        
-16.65339661   2.696594    -0.48205599   4.        
-10.69399261   7.65687609  -1.53100598   4.        
 7.93533278 12.26647186 -4.13009596  3.        
13.53872681 12.14350891 -1.64346302  3.        
-1.02044702  6.53543806 -0.930664    4.        
-15.98757172   5.23928118  -0.28439301   4.        
-13.48167419   7.34091187  -0.50442499   4.        
2.35462999 1.39160204 0.83566302 2.        
 4.78022814 -6.07121277  2.66729689  2.        
  5.12592316 -10.50366974   4.67819214   2.        
 2.52038598  8.94857025 -1.68994105  3.        
-11.9012146    7.13243914  -1.87915003   4.        
 3.02439094 -1.04740095  1.90347302  2.        
 1.01100194  2.90373993 -0.38168299  2.        
 3.14725494 -0.34453601  1.42333996  2.        
 3.74791694 -2.30367303  1.73193395  2.        
-16.63432312   4.69654799   0.15393101   4.        
10.00917816 12.87484741 -3.77923608  3.        
-5.55956316  8.01120758  0.026886    4.        
-10.5689621    6.66225386  -2.75756788   4.        
 9.67562866 12.8360672  -0.28793299  3.        
-7.40278578  8.09540558 -1.23776305  4.        
10.52236176 12.97464848 -3.322052    3.        
-10.04990387   6.7039032    1.44888306   4.        
 5.37623596 10.24101257  1.83062696  3.        
 2.36380792  9.22631073 -2.71466088  3.        
15.41361237 10.84428406 -2.42895508  3.        
 5.29533386 -8.00879669  3.51943994  2.        
 1.68292999  8.43457794 -1.65948498  3.        
 5.85178423 -8.7751236   3.86035204  2.        
 8.38736725 11.99165344 -0.68835402  3.        
-7.07430983  7.69843292 -1.03073096  4.        
 4.87130022 10.82709503  1.19796801  3.        
-9.03171539  7.94522095 -1.43591297  4.        
 3.08009291 -2.11335802  1.864838    2.        
-13.032547     4.78135681  -3.10382104   4.        
-7.71593523  7.71843004 -1.73077404  4.        
 3.88444495 10.37084198  0.746185    3.        
-9.15045166  7.8601532   1.27978504  4.        
 4.97708893 -8.13492584  4.48571777  2.        
 2.88327003  8.50734711 -0.82321203  3.        
-16.40893555   3.58111596  -0.51376301   4.        
 4.21424103 10.49219513 -2.09066796  3.        
13.65892029 11.62068939 -1.92260695  3.        
 4.42610216 -4.94104815  3.10943604  2.        
-12.09780121   6.72399902   0.94384801   4.        
-1.40337396  5.90419817 -0.583588    4.        
-0.77241498  5.06214905 -0.430756    2.        
 9.20157623 12.80649567 -0.52404797  3.        
 5.44451094 11.28546143 -4.11083984  3.        
 5.54039812 -9.81899261  4.52627611  2.        
 9.19965363 12.65026093 -4.14395094  3.        
-11.55635834   7.12874603   0.74420202   4.        
-5.03755999  7.67772722 -2.24667406  4.        
-0.085724    5.60533094 -0.085327    2.        
 8.83071136 12.355896   -4.80636597  3.        
-2.88504004  7.02232409 -2.50888109  4.        
-10.80359554   7.79420519   0.74505597   4.        
-4.0814209   7.07529497 -3.07995605  4.        
 0.79306799  7.50941515 -0.97418201  3.        
-6.92585802  7.98561096 -2.84002709  4.        
 3.67316389 10.57247162 -3.68133497  3.        
14.57239532 11.09438324 -1.22900403  3.        
1.20741999 8.00274658 0.71524    3.        
16.85879517  8.07446289 -1.72235096  3.        
-14.16036987   6.90365601   0.78405797   4.        
-12.23027802   7.53986406   0.85839802   4.        
 5.31531477 11.14520264 -0.259399    3.        
-5.00775194  7.55854797 -0.241638    4.        
1.46492803 0.88939703 0.63143897 2.        
-9.42337036  7.80893707 -2.06207299  4.        
 4.47085619 11.09534454 -3.67153907  3.        
-7.21750593  7.02831316 -3.95974708  4.        
3.39549303 9.6966629  1.22876    3.        
14.88069153 11.63365173 -3.44284105  3.        
10.6162796  12.819664   -2.29089403  3.        
12.00798035 12.06163025 -4.09115601  3.        
12.79889679 11.67948914 -4.42367506  3.        
-14.41474247   5.7107091   -1.23367298   4.        
 4.88169098 -6.35368299  3.94763207  2.        
-11.53302002   7.76576185   0.52362102   4.        
 7.72454119 12.3892746  -1.52160597  3.        
-9.8296814   8.10845184  0.113312    4.        
10.65196228 12.61620331 -4.83920288  3.        
-6.85845184  7.98212385  0.99941999  4.        
-11.44294739   7.07358599  -1.53363001   4.        
-14.76312256   3.43614197  -2.030792     4.        
 0.48876199  6.50172377 -0.037109    2.        
-13.84873199   6.11115313  -1.37133801   4.        
 2.911484   -3.07634711  1.26944005  2.        
1.60308802 8.14959717 1.14605701 3.        
  5.55499315 -12.37449646   4.0447998    2.        
-8.58098602  7.74910688  0.748505    4.        
 4.54064894 10.78740692 -1.11523402  3.        
-10.41569519   7.30139923  -1.69955397   4.        
 7.57600403 11.65996647 -1.032166    3.        
10.65333557 12.92272186 -0.72759998  3.        
3.81149292 9.48254395 1.77273595 3.        
1.77289605 0.69020098 0.22409099 2.        
 6.92675018 11.49052429 -3.79418898  3.        
-15.08680725   4.65209198  -1.69518995   4.        
 5.43846083 -8.72922516  4.62454224  2.        
 4.59298706 -6.75705004  2.58889794  2.        
-6.44061995  8.02365112 -2.94201708  4.        
-5.80299377  7.71243286 -1.74401903  4.        
 3.31201911  9.75666142 -1.63732898  3.        
-2.11573005  7.24630022  0.491272    4.        
10.06291199 12.31438446 -3.29415894  3.        
 8.3766861  12.57077026 -3.75515795  3.        
-0.83200097  6.44204712 -0.209381    4.        
 4.94147491 10.91797638  0.120575    3.        
2.55304003 8.45227814 1.26672399 3.        
 3.99263    -4.26113081  2.59753394  2.        
-7.46103716  8.00717163 -2.53671288  4.        
 6.5520401  11.74337006 -4.22100782  3.        
 3.28709412  9.93855286 -2.13113403  3.        
14.21194458 11.93041229 -2.86898804  3.        
 9.09095001 11.86536407 -4.03683519  3.        
16.09719849  8.51496887 -2.66519189  3.        
-1.72612     6.52330017 -1.95929003  4.        
14.81672668 10.50644684 -4.3722229   3.        
 4.85237122 -8.77929688  3.87735009  2.        
-15.43248653   5.82698107  -0.41632101   4.        
 5.28904676 10.61961365  1.08758497  3.        
 6.204216   11.9040451  -2.04251099  3.        
10.95469666 12.42578888 -2.5935061   3.        
-6.14753008  7.94231415  1.27145398  4.        
2.82224298 0.022942   0.797607   2.        
 3.03131104  8.81397343 -0.50463903  3.        
 1.64229596  8.56537628 -1.02291906  3.        
10.69606018 12.79594421 -4.22271681  3.        
-12.72563171   6.9860692    0.57601899   4.        
-4.72407484  7.91908979 -3.22564697  4.        
-1.85557604  6.64235687 -0.92895502  4.        
 2.40918708  9.57977295 -2.04571509  3.        
 0.99266797  7.1707921  -0.50405902  3.        
-10.35906982   7.70095778   1.09668005   4.        
 6.02851915 10.98249054  1.47888196  3.        
10.75595856 12.29407501 -1.15435803  3.        
-2.22521996  6.71703291  0.048035    4.        
-3.31269097  7.09664917 -2.07177711  4.        
-12.8073349   7.6590271   0.194611    4.       
16.17340088  9.11971283 -0.92749     3.        
16.06866455  9.52879333 -1.75921595  3.        
-9.46698761  6.16478682 -3.85281396  4.        
12.0122757  12.70629883 -0.913055    3.        
10.00357819 12.40671539 -2.55099511  3.        
10.24443054 12.93716431 -2.78735399  3.        
16.96878052  7.83304596 -2.77407789  3.        
 8.36799622 11.96628571 -3.35269189  3.        
 5.34222412 10.69667816 -0.75351     3.        
 4.64655304 -8.02911377  3.47305298  2.        
-15.27790833   4.96761322  -1.42098999   4.        
-8.30142975  7.8828578   1.51339698  4.        
-9.45772552  6.82614088 -3.43463111  4.        
 2.60526299  8.99163055 -0.65872198  3.        
-2.51050591  7.32219696 -0.914612    4.        
-9.97812653  6.74074602 -2.98065209  4.        
16.38339996  9.85051727 -3.05175805  3.        
-8.06221008  7.5219121   1.68515003  4.        
 4.76702118 -5.42013502  3.56454492  2.        
-4.34464312  7.4715271   0.192963    4.        
-16.87324524   3.97588396   0.60357702   4.        
 3.48407793 -1.36301398  1.82254004  2.        
10.88747406 12.21053314 -1.63784802  3.        
 6.43168592 10.31917572  1.84515405  3.        
  5.52644396 -10.60079956   5.36996508   2.        
-16.32846069   4.90181017  -0.46402001   4.        
 3.87526703 10.13758945 -1.63110399  3.        
-12.07590485   6.79936218  -2.23074293   4.        
-13.89530945   7.36791992   0.34719801   4.        
-8.59458923  7.66004181 -2.79150391  4.        
 9.11616516 11.4343338   1.42446899  3.        
 4.87927198 -5.73275805  3.053406    2.        
-14.1361618    6.88105011  -0.111877     4.        
-3.09091997  7.56781816 -1.29303002  4.        
 9.54541016 12.7620697  -1.97497594  3.        
-3.22052002  7.22116089  1.23461902  4.        
 1.27740502  8.12166595 -0.46112099  3.        
 7.49980879 12.00652313  0.53088403  3.        
16.75660706  9.21341705 -2.38876295  3.        
 5.71969604 11.22245026 -2.03289795  3.        
 7.79338121 12.47870636 -2.23980689  3.        
10.8923111  12.60813904  0.46606401  3.        
 1.51512206  2.80564094 -0.235535    2.        
11.28032684 11.90265656 -4.82717896  3.        
-3.33333611  6.94185591 -2.51672411  4.        
-13.71101379   5.32151794  -2.33492994   4.        
13.52744293 11.87937927 -3.00177002  3.        
-16.20145416   2.77612305  -1.02136195   4.        
10.00236511 12.20487213 -1.33514404  3.        
15.11357117 10.09443665 -0.49029499  3.        
 4.30537415 -5.94736481  2.24786401  2.        
13.99659729 11.29486847 -0.61795002  3.        
-8.74365997  6.48756409 -3.92694092  4.        
 6.55784607 11.42927647 -1.71655297  3.        
-9.77329254  8.01275635  0.657745    4.        
-5.85412598  7.40726519 -3.69290209  4.        
-4.13387299  7.40496778 -1.00680494  4.        
 8.93641663 12.01020813 -1.29818702  3.        
10.10111237 12.90499115 -0.82910198  3.        
 1.93568397  7.48355913 -0.50460798  3.        
 7.02962494 12.31389618 -2.98910499  3.        
13.704216   11.9112854  -1.01309204  3.        
-12.50666809   7.05565596  -1.57043505   4.        
-13.09345245   7.15273285  -0.27233899   4.        
-10.04483795   7.87943316  -1.21594203   4.        
 4.17521715 10.99610901 -2.60818505  3.        
-9.19893742  7.76624298 -0.49993899  4.        
-5.53135681  7.65748596 -3.10247803  4.        
-11.29396057   5.71285295  -3.08831811   4.        
-3.88833594  6.50606489 -3.294312    4.        
13.33508301 12.07844543 -4.64367723  3.        
 5.15744781 -6.27062988  3.24804711  2.        
-7.51056719  7.52661085 -3.66647291  4.        
12.35061646 12.62163544 -2.20501709  3.        
 1.70716095  8.23352814 -0.126495    3.        
 3.38832903  9.97553158 -0.98751801  3.        
 4.842484   10.91545868  0.75573701  3.        
 3.95988488 -1.86424994  1.42309594  2.        
12.05852509 12.78289795 -3.88925195  3.        
-12.10237885   7.81949615  -0.41183501   4.        
 7.34288788 11.73236847 -1.78164697  3.        
16.20269012  8.41790771 -3.50399804  3.        
 4.56541395 -7.04759216  3.62356591  2.        
  5.59220886 -10.00400543   4.06414795   2.        
 1.85384405  7.97315216 -0.80575597  3.        
-15.60635376   6.31901503   0.62219203   4.        
-9.994133    7.51856995  0.78799403  4.        
 4.9670558  -7.82428694  2.79571509  2.        
12.58931732 11.68077087  0.38156101  3.        
 8.24697876 12.01422882 -2.87234497  3.        
-13.38946533   7.5076828   -0.096222     4.        
-9.22624969  7.37056017 -2.35513306  4.        
-9.14120483  7.59564209 -1.71191394  4.        
 4.43458605 -6.17208099  3.7780149   2.        
-11.46546173   6.57474518  -2.41784692   4.        
2.79877496 9.65074921 0.24707    3.        
 1.37317705  5.33680677 -0.50866699  3.        
-7.36691999  8.06642914  0.76165801  4.        
-6.43891096  7.13501692 -3.96032691  4.        
16.54340363  8.5142374  -2.74917603  3.        
-10.08905029   6.10968781  -3.57916307   4.        
-10.81376553   8.00959778  -0.44271901   4.        
 4.5117259  -6.63665009  4.13101196  2.        
 4.89286804 -9.24083042  3.98168898  2.        
12.70346069 12.62015533 -3.05398607  3.        
 0.42079899  4.86363983 -0.47143599  2.        
10.91441345 12.83599091 -1.65447998  3.        
 6.55470324 11.48950958  0.83194     3.        
-1.00176203  5.83138323 -1.07791102  4.        
 5.59809923 11.49880219 -0.905945    3.        
-16.18061829   3.98638892  -0.75970501   4.        
 1.22298396  7.64750719 -0.138       3.        
 0.491386    4.41793823 -0.61505097  2.        
-12.42678833   7.3415451   -0.34173599   4.        
13.40830994 11.80836487 -2.33834791  3.        
1.49686396 8.06352997 0.228241   3.        
-14.39099884   6.16938019  -1.27917504   4.        
-3.82909393  7.20548201 -2.62661695  4.        
-6.02416182  7.64772797 -0.50991797  4.        
 3.440521   -0.64684302  1.01239002  2.        
 2.13126397  8.15645599 -0.405853    3.        
 6.49872589 11.94351196 -3.822083    3.        
 2.81436205  9.64653778 -3.37530494  3.        
 5.15898895 -5.44381714  3.3565979   2.        
 0.453987    5.38523102 -0.36398301  2.        
-15.97714233   6.02680206   0.32867399   4.        
 4.42557478 -5.88365889  3.18627906  2.        
-8.47653198  8.02912903 -1.75595105  4.        
-6.64943695  7.39527082  1.77706897  4.        
-14.78104401   6.39398193   0.72265601   4.        
 2.79959106 -1.02020299  0.80197102  2.        
-1.43623304  6.97690582  0.067688    4.        
 5.05947924 -9.68586731  4.29470778  2.        
 0.92327899  5.15274096 -0.581451    2.        
 7.06723022 11.87869263 -4.612854    3.        
1.82150996 0.137032   0.75210601 2.        
 3.51356506 10.1318512   1.12219203  3.        
-9.19660854  8.11521053  0.41455099  4.        
  5.68176317 -10.71876526   4.71862793   2.        
-2.56015801  7.17053223 -1.99432397  4.        
-13.10044098   6.27406311  -1.76553297   4.        
 1.99708605  9.24976444 -2.07144189  3.        
-13.1374054    5.3309021   -2.38903809   4.        
 4.90251923 11.43574524 -2.78820801  3.        
 1.38201904  8.59518433 -1.94940197  3.        
-13.14603424   7.3314209   -0.835419     4.        
 4.57446289 -7.47136688  4.08279419  2.        
-1.39830804  6.18468523 -1.47759998  4.        
-1.43195295  6.43676805 -1.063568    4.        
 3.8236239  -2.22518206  2.15798903  2.        
 5.6469121  -8.27153015  4.19921923  2.        
 3.27385712 -1.96517897  1.11935401  2.        
-17.05060577   2.78769708   0.65817302   4.        
 1.063797    4.70991516 -0.29446399  2.        
-7.11830091  7.47062683 -3.19518995  4.        
-4.17938995  7.64307404 -3.10244703  4.        
2.65658593 0.475319   0.53604102 2.        
-8.36681366  6.73036194 -4.16299391  4.        
-12.16490936   7.3756032   -1.26370203   4.        
 1.29717302  8.42464447 -2.47271705  3.        
-4.83119202  7.60765123 -2.62658691  4.        
 0.62993598  3.70630693 -0.53167701  2.        
12.53411865 12.08593845 -0.537476    3.        
 2.1385119   9.59941864 -3.00622606  3.        
 8.87358093 11.9546051   1.28573596  3.        
 2.34993005 -0.54560101  0.71438599  2.        
-2.17974901  6.46432495 -1.91296399  4.        
-11.22924805   7.58281708  -1.39450097   4.        
0.593086  6.0427928 0.010712  2.       
-5.50348711  7.84781694  1.21081495  4.        
-5.09037781  8.05886078 -2.7633059   4.        
15.19799805 11.02528381 -2.85403395  3.        
14.61609554 11.17007446 -4.73928785  3.        
 5.23230696 -8.46639156  3.48501611  2.        
11.98220062 12.28050232 -0.58242798  3.        
 9.74598694 12.36475372 -4.72964478  3.        
-4.40377808  7.99119616 -2.30371094  4.        
-13.53045654   4.07929182  -2.71179199   4.        
-0.214478    5.83059692 -0.501984    2.        
-13.80469513   4.7241292   -2.25860596   4.        
 4.17582703 -6.68506622  3.44155908  2.        
13.98352814 11.01541901 -0.23339801  3.        
  5.55856323 -11.38981628   3.73339796   2.        
-4.48962402  7.34514618  1.10318005  4.        
 7.51081085 11.66983795 -3.53384399  3.        
 3.26570106  9.52611542 -0.23941     3.        
-13.10269165   7.25978804   0.83688402   4.        
15.37558746 10.57525635 -1.198578    3.        
14.06616974 12.11296844 -3.24408007  3.        
 4.255867   -3.64739203  2.48883104  2.        
10.8445816  12.27815247 -3.71020508  3.        
2.07418108 1.71994805 0.52401698 2.        
 3.71820807 -2.79094696  1.47347999  2.        
-2.41335297  6.90136719 -0.90228301  4.        
 5.25305223 -7.5213089   3.603302    2.        
12.92756653 12.4342804  -2.63726807  3.        
-6.47561693  7.50978088  1.30770898  4.        
-15.81099701   5.26482391  -0.76699799   4.        
 3.36220503 -3.7127459   1.24328601  2.        
-1.35293603  6.30235291 -0.28195199  4.        
 6.92316389 11.42167664 -1.00524902  3.        
 5.08395386 -7.08670807  3.831604    2.        
-6.80669403  7.74635315 -2.03604102  4.        
2.12741089 0.86206102 0.82025099 2.        
-16.46393585   3.59421492   0.37551901   4.        
-6.74450684  8.17951202  0.027924    4.        
 4.8480382  11.25836182 -2.11102295  3.        
-7.31958818  7.74511719 -1.95068395  4.        
12.20354462 12.37034607 -0.17581201  3.        
1.45299494 0.98747998 0.003448   2.        
16.16871643 10.01989746 -2.45886207  3.        
15.35290527 10.56103516 -4.25177002  3.        
-3.12248993  7.21665192 -0.34786999  4.        
11.85222626 12.28084564 -3.72525001  3.        
  5.6108551  -11.46815491   4.37527514   2.        
 2.12338996  9.09918213 -0.33755499  3.        
-16.82759094   4.15100098  -0.191467     4.        
10.01130676 11.56762695  1.38461304  3.        
 0.56688702  6.92412615 -1.03662097  3.        
-8.59147644  8.1932373   0.17657501  4.        
-5.55458784  7.60751295  0.77963299  4.        
 8.78277588 12.75408936 -3.37283301  3.        
 3.53013611 10.56247711 -2.49902296  3.        
 6.1128459  11.05195618 -0.80938703  3.        
10.20977783 12.15188599 -3.80429101  3.        
 5.78942919 11.27025604 -4.87692308  3.        
-3.37740302  7.21298218 -2.89736891  4.        
-8.18252563  7.46914721 -2.63360596  4.        
-1.71359301  7.00225115 -0.41174299  4.        
 1.59341395  8.82639313 -2.74545288  3.        
14.75530243  9.81114197 -0.39798     3.        
12.88427734 11.95426178 -2.22918701  3.        
-8.12110901  7.68509722 -1.18927002  4.        
-8.3146286   8.20284271 -0.422241    4.        
  4.93343306 -12.62536621   4.18936205   2.        
 1.25101495  8.23636627 -1.20571899  3.        
 4.68773603 -7.66706896  3.1907959   2.        
16.64141083  7.32670593 -2.44570899  3.        
 2.86109209 -2.63744307  1.25762904  2.        
-10.67273712   6.97576094   1.09759498   4.        
-0.57414198  6.13848114 -0.57843     2.        
11.31815338 12.57347107 -4.81118822  3.        
 1.08304596  8.15431213 -2.13067603  3.        
 3.96948195 -3.78685808  1.74020398  2.        
 4.00655413 -4.79073286  2.1383059   2.        
-8.08389282  7.60940599 -2.11785889  4.        
 9.12581635 11.94536591  0.732849    3.        
3.01332092 8.97238922 1.70175195 3.        
-11.28551483   7.54846191   0.069153     4.        
-5.14285994  7.31341505  1.28341699  4.        
 2.60655189 -0.159943    1.229828    2.        
-3.38386512  6.57788086 -2.82235694  4.        
0.99978602 7.24128008 0.113434   3.        
-12.65106964   4.96065521  -3.06744409   4.        
12.63885498 12.15539646 -2.9125371   3.        
 5.4283452  11.40543365 -1.68460095  3.        
  4.99397278 -10.61145782   4.06246901   2.        
 3.54205298 -3.74809289  2.51660204  2.        
 9.09415436 12.70001984 -1.95275903  3.        
-15.97795868   5.4479599    0.763641     4.        
15.80734253 10.06642914 -1.70925903  3.        
1.92839003 2.39691901 0.49572799 2.        
 4.74628401 10.35691833 -0.34194899  3.        
-7.18496704  7.86477709  1.54916406  4.        
12.99380493 12.5049057  -3.94369507  3.        
 8.3657608  11.97173309 -5.09829712  3.        
16.08495331  9.49097443 -1.14306605  3.        
2.72238207 9.20161438 1.21307397 3.        
11.2609787 12.2830658  0.774414   3.       
11.26197147 12.84354401 -0.487762    3.        
 1.12738001  2.73535204 -0.014221    2.        
 4.71884203 -5.15376282  2.70874     2.        
16.9408493   8.83673096 -2.35809302  3.        
-6.62607622  8.08293247  0.63687098  4.        
3.66883111 9.83372498 0.32421899 3.        
 1.34399402  3.23011804 -0.31485     2.        
13.35824585 11.5608139  -0.27267501  3.        
-4.99578094  7.59137011 -1.31317103  4.        
-7.67763519  7.569664    1.23055995  4.        
1.52915204 3.02335405 0.16235401 2.        
-5.54521894  7.25640106  1.74292004  4.        
 1.19918096  7.40833282 -0.94305402  3.        
 2.91618299  9.66264343 -0.69274902  3.        
 5.56931305 -9.18165588  4.77697802  2.        
2.51501489 0.094643   0.381073   2.        
 7.38336182 11.28160095  1.05007899  3.        
-11.23189545   7.98621416  -0.425751     4.        
-14.26265717   6.74082994  -0.92395002   4.        
-8.7716217   7.42781115 -3.12448096  4.        
-4.55960083  7.81985521  0.31457499  4.        
 5.3938899  10.59755707  0.18707301  3.        
 4.63304901 -5.01534986  3.46542406  2.        
-3.55849504  7.58838701  0.28631601  4.        
 3.03383589  9.82796478 -0.050232    3.        
 4.21755981 10.96475983 -2.18048096  3.        
-11.44100189   7.22142792   1.13537598   4.        
14.4072876  10.69213867 -0.32446301  3.        
-7.94715118  8.1468277   0.38604701  4.        
 9.62194824 12.93133545 -3.37445092  3.        
 2.62231398 -1.24579597  1.11151099  2.        
 3.05243707 -0.53566003  0.905029    2.        
-6.80427599  8.15367889 -1.60678101  4.        
-13.8323822    6.82121992  -0.810669     4.        
-12.21094513   4.44920397  -3.07891798   4.        
-15.84967804   4.73892212  -1.00140405   4.        
-16.37223816   5.03765917   0.32324201   4.        
 6.5189209  11.24887085 -0.89843798  3.        
 4.32884979 -3.00131989  1.82864404  2.        
-4.81793213  7.76596117  1.01803601  4.        
16.272789    9.15499115 -3.3973999   3.        
-0.88102001  5.92922211 -0.29788199  2.        
-10.70349121   5.33645582  -3.50827003   4.        
 3.07525611 -0.79650903  1.45715296  2.        
15.96999359 10.18457794 -3.82959008  3.        
-12.9931488    4.05048418  -2.80477905   4.        
10.308815   12.30421352 -0.437042    3.        
-15.40119934   6.43811798  -0.049896     4.        
-5.22702789  7.78275299 -3.75109911  4.        
15.83114624 10.43893433 -2.72592211  3.        
-10.13391876   7.75213623   0.158447     4.        
12.72309113 12.42209625 -0.80261201  3.        
 3.14336395  9.95098114 -2.92001295  3.        
14.32034302 11.0971756  -4.45770311  3.        
12.18470764 12.68810272 -2.83840895  3.        
2.95512390e+00 9.34215641e+00 8.91099963e-03 3.00000000e+00
2.1530149  1.36947596 0.147705   2.        
2.05853295 9.04322815 0.585114   3.        
 4.21469879 10.54231262 -0.18222     3.        
-2.90895104  7.38636017 -1.93719494  4.        
 4.74716997 -3.87190294  2.14877295  2.        
 4.35141802 10.13628387 -0.813721    3.        
 5.60774183 11.20368195  0.027832    3.        
10.51052094 11.91122437 -4.50213623  3.        
-15.16118622   6.353508     0.29940799   4.        
-1.52243805  6.8563838  -1.04812598  4.        
1.64070106 1.38485706 0.25891101 2.        
-5.63923597  7.95745087  0.57296801  4.        
-14.54006195   3.09985399  -1.93481505   4.        
 2.09026289  9.06096554 -1.19604504  3.        
 5.33397722 -9.37309265  3.713135    2.        
1.14383621e+01 1.26462097e+01 9.49100032e-03 3.00000000e+00
-15.30854034   2.71253204  -1.40292394   4.        
 3.62056708 -3.64307404  2.03921509  2.        
-7.91233778  7.8924942  -0.011871    4.        
 7.24068499 12.37507629 -2.4090879   3.        
 4.18519592 -6.07405806  3.46237206  2.        
-14.95690155   6.43665314  -0.054504     4.        
-3.27914405  7.27407122  0.340179    4.        
 5.88972521 -9.42237854  3.94268799  2.        
-5.0397191   7.5943532  -3.08810401  4.        
 0.39155599  6.34986877 -0.83596802  3.        
-0.35487401  5.02297211 -0.36453199  2.        
-3.59018707  7.58560896 -2.51855493  4.        
-7.46324921  7.70374298 -1.39068604  4.        
  4.96332502 -11.85153961   3.90164208   2.        
 8.88975525 12.70681    -1.31912196  3.        
 3.15655494 -2.46154809  1.62246704  2.        
 4.36679792 -4.0151062   2.26440406  2.        
 2.94477797  9.7549057  -2.26666307  3.        
 9.5820694  12.73020935  0.233124    3.        
11.07589722 12.34156799 -0.833893    3.        
 2.61775208 10.016716   -2.84222388  3.        
-12.53540802   6.45286608  -1.95190406   4.        
 4.02681017 10.77975464 -3.65054297  3.        
 9.74510956 12.82801819 -2.37368798  3.        
-0.49000499  6.40032196  0.03125     2.        
 4.98584795 10.96834564 -3.34555006  3.        
 8.36231232 12.62311554 -0.57107502  3.        
-15.78463745   3.53611803  -1.48580897   4.        
12.56523132 11.85837555 -4.05728197  3.        
 3.775002   10.38013458 -3.08267212  3.        
 3.85953498 -4.51081896  1.58001697  2.        
 9.39904022 12.11076355 -1.56729102  3.        
 0.79375499  5.59209394 -0.26464799  2.        
 4.60001421 10.56351471 -1.50820899  3.        
 4.36334991 -3.2658689   2.5935061   2.        
13.32585907 11.66575623 -4.99240112  3.        
 7.87873077 11.56786346  0.52090502  3.        
 6.09241486 11.52603054 -0.26888999  3.        
 6.97215319 12.12376404 -1.75424194  3.        
2.23671699 2.24665809 0.154266   2.        
-10.90545654   7.07764387  -1.97454798   4.        
 0.45831299  3.90392303 -0.066711    2.        
 5.61691284 11.78377533 -3.17004395  3.        
16.78204346  9.20083618 -2.83172607  3.        
 3.82743812 10.79334259 -2.677917    3.        
-6.05338287  8.09873962 -2.7098999   4.        
11.77133179 12.17900085 -1.94546497  3.        
-1.16870105  6.77492523 -0.286621    4.        
13.65539646 11.44550323 -4.51574707  3.        
-6.31151581  7.94033813 -3.31982398  4.        
  5.19195604 -10.03230286   3.78631592   2.        
 3.2272799  -1.43997204  1.22808802  2.        
11.11958313 12.28534698  0.121002    3.        
-5.81430817  7.73419189  1.48422205  4.        
-9.50562286  7.63598585  1.38098097  4.        
-2.57597303  7.05929613 -0.411102    4.        
 4.14495897 -4.90595198  2.81695604  2.        
 7.56302595 11.98217773 -4.84518385  3.        
-6.04429579  7.80224609 -3.67098999  4.        
-13.10798645   4.95321703  -2.5774231    4.        
-2.87457991  7.2095952   0.15109301  4.        
-3.05883098  6.64694977 -2.57348609  4.        
-4.11826277  7.49211884 -2.0839541   4.        
 9.21490479 12.24837494 -5.11975098  3.        
-9.34499359  7.79825592 -0.121979    4.        
 4.52848005 10.72737885 -2.68054199  3.        
-15.71632385   4.11806488  -1.16747999   4.        
 1.55662501  2.26923394 -0.194519    2.        
16.40659332  9.56684875 -3.50863695  3.        
-6.90496111  7.74967194 -0.66513097  4.        
-9.97586823  7.54467821 -2.318542    4.        
 6.0860672  11.00213623 -0.104309    3.        
 5.97149706 10.82358646  0.456635    3.        
-14.68140411   5.3743062   -1.33517504   4.        
 6.93576002 11.57162476 -1.67605603  3.        
 7.45925093 11.67137146 -0.57546997  3.        
0.83428198 7.54722595 0.33371001 3.        
-10.29745483   5.73747206  -3.81683302   4.        
 5.46344805 10.84668732 -1.32571399  3.        
 4.54153395 10.97666168 -4.25848389  3.        
 8.08972168 11.84632111 -1.029755    3.        
-5.90383101  8.11207581 -1.35769701  4.        
 6.13260603 10.9312439   0.84533697  3.        
10.89906311 12.39442444 -5.12069702  3.        
-5.02555084  7.92961121  0.073456    4.        
-14.93077087   6.14268494  -0.72381598   4.        
1.13617694 4.17767286 0.018036   2.        
 6.07772779 11.79009247 -1.62475598  3.        
16.40142822  9.34535217 -2.24203491  3.        
-11.17731476   6.71484423   1.24261498   4.        
 7.61567688 11.8753891  -2.95791698  3.        
-5.16673279  8.11870575 -1.69222999  4.        
 2.3873899   9.67671204 -3.75576806  3.        
-4.54202318  8.01989841 -1.39001501  4.        
10.5586319  12.80097198  0.062225    3.        
-6.24884796  7.72834778 -1.68338001  4.        
-13.97845459   3.82885003  -2.49758911   4.        
-6.21111298  7.73365021  0.28338599  4.        
-14.57901764   6.76972198  -0.63293499   4.        
 4.06055498  9.93875122 -0.61492902  3.        
 3.40660906 -2.81539893  2.1569519   2.        
10.01553345 12.29676056 -5.36999512  3.        
10.33868408 12.38435364 -2.250916    3.        
 0.069702    4.35850477 -0.79269397  2.        
 4.97569323 -6.947052    2.91549706  2.        
-8.50313568  7.0438838  -3.38415504  4.        
-14.40847778   6.67749786   0.49496499   4.        
 8.48474121 12.09638214 -2.23626709  3.        
 2.55116296  8.18900299 -0.562958    3.        
16.03831482  9.6609726  -3.99246192  3.        
 8.36881256 11.79480743 -3.80242896  3.        
-5.4021759   7.59934998  0.072571    4.        
 4.42692614 -4.58931017  2.12051392  2.        
13.31438446 11.08840942  0.27004999  3.        
-16.48550415   3.99214911   0.432129     4.        
 3.81238604 -3.04934692  2.25213599  2.        
-9.91910553  5.35725403 -3.64919996  4.        
-12.50351048   6.74288177   0.80700701   4.        
-2.60833001  6.70303297 -0.60812402  4.        
14.88124084 11.14560699 -4.20474195  3.        
-8.33197784  8.03900146 -1.38098097  4.        
-13.26491547   6.02411604  -2.25534105   4.        
14.04917145 11.64344025 -4.71310377  3.        
12.49988556 12.07015991 -2.24905396  3.        
-5.10241699  7.94579315 -0.87716699  4.        
 6.181252   11.29439545 -1.75598097  3.        
16.85678864  8.17683411 -3.27160597  3.        
10.90005493 11.78453827  1.15798998  3.        
-9.52264404  7.95201111 -1.09375     4.        
-9.41819     7.44837904 -2.75250196  4.        
2.46650696 1.78420305 0.291412   2.        
-8.60495758  7.53013611  1.18627906  4.        
 4.38749695 -5.34661913  2.34896803  2.        
10.66490936 12.42314911 -3.05584693  3.        
 3.79011512 -4.21856689  2.94171095  2.        
1.22554004 1.95585597 0.174133   2.        
-7.15854597  8.11198425 -0.89752197  4.        
 7.77452087 11.55041504  1.390625    3.        
 7.7684021  11.76727295 -0.240723    3.        
 4.97168016 11.05835724 -1.24645996  3.        
11.43691254 12.2008667  -1.68472302  3.        
12.56491089 12.69934845 -3.77871704  3.        
10.50189209 12.246521    0.46575901  3.        
-5.90284681  8.02935028 -0.82394397  4.        
-14.33441925   4.12670898  -1.99673498   4.        
12.79488373 12.01355743 -1.45147705  3.        
 3.1824801  10.42662811 -3.22421288  3.        
 4.72466993 10.37295532  1.28457606  3.        
-16.71457672   3.35765791  -0.68301398   4.        
-15.20222473   3.19371796  -1.751526     4.        
-3.34262109  7.57621002 -0.280121    4.        
-8.6662674   7.76011705 -0.778198    4.        
 7.40315294 12.33652496 -0.72665399  3.        
13.59690857 11.68509674 -1.53268397  3.        
13.58922577 10.50921631  0.070343    3.        
-3.47354889  7.24755907 -1.73806798  4.        
 9.88098907 12.25029755 -0.86328101  3.        
 4.94981384 10.95163727 -0.333038    3.        
-4.5200882   7.47987413 -1.09851098  4.        
 1.38072205  8.02622986 -1.84991503  3.        
-15.26006317   3.8717351   -1.53485096   4.        
 8.23213196 12.58454895 -2.25665307  3.        
-6.08855391  7.61164093  1.05468798  4.        
 2.12081099  2.21218896 -0.23782299  2.        
  5.44567919 -12.22131348   4.3973999    2.        
-7.51496077  7.44891405 -2.97698998  4.        
 6.46479797 11.12966156 -0.066803    3.        
 4.67635393 -4.66755676  2.45046997  2.        
 7.55390215 11.54993439  0.20819101  3.        
-8.62621307  7.66050005 -1.69668603  4.        
16.83332062  8.89839935 -3.20184302  3.        
 9.57684326 12.33677673 -2.42059302  3.        
 2.55168104 -1.50079298  0.81243902  2.        
-4.13564301  7.76570082 -0.75668299  4.        
11.23743439 12.86610413 -2.84020996  3.        
10.71520996 12.92297363 -1.12204003  3.        
 0.021431    5.1387248  -0.51828003  2.        
 7.26695299 12.23949432 -1.50253296  3.        
-9.35438538  5.72250414 -3.80532789  4.        
 6.08483887 11.02936554 -1.21890295  3.        
 9.86191559 12.86873627 -1.20809901  3.        
-6.04443407  7.67694092 -0.112457    4.        
-5.53877306  7.73522186 -2.05123901  4.        
11.19529724 12.85975647 -1.37222302  3.        
-4.04003906  7.9574132  -1.52584803  4.        
15.71419525 10.69688416 -3.34561205  3.        
2.76222992 9.20005035 0.70620698 3.        
3.03654504 9.42926788 1.304932   3.        
 2.06291199  9.14027405 -1.63967896  3.        
 3.28179908 -3.19126892  1.17681897  2.        
-12.02851105   7.81421709   0.036743     4.        
-5.54762983  8.15158081 -2.06692505  4.        
-9.80457306  7.74819994 -1.96298206  4.        
-8.63809204  6.04954481 -3.91058302  4.        
-13.715271     6.95365906  -0.28378299   4.        
13.21213531 11.80905247 -0.89672899  3.        
 4.23094893 10.37663269 -1.56201196  3.        
 2.80320692  9.65323639 -1.22457898  3.        
-12.20507812   7.27682495   0.297272     4.        
1.68797302 8.66028595 0.69699103 3.        
-11.53460693   7.5341258   -0.26593      4.        
 6.972435   12.1713028  -3.63870192  3.        
10.9444809  12.91506195 -3.86731005  3.        
11.56027985 12.88169861 -3.69689894  3.        
 9.05438232 12.2062912  -2.96649194  3.        
-10.99667358   7.52859497  -0.70474201   4.        
-3.11801195  7.54136705 -0.89682001  4.        
-9.57597256  7.69824219 -0.74200398  4.        
 5.76454878 11.24410152 -2.95819092  3.        
 5.71280718 11.8742981  -2.79458594  3.        
 9.57590485 11.71134186  1.23538196  3.        
-6.64105988  7.70838881 -2.60748291  4.        
 6.25479078 11.47212219 -4.71865797  3.        
-4.70472717  7.22367096 -3.41146803  4.        
 5.14055586 10.56546783  0.68615699  3.        
11.67068481 11.72505188  0.96078497  3.        
-4.76330614  7.66036177 -1.88467395  4.        
 3.69179511  9.960289   -1.32430995  3.        
 0.99340099  7.34149885 -1.276703    3.        
 7.29259491 11.80892181 -2.1686101   3.        
-5.01182604  7.29910278  1.68197596  4.        
10.39757538 12.25844574 -1.87844801  3.        
-5.6086731   7.71955109 -2.57028198  4.        
-7.27957916  7.59975386 -2.69445801  4.        
 8.86989594 12.19044495 -2.20822096  3.        
 9.51198578 12.03534698  0.75976598  3.        
 6.57047319 11.58267975 -2.38314795  3.        
 6.78996277 11.35845947 -0.40820301  3.        
-10.02748108   8.05595398  -0.48819      4.        
-5.28321791  7.55670881 -0.60067701  4.        
-7.61592102  7.65091705 -3.30419898  4.        
 5.55291796 11.67498779 -2.23162794  3.        
 1.38822901  8.24376678 -0.83315998  3.        
-4.74825287  7.49098206 -0.53451502  4.        
-5.34708405  8.0774231  -1.34088099  4.        
 7.83654785 12.54377747 -2.63018799  3.        
-9.38885498  8.08406067 -0.74069202  4.        
2.55906701 0.22539499 1.05657995 2.        
-7.22238207  8.13096619 -1.59039295  4.        
-7.27138519  7.84719896  0.32778901  4.        
 4.18320513 10.04490662 -0.075165    3.        
 1.85523999  8.8276062  -0.44601399  3.        
-7.83912706  7.97495985 -2.29336596  4.        
 9.69319057 12.35426331  0.99880999  3.        
-16.48555756   3.30912805   0.660797     4.        
-5.26187086  7.51882219 -0.99459797  4.        
14.27590942 11.37746429 -2.14624     3.        
 8.99498844 12.06293488  0.101837    3.        
-8.21876526  7.98699188  1.14034998  4.        
 5.15856218 -9.0171051   4.35464478  2.        
 8.5740509  12.090271    1.03698695  3.        
14.97242737 10.98535919 -1.79238904  3.        
 8.19730377 12.15547943 -4.42266893  3.        
 0.97049701  3.15747094 -0.04657     2.        
-0.37310001  5.92531586 -1.07073998  2.        
 3.34343004 10.34320831 -2.21646094  3.        
-6.21426392  7.23042297  1.73248303  4.        
4.60719299 9.8554306  1.90966797 3.        
14.64680481 11.11938477 -3.80990601  3.        
1.80925    8.47417545 1.41330004 3.        
 7.09818316 11.70913696  0.81570399  3.        
 2.65547895 -0.87729597  1.31414795  2.        
 9.14409637 12.82723236 -3.51403809  3.        
-12.43769836   6.67037201  -1.62170398   4.        
 7.91274977 12.40092468 -0.195465    3.        
-11.15968323   6.87077284  -2.22463989   4.        
 6.31263018 11.62654114  0.042725    3.        
 5.40886688 -8.84020996  3.86465406  2.        
 4.53386688 -4.24180603  1.89987195  2.        
-12.73345947   6.84240723  -1.22711205   4.        
-12.48352814   7.17074585   0.91787702   4.        
 0.76425898  6.41163588 -0.482391    3.        
1.21913898 7.32396698 0.68768299 3.        
-7.01296186  7.79723406  0.68783599  4.        
 6.63558197 11.98938847 -0.57156402  3.        
12.51439667 11.91007233 -5.06112719  3.        
-10.47531128   8.02225494   0.231934     4.        
 5.29914093 -8.0542984   4.02041578  2.        
13.58067322 12.16041565 -2.03762794  3.        
 4.01541901 10.3931427   1.11569202  3.        
-16.12897491   3.59950995  -0.802185     4.        
 0.94714397  7.86418915 -1.72525001  3.        
-12.04547882   6.71419477  -1.848755     4.        
11.40216064 12.89491272 -3.26355004  3.        
-14.79280853   6.97187805   0.149323     4.        
 1.81863403  1.56732905 -0.06189     2.        
-15.22689819   6.57157087   0.72320598   4.        
12.15533447 11.62046146  0.73834199  3.        
-14.8296051    6.44407701  -0.49481201   4.        
2.20629096 8.74317932 1.11959803 3.        
-12.28528595   5.08695984  -3.19888306   4.        
14.28592682 11.66598511 -1.45086706  3.        
-15.66095734   5.49243879  -0.48623699   4.        
 0.83738703  6.76092482 -0.112366    3.        
 5.10723114 11.31760406 -3.81524706  3.        
12.8646698  12.48184967 -2.24108911  3.        
 2.18089294  9.01516724 -3.01800489  3.        
-7.05357409  8.09278107 -2.47488403  4.        
10.79238129 12.8562851  -0.33633399  3.        
 1.76072705  8.54417419 -2.31448388  3.        
0.84458899 4.81961107 0.189392   2.        
11.64160919 12.81263733 -1.54556298  3.        
  5.29984999 -11.81129456   4.47643995   2.        
 2.97087097  9.88821411 -1.50076306  3.        
-16.63470459   3.78267694  -0.26278701   4.        
-10.69104767   6.00175524  -3.21078491   4.        
16.54753113  8.76675415 -1.50021398  3.        
-8.88004303  6.93562317 -3.72976708  4.        
16.37445831  9.76026917 -2.2537539   3.        
 3.51916504 10.18301392  0.66876203  3.        
3.031883   9.86565399 1.11724901 3.        
-9.40685272  7.53786516 -1.38946497  4.        
 4.61846209 -6.12471819  3.43569994  2.        
12.16255188 12.01065826  0.139862    3.        
-6.93040514  7.03265381  1.59258997  4.        
2.15635705 0.98091102 0.13317899 2.        
 3.95967102 10.38182831 -2.362427    3.        
 2.9064641  10.10048676 -3.47958398  3.        
16.55251312  8.88083553 -3.46887207  3.        
11.8792572  12.32458496 -2.81219506  3.        
11.50088501 11.45725346  1.25109899  3.        
15.3401413  10.91788483 -3.90771508  3.        
-12.91794586   6.56244707   0.86453199   4.        
-4.49605608  7.36086988  1.59893799  4.        
 1.09584796  5.89173079 -0.91979998  3.        
 2.97950006 -0.050972    1.23596203  2.        
 3.31208801 10.33669281 -3.98968506  3.        
-8.04711056  8.087677   -1.02908301  4.        
3.90708208 9.86930084 1.67565894 3.        
 6.66759491 12.18815613 -3.03692603  3.        
13.8221283  11.72594547 -2.70819092  3.        
 2.54716492 -1.85409498  1.47186303  2.        
 4.83824921 -9.32367706  4.37063599  2.        
14.70719147 11.54912567 -1.86849999  3.        
12.44882202 12.63259125 -1.713135    3.        
 4.66847181 10.36129761  0.52652001  3.        
 4.20322418 10.56754303 -3.23248291  3.        
-11.85456085   7.15765381  -1.19415295   4.        
 5.99230194 11.68096924 -0.83563203  3.        
 4.52699995 -7.33306122  2.97689795  2.        
 3.88004303 -3.92883301  2.4312129   2.        
 9.76829529 11.97247314 -4.10571289  3.        
-9.10014343  7.67286682  0.87387103  4.        
 3.27133203 -1.14247894  1.58990502  2.        
12.94927216 12.14660645 -4.72271681  3.        
 7.81609297 11.4441452  -4.11068678  3.        
 5.6088028  11.54541779 -1.35955799  3.        
  5.3960042  -10.36103821   4.00451708   2.        
-3.54426599  7.13552094  1.00976598  4.        
-2.25678205  6.80061293 -1.25280797  4.        
-3.81282806  7.34425306  0.437134    4.        
-5.97219086  7.67423201 -2.94494605  4.        
 7.1112442  11.08596039  1.26141405  3.        
-15.12792969   5.16968489  -1.09365797   4.        
15.38294983  9.76675415 -4.0916748   3.        
-7.25263977  7.40985107 -3.96188307  4.        
-10.56465054   7.35705614  -1.33062696   4.        
  4.87571001 -11.24449158   4.15286303   2.        
16.42332458  9.44728088 -1.55127001  3.        
17.03013611  8.04737091 -2.46334791  3.        
1.40051997 4.36395311 0.29888901 2.        
14.44965363 11.75307465 -2.36883497  3.        
 1.29535699  8.22893524 -0.051331    3.        
-5.55368805  7.43716383  1.13619995  4.        
 6.16430712 11.36812592  0.46499601  3.        
1.20494103 6.01218414 0.067871   3.        
-11.52629089   6.41702986  -2.76312304   4.        
-2.47273302  7.07194519  0.472992    4.        
 5.64418793 11.55395508 -3.92690992  3.        
-11.99890137   5.30986023  -2.95413208   4.        
16.47114563  7.5664978  -3.009094    3.        
-11.08033752   6.29453993  -2.83865404   4.        
14.89511871 10.78651428 -0.89407301  3.        
-14.17702484   4.17857409  -2.37438989   4.        
-9.00357056  7.78389692 -2.31390405  4.        
 5.77183485 10.17501068  1.85440099  3.        
-13.53223419   6.79715681   0.67282099   4.        
 4.24408722 10.56578827  0.82473803  3.        
11.63903809 12.13200378  0.350952    3.        
1.83879101 3.19913507 0.32785001 2.        
  5.12407684 -11.25533295   4.86480713   2.        
-11.31484985   7.81224823  -0.99282801   4.        
1.35092199 8.28588867 0.49670401 3.        
-12.64079285   7.43298292  -0.98068202   4.        
-6.46472883  7.53265381 -3.40920997  4.        
16.27609253  8.61616516 -3.00012207  3.        
 4.78822279 -7.73800707  3.86004591  2.        
  4.72436523 -12.92752838   4.10485792   2.        
  5.49507904 -12.93043518   3.95342994   2.        
 3.965523   -2.98274994  1.73037696  2.        
14.03070068 11.61036682 -0.90792799  3.        
14.20896912 11.54730988 -3.21579003  3.        
 7.70489502 10.88347626  1.70544398  3.        
-10.84159946   7.51467896  -1.84664905   4.        
 3.52487898 -2.06078291  1.91546595  2.        
 0.67115802  7.12149811 -0.692963    3.        
 0.60737598  7.12484694 -0.180878    3.        
-13.76065063   5.88390303  -1.68850696   4.        
-8.64761353  8.1068573   0.65438801  4.        
-9.05285645  7.53501892  1.53176904  4.        
  5.24035597 -12.19998932   3.93746996   2.        
-10.51113129   7.6891942   -0.089081     4.        
 0.740623    3.59886909 -0.009491    2.        
-12.61978912   4.58730316  -3.07122803   4.        
 4.9391942  -7.61242723  4.2849431   2.        
-14.2599411    7.21521807   0.456238     4.        
-8.39540863  7.33191681  1.47116101  4.        
 4.70191193 -4.23712206  2.75692797  2.        
1.09203303 3.8691411  0.36633301 2.        
 1.43334198  8.08074856 -2.61187696  3.        
-14.26367188   4.79815722  -2.21511793   4.        
-2.32363892  7.15792799 -1.65798998  4.        
13.43935394 12.25113678 -2.67727709  3.        
10.94477844 12.13567448 -4.0406189   3.        
 3.52734399 10.60626221 -3.33935499  3.        
-11.92418671   7.05395508   0.95703101   4.        
-11.06897736   7.83126783   0.485962     4.        
 1.64400494  8.63046265 -0.157104    3.        
-16.70056152   2.65180206  -0.115936     4.        
-14.45547485   6.99467516  -0.26467901   4.        
-14.24245453   6.62976789  -0.56039399   4.        
-6.37442017  7.71250916 -0.33587599  4.        
 0.621773    7.33306122 -1.25259399  3.        
-12.24690247   7.28371382  -0.720276     4.        
 2.64486694  9.1967926  -1.39892602  3.        
 3.54592109  9.96812439 -1.83276403  3.        
-11.56053162   5.22635603  -3.06048608   4.        
-9.97616577  7.09892988 -2.47287011  4.        
16.19006348 10.08255768 -3.26705909  3.        
15.76966858 10.35354614 -1.97396803  3.        
-10.30570984   7.74958801  -1.49133301   4.        
-11.95278931   7.75288391  -0.78298998   4.        
12.53995514 11.59012604 -4.67312622  3.        
-10.54943085   7.28469086   1.26068103   4.        
-3.84820604  7.60591078  0.78378302  4.        
-12.89138031   6.52203417  -2.04394507   4.        
-15.40538788   4.32128096  -1.66619897   4.        
 1.17697096  7.49131012 -0.51492298  3.        
-15.97394562   3.88921404  -1.30181897   4.        
 3.060776   -0.382301    0.52008098  2.        
 8.57859039 12.74272919 -3.0436101   3.        
13.85960388 11.52856445 -1.24768102  3.        
 8.10141754 11.85530853  1.18844604  3.        
 0.140007    3.77188897 -0.19851699  2.        
 5.36637878 -9.70851135  4.83224487  2.        
-2.860466    7.1870122   1.06152296  4.        
 3.61880493 -2.00163293  1.50595105  2.        
 5.07642412 11.18028259 -1.61465502  3.        
  5.06714582 -12.66784668   3.78259301   2.        
 2.84671807 -2.91445208  0.94485497  2.        
15.67237854 10.30995941 -1.23690796  3.        
 3.15432    -1.11840105  0.81289703  2.        
-16.27938843   3.22570801  -0.33328199   4.        
16.66122437  7.93337202 -1.99819899  3.        
 5.36952209 11.13780975 -2.21130395  3.        
  5.1714859  -12.59661865   4.46765089   2.        
-11.06436157   5.39527893  -3.14856005   4.        
-2.05599999  6.931252    0.31228599  4.        
 4.14548492 10.40275574  1.49853504  3.        
-10.89877319   7.62837219  -0.016174     4.        
-14.99650574   3.93332696  -1.90887403   4.        
-12.73474121   7.57536316  -0.61148101   4.        
13.09560394 11.70346069 -4.15853882  3.        
-15.83332062   5.76006317   0.083649     4.        
0.944336   5.58531904 0.069183   2.        
-15.88233185   2.53858995  -1.00528002   4.        
-7.26916504  7.77344513 -0.63830602  4.        
 4.95246077 -8.21951294  3.53698707  2.        
17.04698181  8.49651337 -2.54290795  3.        
  5.6948781  -11.55774689   4.02841187   2.        
16.22819519  9.86528778 -1.75228906  3.        
 2.20661902 -0.195412    0.61660802  2.        
-15.53406525   6.1475749   -0.271088     4.        
 3.83407593 -3.47967505  1.54009998  2.        
-10.82780457   7.38121796   0.66296399   4.        
1.68796504 3.3661499  0.040161   2.        
-5.09817505  7.92770386  0.84878498  4.        
-13.19996643   6.74411011  -1.50128198   4.        
-1.59030902  6.69103193 -1.63992298  4.        
-8.68328094  7.3066411  -2.77264404  4.        
10.70491791 12.442276    0.76983601  3.        
 4.08409882 10.4299469  -3.86276293  3.        
 1.87526703  8.39204407 -0.78241003  3.        
2.85736895 9.27251434 0.36230499 3.        
1.31393397 7.67090607 0.58169597 3.        
-11.70722961   5.94894409  -3.02453589   4.        
 2.29738593  8.78192902 -0.37487799  3.        
 2.83358788 -0.50988799  1.34228504  2.        
1.29723406 3.59196496 0.068573   2.        
-3.95254493  7.1725769   1.19699097  4.        
 5.10771894 11.26325226 -4.24572802  3.        
-2.66338396  6.30602312 -2.35449195  4.        
11.84427643 12.74668884 -1.84558105  3.        
14.50508118 11.36036682 -2.49325609  3.        
2.53052497 9.46279907 0.85720801 3.        
10.05847168 12.85447693 -0.437408    3.        
-6.68978882  7.37607622 -3.69317603  4.        
-8.29399872  6.76165009 -3.65802002  4.        
-4.03099108  7.39733887 -0.22390699  4.        
15.65645599 10.25199127 -4.16809082  3.        
-4.6427989   7.51460314 -0.008759    4.        
10.34701538 12.03498077  0.77996802  3.        
-13.54978943   6.42919922  -1.24133301   4.        
-14.84085846   3.53610992  -1.69125402   4.        
-16.31122589   5.23570299   0.62033099   4.        
 1.15059698  3.79461694 -0.44753999  2.        
-10.05604553   7.34092712   1.34884596   4.        
-3.72870588  7.66242981 -0.24475101  4.        
-8.17229462  7.88968706 -0.30990601  4.        
 2.12920403  8.98750305 -2.38720703  3.        
 3.17873406  9.44412231 -0.88476598  3.        
 4.54721785 -8.06604004  3.89123511  2.        
12.03785706 12.47070312 -4.45111084  3.        
-8.70378876  7.88082886 -0.027435    4.        
  5.14447784 -11.29257965   4.38870192   2.        
-12.74234009   5.41304016  -2.58337402   4.        
 6.61724091 11.0094986   1.49032605  3.        
13.79666138 11.45745754 -3.85137892  3.        
11.68183899 12.30984497 -0.31536901  3.        
3.43895006 9.59501553 1.65161097 3.        
-16.41546631   4.53203583  -0.52032501   4.        
 5.22705078 -5.89456892  3.36672997  2.        
 2.16950989  8.69015503 -0.94210798  3.        
-0.38838199  5.45406294 -0.83468598  2.        
-8.71063995  8.00307465 -1.13659704  4.        
 4.22144318 -3.56978607  1.975739    2.        
-15.09166718   5.63375092  -0.80160499   4.        
2.93855309 8.84082794 1.35379004 3.        
1.86665297 7.92672014 1.04547095 3.        
-0.72773701  5.28635406 -0.70813     2.        
-9.08398438  8.00279999 -1.03225696  4.        
-12.73490143   6.84323883  -1.75640905   4.        
13.3664093  11.74113464 -4.46450806  3.        
-8.18813324  7.80506086  0.51651001  4.        
-11.66457367   7.65958405  -1.08255005   4.        
3.11097693 0.345718   0.70556599 2.        
-1.31407201  6.41906691 -0.65347302  4.        
15.51335144 10.71400547 -2.100281    3.        
-5.88860321  8.05005741  0.33294699  4.        
 5.59990692 11.08484554  1.08895898  3.        
 3.97300696 -4.56956482  2.78930712  2.        
 7.9375     11.14012146  1.52377295  3.        
2.13224006 8.69986725 0.1698     3.        
