-2.61611199 -7.58857298  0.36291501  2.        
17.05096436 10.45812225 -3.3470459   4.        
-17.24386597   6.73851824   2.793396     3.        
1.35197496 8.21600342 0.60348499 4.        
-8.5884552   9.85955048 -1.90158105  3.        
9.8603363  9.51518154 1.33438098 4.        
-1.18062603  0.51348102 -0.74209601  2.        
-11.67237091   9.61270905   3.536865     3.        
-4.55210114  9.45558929  2.85202003  3.        
 5.9144969   9.880867   -2.93801904  4.        
11.62284946  9.52771759 -3.5371089   4.        
-13.75933075   7.77081299  -0.70193499   3.        
-3.178406    9.03482819 -1.82070899  3.        
5.45225477 9.11626434 2.05392504 4.        
-1.34276605 -3.51936698  0.64465302  2.        
-0.698982    4.83418322 -0.96933001  2.        
-8.20983124 10.38267517  1.95361304  3.        
14.49978638  8.87981415 -1.19125402  4.        
 -2.43299103 -10.92169189   0.45748901   2.        
-11.2101059    9.75898743   0.15109301   3.        
-14.69626617   8.78158569   2.38046288   3.        
-1.89907098  8.14585114  1.07882702  3.        
 9.01358795 10.33286285 -1.80062902  4.        
-5.76832581  9.85474396 -0.128693    3.        
 3.87751007  9.52606201 -0.57702601  4.        
11.79161072 10.19103241 -0.72427398  4.        
14.16223145 10.73078156 -3.27572608  4.        
-16.28178406   6.9474721    0.123993     3.        
 6.72849989  9.96125031 -0.33526599  4.        
-0.096794    2.58736396 -0.19918799  2.        
-2.8001101  -5.29905701  0.53744501  2.        
-0.94068098  7.21285295 -0.77969402  2.        
3.22686005 8.84864807 1.70852697 4.        
7.70682478 9.18609619 1.85198998 4.        
-1.78307295 -1.35746002  0.376434    2.        
-3.73647308  9.21664429  0.45980799  3.        
-13.17919159   9.22235107   0.83471698   3.        
-6.49117279  9.92523193 -2.12618995  3.        
 0.81805402  6.25421095 -0.171112    2.        
-10.36741638  10.20283508   2.04067993   3.        
-6.66616106  9.7479248   3.1776731   3.        
-9.18587494 10.14530945  0.088806    3.        
16.3117981   9.26934814 -1.93722498  4.        
-10.43667603   9.19542694  -1.55905199   3.        
 2.04371595  9.00547028 -1.03964198  4.        
 8.60923767 10.27490997  0.076904    4.        
 7.82978106  9.40922546 -2.95504808  4.        
-2.21936011 -9.2382164   1.27667201  2.        
-12.09752655   8.54512787  -0.993164     3.        
-15.03271484   8.23284054   0.58783001   3.        
 9.7363739   9.56834412 -3.31906104  4.        
 4.06714582  9.8483429  -2.3782959   4.        
12.65066528  8.6186676  -0.75656098  4.        
-4.711411    9.93210602 -1.70672596  3.        
13.45802307 10.32907867 -1.69827294  4.        
-6.41319323 10.20790863  1.48004198  3.        
-13.42180634   8.92085266   3.57077003   3.        
-9.17203522  9.9782486   3.35565209  3.        
-15.9543457    7.64043379   1.97094703   3.        
-7.47654009 10.16217041 -0.322754    3.        
-2.06761909  8.61804199 -0.55853301  3.        
10.81375122 10.29535675 -2.08783007  4.        
5.23067522 9.70640564 0.39642301 4.        
 5.34435987  9.93481445 -1.26507604  4.        
-3.16178107  9.0322504   2.006042    3.        
10.27062988 10.50629425 -0.17453     4.        
11.50865173  9.56491089  0.76846302  4.        
15.63404846 10.72830963 -2.587219    4.        
-11.94346619   9.87338257   1.86657703   3.        
-2.16603088 -2.7296679  -0.49606299  2.        
-17.27125549   6.42469788   1.19439697   3.        
 0.420387    4.07655287 -0.233887    2.        
-4.96237898  9.76052094  1.17532301  3.        
6.48495483 9.8626709  1.25       4.        
 7.06106615 10.08590698 -1.781708    4.        
2.7563169  9.01806641 0.253113   4.        
-1.79705095 -6.46097183  0.84924299  2.        
 0.696877    7.72708082 -0.61843902  4.        
12.79878235 10.18032837 -2.99935889  4.        
-0.93730903 -0.88049299 -0.69268799  2.        
 -3.39577508 -10.0047493    1.44372594   2.        
-2.62871599 -3.93037796  0.25827     2.        
-0.69408399  5.96092176 -0.143341    2.        
-13.32671356   9.42350769   2.20043898   3.        
-0.200096    1.24557495  0.054504    2.        
-0.60029602  3.40950799 -1.12695301  2.        
-15.02897644   7.39522505  -0.44879201   3.        
-1.56777203 -4.93028593  0.87463403  2.        
14.77557373 10.09549046 -1.63247705  4.        
-3.01900506 -8.12582397  1.46923804  2.        
-3.82378411  9.55414581 -0.78509498  3.        
-0.90477002 -0.14146399  0.36605799  2.        
4.05882978 9.47906494 0.88119501 4.        
-0.93828601  1.76548004 -0.85568202  2.        
-15.46118927   8.08476257   3.11065698   3.        
 3.0040741   9.57928467 -1.60263097  4.        
-10.51151276   9.99584198   3.328583     3.        
-1.90060401  7.38790894 -0.016052    3.        
-8.09885406 10.11013031  0.755768    3.        
-2.77939606 -9.39005661  0.19436599  2.        
 7.54347992 10.07749176  0.66940302  4.        
-9.63312531 10.04658508 -1.21756005  3.        
-10.13597107  10.03324127   0.84307897   3.        
 7.91678619 10.2888031  -0.93963599  4.        
-7.8927002  10.10411072  3.09207106  3.        
 0.428047    5.21083784 -0.66021699  2.        
-5.64019012  9.91523743  2.34835792  3.        
12.12640381 10.24973297 -2.00961304  4.        
-1.12768495 -2.29341888 -0.099487    2.        
-13.1408844    8.74446106  -0.405487     3.        
-3.01179504 -6.5259819   0.71017498  2.        
-7.52545881 10.37521362 -1.48803699  3.        
-1.85318005 -8.11482239  1.33825696  2.        
-14.15692902   8.82373047   1.34289598   3.        
8.70296478 9.65552521 1.47674596 4.        
4.33529711 8.87312317 2.17202806 4.        
-16.27457428   7.26694489   3.11090112   3.        
2.34764099 8.28614044 1.25830102 4.        
-6.52537489 10.22133636 -0.973297    3.        
-2.75786591  8.9329071   0.95413202  3.        
17.193573    9.67330933 -2.5471499   4.        
13.44628906  9.45191193 -1.00448596  4.        
-12.27746582   9.43253326   0.142395     3.        
 8.83419037  9.99397278 -2.84451294  4.        
-14.07234955   8.57187653   0.187408     3.        
-11.27968597   9.41942596  -0.901245     3.        
-12.65513611   9.57633209   3.07428002   3.        
10.07420254 10.33499146 -1.22915602  4.        
-9.33872986 10.27540588  1.53964198  3.        
-0.58543402  3.593086   -0.058105    2.        
-14.48756409   8.55470276   3.41766405   3.        
-6.7795558  10.00881195  0.48083499  3.        
-1.98947895 -2.66340303  0.693573    2.        
-4.74687195  9.60542297  0.073608    3.        
-8.56017303 10.2779007  -0.76651001  3.        
0.76519001 7.23777819 0.327301   2.        
-10.20249176   9.95128632  -0.213898     3.        
-16.6649704    7.29204607   1.21884203   3.        
 5.12730408 10.23095703 -2.32675195  4.        
6.65926409 9.09554958 1.94320703 4.        
-2.96781898  9.09781742 -0.32782     3.        
-1.69294000e+00 -4.38182402e+00  1.52599998e-03  2.00000000e+00
-0.923325    7.06211901  0.247253    2.        
-7.08733416 10.1848526   2.26687598  3.        
-4.05010986  9.5287323   1.830109    3.        
11.96711731  9.18034363 -0.072998    4.        
10.64266968 10.115448    0.836182    4.        
10.70298767  9.81344604 -3.07492089  4.        
 9.56429958 10.21988678  0.653961    4.        
 8.06507874 10.22257233 -2.12612891  4.        
 1.44935596  8.41851807 -0.37200901  4.        
 9.87605953 10.17470646 -2.41626     4.        
-1.053352    2.78306603 -0.41406199  2.        
 -2.3110199  -10.20162964   1.51928699   2.        
 9.10037994 10.24671173 -0.78955102  4.        
 6.90582991  9.79780579 -2.91369605  4.        
-5.51586103 10.01345825 -1.12707496  3.        
-11.18849182   9.93192959   1.22201502   3.        
15.41326904 10.57256317 -3.5440979   4.        
-11.33075047  10.06097412   2.6226809    3.        
15.41697693  9.08163357 -1.49789405  4.        
-1.65333605 -0.416435   -0.211548    2.        
-1.96954298 -5.72803497  0.22430401  2.        
-0.485443    5.02126312 -0.012329    2.        
-1.18759894  0.92952698  0.133362    2.        
-15.09751129   8.33371735   1.54821801   3.        
-5.52116394  9.67926788 -2.16949511  3.        
-15.9147644    7.68139601   0.63125598   3.        
 4.36018419  9.87767792 -1.33297706  4.        
13.65629578  8.47212982 -0.97763097  4.        
5.02551985 9.65241241 1.33090198 4.        
14.5400238  10.68437195 -2.34945703  4.        
-0.89980298  1.93242705  0.079407    2.        
11.23226929 10.313591    0.03244     4.        
12.57830811  9.94229126 -1.23687696  4.        
-9.17188263 10.36193848  2.49234009  3.        
-0.70177501  6.11045122 -1.07345605  2.        
 5.81295013  9.7562561  -0.340698    4.        
-2.34800005 -8.48685455  0.329956    2.        
-0.82218897 -1.13225603  0.202576    2.        
 0.288589    6.87350512 -0.62762499  2.        
-2.430336    8.59018707 -1.41702294  3.        
-2.13666511 -9.93272018  0.59179699  2.        
 6.14328814 10.16452789 -1.90618896  4.        
-7.34165907 10.25260925  1.37658703  3.        
16.43267822 10.31547546 -2.36309791  4.        
-0.400612    0.28903201 -0.29531899  2.        
-2.15517402 -3.68266702 -0.49731401  2.        
-13.9796524    9.15110016   2.83004808   3.        
 2.96350098  9.32017517 -0.58956897  4.        
-5.8034358   9.84246063  0.81677198  3.        
 4.91188002  9.67634583 -0.475647    4.        
15.65921021 10.00489044 -1.84393299  4.        
11.55770874 10.04056454 -2.7845459   4.        
-1.73471105 -1.72211504 -0.46316499  2.        
-2.24511003 -7.28546095  1.13290405  2.        
-1.52337599  7.95529222 -0.84741199  3.        
-2.53093004 -5.84944916  1.18737805  2.        
-5.73971605  9.50778198  3.13659692  3.        
-12.43487453   9.56652069   1.20028698   3.        
-1.46551502 -3.18205309 -0.160339    2.        
10.92221069 10.37566376 -1.00390601  4.        
-2.31220293  8.52125645  0.32931501  3.        
-9.54956055  9.56785583 -1.93933105  3.        
-0.007545    4.302948   -0.95263702  2.        
 0.19619     3.22524309 -0.70068401  2.        
-2.47934008 -4.61010695  0.93579102  2.        
16.2545166  10.76242065 -3.25650001  4.        
-16.74581909   7.17627001   2.06439209   3.        
-17.54367065   6.44821882   2.04458594   3.        
-3.89826989  9.66350555 -1.711182    3.        
6.13279009 9.97058105 0.420715   4.        
-3.08215308 -8.71286011  0.690979    2.        
-12.85763454   8.02043247  -0.73535198   3.        
-2.49298096 -6.31739378 -0.07135     2.        
 0.13932     6.02462816 -0.60971099  2.        
13.65200806 10.60600281 -2.62109399  4.        
 7.61198378 10.12771606 -0.175476    4.        
-4.75040388  9.77227783 -0.74267602  3.        
2.05889893 8.72135925 0.59841901 4.        
-0.53996998  1.04225194 -0.72088599  2.        
-9.96035004 10.25570679  2.76080298  3.        
-2.40014601 -4.80955076  0.005981    2.        
-1.36152697  7.80709791  0.557037    2.        
12.56968689  9.42549896 -0.56985497  4.        
 -3.08125305 -10.0854454    0.69741797   2.        
-1.84714496 -7.330688    0.33926401  2.        
-10.42206573   9.80477142  -0.97381598   3.        
-7.28782701  9.98521423 -2.21752906  3.        
-8.25481415 10.21974182 -0.023743    3.        
13.40518188 10.25444031 -3.51956201  4.        
-14.41665554   8.08914185  -0.372253     3.        
14.11587524  9.79599762 -1.27816796  4.        
-2.87335992  9.2667923  -1.10305798  3.        
 6.25994921  9.94179535 -1.14877295  4.        
3.28539991 9.31070042 0.86389202 4.        
-15.38540554   8.23953247   2.33801293   3.        
3.48420691 9.2617569  0.060181   4.        
 7.13669586 10.14511871 -0.986359    4.        
4.25869799 9.43457031 0.118073   4.        
 1.09194899  7.00914812 -0.35467499  4.        
7.36691999 9.76168823 1.43499804 4.        
-2.14919996 -3.30780792  0.22656199  2.        
-3.41054511  9.24185944  1.26345801  3.        
-0.16729     1.79266405 -0.50686598  2.        
-1.12736499 -2.77092409  0.52163702  2.        
-0.445366    2.66101789 -0.89602703  2.        
-5.63287306  9.99510193  1.563416    3.        
-4.24103498  9.52315521  1.04303002  3.        
-8.85559082 10.15533447  0.89492798  3.        
-3.73839593  9.14207458  2.50384498  3.        
4.33839417 9.40140533 1.61554003 4.        
-11.98564911   9.17968845  -0.578583     3.        
-4.99684095  9.81255341  1.94738805  3.        
 8.28230953 10.05449677  0.858917    4.        
-2.12860107 -2.1824491   0.026581    2.        
-2.99875593 -9.45204926  1.11456299  2.        
 2.17304993  8.82769775 -0.184387    4.        
-1.81024206 -4.09815598  0.75442499  2.        
11.56240845 10.2951889  -1.515167    4.        
 9.45359802 10.47325134 -0.166473    4.        
14.86843872 10.89177704 -3.07809496  4.        
5.80699921 9.63506317 1.64340198 4.        
-12.04232025   9.8387146    2.70672607   3.        
-11.21398163   9.12897491  -1.58752406   3.        
12.95878601 10.486763   -2.23233008  4.        
17.57678223  9.74940491 -3.18383789  4.        
-14.07917023   9.10380459   2.02929711   3.        
-0.55508399  4.32994795 -0.44323701  2.        
-1.82337201 -5.69310808  1.02816796  2.        
-0.30273399  5.45032501 -0.761841    2.        
-17.11019897   6.34021807   3.3969121    3.        
-8.59541321 10.27763367  2.96566796  3.        
-12.59064484   9.64675903   2.12445092   3.        
-5.92917585 10.17434692 -1.73098695  3.        
-1.23694599  7.66925097 -0.24124099  3.        
-0.80023199 -0.121742   -0.741974    2.        
-15.64508057   7.95216417   1.26254296   3.        
-15.71744537   7.37285614  -0.036926     3.        
-2.15634203 -9.18866444  0.500732    2.        
-0.58521998  6.58315277 -0.49066201  2.        
-2.45757294 -8.51297379  1.25344801  2.        
12.16928101  9.91857243 -3.2935791   4.        
 3.66629004  9.84532166 -1.60464501  4.        
-7.37935591  9.65740204  3.30603004  3.        
 7.55365705  9.98749542 -2.56417894  4.        
-13.04057312   9.42337036   1.54782104   3.        
-16.72299194   6.82462311   0.68423498   3.        
9.26416016 9.15618896 1.486359   4.        
-8.2296524  10.31700897 -1.47906494  3.        
8.44923401 9.02279663 1.65936303 4.        
-11.05509853  10.0916214    1.89611804   3.        
11.87580872  9.8688736   0.046936    4.        
-1.09811401 -1.84777105  0.44570899  2.        
-1.30763197  1.31320202 -0.445068    2.        
2.65756989 8.9968338  0.94918799 4.        
-6.69433594 10.04032135 -0.213623    3.        
5.61177111 9.8003006  0.97885102 4.        
10.8808136   9.461586    1.05651903  4.        
 8.53962708 10.3675766  -1.24371302  4.        
 8.59545898  9.49095917 -3.26217604  4.        
-11.78520966   9.72682858   0.93093902   3.        
-1.75511897  8.08305359 -0.036102    3.        
-12.69852448   9.13784027   3.60900903   3.        
-7.46432495 10.11958313  0.48230001  3.        
 0.17532299  4.71966505 -0.17806999  2.        
 6.95375109 10.0993576   0.312103    4.        
-4.03236389  9.42328644 -0.141846    3.        
-6.48831892 10.03255463  2.57000709  3.        
1.04474604 7.93689013 0.061432   4.        
-2.31262994  8.64713287  1.38565099  3.        
 8.95967865 10.02120972  0.92471302  4.        
-1.03020501 -1.53341699 -0.30358899  2.        
-1.31296504  0.21624801 -0.041046    2.        
-2.51556396 -5.60189104 -0.152344    2.        
-13.28396606   9.00770569   0.197906     3.        
-13.29043579   9.42802429   2.91165209   3.        
-2.33345008 -6.86748886  0.310669    2.        
-1.60961902 -1.09362805 -0.26947001  2.        
8.03580475 9.70776367 1.493927   4.        
 7.66560411 10.2742691  -1.55954003  4.        
0.37858599 6.70536804 0.05423    2.        
-2.94412208 -8.0137291   0.815552    2.        
-4.45679522  9.46092987 -2.10388207  3.        
-10.53211975  10.10460663   1.37460303   3.        
-15.78961945   7.74742889   2.63906908   3.        
-11.45818329   8.65449524  -1.14352405   3.        
-1.51964340e+01  7.93913317e+00  1.32139996e-02  3.00000000e+00
 6.47065687 10.14237976 -2.54657006  4.        
 2.39794898  9.14389801 -1.58422899  4.        
-2.10037994 -7.9011569   0.63958699  2.        
14.72880554 10.47829437 -3.575104    4.        
 4.79959917 10.12500763 -1.760162    4.        
 0.199974    5.55786896 -0.14587399  2.        
-2.97671509  8.90434265  0.30267301  3.        
-1.79769099 -5.02153015  0.166107    2.        
14.84674072  9.4261322  -1.31094396  4.        
-13.84680939   8.87149143   0.72769201   3.        
-17.16064453   6.88581085   1.64801002   3.        
-5.1812439   9.64736938  0.56268299  3.        
-10.74057007   9.94404602   0.568726     3.        
-2.89812493 -7.24760103  1.10397303  2.        
-14.47826385   8.53755188   0.75299102   3.        
-0.952263    5.51119995 -0.76763898  2.        
14.12055969 10.27454376 -1.71670496  4.        
-9.02220058 10.15623474 -1.52227795  3.        
-14.99835205   8.51224518   2.959198     3.        
-10.69607544  10.18688965   2.62835693   3.        
-7.86080885  9.91593933 -1.82623303  3.        
-0.74880999 -0.50993299 -0.140228    2.        
-2.38673401 -6.6509552   1.02703905  2.        
-6.77983093 10.3292923  -1.55499303  3.        
-10.8529892    9.68927765  -0.50482202   3.        
-1.58839405 -0.70275098  0.35769701  2.        
-9.61253357 10.04921722 -0.442444    3.        
-1.58925605 -2.29918694  0.35241699  2.        
-7.82207489 10.32446289 -0.92556798  3.        
-8.42235565 10.28853607  1.34271204  3.        
 8.50191498 10.28401947 -0.57663     4.        
-2.81794    -5.93283081  0.58666998  2.        
 9.6395874  10.37528992 -1.71935999  4.        
-7.71660614 10.2722168   2.50961304  3.        
-2.21554589 -5.243855    0.821747    2.        
-2.47621107 -7.84159803  1.32376099  2.        
-1.43239605 -3.7670331   0.06778     2.        
-11.05084991   9.6993866    3.55084205   3.        
3.80656409 9.04637909 1.83963001 4.        
4.83997297 9.23629761 2.01034594 4.        
-10.08726501   9.77957916  -1.55426002   3.        
17.06417847 10.27074432 -2.67739892  4.        
-1.098526    6.44035292 -0.164368    2.        
 -2.97724891 -10.58630753   0.34341401   2.        
 5.73628998 10.2243042  -2.44009399  4.        
12.16992188 10.0832901  -2.6973269   4.        
0.97044402 7.64363909 0.746216   2.        
-5.24345398  9.75157928  2.79296899  3.        
-16.75704956   6.84178877   3.32803297   3.        
-9.80473328 10.10108185  0.32797199  3.        
-1.65362501 -2.36386108 -0.41104099  2.        
-0.65050501  3.99885607 -0.964203    2.        
 3.30629706  9.56330109 -1.07272303  4.        
-5.97448015 10.05944824 -0.729523    3.        
-9.52664948 10.09578705  0.86898798  3.        
-2.35703993 -3.66850996  0.73187298  2.        
 9.54632568  9.95507812 -2.87390089  4.        
16.6497345   9.81066132 -2.1096189   4.        
 8.03471375 10.20507812  0.25317401  4.        
11.53263855 10.25484467 -2.12249804  4.        
4.62693024 9.58929443 0.71017498 4.        
-0.733513    0.57272297  0.30542001  2.        
 5.54797411 10.13744354 -1.81832898  4.        
10.520401   10.09047699 -2.57144189  4.        
-9.91617584 10.20189667  1.38821399  3.        
-6.19906616  9.90956879  0.36065701  3.        
-13.65462494   8.43495941  -0.43774399   3.        
-12.49745941   8.86930084  -0.62600702   3.        
-2.19998908  8.0330658  -0.54089397  3.        
10.06319427 10.02806854  0.95898402  4.        
1.86737096 8.05758667 0.98593098 4.        
13.92198181  9.0904541  -1.00707996  4.        
-6.2148819  10.06240845  2.03970289  3.        
-1.93990302  8.43399811 -1.11065698  3.        
-16.6579361    7.15344191   2.65243506   3.        
 8.24604034  9.95579529 -2.76513696  4.        
-11.44055939   9.50492096  -0.333801     3.        
13.18952942  8.86341858 -0.79864502  4.        
 0.00721     4.92381287 -0.96435499  2.        
10.63748169 10.40755463  0.28100601  4.        
-6.38028002 10.00140381  0.92532301  3.        
-0.209396    3.17182899 -0.23465     2.        
-4.30845594  9.38593292  0.40454099  3.        
-9.64697266 10.30519867  2.14660597  3.        
-8.89694214 10.38597107  1.97070301  3.        
-12.76016998   9.09924316  -0.12884501   3.        
 3.51518989  9.6815033  -2.25991797  4.        
 9.95066071 10.47264099 -0.66622901  4.        
12.65234375 10.29426575 -1.69683802  4.        
-3.48498511  9.57145691 -1.26031494  3.        
1.66850996 8.44309998 0.168823   4.        
 0.52801502  7.24363708 -0.248016    2.        
-0.778099    1.38142395 -0.055634    2.        
 4.66376495  9.99987793 -2.58691406  4.        
-7.12953186 10.02322388  2.93267798  3.        
-2.03252411 -8.43381119  0.85369903  2.        
 0.28028899  3.52394104 -0.138733    2.        
11.15896606 10.13996887  0.57784998  4.        
-2.79262495 -4.67515612  0.40652499  2.        
-4.16435194  9.52004242  2.41906691  3.        
-1.21893299 -1.95855701 -0.64199799  2.        
12.95716858  9.91912079 -3.6464839   4.        
 1.04151905  8.16342926 -0.75253302  4.        
10.28384399  9.46815491 -3.44842505  4.        
-5.18487597  9.77671814 -0.248474    3.        
-11.77191162   9.6596756    0.27300999   3.        
-2.68780494  8.73126221  1.91714501  3.        
 7.01466417 10.00466919  0.86920202  4.        
 2.42258501  9.39083862 -0.74902302  4.        
-1.27236199  2.14188409 -0.29482999  2.        
-0.103012    3.6764071  -0.87219203  2.        
 1.53635395  8.66976929 -0.87258899  4.        
-1.77484906  8.19335175  0.52340698  3.        
-7.5268712  10.29032898  1.92593396  3.        
-2.0204699  -6.35209322  0.34060699  2.        
9.34681702 9.79257202 1.26812696 4.        
-4.34880114  9.81796265 -1.13836706  3.        
-1.49518597 -0.25470001 -0.72820997  2.        
12.21510315  8.87444305 -0.47537199  4.        
-13.96310425   8.85363007   3.43405104   3.        
15.01647854 10.4729538  -2.13879395  4.        
-1.91631305 -8.76567459  1.29791296  2.        
-1.37863195  7.13021803 -0.30746499  3.        
-7.18553877 10.24306488 -0.79528803  3.        
5.99599504 9.23719025 1.99096704 4.        
 8.75509644 10.18330383 -2.32324195  4.        
 0.66777003  4.98623705 -0.17779499  2.        
 -2.11554003 -10.50716019   0.65921003   2.        
-0.50799602  0.820274   -0.14285301  2.        
-2.47656202  8.81400299 -0.23138399  3.        
-16.40547943   7.47909498   1.68277001   3.        
-2.01280999 -9.88689804  1.16647303  2.        
-9.18658543 10.16981506 -0.90560901  3.        
-14.56632996   8.32334137   0.113342     3.        
-13.6776123    9.17810059   1.65039098   3.        
16.61256409 10.65645599 -2.8434751   4.        
10.94006348 10.47683716 -0.411957    4.        
15.73199463 10.90799713 -3.13363695  4.        
-2.65729499 -9.75803375  1.42898595  2.        
-14.28033447   7.55344391  -0.42895499   3.        
 4.14627123 10.05878353 -1.87051404  4.        
-1.61154902 -3.05938292  0.48843399  2.        
-14.55129242   8.73233795   1.72232103   3.        
2.85235596 8.35793304 1.47708094 4.        
-1.48002601 -4.5114212   0.52175897  2.        
-11.03822327  10.0479126    3.09301805   3.        
 0.74264503  5.85146284 -0.54400599  2.        
 9.19499969  9.68160343 -3.2971499   4.        
 9.3245163  10.1830368  -2.37652612  4.        
14.96459961  8.76448822 -1.49014294  4.        
-0.68324298  2.34685493 -0.213928    2.        
10.1559906   9.92767334 -2.94900489  4.        
-12.25285339   9.57440186   0.67254603   3.        
-5.39221191 10.06298065 -1.70245397  3.        
-11.28500366   9.84867096   0.68817103   3.        
-2.42031097  8.94059753 -0.82589698  3.        
10.01602936 10.39267731  0.39758301  4.        
15.86828613  9.52263641 -1.69201696  4.        
10.25893402 10.30001831 -2.04605103  4.        
-6.00008392  9.90288544  2.77883911  3.        
 0.34074399  5.69451094 -0.99533099  2.        
-14.45193481   8.89627075   2.92861891   3.        
-12.24690247   9.4271698    3.51379395   3.        
-16.41770172   7.26805878   0.60434002   3.        
-2.01153588 -6.97415876  0.75317401  2.        
12.09553528 10.14519501 -1.38278198  4.        
 5.80024004  9.84140778 -0.87695301  4.        
-2.01248908 -2.72729111  0.154755    2.        
-3.53204298  9.22497559 -0.042908    3.        
-2.73671007 -9.13129807  0.67861903  2.        
10.59941101 10.32388306 -1.43652296  4.        
-0.81440002  3.26673889 -0.46755999  2.        
-15.51423645   8.09880066   1.80306995   3.        
-2.07186103 -1.93126702  0.50292999  2.        
-0.82422602  6.641922   -0.97296101  2.        
-6.86035919 10.15666962  1.14843798  3.        
 9.07984924 10.30047607  0.342316    4.        
4.78267717 9.56708527 0.102783   4.        
13.30654907  9.99934387 -1.29760695  4.        
-11.66136932   9.90040588   3.0809629    3.        
-8.4345932  10.38191986  2.46343994  3.        
-16.22146606   7.40975189   2.47317505   3.        
-2.69287109 -8.99466705  1.212708    2.        
-8.71969604 10.1765976   0.35092199  3.        
-4.64615583  9.7518692   2.38919091  3.        
12.08995056  9.65013123 -0.39212     4.        
-2.31957197 -4.39748383  0.472229    2.        
 0.53055602  6.3952179  -0.59863299  2.        
-0.97551     2.29471588 -0.79562402  2.        
-1.98004198 -6.86127901  1.31930494  2.        
 7.00838518 10.15490723 -2.30837989  4.        
 9.33298492 10.37931061 -1.25131202  4.        
3.73846412 9.35159302 1.28759801 4.        
 4.32181501  9.70323944 -0.830872    4.        
-2.98230004  9.02410889  1.491974    3.        
12.92178345  9.59608459 -0.93017602  4.        
-0.287025    2.15481591 -0.93527198  2.        
-0.807693    7.18017578 -0.257965    2.        
-15.48257446   8.00881195   0.759857     3.        
-0.72310603  5.09257507 -0.50601202  2.        
7.12645721 9.49205017 1.82418799 4.        
10.38881683  9.56703186  1.22601295  4.        
-4.68991089  9.54208374  0.73895299  3.        
 2.70812988  9.34159756 -1.20233202  4.        
6.58881378 9.58289337 1.74884105 4.        
15.91833496 10.38709259 -2.26113892  4.        
-10.91155243   9.44591522  -1.29150403   3.        
 0.43941501  4.4203639  -0.69641101  2.        
 7.29978895  9.44707489 -2.9433589   4.        
-16.09998322   7.68396807   1.27694702   3.        
12.18937683  9.81945801 -0.90179402  4.        
-8.32198334  9.93044281  3.34448195  3.        
-17.57151031   6.37953186   2.58905005   3.        
-0.017616    1.97836304 -0.037354    2.        
-0.51040602  5.31583405 -1.22503698  2.        
-15.07553101   8.28884888   3.42776489   3.        
 8.49073029 10.37503147 -1.789276    4.        
-2.33985901  8.60338593  0.84652698  3.        
-0.403824    6.04438782 -0.57183802  2.        
14.17614746 10.77407074 -2.75357103  4.        
-6.89530897 10.21099091  1.68511999  3.        
15.37306213  9.62073517 -1.56103504  4.        
-2.81799293 -7.00464582  0.63888502  2.        
-9.01659393  9.64521027 -1.69543505  3.        
-12.85121918   9.28907776   0.436432     3.        
 -2.56987    -10.28808212   0.46868899   2.        
13.65460205 10.54727173 -3.137573    4.        
 0.30110899  6.22265577 -0.129364    2.        
-11.53114319  10.02163696   2.14639306   3.        
-1.68988001 -1.80502295  0.135956    2.        
-1.66019404 -5.50065184  0.56973302  2.        
11.20042419  9.75492096 -3.19872999  4.        
-0.113861    1.21909297 -0.49175999  2.        
10.5092926  10.47758484 -0.71414202  4.        
-2.82800293 -8.30700684  0.34927401  2.        
-1.31045496 -1.34993005  0.177551    2.        
-2.21632409 -3.9196589  -0.040619    2.        
-12.95910645   9.55789948   2.54901099   3.        
-1.11475396  6.11688185 -0.55474901  2.        
-2.6142199  -9.65981293  0.58892798  2.        
-9.53445435 10.21446228  3.09500098  3.        
-1.18429601 -0.518906    0.115265    2.        
-1.87239099 -3.58273292  0.619995    2.        
13.23532104 10.40441895 -2.8812871   4.        
-12.64749908   8.47153473  -0.89602703   3.        
3.61320496 8.53723145 1.79229701 4.        
-1.44500005  7.46060181 -0.83612102  3.        
-3.42095208  9.36760712 -0.55352801  3.        
-4.35001421  9.59549713 -0.50945997  3.        
-2.09303308 -3.17604089 -0.29293799  2.        
-2.79048896  8.96349335 -1.52120996  3.        
-1.95722997 -4.6375618   0.78695703  2.        
10.98657227 10.02238464 -2.72287011  4.        
-13.58647156   9.04891205   1.10858202   3.        
11.80677795  9.407341    0.40722701  4.        
-17.2444458    6.81245422   2.19241309   3.        
-0.64987898  6.71950483 -0.020813    2.        
-2.24214911 -5.2387352   0.191254    2.        
-3.60815406  9.29667664  2.05749512  3.        
-1.23084295 -2.74930191  0.043518    2.        
-11.47455597   9.96604919   1.61611903   3.        
-0.59877002  3.84651899 -0.49096701  2.        
-1.04565406  7.53365278  0.265717    2.        
5.22613478 9.53275299 1.75790405 4.        
 5.35415697  9.65432739 -0.070984    4.        
-2.73226905 -6.26998901  1.05114698  2.        
-8.73492432 10.2243576  -0.31732199  3.        
-2.40170288 -5.94395781  0.26559401  2.        
-1.01304603  0.95941901 -0.65274     2.        
-1.22801197  0.69035298 -0.28460699  2.        
2.81391907 8.90879822 1.39776599 4.        
 6.70672607 10.06206512 -1.45458996  4.        
12.49655247 10.29462433 -2.41333008  4.        
-13.10275269   9.3103714    3.33923292   3.        
-0.023666    2.7906189  -0.70376599  2.        
-4.95294189  9.39392757  3.11108398  3.        
-5.01639605  9.75704956 -2.03497291  3.        
-0.243752    5.79372406 -0.149994    2.        
-14.97058105   8.55622864   1.95455897   3.        
-1.07578301  6.80969191 -0.497437    2.        
11.3473053  10.37190247 -0.74084502  4.        
 6.41496992  9.84912872 -2.92236304  4.        
16.1714325  10.05467987 -2.02587891  4.        
-0.056252    4.05361223 -0.267456    2.        
-0.63902301  0.5765     -0.68179297  2.        
 4.77098083  9.85621643 -1.09045398  4.        
 2.58653998  9.04882812 -0.26928699  4.        
-0.072624    6.42586517 -0.4646      2.        
2.24773407 8.76381683 1.03366101 4.        
-13.3841629    8.16589355  -0.72216803   3.        
-6.23950195 10.24790955 -1.35211205  3.        
-0.686333 -0.014198 -0.066772  2.      
-7.07686615 10.12226868  0.128967    3.        
-5.94750214  9.87686157 -2.1091001   3.        
-1.35803998 -0.71294397 -0.55355799  2.        
-7.96831512 10.21823883 -0.48819     3.        
3.78752899 9.38890839 0.39978001 4.        
-16.97444916   6.93966722   1.15982103   3.        
-14.9421463    8.36845398   1.103302     3.        
-13.59215546   9.2078476    3.20077491   3.        
-2.18791199 -4.38513613 -0.11087     2.        
16.07810974 10.78351593 -2.73251295  4.        
-10.26759338  10.02577972   0.318176     3.        
3.22283912 9.12561798 1.32217395 4.        
-10.04830933  10.06464386   3.33703589   3.        
-3.14263892  9.05121613  0.71475202  3.        
 0.69898999  7.08631897 -0.69378698  4.        
4.51287079 9.58961487 1.16223097 4.        
11.11091614 10.30071259 -1.62988305  4.        
17.34754944 10.16443634 -3.14169312  4.        
-2.65846992 -5.41431808  0.965271    2.        
-2.69260406 -6.57701111  0.364014    2.        
-17.53540039   6.20626116   1.64770496   3.        
-2.31223297 -8.03373718  0.232849    2.        
-9.97859192  9.94782257 -0.70983899  3.        
11.66101074 10.15387726 -0.280121    4.        
-2.14612603  8.41172791 -0.090271    3.        
13.41439819 10.56648254 -2.19555712  4.        
5.12046099 9.68954468 0.84408599 4.        
-1.78755903 -3.51768088 -0.240082    2.        
-12.34407043   9.69382477   1.72595203   3.        
-0.525841    1.588799   -0.71231103  2.        
 0.22081     3.90678406 -0.61160302  2.        
 7.29968977 10.04779816 -0.50314301  4.        
 5.91299391 10.01785278 -1.44009399  4.        
-5.47168016  9.78164673  0.21426401  3.        
-3.78222704  9.36104584  1.02148402  3.        
7.81086683 9.92764282 1.15945399 4.        
-0.67137903  5.48313093 -0.27032501  2.        
-1.48842597 -2.6802249   0.78890997  2.        
-5.277565    9.85002899 -0.69110101  3.        
-7.76198578 10.18101501  0.139587    3.        
-2.03982496 -9.47010422  0.92486602  2.        
-1.69982898 -2.82955909 -0.333069    2.        
-3.5735929   9.2568512  -1.87911999  3.        
-2.0831759  -8.99822617  0.912628    2.        
-5.09088898 10.01289368 -1.36325097  3.        
 8.13892365 10.24954987 -0.188995    4.        
 4.35555983  9.51300812 -0.32101399  4.        
 7.44836378 10.140625   -2.01669312  4.        
3.12111712 9.22325134 0.447754   4.        
11.19683838  9.86314392  0.93756098  4.        
-0.38380399  1.70885503 -0.019165    2.        
-17.46253204   6.34333801   3.02896094   3.        
1.15699005 7.40719604 0.171204   4.        
 5.30420685 10.03980255 -2.69885206  4.        
-0.90976    -1.02478802 -0.229431    2.        
 6.45417023 10.00810242  0.73806798  4.        
-9.16825104 10.16004944 -0.43298301  3.        
-7.60264587 10.13272858  0.91329998  3.        
-1.80290198  7.81702423 -0.51678503  3.        
 6.30462694  9.86503601 -0.209747    4.        
 -2.762573   -10.19510269   1.47686803   2.        
-2.93864393 -8.45772171  1.17346203  2.        
-11.86268616   9.42552853  -0.194916     3.        
 5.33847809  9.75137329 -0.602539    4.        
-5.92984009 10.01284027  1.22457898  3.        
 6.5831151   9.96861267 -0.83551002  4.        
-0.59571099  2.78797102 -0.245331    2.        
-8.86270142 10.3014679   1.43737805  3.        
-1.21712506  0.10582    -0.55380201  2.        
-7.78153181 10.28045654  1.46957397  3.        
14.49847412 10.42444611 -1.98403895  4.        
-7.1648941  10.08082581  0.822083    3.        
5.7124939  9.8646698  0.54205298 4.        
-3.16419196  9.28042603 -1.44500697  3.        
-9.92132568  9.37698364 -1.66189599  3.        
-1.27158403 -3.37496996  0.22628801  2.        
-6.25886488  9.9948349  -0.30966201  3.        
13.960495   10.50707245 -2.06451392  4.        
-1.85870397 -5.93390989  0.60497999  2.        
11.71316528  9.89385986 -3.17584205  4.        
-1.02331495  1.63562    -0.33062699  2.        
-0.26483899  4.71669006 -0.249054    2.        
6.06213379 9.86225891 1.113922   4.        
 3.85104394  9.72424316 -1.21939099  4.        
 8.63317871 10.13645935  0.59945703  4.        
-2.12634993 -7.59820604  1.44769299  2.        
13.75419617 10.11341095 -1.44851696  4.        
-1.06460595 -0.361534   -0.47921801  2.        
-14.21425629   9.07154942   2.44894409   3.        
-0.248215    3.22140503 -0.93869001  2.        
8.38983917 9.8535614  1.23644996 4.        
-1.78575099 -3.98236895 -0.159393    2.        
-0.76613599  3.02979302 -0.83398402  2.        
-9.41242218  9.98261261 -1.62335205  3.        
15.83706665 10.59867096 -3.4347229   4.        
-0.39754501  4.52065992 -1.02133203  2.        
-14.54236603   8.58525085   1.31042504   3.        
-7.11093092 10.17769623 -1.86724901  3.        
-2.90851593 -7.49355316  0.74340802  2.        
4.03681993 8.68192291 1.90692103 4.        
7.17122698 9.064888   1.89984095 4.        
15.29785156 10.91633606 -3.00726295  4.        
-2.63330102  8.80983734  0.55355799  3.        
-15.09133911   8.49569702   2.53399706   3.        
-0.139183    5.23391008 -0.168732    2.        
-9.02759647 10.29974365  2.91803002  3.        
14.04733276  8.58555603 -1.131042    4.        
-2.30517602 -6.20986605  0.99880999  2.        
-3.91267395  9.45221043  1.42556798  3.        
-1.41091204 -4.23692703  0.85122699  2.        
-2.23589301 -3.96373391  0.43917799  2.        
 0.83929402  6.65512085 -0.332306    2.        
-1.40610504 -4.09384489  0.44046     2.        
-12.04896545   9.71186829   1.32663      3.        
6.97249603 9.82396698 1.273193   4.        
 0.57378399  4.58740997 -0.310211    2.        
 0.28446999  5.25389099 -1.06387305  2.        
-10.40708923  10.19216919   2.96081495   3.        
-2.43969011 -4.96174622  0.587708    2.        
-15.81225586   6.98299408   0.115784     3.        
-0.111702    3.60740709 -0.28942901  2.        
10.65187073  9.41890717 -3.23672509  4.        
-15.63735962   7.72437286   0.192169     3.        
-1.76008606  8.32274628 -0.74005097  3.        
5.83688307 9.81302643 0.081085   4.        
-1.24953496 -1.24647498 -0.52944899  2.        
-7.05143023 10.29584503 -1.22854602  3.        
 2.99789405  9.12771606 -0.079742    4.        
-0.114754    2.39003801 -0.592987    2.        
-13.71234131   9.29140472   2.53063989   3.        
14.45849609  9.31700897 -1.17684901  4.        
5.10314894 8.87521362 2.04559302 4.        
11.59492493  9.99766541  0.33642599  4.        
-14.80512238   7.98815918  -0.237793     3.        
-13.54449463   8.75572968  -0.019531     3.        
-12.91162109   9.37406158   1.14901698   3.        
-2.1319499  -7.74029922  1.02847302  2.        
-2.83018494 -7.72356415  1.12677002  2.        
-12.37145233   9.19747925  -0.26007101   3.        
15.79020691  9.07012939 -1.69332898  4.        
 7.8994751   9.82138062 -3.00778198  4.        
-4.44364882  9.67719269  1.85372901  3.        
 0.711739    7.53630781 -0.007843    2.        
-10.45522308   9.6494751   -1.39843798   3.        
-10.23166656  10.26573181   2.44015503   3.        
6.20526886 9.71447659 1.53674304 4.        
-10.54223633   9.99567413   0.96978801   3.        
8.86531067 9.23749542 1.58492994 4.        
12.90145874  9.12879944 -0.650635    4.        
 9.87801361 10.47600555  0.012115    4.        
 1.78514099  8.66620636 -0.35153201  4.        
12.93214417 10.14350891 -1.42697096  4.        
2.39117408 8.8686142  0.394135   4.        
-12.46686554   9.70368195   2.72512794   3.        
-0.63019598  2.05960798 -0.71933001  2.        
-11.71013641   9.11341858  -0.88339198   3.        
-2.77942705 -7.00180387  0.224548    2.        
 8.16164398 10.37607574 -1.41653395  4.        
 9.42562103 10.44594574 -0.58026099  4.        
-11.99547577   9.70404816   3.23019409   3.        
-12.62686157   9.45697021   0.80767798   3.        
-10.03555298  10.23204803   1.78390503   3.        
 7.25031996 10.16513824 -1.42242396  4.        
2.48275805 8.66276646 1.36291504 4.        
1.67481995 8.4022522  0.86349499 4.        
-14.03034973   8.19020081  -0.47872901   3.        
-12.3433609    8.20252991  -0.82064801   3.        
 7.39004517 10.12917328  0.172668    4.        
16.70452881  9.40878296 -2.18673706  4.        
-10.82089233   9.82614899   0.030853     3.        
-16.12715912   7.36322021   0.326904     3.        
-3.87684608  9.73323059 -1.30535901  3.        
-1.09101105 -1.84131598 -0.036652    2.        
-15.65617371   7.92684889   2.1494751    3.        
 9.70573425 10.35636902 -1.04724097  4.        
-8.56006622 10.29488373 -1.23501599  3.        
4.78764296 9.52618408 1.64172399 4.        
-2.56438494 -5.57412004  0.342834    2.        
-4.21889496  9.85350037 -1.53814697  3.        
-1.15447998  1.36322796  0.108154    2.        
-14.217659     8.37145996  -0.15042099   3.        
-2.31053209 -5.67803192  0.886536    2.        
14.62704468  9.7650528  -1.38317895  4.        
-2.39974999 -7.2503891   0.441681    2.        
 7.83046722 10.14941406 -0.52063     4.        
-7.03710222 10.15700531 -0.424133    3.        
 7.07168579 10.07168579 -0.142883    4.        
1.503654   7.88464403 0.78811598 4.        
 6.54628801 10.1809082  -1.97076404  4.        
-9.29135132 10.15171814  0.48306301  3.        
17.39772034  9.94625092 -2.80093408  4.        
11.79000854 10.2822113  -1.12149     4.        
-2.51252007  8.94423676 -1.22280896  3.        
16.56637573 10.52757263 -3.37329102  4.        
14.30938721 10.4388504  -3.51834106  4.        
-1.71031904 -1.40940905 -0.020569    2.        
-15.96942139   7.51670122   3.01040697   3.        
-14.17991638   8.74311066   0.93789703   3.        
-4.618752    9.67882538  1.37643397  3.        
-3.51859999  9.2856369   1.66174304  3.        
14.80786133 10.81636047 -2.62381005  4.        
-8.04563904 10.25366974  2.74508691  3.        
-5.39632416  9.87780762  1.25637805  3.        
-0.32231101  6.19087219 -0.14730801  2.        
-11.3351593    9.05230045  -1.20895398   3.        
16.26145935  9.6674881  -1.88867199  4.        
16.91403198 10.05229855 -2.3726809   4.        
-13.71889496   8.83206177   0.34664899   3.        
 2.29900408  9.01019287 -0.54974401  4.        
-6.0655818  10.09484863  1.65084803  3.        
 0.58184099  5.42865705 -0.13177501  2.        
0.741768   6.87068892 0.111053   2.        
 8.25764465  9.47167206 -3.04388404  4.        
-2.93456292  9.22727203 -0.70764202  3.        
 3.90620399  9.3614502  -0.060608    4.        
-13.35092926   9.22064972   1.392609     3.        
 0.25772101  5.16324615 -0.194153    2.        
-2.65157294  8.85671997  1.33682299  3.        
 6.45503998 10.02240753  0.18698099  4.        
9.67547607 9.96286774 1.03915405 4.        
10.68333435  9.81924438  1.12371802  4.        
4.27745819 9.50476074 0.53280598 4.        
-13.13392639   8.47905731  -0.71627802   3.        
 5.16952515 10.21377563 -1.92892504  4.        
-16.91864014   6.96419477   2.98272705   3.        
 6.15493011 10.23376465 -2.30029297  4.        
-15.28538513   8.21434784   2.77526903   3.        
-2.20017195 -7.65940905  0.31835899  2.        
-3.20952606  8.93098354  2.3899231   3.        
12.8543396  10.34008789 -2.63726807  4.        
 7.55290985 10.26819611 -1.10345495  4.        
15.14976501  9.95650482 -1.64962804  4.        
 8.85070038 10.37149811 -0.40307599  4.        
-10.65692902  10.14626312   1.77175903   3.        
-5.41342878  9.75939178  0.87570202  3.        
12.6938324  10.06673431 -3.38568091  4.        
 4.45657396 10.0903244  -2.25823998  4.        
11.2441864  10.20661926 -2.39379907  4.        
-14.6682663    7.64436293  -0.44720501   3.        
-6.5434041   9.97951508  0.160889    3.        
1.31171405 8.19708347 0.202209   4.        
-11.00485992  10.11837769   2.29043603   3.        
-8.10253906 10.17810059  0.34622201  3.        
-13.35831547   9.36370087   1.79962206   3.        
-15.37821198   7.97716522   0.365417     3.        
10.26509857 10.24485779  0.67056298  4.        
 9.50049591 10.40821075  0.223114    4.        
-5.18596697  9.8379364   2.4090271   3.        
-15.83286953   7.84845686   1.59738195   3.        
-10.93339539  10.06477356   1.49789405   3.        
15.53129578 10.38316345 -2.17157006  4.        
-2.95875597 -9.73073196  0.82763702  2.        
-9.29305267 10.33348846  1.92981005  3.        
-10.82128906   9.08964539  -1.44186401   3.        
-13.66860962   9.28766632   2.05105591   3.        
 8.32266998 10.14620972 -2.42526293  4.        
 3.34981489  9.40762329 -0.56237799  4.        
-16.85256195   7.16741896   1.54559302   3.        
1.08902705 7.94759417 0.476044   4.        
 6.94034576 10.01242828 -0.66760302  4.        
 8.93536377 10.34910583 -1.26473999  4.        
-5.80932617  9.82355499  0.41824299  3.        
-1.17587304  6.84225512 -0.115021    2.        
-0.80853301  2.64214301 -0.70227098  2.        
-0.69604498  4.69807386 -0.400635    2.        
3.66661811 9.42591858 0.85794097 4.        
-8.55800629 10.36802673  1.76458704  3.        
-2.66366601 -9.37533569  1.31906104  2.        
-9.2492218  10.17506409  1.14053297  3.        
-1.89965105 -2.07951403 -0.53561401  2.        
-2.0880661  -7.49654818  0.719666    2.        
 1.06652796  8.04389954 -0.37640399  4.        
-6.31962585 10.18631744 -1.79226696  3.        
-0.565956    5.71430206 -0.89361602  2.        
-5.79250288  9.98431396  1.924896    3.        
-6.2770462   9.79432678  3.03897095  3.        
-2.01335096 -4.74139023 -0.037384    2.        
-10.39411926   9.8560791   -0.58349597   3.        
5.41648102 9.67842865 1.37664795 4.        
 0.36742401  4.80189514 -0.56875598  2.        
-8.64543247 10.16645145 -1.63513196  3.        
-1.27928901 -0.95881701  0.153778    2.        
-6.88049316  9.90383244 -2.17590308  3.        
-0.86038202  1.38994598 -0.76483202  2.        
15.154953   10.6875     -2.43621802  4.        
-2.637573   -8.01358032  0.57132     2.        
-0.78836101 -0.66415399  0.217529    2.        
7.40611982 9.96117401 1.01702905 4.        
-16.66312408   6.79089403   0.29901099   3.        
 0.45791599  6.12650299 -0.87359601  2.        
-10.08259583   9.92503357  -1.19122303   3.        
-2.61370111 -6.98868608  1.03314197  2.        
-4.4092412   9.52577209 -0.123657    3.        
-1.27075195 -2.11363196  0.215942    2.        
-1.34445906  7.80605316  0.167358    3.        
 0.44665501  5.59844208 -0.62664801  2.        
-5.26679993  9.89332581  1.64794898  3.        
-6.6946559  10.16732025 -0.62704498  3.        
11.77682495 10.17991638 -2.4160161   4.        
13.79893494  9.61689758 -1.14114404  4.        
-1.35318005 -0.175339    0.046509    2.        
-3.39514899  9.0820694   0.331635    3.        
 1.84978497  8.84199524 -0.72219801  4.        
-1.63219404 -4.86667585  0.48822001  2.        
8.42494965 9.40987396 1.66332996 4.        
-0.99900103  7.44949293 -0.478149    2.        
-0.84985399  5.81333923 -0.547607    2.        
 2.32973504  9.21462345 -1.19653296  4.        
8.03564453 9.41094971 1.74185205 4.        
10.21598053 10.35258484 -1.588287    4.        
-1.77918994 -5.25182676  0.90936297  2.        
-0.64179999  3.4997859  -0.75357097  2.        
-1.69553399 -2.68889999  0.41857901  2.        
-2.11310601 -8.68916321  0.55938703  2.        
-3.46407294  9.21006012  0.86840802  3.        
15.00848389 10.70856476 -3.44790697  4.        
-17.34614563   6.55965424   1.54556298   3.        
-7.46519518  9.86812592 -1.89856005  3.        
-0.98185003  2.02600908 -0.52240002  2.        
 7.15452623  9.98285675 -2.68878198  4.        
-1.80178106 -6.07292604  0.98507702  2.        
-12.30726624   9.76146698   2.38205004   3.        
-1.52058399 -0.74705499 -0.054474    2.        
-11.85356903   9.91932678   2.3843081    3.        
-8.82810211 10.13384247  3.23217797  3.        
-1.68593597 -3.66770506  0.94216901  2.        
-2.83174896 -8.44277573  0.79150403  2.        
-16.29032898   7.50344086   1.00027502   3.        
3.54409003 9.16087341 1.553864   4.        
-16.41791534   7.36951494   2.06545997   3.        
0.84043902 7.67955017 0.32025099 2.        
-12.70033264   9.56391907   1.69589305   3.        
-1.38035595 -2.62454605 -0.35409501  2.        
-0.061546    5.7415309  -0.80010998  2.        
-0.50851399  0.32123601  0.067657    2.        
-3.07498908  9.07624054  1.10669005  3.        
-1.53615606  7.50542498 -0.406708    3.        
-2.70657396 -6.3082962   0.65780598  2.        
-15.28326416   8.17090607   1.03775001   3.        
-2.67830706  8.79950714  0.088379    3.        
 0.208755    6.61465502 -0.29644799  2.        
16.95970154 10.49787903 -2.96112108  4.        
-6.72487593 10.16792297  2.01974511  3.        
-5.65139008  9.92253876 -0.58975202  3.        
-5.90220594 10.15348816 -1.21112096  3.        
-6.71868896 10.10878754 -1.88870203  3.        
-0.54305297  3.98301697 -0.14456201  2.        
-14.90589142   8.19018555   0.20526101   3.        
-9.46850586 10.31867981  2.71844506  3.        
-7.38613081 10.16230774  2.64978004  3.        
-15.30900574   7.51110077  -0.227722     3.        
-1.92711604 -2.57389092 -0.180176    2.        
-14.15795898   7.83798981  -0.63949603   3.        
 0.039185    2.09162903 -0.419067    2.        
 7.91085005 10.07078648  0.825104    4.        
4.25873613 9.17754364 1.90350294 4.        
-2.01672411 -6.71177721  0.43957499  2.        
7.52210999 9.50183105 1.78103602 4.        
 9.88788605 10.30447388 -2.01678491  4.        
10.79768372 10.45791626 -0.051086    4.        
-1.62031603 -4.57709122  0.97805798  2.        
-1.82699597  8.3253479  -0.37451199  3.        
-1.110062    1.04558599 -0.28015101  2.        
-2.02424598  8.35882568  0.80249     3.        
6.29807997 9.01681519 1.96777296 4.        
-9.66453457 10.25852203  1.71450806  3.        
 0.174698    4.31864214 -0.38287401  2.        
-2.48170495 -8.91316223  0.52346802  2.        
14.37968445 10.08451843 -1.53411901  4.        
-1.63190496  0.013084   -0.105438    2.        
-8.79194641 10.38672638  2.55490088  3.        
13.06164646 10.2220459  -3.25454712  4.        
-3.35710096  9.45241642 -0.93588299  3.        
-8.25416565  9.98591614 -1.81286597  3.        
-0.97202301  0.50665998  0.033081    2.        
-5.60441589  9.8188858   2.76971412  3.        
11.42538548 10.32218933 -1.14456201  4.        
 8.33868408 10.29741669 -0.94488502  4.        
 7.92311907  9.98426819 -2.59335303  4.        
 0.54202998  5.94809723 -0.25329599  2.        
-0.31292     5.09013414 -0.826904    2.        
-2.20325494 -3.56969094 -0.146484    2.        
12.97705078 10.39349365 -1.83261096  4.        
-6.876091   10.06884766  2.67312598  3.        
 2.70185804  9.34680176 -1.59081995  4.        
-14.36505127   8.50444031   0.39492801   3.        
 5.00830078  9.97969055 -1.39755201  4.        
-1.384583   -1.60146296 -0.35061601  2.        
9.64798737 9.22206879 1.36856103 4.        
-5.42219496  9.87944031  2.0596621   3.        
 7.55559492  9.66025543 -2.79858398  4.        
-0.28022     1.43646204 -0.25326499  2.        
2.03071594 8.68470001 0.23895299 4.        
-2.32224298 -4.14710617  0.73962402  2.        
-0.72534901  6.337502   -0.792023    2.        
-2.09133911 -8.27500534  0.469971    2.        
12.28895569 10.24159241 -1.670959    4.        
 -2.02191901 -10.1714859    0.83544898   2.        
-4.01055193  9.34824371  0.74414098  3.        
-8.02924347 10.37854004  2.36962891  3.        
-7.60795593 10.21831512 -1.79980505  3.        
-2.15143609 -9.57646179  0.55392498  2.        
-14.71735382   8.3646698    0.480652     3.        
-0.76011699  0.26203901 -0.56085199  2.        
-13.53422546   9.02591705   0.646393     3.        
9.08274078 9.50492859 1.48877001 4.        
 3.22728705  9.67506409 -1.86538696  4.        
-1.81015003 -2.283638    0.633362    2.        
-0.70204902  6.31296492 -0.080719    2.        
15.04360962  9.08163357 -1.34585595  4.        
-4.88834381  9.60797882  2.83334303  3.        
12.58326721  9.7025528  -0.89874297  4.        
-1.286484   -2.48487496  0.367401    2.        
-3.04319    -9.97446442  1.47467005  2.        
13.60868835  8.82193756 -0.93911701  4.        
-1.23514605  7.72283888 -0.72274798  3.        
-1.31941998 -2.09288001 -0.32989499  2.        
-2.09359002 -8.14003372  1.07940698  2.        
0.488785   7.12216997 0.139404   2.        
-8.27334595 10.17060947  3.08996606  3.        
-0.77919     5.22338915 -0.87680101  2.        
-3.2633059  -9.86672974  0.94290203  2.        
-0.85557598  0.97619599  0.024048    2.        
-10.73163605   9.68403625  -0.83554101   3.        
2.07444    8.1625824  1.44299304 4.        
-0.349953    4.17163086 -0.90325898  2.        
-2.44582391 -4.24991989  0.179138    2.        
-16.96764374   6.59182692   1.10919201   3.        
10.3976593   9.70236206 -3.20657396  4.        
-8.85922241 10.24427795 -1.00650001  3.        
-2.03167009 -2.40120697 -0.49337801  2.        
-2.82780504 -8.84210968  0.92779499  2.        
14.08454895  9.41509342 -1.12255895  4.        
-1.89435601 -1.97071803 -0.203674    2.        
-2.18796492 -3.65483904  0.229095    2.        
-2.35710907 -6.41263199  0.272522    2.        
12.99334717  9.84656525 -1.16159105  4.        
-1.38924396 -0.105698   -0.33712801  2.        
14.50776672 10.77134705 -3.28659105  4.        
-0.749466    6.85257721 -0.63735998  2.        
-16.94874573   7.00334883   2.53533912   3.        
-7.0112462   9.78736115  3.18551612  3.        
-9.99790955 10.27306366  2.18328905  3.        
-8.44487    10.14460754  0.56085199  3.        
11.76631165 10.27216339 -1.79525805  4.        
10.55477905 10.34644318 -1.77966297  4.        
-1.02191901 -1.52471197  0.08667     2.        
-2.14802599  8.30644989  1.25842297  3.        
-14.13439941   8.99600983   3.16891503   3.        
-0.85153198  0.25432599  0.23763999  2.        
-15.25287628   8.35772705   1.97689795   3.        
4.07830811 9.40983582 1.31384301 4.        
 0.041588    5.24531603 -0.81875598  2.        
-11.67597961   9.33185577  -0.56881702   3.        
-1.90804303 -2.40387702  0.27349901  2.        
-2.70733595 -6.68338394  0.74606299  2.        
-2.60847497 -8.26207733  1.43518102  2.        
2.97422004 9.19350433 0.77346802 4.        
-12.32433319   9.63519955   3.1499939    3.        
-0.98936498  2.44090295 -0.48422199  2.        
-16.68173218   7.17601013   0.89553797   3.        
-6.02609205 10.31447601  1.389557    3.        
-0.68463099  3.15855408 -0.169312    2.        
 1.35959601  8.41751099 -0.70260602  4.        
11.21810913 10.28718567 -1.95486403  4.        
-7.55900621 10.03348541  3.06356812  3.        
-3.90876007  9.43041992  2.2098999   3.        
12.65470886 10.40040588 -2.10131788  4.        
-0.26445001  2.19309211 -0.13708501  2.        
10.4944458  10.34659576 -1.11184704  4.        
-0.87869298 -0.68106103 -0.42208901  2.        
-1.45302606  0.89967299 -0.137817    2.        
5.65068007 9.376297   1.96124303 4.        
-2.05916595 -6.56122589  1.04171801  2.        
-7.36574602 10.31615353 -1.07290602  3.        
 8.89558411  9.76181793 -3.16037011  4.        
-0.43078601  1.13476598 -0.40667701  2.        
11.3861084  10.33934021 -0.349457    4.        
14.20155334 10.6830368  -2.3600769   4.        
-2.0687561  -3.03534698  0.026001    2.        
-0.72088599 -0.114044   -0.388367    2.        
10.05944824  9.69773865 -3.19461107  4.        
-3.20114112  9.02998447  0.059875    3.        
 4.67258501  9.97301483 -1.43414295  4.        
-13.37068939   7.83999586  -0.63452101   3.        
 9.24715424 10.12017059  0.77783197  4.        
-1.59128594  8.00736237 -0.32147199  3.        
 0.80535901  7.7167592  -0.29901099  4.        
14.48878479 10.85856628 -2.84619093  4.        
 8.6750946  10.29299164 -0.93536401  4.        
-4.09751081  9.51155758 -1.93496704  3.        
-8.40809631 10.23791504 -0.39352399  3.        
14.89718628 10.29193878 -1.88247705  4.        
-7.15992022 10.33869171 -1.57681298  3.        
 9.21199036  9.98425293 -2.87283301  4.        
12.18719482  9.28057861 -0.30532801  4.        
12.48174953 10.08759308 -3.05654907  4.        
-3.51874495  9.48872375 -1.64370704  3.        
 0.42968801  7.24050903 -0.567963    2.        
-0.97397602  6.49157715 -0.47967499  2.        
-6.0608139   9.98101044  2.4594121   3.        
-2.05401611  7.79148102 -0.29751599  3.        
-9.25576019  9.70044708 -2.02658105  3.        
-2.55462599 -4.98076582  0.27572599  2.        
-1.23224604 -3.07782006  0.44635001  2.        
-4.72888184  9.95977783 -1.37585402  3.        
-1.88690197 -5.40634918  0.214874    2.        
0.335915   6.41210222 0.204285   2.        
-3.00883508 -7.7192378   0.52130097  2.        
-15.7414093    7.8516922    0.89602703   3.        
-0.52047002  1.17376006 -0.036591    2.        
-0.395172    6.52028704 -0.093323    2.        
-7.99624586 10.26698303 -1.70883203  3.        
-1.53750598  0.44966099 -0.110779    2.        
12.0213623   9.48937225  0.033051    4.        
-12.50558472   9.42301941   0.382202     3.        
8.86158752 9.83483887 1.24807703 4.        
-0.853912    2.54516602 -0.011139    2.        
 9.85337067 10.50562286 -0.35189801  4.        
 0.044128    3.33762407 -0.39996299  2.        
 3.01146698  9.47255707 -1.203583    4.        
3.86494493 9.2483139  1.57476795 4.        
-6.59271193  9.94462585  2.92291307  3.        
-14.84231567   8.42505741   3.23794603   3.        
-8.24411011 10.35398865 -1.15197802  3.        
-7.91707611 10.38217163 -1.23535204  3.        
-17.13432312   6.60493517   3.20306396   3.        
 6.00734711 10.07331085 -2.68792701  4.        
 0.35482001  6.96484423 -0.267975    2.        
 3.85837603  9.97157955 -2.00207496  4.        
4.63171387 8.90274811 2.034271   4.        
-0.37607601  3.83290911 -1.03366101  2.        
-2.75002289 -7.49555588  0.078796    2.        
13.97012329 10.69389343 -3.01303101  4.        
 9.70866394 10.37682343 -1.39923096  4.        
-12.98575592   9.51252747   2.99645996   3.        
11.42839146  9.96099091  0.62594599  4.        
-1.22846997  0.81494099 -0.85925299  2.        
-1.93036699 -3.0291369   0.42553699  2.        
-2.38159895 -8.90882492  1.25790405  2.        
-1.98504603  8.25195312  0.14361601  3.        
-0.47571599  3.37374091 -0.29644799  2.        
-1.85903895 -8.43561172  1.28250098  2.        
 2.68677497  9.49758244 -0.906555    4.        
 5.64503479 10.0545578  -2.70239305  4.        
-1.93247199 -7.1968379   1.15054297  2.        
-0.97717297  7.42188311 -0.121307    2.        
-0.64638501  1.96325696 -0.121674    2.        
-7.70661879 10.34603882  2.193542    3.        
-10.99998474   9.91638947   0.95809901   3.        
3.46944404 8.87689972 1.92230201 4.        
-1.68224299 -1.37511396 -0.413757    2.        
-9.72153473  9.88419342 -1.61840796  3.        
-3.93354011  9.30430603  0.218018    3.        
-5.04762983  9.91764832 -1.05660999  3.        
-12.364151     8.67704773  -0.86526501   3.        
15.40907288 10.19284821 -1.92721605  4.        
 0.121849    5.87144518 -0.163727    2.        
-0.54400599  4.47770691 -0.73605299  2.        
-13.99398041   8.71998596   0.48269701   3.        
 0.243706    3.53202796 -0.610443    2.        
-0.43041199  0.72521198 -0.44189501  2.        
-2.19092607 -3.3847959   0.53756702  2.        
2.11403704 8.49030304 1.16827404 4.        
 9.3002243  10.37438202 -1.65789795  4.        
10.31704712 10.44292355  0.26651001  4.        
-4.24943495  9.61484528  2.10379004  3.        
-9.52455902 10.022995    3.35409594  3.        
-2.75107598 -8.65350342  1.34771705  2.        
-2.0934751  -6.03993607  0.307861    2.        
-1.73075104 -5.19529295  0.49548301  2.        
-15.65122986   7.82978106   0.49560499   3.        
10.07094574 10.05252838 -2.66522193  4.        
-2.54884291 -7.38087082  1.09002697  2.        
-2.48967004 -5.28234911 -0.13574199  2.        
-3.02569604 -6.22272491  0.60699499  2.        
10.7088623  10.26557922  0.56106597  4.        
-14.07329559   8.96338654   1.61877406   3.        
-2.993469   -8.05370045  1.15863001  2.        
-13.58248138   9.32640839   2.82049608   3.        
 8.54356384 10.05123901 -2.69876099  4.        
16.04342651 10.57115173 -2.49008203  4.        
10.59313965 10.5083847  -0.40765399  4.        
 0.20137     4.68494415 -0.88006598  2.        
 6.2951889  10.02185059 -1.45529199  4.        
-15.05418396   7.68347216  -0.31109601   3.        
-2.24677992 -9.55112839  1.33029199  2.        
-5.3105998   9.85675812 -1.96456897  3.        
15.09771729 10.85356903 -2.74981689  4.        
-14.50761414   8.89351654   2.61532593   3.        
 4.83509111 10.21309662 -2.20260596  4.        
16.78410339 10.32603455 -2.53759789  4.        
-15.74008942   7.73496199   3.03830004   3.        
13.83198547 10.6361618  -2.36111403  4.        
-10.83209991   9.97074127   3.32177711   3.        
 9.75247955  9.81169891 -3.11611891  4.        
-12.79396057   9.3739624    3.37292504   3.        
 -2.02466607 -10.11330414   1.41589403   2.        
-10.99822235  10.12215424   2.69900489   3.        
-16.50849915   7.03799391   3.340271     3.        
-1.49193597 -3.50643897 -0.102325    2.        
11.84179688  9.74478912  0.33596799  4.        
11.59698486 10.09161377  0.034332    4.        
17.17050171  9.98854065 -2.56045508  4.        
-1.33174098  1.62047601 -0.51620501  2.        
-9.17600155 10.15106201 -1.24594104  3.        
-2.07160997 -7.12853622  0.48388699  2.        
13.16090393 10.49989319 -2.4750371   4.        
 9.92232513 10.24460602  0.66067499  4.        
-11.24097443   9.90011597   3.28512597   3.        
-2.03338599 -2.86559296 -0.24371301  2.        
11.91983032  9.95301056 -0.56130999  4.        
6.72740889 9.96792603 0.99484301 4.        
11.26293945  9.95913696 -2.86144996  4.        
-2.32217407 -5.64051104  0.152161    2.        
3.45615411 9.29533386 1.15893495 4.        
 1.30292499  7.2071991  -0.229462    4.        
 7.35897112 10.12249756 -2.31841993  4.        
-0.03389     3.98918104 -0.94140601  2.        
13.15841675  9.22590637 -0.80477899  4.        
-2.49203491 -5.27047014  0.67355299  2.        
 -2.7089231  -10.65026474   0.494293     2.        
10.94311523 10.33545685  0.293457    4.        
-1.05503094  0.064308    0.054291    2.        
-11.95330048   9.66795254   0.66799903   3.        
12.2379303   9.93161011 -1.19082606  4.        
-2.48872399 -9.18453979  0.366211    2.        
 8.40200043  9.78414917 -2.97625709  4.        
12.59701538  8.87709808 -0.58724999  4.        
-2.89356208 -7.44724703  0.398132    2.        
-2.57502007 -5.78947401  0.76092499  2.        
-2.20672607  8.22140503 -0.791107    3.        
-1.28528595 -1.65115404  0.28942901  2.        
-6.38782501 10.14346313 -0.70303297  3.        
 1.25093806  8.18017578 -0.163239    4.        
-2.30612898 -8.10401535  1.30889904  2.        
-1.32737005 -3.04467392  0.150208    2.        
-2.02514601 -6.90927505  0.197174    2.        
-13.11691284   8.97969055   3.60522509   3.        
-13.75861359   9.03055573   1.36849999   3.        
 8.75093842 10.36750031 -1.61685205  4.        
-1.92195106 -6.23800993  0.63391101  2.        
-2.7551651  -8.58969116  0.52725202  2.        
-2.44368005 -4.56035614  0.208405    2.        
-3.05161309 -7.16856003  0.76425201  2.        
 3.27275109  9.64961243 -1.46154797  4.        
 5.56049299 10.26287079 -2.18597388  4.        
-0.065666    2.83751702 -0.381836    2.        
13.19239807  8.56221008 -0.87707502  4.        
-11.10761261   9.85745239   0.42770401   3.        
-1.77809095 -4.30506086  0.98434401  2.        
-11.05736542   9.70619202  -0.131561     3.        
-2.649719   -6.12961578  0.29177901  2.        
-4.21631622  9.4185791   0.109497    3.        
-2.63244605 -5.82703018  0.027161    2.        
-1.14724004  7.1581502  -0.55441302  2.        
0.57983398 6.47409821 0.007721   2.        
-6.77202606 10.04681396  0.87231398  3.        
13.81288147 10.55896759 -3.40359497  4.        
-11.84147644   8.71144104  -1.04482996   3.        
 7.86837006 10.33901978 -1.32440197  4.        
 0.72868299  6.15714979 -0.497803    2.        
-5.5990448   9.95760345 -1.91662598  3.        
-9.40520477 10.10733795 -0.69592297  3.        
-0.916336    6.23529816 -0.31649801  2.        
-3.75919294  9.38565826 -0.28103599  3.        
-0.42536199  2.98948693 -0.83749402  2.        
-0.652969    0.55583203 -0.076172    2.        
7.7844162  9.60186005 1.65252697 4.        
-11.62444305   9.7658844    0.67044097   3.        
-11.57836246   9.86540985   1.34350598   3.        
15.89945984  9.81432343 -1.80956995  4.        
-16.18122101   7.47481489   0.60931402   3.        
-9.8968811  10.20969391  3.11096191  3.        
13.49209595  9.78558254 -1.17593396  4.        
-0.18004601  4.33474684 -0.288239    2.        
-4.21645403  9.57166958  1.574615    3.        
-11.24478912   9.52301788  -0.57064801   3.        
-8.55077362 10.21630096  0.060181    3.        
-14.63209534   8.73336029   3.11737108   3.        
-4.73667097  9.58236694 -2.06472802  3.        
-0.63045502  2.41540504 -0.89859003  2.        
-2.89749193  8.92665863  1.80569506  3.        
-9.1247406  10.1269989   0.74020398  3.        
-11.08101654   8.90758514  -1.30355799   3.        
-10.23187256  10.16952515   1.38339198   3.        
-4.97276306  9.82209015  1.59408605  3.        
-1.94036102  8.07395172 -0.73764002  3.        
-8.16641998 10.26708984 -0.71789598  3.        
 5.01777697 10.0300827  -2.58822608  4.        
-10.43932343  10.00333405   0.57788098   3.        
10.94511414 10.06282043  0.84158301  4.        
-4.8496089   9.73605442 -0.45449799  3.        
3.030586   8.62101841 1.76989806 4.        
-2.12271094  8.64759827 -0.98794597  3.        
-4.99860382 10.03329468 -1.65502906  3.        
-11.44998169   9.81799316   0.94485497   3.        
4.70053101 9.59999084 0.41275001 4.        
-13.43066406   9.4099884    2.55322289   3.        
-6.6091609  10.09925079  2.29501295  3.        
10.15414429  9.7638092   1.219208    4.        
-1.15554094 -1.49758899 -0.67712402  2.        
-15.87312317   7.51221514   0.186707     3.        
12.32330322  9.60353947 -0.605133    4.        
-16.13212585   7.47439623   2.15658593   3.        
-6.84232283 10.23956299 -1.01248205  3.        
 7.72805786 10.10778046 -2.34362793  4.        
-0.30206299  4.88749695 -1.05557299  2.        
-8.85577393 10.24198914 -0.69769299  3.        
-5.9666748   9.92714691 -0.36642501  3.        
 -2.211555   -10.24059296   0.54586798   2.        
-13.76726532   8.06628418  -0.626221     3.        
 8.4028244  10.19237518  0.407379    4.        
-9.61269379 10.22312927  1.41006505  3.        
 5.31213379 10.04745483 -1.54656994  4.        
-7.91257477 10.37055206  1.88699305  3.        
-0.34001201  5.75987196 -0.67746001  2.        
2.64730811 9.03242493 0.64663702 4.        
-11.76779175   9.88372803   1.60696399   3.        
1.83181798 8.57866669 0.443878   4.        
-12.10687256   8.96675873  -0.75942999   3.        
10.18671417 10.38981628 -0.95156902  4.        
-0.73660302  2.97265601 -0.480225    2.        
-10.08833313  10.02649689   0.058136     3.        
-10.30196381   9.44497681  -1.66964698   3.        
-1.63851905 -3.3618741   0.50820899  2.        
 6.37672377  9.88647461 -0.504547    4.        
-8.62670135 10.2240448   1.12677002  3.        
-1.49504101 -4.0548358   0.14361601  2.        
-11.37695312   9.98673344   3.01663208   3.        
-9.97592926 10.07043457  0.58718902  3.        
-1.79310596 -2.11748505  0.21875     2.        
-10.7534256   10.130867     3.02712989   3.        
-14.82987213   8.68501282   2.77456689   3.        
 9.06215668 10.40890503 -0.18820199  4.        
 6.9260478  10.1042099  -1.20138502  4.        
-10.0216217   10.10603333   1.11492896   3.        
-11.35839081  10.03855896   1.88726795   3.        
-11.37895203   9.69073486   3.54586792   3.        
-4.97669983  9.62733459  0.79132098  3.        
-11.83444977   8.39403534  -1.00796497   3.        
 6.6653142  10.06764221  0.40136701  4.        
-11.40468597   9.79137421   0.415131     3.        
-5.59989882 10.06272125 -1.41458094  3.        
 8.42671967 10.28437805 -0.278961    4.        
-13.01296997   8.94178772  -0.18725599   3.        
-15.49867153   8.01097107   2.50244093   3.        
-7.19136095 10.23796082  1.98687696  3.        
-13.96664429   9.18458557   2.2991941    3.        
10.23799896 10.16195679 -2.43691993  4.        
-5.08209991  9.6648407   0.27658099  3.        
-12.5069809    9.47085571   3.35790992   3.        
-17.13702393   6.76620483   1.34805298   3.        
-2.17077589 -8.41754913  1.27725196  2.        
-14.54496002   8.84397888   2.1252749    3.        
11.04328918 10.4462204  -0.73507702  4.        
-10.49263      9.86420441  -0.225311     3.        
-6.46721697 10.10826111  1.19891405  3.        
11.1619873  10.30059147 -1.29275501  4.        
-15.7684021    7.69992113   2.31588793   3.        
 5.57257795  9.8846283  -1.07226598  4.        
-4.71549988  9.74726105  1.73541296  3.        
 0.68938398  7.38812304 -0.71749902  4.        
6.32024384 9.48711395 1.850739   4.        
10.69142246 10.21472931 -2.35275292  4.        
 8.99582672 10.09728241 -2.61047411  4.        
5.92342377 9.90367889 0.755463   4.        
10.69848633  9.95498657 -2.80752611  4.        
-12.74887085   9.61502075   2.78933692   3.        
-17.33734894   6.72714996   1.83523595   3.        
-0.84667999 -0.419395   -0.71640003  2.        
-4.59788513  9.4853754   0.456635    3.        
 4.99799299  9.81409359 -0.895477    4.        
 6.87701416 10.07078648 -2.60815406  4.        
14.69128418  8.67353821 -1.39919996  4.        
-6.0904541   9.91980743  0.87042201  3.        
-1.16811066e+01  9.57627106e+00 -2.68599996e-03  3.00000000e+00
-1.66310096 -3.91665697  0.56308001  2.        
-4.5294342   9.60800934  1.096771    3.        
-6.05863905  9.91432858 -0.070679    3.        
-0.92276001 -0.83739501  0.009949    2.        
-8.53778076 10.14776611  0.84796101  3.        
-6.63722992 10.25127411 -1.25192297  3.        
3.50237989 9.34262085 0.48687699 4.        
-12.88037109   8.64059544  -0.69079602   3.        
-2.161659    8.54138184 -1.28479004  3.        
-14.80898952   8.57466888   1.70044005   3.        
 3.29589105  9.29763794 -0.28677401  4.        
-8.18832397 10.17681885  1.03591895  3.        
-0.911461   -1.17662096 -0.64257801  2.        
 4.41923523 10.07480621 -1.74362195  4.        
 9.70554256 10.06148529 -2.64111304  4.        
-5.7204361  10.0324173  -0.90652502  3.        
-7.75836897 10.11251831  0.54812598  3.        
-0.77927399  3.56403303 -0.43261701  2.        
2.53193688e+00 8.93074036e+00 2.53299996e-03 4.00000000e+00
-10.56403446   9.9515152    0.30850199   3.        
5.06972504 9.60431671 0.014984   4.        
-2.8062129  -9.30475998  0.93560803  2.        
-8.87057495 10.18199158  0.090271    3.        
-14.22257996   8.69685364   3.43499804   3.        
16.04708862  9.17514801 -1.81024206  4.        
-12.22164154   9.77562714   1.98852503   3.        
-6.29269409  9.9251709   0.64630097  3.        
-7.36963701 10.15284729  0.191833    3.        
 4.85564423  9.57959843 -0.196228    4.        
-2.17832208 -6.99331713  1.10494995  2.        
-7.98426104 10.23857117  1.25109899  3.        
-7.25226593 10.18318939  1.09771705  3.        
-9.02017975 10.1704483  -0.17117301  3.        
4.79712677 9.64481258 1.08023095 4.        
-7.67455292 10.21541595 -0.55349702  3.        
10.05301666  9.28691864  1.29803503  4.        
13.20648193 10.22821808 -1.51666296  4.        
-1.32661402 -2.03523302  0.50137299  2.        
-7.1713028  10.11323547  0.414886    3.        
 8.21701813 10.23688507 -0.492645    4.        
5.1336441  9.17996979 2.04211402 4.        
-4.28567505  9.4424057   2.68298292  3.        
 6.01873016  9.84502411 -0.67047101  4.        
-2.14997101 -4.95099592  0.80398601  2.        
 5.62783003  9.98916626 -1.34906006  4.        
-0.664635    6.83599091 -0.34881601  2.        
5.43458605 9.77765656 0.61633301 4.        
-7.27702284 10.13699341 -0.094696    3.        
-2.57697296 -8.20557022  0.21890301  2.        
2.01124597 8.65024567 0.887115   4.        
-13.80163574   8.60218811  -0.043976     3.        
 6.65007782 10.01191711 -1.126495    4.        
 8.34897614 10.29091644 -2.04046607  4.        
 7.17467499 10.09078217  0.51553297  4.        
-13.39601898   8.58782959  -0.43435699   3.        
-9.53290558 10.32707977  2.4251399   3.        
-17.38725281   6.65071106   2.40139794   3.        
6.85178423 9.39622498 1.898224   4.        
 7.97377014 10.12985229  0.53759801  4.        
5.51086378 9.7766571  0.314789   4.        
11.23741055  9.44794464  0.82183802  4.        
-5.34929705  9.58386993  3.01824999  3.        
-13.01811981   9.14639282   0.21026599   3.        
4.71507978 9.09407806 2.24990797 4.        
-4.88669586  9.56372833  0.51220697  3.        
-7.76965284 10.17980194 -0.26092499  3.        
14.77027893  8.98110199 -1.273651    4.        
6.86938477 9.70581055 1.52899206 4.        
-7.89594316 10.14917755  0.97433501  3.        
 7.61002302 10.15726471 -0.72399902  4.        
15.4637146  10.86860657 -3.26202393  4.        
 7.75266981 10.14328766  0.33526599  4.        
-9.32449341 10.11362457 -0.175354    3.        
-4.39878082  9.44311523  0.68484497  3.        
 3.65593004  9.53977966 -0.77877802  4.        
-7.69142103 10.21816254  1.18933105  3.        
 5.8611598   9.91796875 -1.16052198  4.        
-11.74279022   9.92964172   2.79376197   3.        
-2.42984009 -9.51403427  0.40264899  2.        
3.20652795 9.18022919 0.13888501 4.        
-1.73835003 -4.70050812  0.075043    2.        
 4.57578993  9.50701904 -0.116547    4.        
-16.58034515   7.1209259    2.9402771    3.        
-0.71814001  1.67432404 -0.078583    2.        
 9.46516418 10.26815033 -2.12579298  4.        
 8.89864445 10.26615906 -2.07342505  4.        
 5.13891602  9.63828278 -0.278961    4.        
 3.57214403  9.39243317 -0.361938    4.        
-8.11883545 10.33491516  1.67205799  3.        
-2.34351301 -7.55890322  1.21643102  2.        
5.33113098 9.73126221 1.05807495 4.        
-0.258026    2.07414198 -0.64825398  2.        
 9.13478088 10.4240799  -0.48190299  4.        
-5.47665405  9.79853058 -0.184784    3.        
-4.42642212  9.82393742 -1.75195301  3.        
-3.03177595 -9.75906372  1.267151    2.        
-8.49617004 10.39833069  2.17098999  3.        
-11.93980408   9.47847843   3.534271     3.        
14.87161255 10.66144562 -2.34387207  4.        
-16.94992065   7.02454376   2.23703003   3.        
-1.74600995 -1.67766595  0.400574    2.        
-2.34093499e+00  8.61860657e+00  2.56299996e-03  3.00000000e+00
-16.36148071   7.33289289   2.72583008   3.        
 6.88552094 10.06271362  0.60595697  4.        
11.87139893 10.00780487 -2.94931006  4.        
 -2.93701196 -10.31304169   0.45709199   2.        
-2.07861304 -9.83609772  0.88003498  2.        
10.42842102  9.99651337  1.00598097  4.        
-1.50246406 -3.69876099  0.34930399  2.        
1.22728705 7.78536987 0.69360399 4.        
-1.54769099 -1.06242394  0.076263    2.        
-10.94817448   9.56076813  -0.99880999   3.        
 0.48720601  5.27126312 -0.36630201  2.        
-3.58283997  8.92858124  2.64147902  3.        
15.79267883 10.19333553 -2.03173804  4.        
-1.58898199  7.99894714  0.19598401  3.        
-1.99935102 -3.8511579   0.60510302  2.        
5.71846819 9.75317383 1.25231898 4.        
-9.029953    9.95340729 -1.73947096  3.        
-1.61131299 -2.99085212  0.77758801  2.        
-0.42644501  3.67019606 -0.29699701  2.        
-2.71655989  9.0381546  -0.474365    3.        
 9.39600372  9.82753754 -3.09588599  4.        
-1.35724604  7.84122515 -0.47967499  3.        
-15.19058228   8.26999664   3.05068994   3.        
11.55192566  9.29034424  0.50366199  4.        
-0.54915601  5.41530609 -0.92236298  2.        
-0.05999     4.914711   -0.16888399  2.        
-10.19430542   9.83638763   3.45611596   3.        
-1.58544898 -1.966187   -0.356323    2.        
-15.94613647   7.53793287   2.50088501   3.        
 6.78350115 10.04151154 -0.056061    4.        
-14.78211212   7.38417006  -0.286957     3.        
 8.57157898 10.01935577  0.90719599  4.        
-0.01545     3.389328   -0.82482898  2.        
-1.46080005 -1.04045105 -0.535339    2.        
14.3948822   9.59605408 -1.24896204  4.        
-2.06582594 -5.0595932   0.036682    2.        
-4.92115021  9.79440308  2.53073096  3.        
 0.48763999  6.00624084 -0.60668898  2.        
-9.75552368 10.00421906 -0.95379603  3.        
 3.48798394  9.81053162 -1.86917102  4.        
-12.91046143   9.33863831   0.81112701   3.        
 6.99028015  9.52370358 -2.97674608  4.        
13.18946838  9.65563965 -1.05575597  4.        
-15.51815033   7.90584612   2.88540697   3.        
-2.81991601 -7.92746305  1.358307    2.        
-0.90888202  0.68875098 -0.61019897  2.        
-8.85895538 10.40028381  2.26095605  3.        
16.51126099 10.49479675 -2.58108497  4.        
-1.99109697 -6.64643097  0.73242199  2.        
-1.03440106  5.95500994 -0.785034    2.        
 7.19411516  9.68322659 -2.80661011  4.        
-0.921516    1.96925294 -0.220947    2.        
-5.91455078  9.98451233  2.19064307  3.        
-0.378975    6.39052582 -0.35488901  2.        
 0.481644    5.65801191 -0.28286701  2.        
 2.03471398  8.84272003 -0.44146699  4.        
 -2.38143897 -10.65051746   0.55352801   2.        
-0.97457099  1.58557904  0.049744    2.        
-13.91033936   8.40892029  -0.29953      3.        
-6.68738604 10.34153748  1.52737403  3.        
-2.92607093 -9.16543961  1.17346203  2.        
 -2.27006507 -10.00790787   1.29888904   2.        
-2.84247589 -9.40006256  0.64276099  2.        
 1.57125795  8.4265213  -0.108032    4.        
-16.08530426   7.4381938    2.73593092   3.        
-2.54655504 -5.26769304  0.38803101  2.        
-2.56827497 -6.46757507  0.89324999  2.        
-0.118996    4.56752777 -0.90737897  2.        
-16.31624603   7.14365387   0.34887701   3.        
9.62218475 9.70624542 1.30215502 4.        
-16.64905548   7.31224823   1.69387805   3.        
13.44660854  9.05170441 -0.86624098  4.        
-1.89318097 -2.28573608 -0.17248499  2.        
-16.05786896   7.13543701   0.16113301   3.        
-11.3868103    9.62397766  -0.07486      3.        
0.98216999 7.19081879 0.089172   2.        
 -2.67162299 -10.02979279   0.38497901   2.        
-4.60292006  9.83197784 -0.99960297  3.        
 9.72855377 10.36499786  0.41946399  4.        
5.91747999 9.48999786 1.86840796 4.        
-0.91650403  2.25331092 -0.070343    2.        
-0.303909    1.87576306 -0.86047399  2.        
 5.89416504 10.24430847 -2.1756289   4.        
-1.81286597 -1.63748896 -0.165649    2.        
5.77975512 9.05135345 2.03826904 4.        
-15.43527222   7.26277924  -0.151031     3.        
1.22691298 7.57770491 0.393738   4.        
12.22792053 10.22992706 -2.32940698  4.        
-0.32252499  1.45968604 -0.55307001  2.        
-1.45570397 -0.45632201 -0.004913    2.        
-16.05464172   7.68774414   1.68844604   3.        
4.71183014 9.61967468 1.36910999 4.        
-1.543365    8.01856232  0.48300201  3.        
1.56368995 8.40747833 0.56231701 4.        
 -2.10427094 -10.09262753   1.69180298   2.        
-12.6872406    9.49240112   1.31735206   3.        
 7.70990705 10.20750427 -1.91687     4.        
-2.69018602 -4.41228104  0.20053101  2.        
3.98117805 8.96510315 2.0531621  4.        
-14.24748993   9.03586578   2.73220801   3.        
14.88919067  9.86049557 -1.51290905  4.        
7.36469984 9.28518677 1.88391101 4.        
-0.41940299  5.28365278 -0.20413201  2.        
-0.99792498  6.82928514 -0.77828997  2.        
-14.40603638   7.80258179  -0.50054902   3.        
-1.82237995 -4.39871979  0.70413202  2.        
-0.60574299  4.08317614 -0.65231299  2.        
-2.40302992 -4.6856041   0.52111799  2.        
 0.62726599  6.6628952  -0.63031     2.        
 9.36916447 10.36723328 -0.84973103  4.        
15.42303467 10.84719086 -2.73962402  4.        
-2.96104407 -8.25635529  0.59747303  2.        
12.93894958  8.73514557 -0.74978602  4.        
-3.41744995 -9.81788158  1.17837501  2.        
-6.98299408 10.08951569 -0.15203901  3.        
-2.39092207 -9.87168503  0.477631    2.        
 1.92353106  8.66419983 -0.102203    4.        
 0.25452399  3.75649309 -0.30166599  2.        
12.53141785  9.13030243 -0.474518    4.        
7.49182892 9.00053406 1.868469   4.        
12.50834656 10.12200928 -1.44598401  4.        
16.98568726  9.65274143 -2.35446191  4.        
-12.75391388   8.84359741  -0.50631702   3.        
-1.30364203  7.3923192  -0.59231597  3.        
 9.30682373 10.26049805  0.538513    4.        
 0.208618    6.29962921 -0.60919201  2.        
11.80041504  9.71710205 -3.42306495  4.        
11.65258789  9.7621994   0.54629499  4.        
 8.44963837 10.41135406 -1.51132202  4.        
-0.045135    3.08620501 -0.751831    2.        
-11.11172485   9.25178528  -1.35382104   3.        
-1.32913196 -0.454216   -0.439392    2.        
 6.7376709  10.12819672 -1.76931798  4.        
 3.91630507  9.83698273 -1.47036695  4.        
11.82081604 10.08002472 -2.67672706  4.        
-13.67840576   8.95127869   3.45632911   3.        
 0.266624    4.95838213 -0.85110497  2.        
-0.276894    2.882797   -0.19967701  2.        
-1.58824897 -4.68621397  0.71939099  2.        
-2.06187391 -8.16798782  0.76266497  2.        
 0.193909    5.55646515 -0.74557501  2.        
 5.38044691 10.20768738 -2.44924903  4.        
-2.60158491 -6.03794098  0.95849597  2.        
 3.16595507  9.43652344 -0.77407801  4.        
-1.14086902  1.35558295 -0.221863    2.        
-12.02715302   9.54517365   0.206268     3.        
8.30783081 9.6528244  1.54260302 4.        
-1.42962599 -2.90732598 -0.31652799  2.        
11.94226074  9.8427496  -0.225494    4.        
-6.50210619 10.30614471 -1.51458704  3.        
 2.69788408  9.22991943 -0.61184698  4.        
-3.6816411   9.68182373 -1.50137305  3.        
 0.88388801  6.8884201  -0.131134    2.        
-2.92135596  8.96465302 -0.084381    3.        
-1.33139002  0.27758801 -0.76919597  2.        
 4.16404009  9.95420837 -1.61004603  4.        
16.49545288 10.73654938 -3.11392212  4.        
8.12083435 9.90808868 1.17590296 4.        
-0.35047901  4.11359406 -0.320068    2.        
 0.199654    4.24697924 -0.65341198  2.        
-10.69273376   9.33492279  -1.48934901   3.        
-9.7958746   9.62165833 -1.71856701  3.        
15.97717285 10.90023041 -2.99725294  4.        
16.33190918 10.77132416 -2.85165405  4.        
-2.58877611 -7.89677382  0.32110599  2.        
-9.56809998 10.14911747  1.141083    3.        
-0.53049499  6.2935791  -0.59210199  2.        
-3.25030494  9.14977264 -0.18866     3.        
-1.09827399  1.50333405 -0.61679101  2.        
-7.43313599 10.27133179  1.66311705  3.        
-2.09987593 -4.28439713  0.64004499  2.        
 9.0280304  10.18038177  0.61505097  4.        
-9.75165558 10.04660034 -0.200195    3.        
13.85020447 10.32904816 -1.76092505  4.        
-0.383026    2.44535804 -0.153809    2.        
-8.88555908  9.74498844 -1.920807    3.        
-0.58027601  6.96354723  0.095428    2.        
-15.0526123    8.53579712   2.26052904   3.        
-1.57893395 -4.37704515  0.25619501  2.        
5.97388506 9.75605011 1.38638306 4.        
-10.88857269   9.99740601   1.230865     3.        
11.93499756 10.09983063 -0.96835297  4.        
-1.08521295 -0.97543299  0.35266101  2.        
-13.89226532   9.12326145   3.11773705   3.        
-1.965904   -5.39288282  1.05987501  2.        
 6.02262878  9.80487061 -0.12588499  4.        
-0.77151501  5.34851122 -0.60357702  2.        
-12.66526031   9.65031433   2.52658105   3.        
-12.05363464   9.78856659   1.59378099   3.        
-4.60845184  9.63295746 -0.36257899  3.        
-1.56286597 -0.78157002 -0.326965    2.        
 0.65974402  7.52002001 -0.43044999  4.        
-4.60571289  9.64109039  2.64053297  3.        
-1.09000397 -0.227127    0.117981    2.        
 8.03081512 10.30435181 -1.86312902  4.        
 8.78973389 10.31834412 -0.66848803  4.        
-1.38817596  0.35607901 -0.32482901  2.        
-1.19109297  1.84900701 -0.44653299  2.        
-11.17807007  10.04116821   1.625458     3.        
-3.1109159   9.39350891 -1.19790602  3.        
-6.50352478 10.16391754  1.73797596  3.        
-9.04759979 10.16607666  0.35290501  3.        
-16.35782623   7.53253889   1.41555798   3.        
-10.86148071   9.8806839    0.29894999   3.        
13.20487976 10.0419693  -3.64263892  4.        
-0.77880102  5.73699188 -0.29177901  2.        
-2.21892595  8.48419189  0.58670002  3.        
-0.075043    5.57469177 -0.165833    2.        
2.99997711 9.10010529 1.16094995 4.        
-16.88166046   7.1340332    1.82784998   3.        
-9.86455536 10.29752254  2.5058589   3.        
-1.16021001 -1.77394903 -0.33728001  2.        
-12.20114899   9.62284756   1.06582606   3.        
-2.3940661   8.83654022 -0.49322501  3.        
2.50787401 8.87217045 1.14385998 4.        
-15.55340576   7.59144592  -0.069733     3.        
-1.61245    -3.75062609 -0.14199799  2.        
-0.80753303  7.10925293 -0.55752599  2.        
-0.80296302  7.20413208  0.045013    2.        
14.12748718 10.03263092 -1.43798804  4.        
-2.04620409 -8.74970627  1.02395594  2.        
-1.11591303  7.29096222  0.37362701  2.        
-1.79367101  7.64092302 -0.30621299  3.        
-2.05464911 -5.11185503  1.005005    2.        
-6.20184278  9.80678558 -2.18475294  3.        
-10.41558075  10.1778717    1.64511096   3.        
 0.40958399  4.94320679 -0.259491    2.        
-1.06263006  1.52403998 -0.89239502  2.        
 7.34067488 10.13538361 -1.67907703  4.        
 9.41270542 10.0127182   0.96743798  4.        
-8.88454437 10.14381409  0.610291    3.        
-13.31505585   9.17636871   1.12515295   3.        
-1.94392395 -3.73846412 -0.200409    2.        
-2.54163408 -7.01675415  0.43594399  2.        
-1.10187495 -2.51051688  0.076569    2.        
-9.39387512  9.57360077 -1.71502697  3.        
-1.82769001 -4.87785292  0.79293799  2.        
-12.99925995   8.26318359  -0.81503302   3.        
-4.98593092  9.70374298 -0.013947    3.        
4.58444977 9.28257847 1.92700195 4.        
-2.8048861  -7.48380995  0.99929798  2.        
11.01864624  9.89469242 -2.96359205  4.        
11.98425293 10.25463867 -1.632599    4.        
12.52618408 10.1973114  -2.6660161   4.        
6.36708784 9.95180511 0.98992902 4.        
-2.71599603 -7.23332214  0.352997    2.        
-3.42235589  9.12728119  0.59866297  3.        
12.41297913  8.67971802 -0.63946497  4.        
-2.04904199  7.6054759  -0.083435    3.        
-0.79547101 -0.38563499 -0.450317    2.        
-0.151215    6.096138   -0.48644999  2.        
-16.82683563   6.70928192   0.90707397   3.        
-10.34633636  10.23368835   2.6994319    3.        
 2.37067389  9.14117432 -0.842224    4.        
4.07320404 9.43280029 0.316223   4.        
-1.010216    6.64868212 -0.014587    2.        
-16.89522552   6.62439013   3.41293311   3.        
11.53230286 10.14552307 -2.53579712  4.        
11.97364807  8.93634796 -0.368622    4.        
-6.35009003  9.96071625  2.79180908  3.        
2.57280707 8.41276646 1.41613805 4.        
11.89926147  9.28932858  0.181549    4.        
-0.54334301  4.91048384 -0.33142099  2.        
4.345016   9.5267334  0.79379302 4.        
1.60930598 8.10786438 0.89843798 4.        
-1.58589196 -4.67073107  0.307648    2.        
-1.55559504 -5.37348223  0.81823701  2.        
-13.07435608   9.46435547   1.81286597   3.        
-1.84690106 -3.07025099 -0.32876599  2.        
-2.01814294 -4.11848783 -0.136871    2.        
-2.08581495 -9.23590088  0.78439301  2.        
 6.71841383  9.95027161 -2.79330397  4.        
-1.90167201 -5.44395494  0.76464802  2.        
10.18599701 10.50521088 -0.538239    4.        
13.46360779 10.16944122 -1.459656    4.        
-2.075279   -7.24448395  0.81515503  2.        
14.32003784  8.68098354 -1.22216797  4.        
3.99226403 9.45940399 0.62072802 4.        
-1.04726398  2.00098395 -0.78280598  2.        
 2.12134504  8.97956753 -0.78283697  4.        
14.22648621 10.47940063 -2.03204298  4.        
-0.23799901  1.89655304 -0.16870099  2.        
-0.550659    3.63902307 -0.96755999  2.        
-12.22053528   9.53373718   0.392975     3.        
-4.38380384  9.68535614 -0.760773    3.        
16.54768372 10.05277348 -2.16735792  4.        
-4.79332000e-01 -6.09999988e-04 -3.56597990e-01  2.00000000e+00
-0.80328399  2.59412408 -0.365417    2.        
-0.87137598  6.25746107 -0.580414    2.        
15.70761108 10.89343262 -2.86654711  4.        
15.6151886   9.68209839 -1.65976     4.        
-5.86270905  9.85688019  0.157166    3.        
-2.03964996 -6.33712816  0.89504999  2.        
16.49909973  9.61529541 -2.0037539   4.        
-5.60865021  9.76387024  0.64959699  3.        
15.38044739  9.34642792 -1.47497594  4.        
-12.31465912   9.65233612   1.46255505   3.        
-14.35314941   8.84699345   3.21185303   3.        
-2.76473999 -9.87876129  0.624695    2.        
-0.67103601  4.85101318 -0.70361298  2.        
-17.43536377   6.50110579   2.81445289   3.        
-1.66759503 -4.19721985  0.55084199  2.        
0.46376801 6.82242584 0.27917501 2.        
-1.79239595 -5.91607714  1.20156896  2.        
-8.51882172 10.33538055  2.71609497  3.        
2.84518409 8.67900085 1.53036499 4.        
-1.51162004 -2.00795794  0.31063801  2.        
-13.19668579   9.48734283   2.65606689   3.        
-14.2568512    8.96979523   1.88183606   3.        
-1.07762206  7.4417038  -0.78234899  3.        
13.43380737 10.46334076 -1.95037794  4.        
-9.52285004 10.13281345  0.35202     3.        
-11.64860535   9.98538208   2.54147291   3.        
17.21633911 10.06913757 -3.35302711  4.        
-14.51694489   8.56356812   1.04617298   3.        
16.83997917 10.57067108 -3.22991896  4.        
-11.59358978   8.87943268  -1.09973097   3.        
-6.78707123 10.04159546  0.07428     3.        
-0.30851001  3.47477698 -0.88668799  2.        
3.73613    8.7563858  1.87795997 4.        
-13.99748993   8.86738586   1.08535802   3.        
-2.68442512  9.1326828  -1.29589796  3.        
-9.87594604  9.99294281 -0.469421    3.        
-2.3200531  -4.4492259   0.73236102  2.        
-2.18637109 -3.68490601  0.51727301  2.        
 1.66077399  8.67842865 -0.63360602  4.        
 2.54508996  9.23387909 -1.01907301  4.        
16.10716248  9.47122955 -1.79482996  4.        
-1.84975398 -3.45987296  0.381531    2.        
-12.11296082   9.769104     2.95254493   3.        
-8.38392639 10.17304993 -1.67712402  3.        
-1.24943495 -0.239059   -0.62420702  2.        
-13.55113983   9.35559082   2.32339501   3.        
-3.79842401  9.47727203 -0.53311199  3.        
12.80677795  9.37381744 -0.68267798  4.        
-15.18230438   7.27882385  -0.22934      3.        
-13.37654114   9.20606995   3.35406494   3.        
1.86032104 8.15262604 1.23272705 4.        
-16.2290802    7.52319288   1.87493896   3.        
6.07424879 9.90557861 0.15212999 4.        
 6.54329681  9.95907593 -0.12988301  4.        
 8.14542389 10.23568726 -0.74722302  4.        
-0.75511199  0.30000299 -0.02533     2.        
5.89052582 9.89551544 0.346039   4.        
13.57966614 10.43486023 -3.39816308  4.        
11.11187744 10.41990662 -0.21945199  4.        
-10.78738403   9.76224518  -0.259644     3.        
 9.11465454 10.37460327 -1.45690894  4.        
-2.33969092 -7.89255524  0.45407099  2.        
-6.49935913 10.06555939 -0.39187601  3.        
16.41017151  9.86362457 -2.00659204  4.        
-0.97141302 -1.28079998 -0.24475101  2.        
 4.477005   10.15558624 -2.00357103  4.        
-2.30715203  8.8267746  -1.04629505  3.        
-17.60318756   6.36502123   2.28759789   3.        
-8.49789429 10.11947632  3.21832299  3.        
11.04643154  9.66630459  1.04458594  4.        
-0.67251599  1.79152703 -0.79510498  2.        
-4.77462006  9.65377808  1.01190197  3.        
-14.76143646   8.50765991   1.43435705   3.        
 4.17033386 10.05613708 -2.13275099  4.        
 0.040688    6.11682892 -0.214203    2.        
 6.31409502 10.10801697 -1.71389794  4.        
-0.55653399  5.69840193 -0.15600599  2.        
 9.15480042 10.34635162 -1.06042504  4.        
-1.57148004 -1.58277094  0.227936    2.        
-5.59892988  9.85321045  1.03701794  3.        
-0.25316599  3.86596704 -0.267975    2.        
5.05207777 9.67311096 0.58660901 4.        
-0.61775202  6.02960205 -0.72384602  2.        
11.90611267 10.24237061 -2.152771    4.        
-7.61982012 10.35028076 -1.13064599  3.        
-2.51684594  8.68521118  0.312897    3.        
-0.71001399 -0.28631601 -0.007904    2.        
-0.881271    5.97566223 -0.33557099  2.        
10.47384644  9.90781403 -2.93524194  4.        
-2.42353106  8.64797211  0.56918299  3.        
-13.86017609   9.18225098   1.90570104   3.        
-2.62577105  8.80982208  1.59384203  3.        
 0.898956    7.06655884 -0.52496302  4.        
11.58157253 10.28721619 -0.599792    4.        
1.86849999 8.37577057 1.03848302 4.        
 5.59475708  9.75775909 -0.54693598  4.        
10.00109863 10.35695553 -1.73867798  4.        
-1.11550903 -0.97670001 -0.52612299  2.        
-1.83084095  8.18224335  0.81533802  3.        
-6.94908094 10.21477509  1.42855799  3.        
3.72905707 9.32300568 0.13101199 4.        
13.41862488 10.43321228 -3.13330102  4.        
-1.24312603 -2.53175402 -0.14321899  2.        
-9.28739929  9.80462646 -1.77801502  3.        
 0.30912     6.54163408 -0.61224401  2.        
4.27158403 9.51495361 1.09237695 4.        
10.98449707 10.16049194 -2.5002439   4.        
-14.80345917   8.68938446   2.1061399    3.        
-5.208076    9.79497528  1.09149206  3.        
3.88003492 9.45477295 1.07092297 4.        
-2.88891602 -9.55807495  1.35510302  2.        
10.64031982  9.51598358  1.17462206  4.        
-2.65242004 -6.51976013  0.111816    2.        
-2.92087603  9.22676086 -1.35723901  3.        
-13.13043976   9.29499817   1.26870704   3.        
0.86848402 7.7385478  0.046509   4.        
-4.65088701  9.7622366   2.12786889  3.        
 8.21011353 10.2530899   0.065216    4.        
14.36280823  9.8367691  -1.35400403  4.        
-11.77075958   9.76518154   1.19754004   3.        
-9.46546936 10.08859253 -1.02136195  3.        
-13.10957336   7.84384203  -0.62164301   3.        
 0.27758801  5.90622711 -0.85556     2.        
 7.13486481 10.11592865  0.117584    4.        
-4.92917585  9.82057858  2.27084303  3.        
-0.65090901  3.79827905 -0.742432    2.        
16.17405701 10.34041595 -2.2875669   4.        
-12.42008209   9.54968262   0.93768299   3.        
-0.60170001  0.78303498 -0.83734101  2.        
-10.32888031  10.05615997   1.107849     3.        
 -2.63867211 -10.79532242   0.288818     2.        
13.75024414  9.85238647 -1.24294996  4.        
-9.10140991 10.34099579  1.75262499  3.        
 9.27909088 10.41942596  0.020142    4.        
-11.31666565  10.07537079   2.28515601   3.        
15.09436035  9.37809753 -1.37817395  4.        
 6.37904406 10.02489471  0.488159    4.        
-2.22495294  8.58909607  1.08044398  3.        
-5.15061188  9.85255432  1.34063697  3.        
 5.42120409  9.69592285 -0.36132801  4.        
2.37251997 8.88971043 0.65356398 4.        
 8.78236389 10.33579254 -0.108368    4.        
10.90409946 10.32000732 -1.78753698  4.        
14.16384888  9.15106964 -1.08334398  4.        
-6.22021484 10.09304047  1.28100598  3.        
11.26991272 10.09683228 -2.640167    4.        
 5.63645887  9.71632385 -0.153015    4.        
-4.06632996  9.30670929  0.49288899  3.        
 5.72905016 10.09426117 -1.63583398  4.        
-0.29350299  5.02748108 -0.20742799  2.        
-16.60478973   7.04990387   0.62777698   3.        
-0.044861    2.97236609 -0.122009    2.        
-2.62207007 -5.81391478  0.426788    2.        
 6.09557295  9.81860447 -0.422943    4.        
 6.08583117  9.88781738 -0.962677    4.        
-2.21554589 -4.71472597  0.716034    2.        
-6.53663588  9.96177673  0.56274402  3.        
-0.009232    4.51718092 -0.21508799  2.        
 7.54793596 10.08885193 -0.43615699  4.        
-16.02778625   7.6545639    0.864227     3.        
 3.96218896  9.4597702  -0.339966    4.        
-2.57543898  8.81899261 -1.49627697  3.        
0.94717401 7.46356201 0.41873199 2.        
-8.80596924 10.35608673  1.686432    3.        
 4.48908997  9.79264832 -1.00900304  4.        
-5.87513018 10.06160736  1.47671497  3.        
 0.875       7.91406202 -0.58666998  4.        
6.20401812 9.97373962 0.675354   4.        
-9.73934174 10.08171082  0.71987897  3.        
 8.23030758 10.13772583  0.59423798  4.        
 7.3863368  10.18177795 -0.92318702  4.        
-0.40354899  4.52531385 -0.36257899  2.        
-2.26055193 -5.91413116  0.98327601  2.        
-0.37796     2.30914307 -0.74682599  2.        
-0.60386699  0.43303701 -0.36978099  2.        
-4.18516493  9.54342747  1.29611194  3.        
-8.00807858 10.20604706  0.056915    3.        
-14.28826904   9.0022583    2.14556909   3.        
 8.85978699 10.306427    0.138336    4.        
7.95903778e+00 1.02236328e+01 4.94399993e-03 4.00000000e+00
 7.36310577 10.08569336 -0.23736601  4.        
 8.08811855 10.35389709 -1.12383997  4.        
-8.6137619  10.33101654  1.51324499  3.        
-9.27488041 10.20543671  3.10250807  3.        
 4.12876892  9.55367279 -0.51586902  4.        
-8.34895325 10.19961452  0.266693    3.        
 8.69010925 10.2294693   0.31957999  4.        
-8.36588287 10.33851624  1.59179699  3.        
 6.65861511  9.94886017 -0.585114    4.        
-6.00087023  9.85646057  0.59054601  3.        
 4.66058397  9.65048218 -0.53588903  4.        
-14.33452606   8.68721771   1.19278002   3.        
 6.86129808 10.05108643 -0.91189599  4.        
-15.77998447   7.83045197   1.94073498   3.        
 7.48419905 10.2585907  -1.35934401  4.        
-2.871315   -8.23204803  0.93786597  2.        
 5.08118391  9.75485229 -0.65603602  4.        
-2.05882311  8.45812225 -0.33019999  3.        
-6.97355604 10.03357697  0.65127599  3.        
 4.18776703  9.42625427 -0.14321899  4.        
 6.20916796  9.9654007  -2.80999804  4.        
 5.51450396  9.80428314 -0.78903198  4.        
-6.25301409  9.93664455  0.099396    3.        
-7.41085005 10.09375     0.74124098  3.        
9.33406067 9.46112823 1.44290197 4.        
 7.30746508 10.21784973 -1.16958594  4.        
-12.63484955   9.24694824   0.043274     3.        
 6.30062103  9.90756226 -0.75131202  4.        
13.63554382 10.57225037 -2.88040209  4.        
 7.67651415 10.16228485  0.088379    4.        
-15.16490936   8.20886993   0.81048602   3.        
10.79447937 10.31079102 -1.26660204  4.        
-16.45323181   7.29585314   2.45532203   3.        
-1.94372594  8.50183868 -0.77456701  3.        
-2.52011108 -5.35789919  0.109924    2.        
-5.68616486  9.97164917  1.31124902  3.        
-10.28776646  10.10487366   3.24789405   3.        
-2.20812988  8.79732513 -0.79007     3.        
14.1035614   8.83291626 -1.08166504  4.        
-5.42441607  9.72768402  0.47204599  3.        
13.8205719   8.69283295 -1.01129198  4.        
11.60920715 10.31238556 -0.86080903  4.        
 9.90707397  9.42907047 -3.45324707  4.        
-1.32807899  1.17160797 -0.22485401  2.        
-2.4618001  -6.65389585  0.24456801  2.        
-5.7875061   9.91429138  2.615448    3.        
-13.77889347   8.94655609   0.96469098   3.        
-8.77025604  9.96091461 -1.75006104  3.        
 0.26065099  4.56130981 -0.38345301  2.        
 9.90501404  9.94405365 -2.89471412  4.        
-1.08770001 -2.73245192  0.27044699  2.        
-0.13006601  2.35360694 -0.30114701  2.        
-10.48564911  10.22656345   2.43664598   3.        
-7.72595978 10.30693054  1.72241199  3.        
-2.12827301 -5.48674822  0.884583    2.        
5.38209486 9.42683411 1.93182397 4.        
-4.00443316  9.3524704   2.52920508  3.        
-2.60400391  9.08608246 -1.02993798  3.        
11.80250454 10.28040314 -1.37744105  4.        
11.54737854  9.74668121 -3.30429101  4.        
-17.13858032   6.86900282   2.41854906   3.        
-1.64562201  7.41486406 -0.19400001  3.        
4.04853106 9.21276855 1.76235998 4.        
-2.94903588 -8.98923874  0.67196703  2.        
 3.96167803  9.67269135 -0.99487299  4.        
 0.77745801  6.0030899  -0.148285    2.        
-9.76113129 10.09159946  0.98465002  3.        
-11.736763     9.78178406   3.29370093   3.        
 6.35257721 10.2137146  -2.14056396  4.        
-10.18580627   9.89225006  -0.93505901   3.        
-2.78737593 -6.89673615  1.19543505  2.        
-1.59952497  8.1235199  -0.67175299  3.        
-0.889503    2.22312188 -0.389862    2.        
11.2141571  10.23788548  0.275024    4.        
-1.38863397 -2.50393701  0.634552    2.        
-0.862526    6.83824921  0.06897     2.        
-1.13501  -0.618141 -0.446686  2.      
13.19062805 10.50902557 -2.08966088  4.        
14.69277954  9.2297821  -1.22155797  4.        
-7.97444916 10.50400543  2.15576196  3.        
-1.17559004  0.70211798 -0.57220501  2.        
-2.12765503 -7.44371796  0.97323602  2.        
