20.97937012  8.88499355 -4.77346802  4.        
-24.52400208   3.822716     8.35174561   3.        
  1.10636902 -13.38114166   3.49176002   2.        
-5.43940687 10.4454422  -9.39959717  5.        
 1.77372706 10.38008118  9.36230469  7.        
-11.61135864   8.68192959   3.73815894   3.        
 7.31910706 10.48653412 -3.28106689  4.        
 0.42640701 -0.126175    1.42822301  2.        
15.24041653 13.27601624  1.78506505  4.        
-1.57545495  8.59229279 -1.19335902  5.        
-18.89830017   5.28653002   2.59915209   3.        
-16.94017029   8.61974335   9.01150513   3.        
14.11427307 10.24481964 -5.37075806  4.        
4.38262892 6.38427687 1.64697301 2.        
 1.96167004 -6.48298311  3.29190111  2.        
 8.74389553 12.0398941   3.00412011  4.        
-5.21832323  7.8191762   4.04534912  2.        
20.76452637 11.68292999  0.41528299  4.        
0.092163  6.433846  5.5680542 7.       
 0.51122999  8.9465332  -6.46014404  5.        
24.56317139  7.88269806 -1.46279895  4.        
11.52981567 11.76940155 -1.07223499  4.        
-4.52713013 11.60071564 -4.73739576  5.        
-12.64517212  10.450737     8.04202271   3.        
-0.199661    4.60890198  0.97491503  2.        
-20.38629913   5.88018799   7.04962206   3.        
-8.30526733 10.          6.52682495  3.        
17.08255005 11.4631424  -2.20413208  4.        
-15.04864502   7.11990404   1.15496802   3.        
-8.29292297  7.52301788  0.82495099  3.        
-16.07244873   7.36406708   5.16125488   3.        
6.75588989 9.45953369 0.56744403 4.        
-22.56919289   3.63467407   4.85195923   3.        
 1.25004601 -9.9413681   1.93667603  2.        
-1.35730004  7.80602312  2.41268897  6.        
10.57188416 10.82859802 -4.83880615  4.        
17.48916626  9.24443817 -5.63970995  4.        
-2.63522291 10.13957214 -7.38488817  5.        
 0.973831   -3.54287004  1.48687696  2.        
-11.70968628   7.58905792   0.44418299   3.        
1.93972802 8.17861176 3.23940992 7.        
11.82801819 13.14948273  2.02182007  4.        
22.53587341 10.46544647 -2.2437439   4.        
-3.16870093  4.79170179  2.53952003  2.        
-3.17738295  8.62112427 -4.08413696  5.        
1.43971205 9.30123901 6.31350708 7.        
 1.29957604  7.37072802 -2.05807495  5.        
-8.29696655  8.6656189   3.70025611  3.        
-22.22878456   5.68781996   9.52761841   3.        
1.87204003 2.67681909 2.14242506 2.        
-0.11264     9.68399143 -3.59414697  5.        
14.15829468 10.8457489  -2.44345093  4.        
17.91889954 12.49045563  0.43585199  4.        
 8.95002747 11.43382263  0.17984     4.        
-19.67795563   7.08486223   9.57516479   3.        
-13.60391235   8.98306274   5.77706909   3.        
-6.29496813 11.84502411 -6.94809008  5.        
19.74337769 10.83032227 -2.89859009  4.        
23.11488342  7.53128815 -3.79898095  4.        
-18.65432739   6.38817596   5.05108595   3.        
0.56428498 4.73757219 3.54162598 7.        
-10.91242981   9.50775146   6.22326708   3.        
14.01165771 12.06774139 -0.157013    4.        
-14.20573425   8.08195496   3.38009596   3.        
-18.40444946   7.39971924   7.34417677   3.        
-0.65005499  2.46147203  2.20205688  2.        
0.692734   6.92705488 1.27676404 2.        
-16.85795593   6.77526903   2.87438989   3.        
-22.4206543    4.48909807   7.20111084   3.        
-14.91973877   9.45709229   7.79885912   3.        
-3.63845801  8.49777985  1.85943604  6.        
2.25410509 5.1174159  1.77453601 2.        
 9.70463562 11.16021729 -2.58724999  4.        
 5.69331408  9.73854828 -1.58612096  4.        
-20.53156281   4.82897902   4.35092211   3.        
0.01239    9.18222046 8.25042725 7.        
4.65302992 8.37825775 0.18185399 2.        
-2.34858704 10.67775726 -4.97909498  5.        
15.97285461 10.13262939 -3.91430712  4.        
-1.344437    8.14335632  4.73754883  7.        
-6.20407104  7.32364607  1.98153698  3.        
 6.96163893 10.61208344  2.55004907  4.        
-10.16313171   8.35173798   1.96002197   3.        
 0.035538    5.76093292 -0.985291    5.        
-6.72970581  8.99822998  5.25521803  3.        
 1.75122094  8.81795502 -4.46627808  5.        
-7.47683716 11.19241333 -8.97302341  5.        
12.10354614 11.09886932 -3.21438599  4.        
 1.48870802 -1.36551702  2.891541    2.        
-4.09320116 11.69229126 -6.84863281  5.        
  1.07298303 -12.17740154   1.72650099   2.        
-3.53862     6.78336287  3.19769311  2.        
-1.342682    7.15084791  0.39672899  6.        
19.01865959 11.2694931  -0.90051299  4.        
 0.83196998 -7.88282394  2.02914405  2.        
16.05780029 12.19393158 -0.52313203  4.        
-24.01552582   3.28106689   6.41345215   3.        
 7.43914795 10.70411682 -1.03073096  4.        
-16.4659729    8.33272552   7.00830078   3.        
  2.1829679  -10.85474396   3.50805712   2.        
17.99729919 10.07751465 -3.69348097  4.        
-4.10107422  9.77561855 -5.49667406  5.        
-0.27964801  6.5592351   3.61276293  7.        
-12.67819214   8.07228947   2.09610009   3.        
23.86207581  9.60054779 -0.79260302  4.        
-1.20481896  4.2775569   2.72052002  2.        
 0.87823498 -5.50803423  1.97778296  2.        
10.08709717 12.32276917  1.49700904  4.        
-0.213669    8.27754211  6.36358595  7.        
 0.443665    7.91041613 -0.41418499  5.        
 1.10667396 10.78327179  7.49389601  7.        
22.36543274 10.90664673 -0.28204301  4.        
0.60571301 0.95399499 2.99408007 2.        
-1.85714698  9.46918488 -2.85769606  5.        
20.87646484 11.29898071 -1.43914795  4.        
5.42097521 8.61105442 1.89712501 2.        
 2.10139489 -8.64461517  3.20535302  2.        
23.73419189  8.99987793 -2.74102807  4.        
-9.83941746  8.88459778  4.80700684  3.        
1.22474694 7.85569    5.14334106 7.        
19.18728638  9.33473969 -4.95709181  4.        
 0.067383    8.7831192  -2.01739502  5.        
0.57838398 2.89227295 0.90585297 2.        
13.49353027 13.13498688  1.33532703  4.        
12.38633728 10.25814819 -4.86947584  4.        
-10.18147278  10.58866119   7.41009521   3.        
-4.0305481   9.82889557 -8.53692627  5.        
21.34243774 10.03240967 -3.49182105  4.        
11.71009827 12.02586365  0.64324999  4.        
 8.90867615 10.41648102 -3.97143602  4.        
15.7570343   9.74550629 -5.57699585  4.        
-0.44027701  9.78977966 -5.30670214  5.        
1.42544603 6.581604   3.68066406 7.        
-21.3072052    4.76855516   5.86724806   3.        
-9.94142246  7.74224806  0.386749    3.        
-20.85368347   6.31384277   8.63525391   3.        
-2.57521105  7.97554016 -2.5214839   5.        
 0.57313502 -1.90399206  1.42526305  2.        
-5.1994319  11.65461731 -8.21520996  5.        
 1.57308996 -4.20651197  2.9064641   2.        
 7.56613207 10.88693237  0.92254603  4.        
-7.59222412  8.20323944  2.21231103  3.        
13.12289429 11.77214146 -1.51730299  4.        
-12.90892029   7.9985199    4.48989916   3.        
-13.50880432   7.69758606   0.72323602   3.        
-14.99613953   8.16353607   6.10983276   3.        
-6.80854797  7.9369812   3.65478492  3.        
10.20391846 10.87494659 -0.72387701  4.        
-3.5844121  10.1949234  -3.95565796  5.        
-17.48905945   7.39364576   5.99563599   3.        
-18.42454529   7.97438002   8.87686157   3.        
-23.25861359   4.84178209   8.60369873   3.        
3.12301612 6.32824707 0.64120501 2.        
0.76133698 3.90138197 2.13812304 2.        
-5.26913404 10.82286072 -6.19522095  5.        
15.51861572 11.67528534 -1.95245397  4.        
-1.144714    6.80944109 -1.23107898  5.        
22.68579102  9.05775356 -3.95761108  4.        
-1.36756897  8.920578   -4.2711792   5.        
  0.92892498 -11.79177475   3.3062129    2.        
-2.21888709  6.04968977  2.59878492  2.        
16.79321289 12.94389343  1.44119298  4.        
13.64117432 10.90392303 -3.92871094  4.        
-12.39387512   9.41980743   6.74502611   3.        
0.63954198 5.89806414 2.48593092 7.        
 0.76225299  8.31053925 -3.36581397  5.        
23.93231201  6.98279619 -2.58547997  4.        
-5.07752991  6.647789    2.96405005  2.        
-19.88525391   5.65175581   5.60949707   3.        
-8.19578457  9.40803528  5.1028142   3.        
-12.17930603   9.12145996   5.24697924   3.        
-16.42848206   6.55586195   1.40756202   3.        
19.35084534 12.25019073  0.83999598  4.        
10.1915741  12.73229218  2.94091797  4.        
18.39093018 10.68897247 -2.25732398  4.        
-15.62225342   7.62258101   3.58374      3.        
-0.30465701  6.04733276  0.56732202  6.        
-17.42407227   7.01408386   4.47061205   3.        
0.91226202 1.28436995 1.52206397 2.        
-2.3079679   8.13731384  1.31481898  6.        
-18.13504028   5.75309706   3.77621508   3.        
-19.61122894   6.94416809   8.11019897   3.        
-9.7434082   8.66186523  3.33010888  3.        
3.61845398 7.58033705 1.29327404 2.        
-18.94740295   6.29866791   6.50741577   3.        
 8.59642029 11.70129395  1.55059803  4.        
-21.649086     5.17584181   8.20275879   3.        
17.73751831 11.92337036 -0.89379901  4.        
-6.80725098 10.03214264 -9.55368042  5.        
-17.66003418   6.02046204   1.911713     3.        
 8.85470581 11.1895752  -1.23025501  4.        
15.13682556 12.68152618  0.47051999  4.        
-14.69065857   7.63816118   4.8190918    3.        
-2.88375807 11.13206482 -6.34014893  5.        
 1.03979504  9.68084717 -5.36093092  5.        
  1.79348695 -13.29382324   2.23175001   2.        
-20.16590118   4.75399017   2.95715308   3.        
-1.60880995  7.19113922  3.71835303  7.        
 0.82026702 -2.97962999  2.77426195  2.        
-2.5552671   8.46313477  2.77349901  6.        
 1.60101295 -6.69341278  1.77240002  2.        
-4.6343379   8.07900238  2.7532649   6.        
10.34480286 11.99956512  0.163269    4.        
 5.5378418   9.42957306 -0.23819     4.        
-9.56877136  9.87556458  5.97988892  3.        
-2.70712304  9.79597473 -5.9788208   5.        
-0.62918103  6.89148712  1.66574097  6.        
-13.71836853   9.53829193   7.06378222   3.        
19.87651062  9.9759903  -3.9684751   4.        
3.04180908 6.20412397 1.99935901 2.        
-4.17202806  6.01802111  2.17324805  2.        
-0.69920301  5.23077393  3.5401001   7.        
-6.55633497 12.01528168 -8.26242065  5.        
-3.45156908 11.55731964 -8.025177    5.        
-19.41965675   5.57566118   4.21572924   3.        
 8.4006958  10.84187317 -2.49288893  4.        
15.29478455 11.06997681 -3.22979689  4.        
6.23754883 9.74755096 1.81851196 4.        
12.63299561 12.25423431 -0.29925501  4.        
0.65171802 2.21875    2.44201708 2.        
-0.165314    7.52182817  4.67248487  7.        
10.78863525 11.01269531 -3.53659105  4.        
16.95799255 10.85503387 -3.38723707  4.        
  2.05798292 -12.04749298   2.61129808   2.        
 1.08242798 -7.52206802  3.28375196  2.        
11.06062317 11.38381958 -2.25103807  4.        
-2.02333093  5.09174299  3.49142504  2.        
1.02761805 5.73620605 4.6156621  7.        
-11.4629364    8.20128632   1.599823     3.        
-15.67599487   7.16923523   2.31417894   3.        
-11.4573822   10.19647217   7.25122118   3.        
 8.34519958 10.27591705 -0.17816199  4.        
-14.32514954   7.63771105   2.12304711   3.        
-15.93019104   9.37097931   8.64148045   3.        
-22.96250153   3.98051405   6.1027832    3.        
 6.67746019 10.4329071  -2.1499939   4.        
 1.37173498 -0.186226    2.31884789  2.        
2.37525892 3.82615709 1.70657301 2.        
17.0581665   9.95053864 -4.59649706  4.        
-17.48857117   8.19211578   7.78418016   3.        
-8.84262085  8.12518311  1.81924403  3.        
-23.61894226   4.0836792    7.42559814   3.        
4.98191786 7.47800398 1.34048498 2.        
-4.96632385 12.29764557 -5.71780396  5.        
 0.56048602 10.126297    9.04904175  7.        
-13.74601746   9.92263794   8.40921021   3.        
-21.69299316   4.1024251    4.0566411    3.        
14.32215881 11.44400024 -1.24822998  4.        
-1.906937    4.94901323  1.91601598  2.        
14.79788208 10.58794403 -4.31768799  4.        
21.34692383 10.82231903 -2.51425195  4.        
22.14077759  8.14496613 -4.60147095  4.        
0.54452503 9.64481258 7.22915697 7.        
-1.99916101 10.10447693 -3.93823195  5.        
 1.14079297 -9.51702499  3.09341407  2.        
23.63986206  9.94351959 -1.95425403  4.        
-0.56103498  7.90100098 -1.12869298  5.        
-3.04834008  9.10519409 -2.96206689  5.        
-21.17510986   4.86520386   7.07784986   3.        
-11.07092285   9.0899353    4.7469182    3.        
-3.45774794 11.23536682 -5.17602491  5.        
 6.50927687 10.12496853 -0.43985     4.        
-12.85134888   8.3542099    3.33413696   3.        
 7.74194288 11.54223633  2.5471189   4.        
3.6035459  5.3143158  1.40554798 2.        
-0.146118    6.86073303 -0.47888201  5.        
 2.04304504 10.05181885  7.29443407  7.        
1.60116601 4.97385406 2.76995802 2.        
20.10061646 11.69353485 -0.61615002  4.        
 0.42613199 -0.94760102  2.54345703  2.        
 1.80459595 -8.56558609  1.95709205  2.        
-1.89642298  7.57994795 -0.65875202  5.        
5.7820282  8.70490265 0.662628   4.        
-1.92742896  9.5194397  -5.14358521  5.        
  1.09823596 -10.74879837   2.79299903   2.        
12.54248047 10.90901184 -2.05822802  4.        
-5.77314806  7.8671422   2.92898607  3.        
-5.17466688 12.11443329 -7.13873291  5.        
19.94390869  8.42726898 -5.03866577  4.        
23.09205627 10.59467316 -1.16570997  4.        
-21.1572113    6.47788191   9.73974609   3.        
0.37551901 5.51824188 1.39508104 2.        
-11.10499573   8.3571167    2.68688989   3.        
 1.96823096 -7.49655104  2.514709    2.        
19.64205933 11.36651611 -1.88906896  4.        
 1.04766798  9.23300171 -2.74621606  5.        
1.79759204 7.53698015 4.20574903 7.        
0.87437397 3.67090607 3.26986694 2.        
12.43035889 12.82621765  1.02691698  4.        
-6.34201002 11.21995544 -9.09002686  5.        
-6.1082921   8.34236908  4.53039598  3.        
 1.58154297 -4.55378008  1.820099    2.        
-1.61529505  7.66876984 -1.86144996  5.        
-4.35742188 10.9001236  -8.31838989  5.        
-7.38827515  8.57289124  4.39444017  3.        
23.97279358  7.99784803 -3.2225039   4.        
24.34527588  8.97227478 -1.78768897  4.        
 0.83633399  9.54199219 -4.19528198  5.        
-0.78250098  9.33644104 -2.53329492  5.        
 1.00422704 -5.68269014  3.08663893  2.        
 1.37086499 -1.11782098  1.68481505  2.        
22.26600647  9.47762299 -3.0002439   4.        
 1.97343397 10.68753147  8.29910278  7.        
16.80906868 12.60217285  0.307587    4.        
-0.34460399  3.7209239   2.20233202  2.        
1.46380603 6.64972687 5.09973097 7.        
21.25314331 10.99767303 -0.372192    4.        
16.61141968 11.42222595 -1.11309803  4.        
-3.02880907  9.2924118  -4.96484423  5.        
-13.93930054   8.44100189   4.62911987   3.        
-10.63076782   8.2283783    4.0055542    3.        
0.78428602 4.45461988 0.487488   2.        
18.74436951 12.06993103 -0.16726699  4.        
11.66885376 10.89937592 -4.33904982  4.        
0.064621   0.80614501 2.03164697 2.        
-7.22540283  7.49082994  1.46249402  3.        
-14.81643677   9.01581573   6.80047607   3.        
1.58245802 1.64242601 2.40191698 2.        
-16.22497559   8.08335114   5.97256517   3.        
0.62013203 6.77571917 4.39233398 7.        
0.95813    8.34775543 6.07705688 7.        
-7.52102709  9.38975525  5.95504808  3.        
-4.0269618  9.115242  -4.5378418  5.       
18.21803284  9.74999237 -4.71334791  4.        
22.040802   10.99782562 -1.44442701  4.        
 1.58271801 -2.67164612  2.07644606  2.        
  2.06491089 -10.93134689   2.3521421    2.        
-3.013901    5.90753889  3.54211402  2.        
 1.31718397  8.70859528 -5.73342896  5.        
0.48844901 7.41946411 5.7996521  7.        
-9.2480011  10.44062805  6.89859009  3.        
15.0133667  12.18473816 -0.77554297  4.        
-24.42214966   3.28980994   7.40786695   3.        
16.12115479 10.86915588 -2.328125    4.        
 1.86941504 -5.84318876  2.43481398  2.        
-15.66415405   8.68948364   7.74032593   3.        
13.18809509 11.38554382 -2.76672411  4.        
-4.44326782  7.10205078  3.69561791  2.        
0.17671201 4.69746399 2.55050707 2.        
11.19732666 12.38114929  1.64178503  4.        
20.41340637 10.00730896 -2.85360694  4.        
12.99295044 13.31360626  2.25213599  4.        
-16.61637878   7.28683519   3.84542894   3.        
-1.29980505  4.02725983  1.69928002  2.        
19.01046753 10.16223907 -3.25463891  4.        
0.153549  5.2687068 0.027618  2.       
 0.66372699  7.94473314 -1.44256604  5.        
 9.22587585 12.33344269  2.10464501  4.        
-2.14651489  8.88087463 -2.04000807  5.        
0.100021   8.59231567 7.38891602 7.        
-4.69331408  7.20181322  2.16287208  2.        
-1.08949304  9.99050903 -4.51104689  5.        
10.16731262 11.45068359 -1.596802    4.        
-4.54643202 10.68834686 -5.25354004  5.        
0.75923198 5.79322815 3.52691698 7.        
14.23672485 13.32450867  2.06347704  4.        
-0.59416199  9.01766968  5.73754883  7.        
-17.70631409   6.48748779   5.53185987   3.        
-0.73156703  6.79615784  2.69583106  7.        
 1.99539196 -9.47095108  2.50747705  2.        
18.26989555 11.57676697 -1.73858595  4.        
-3.58807397  8.14238739  2.82714796  6.        
 9.83787537 10.84973907 -4.05779982  4.        
-21.94467163   4.08216906   6.3873291    3.        
4.6834259  8.7462616  1.13992298 2.        
-1.36099195  7.61045122  1.31259203  6.        
-3.15916395  6.13731384  2.07531691  2.        
-12.56077576   7.88671112   1.04650903   3.        
-8.94941711  9.17066956  4.40707397  3.        
21.72619629  9.28923798 -4.19473314  4.        
-16.65065002   8.73381805   7.97137403   3.        
14.07571411 12.72827911  0.61169398  4.        
-3.35942101 10.54998016 -8.05328369  5.        
0.35707101 9.11263275 6.36196899 7.        
 0.80094898 -1.99534595  2.40429711  2.        
 1.67189002  9.56463623 -3.63168311  5.        
 9.49362183 11.51417542  1.02035499  4.        
-17.82316589   6.32484388   3.01208496   3.        
-8.89157104  8.586586    2.80490088  3.        
 0.49116501 -0.032364    3.1312561   2.        
1.16331506 7.40024614 3.1660769  7.        
-4.1486659 11.6240387 -5.8553772  5.       
 7.38838196 10.41347504  0.060608    4.        
-21.69048309   4.37410688   5.03799391   3.        
-17.31781006   7.51290083   6.96752882   3.        
-20.4180603    5.01496887   6.23211718   3.        
3.9975431  7.53424788 0.385315   2.        
17.89372253 10.94728947 -3.0939939   4.        
  1.71727002 -12.54223633   3.38961792   2.        
-18.29273987   7.03450012   6.43902588   3.        
 0.63510102 -3.92733788  2.59692407  2.        
-1.74363697  8.69837856  1.88931298  6.        
 0.98725897 -6.51080322  2.51620507  2.        
0.28929099 3.05197906 1.86605799 2.        
18.43301392  8.79839325 -5.27313185  4.        
 1.11625695 -8.44019699  2.94906592  2.        
-10.84567261   7.94105482   0.73645002   3.        
11.24252319 13.06401825  2.799927    4.        
 6.79830885 10.32489777  1.13662696  4.        
3.04499793 4.64785004 2.09439111 2.        
-10.407547     9.44471741   5.36358595   3.        
-2.7467649   9.95343018 -3.32986403  5.        
-0.154236    6.16708422  4.66726685  7.        
-6.65345812  7.98165083  2.53546095  3.        
11.2960968  10.84844971 -1.26708996  4.        
12.37992859 11.30683136 -1.05822802  4.        
-9.15290833  7.96357012  0.918549    3.        
-20.95825195   5.7359848    7.82553101   3.        
-0.13726801  1.70654297  1.74658203  2.        
-1.19416797  8.53614807 -2.0788269   5.        
-1.09310901  9.45950317 -3.44809008  5.        
-3.41546607 11.04760742 -7.137146    5.        
12.69958496 10.88542175 -4.12368822  4.        
-7.82540894  7.88908386  3.38473511  3.        
15.89500427 12.94900513  1.09957898  4.        
11.07235718 11.46881866 -0.169708    4.        
-2.29719496  8.71035004 -3.71637011  5.        
-0.332504    5.86105299  2.92010498  7.        
-1.04496801  3.3353579   2.73913598  2.        
-9.10514832  8.17222595  3.84094191  3.        
-19.53973389   6.52587891   7.21585083   3.        
 0.700638   10.02677155  8.11373901  7.        
15.61653137 10.30118561 -4.77862597  4.        
24.40951538  8.09067535 -2.38421607  4.        
-20.91072083   4.47239685   3.47473097   3.        
  0.87411499 -12.54158783   2.72634912   2.        
1.50483704 3.45314002 1.63848901 2.        
-1.24266005  5.22477007  2.68011498  2.        
 9.20695496 10.52978516 -0.48291001  4.        
20.14964485  9.33483124 -4.68286085  4.        
13.3034668  10.49787903 -4.86968994  4.        
-13.49449158   8.10095215   2.57620192   3.        
-0.82041901  6.93278503  4.29428101  7.        
-15.50476074   8.11656189   5.23135424   3.        
 0.83521998 -8.8196907   2.08300805  2.        
-12.08752441   8.27205658   2.79769897   3.        
 7.58338881 10.76750946 -1.95291102  4.        
-11.84580994   8.44280243   4.61050415   3.        
4.19407701 7.25305223 1.94992101 2.        
 7.36680603 11.12425232  1.80371106  4.        
-4.19920397 10.52451324 -6.10232496  5.        
1.17735302 0.77947998 2.27990699 2.        
  2.09196496 -13.38785172   3.10696411   2.        
-13.07865906   8.74288177   5.01901197   3.        
-18.95505524   7.21321917   8.83712769   3.        
0.259018   8.25286102 5.46072388 7.        
23.11703491  9.76398468 -2.76431298  4.        
14.29750061 11.13887024 -3.31314111  4.        
-10.28956604  10.13343811   6.60891724   3.        
 9.70803833 11.56513214 -0.35321     4.        
13.8508606  11.69236755 -2.0839839   4.        
-20.11548615   6.17289686   8.01983643   3.        
-14.39254761   8.59784698   5.48342896   3.        
0.469208   4.03504896 1.24926805 2.        
16.64801025  9.40755463 -5.29791307  4.        
-1.72146595 10.31826019 -5.556427    5.        
-9.14056396  9.31891632  5.38296509  3.        
1.23268104 2.21782708 1.66284204 2.        
-22.46160889   5.28613997   8.70629883   3.        
 0.909302   -4.79798079  2.68005395  2.        
18.90283203 10.05156708 -4.18432617  4.        
-14.91519165   8.01743317   4.01211596   3.        
-14.98295593   7.73017883   2.93713403   3.        
 0.58007801 -2.74381995  1.78906202  2.        
 0.047668    9.89797974 -4.49011183  5.        
-1.03639197  7.33151197 -0.48754901  5.        
-0.026108    9.60810947 -6.13830614  5.        
19.92559814 10.95281219 -1.11615002  4.        
 9.01603699 10.95706177 -3.1534121   4.        
-21.64925385   5.91845703   8.83181763   3.        
18.37072754 12.5357666   1.22424304  4.        
-12.92140198   9.75601959   7.52508497   3.        
 8.47019958 10.97192383  0.88977098  4.        
20.7575531   9.50258636 -3.94146705  4.        
17.4788208  11.21443176 -1.39874303  4.        
  1.30244505 -11.56375885   2.35198998   2.        
-3.83804297  8.31699371 -3.54437304  5.        
0.89353901 3.09756494 2.53912401 2.        
-19.47938347   5.28636885   3.35992408   3.        
13.08149719 12.55097198  0.46182299  4.        
 1.45309401 11.11143494  8.93759155  7.        
-20.57037354   5.05946302   5.34262085   3.        
-5.77708387 12.22581482 -7.80282593  5.        
23.25915527  8.47224426 -3.50756788  4.        
-15.61994934   8.60925293   6.76211596   3.        
15.05757141 10.83335114 -2.39151001  4.        
 7.22653198  9.87850857 -2.62338305  4.        
-0.49418601  7.11560822  5.52520704  7.        
-19.48808289   5.58442688   6.43286085   3.        
0.49259901 7.17419386 0.097015   5.        
-2.31951904  4.50930786  2.59823608  2.        
3.58862305 6.67229509 1.34558105 2.        
16.97314453 12.18995667 -0.471405    4.        
 0.65553302  8.09101105 -2.3258059   5.        
2.68003893 5.659904   1.20388806 2.        
-14.2298584    7.5089488    1.21899402   3.        
-22.8610611    4.31351519   7.96032715   3.        
  0.942581   -13.50390244   2.40920997   2.        
11.86370754 11.55596161 -1.900177    4.        
-20.18144989   6.87806702   8.79830933   3.        
 8.18434143 10.67272186 -3.38726807  4.        
20.40750122 11.07015228 -2.35650611  4.        
 6.38824511 10.23230743 -1.33212304  4.        
0.14717101 7.5453639  6.71328688 7.        
14.86361694  9.82345581 -5.1525569   4.        
-11.40075684   9.00582123   5.65414381   3.        
22.66656494  9.91989899 -1.54949999  4.        
 1.46183801 -3.57852197  2.22265601  2.        
-16.98864746   7.44823503   5.10339403   3.        
-0.48907501  6.05285597 -0.33917201  5.        
-4.12265015 10.05906677 -4.6625061   5.        
11.99005127 11.66846466 -0.161621    4.        
-13.48843384   7.77903795   1.60958898   3.        
0.83700597 6.60472107 2.9724431  7.        
-5.4414978  11.19631958 -8.94320679  5.        
2.04045105 3.66170502 2.50152612 2.        
 0.465363   -1.00315106  1.43441796  2.        
-17.84753418   6.07284498   4.54144287   3.        
 1.18211401 10.09106445  6.82437086  7.        
13.36772156 12.15731812 -0.76724201  4.        
10.81680298 12.30203247  0.85848999  4.        
-12.78250122   9.23193359   5.93707323   3.        
-17.68103027   8.38648224   8.61904907   3.        
-2.78920007 10.51751709 -4.24838305  5.        
19.87469482 12.0213623   0.155182    4.        
-4.61634779 10.42460632 -8.99664307  5.        
-5.43843079 11.67147827 -6.44107103  5.        
-4.3996582  11.54987335 -7.74774218  5.        
-0.046661    4.04254913  3.068573    2.        
10.68888855 12.85157013  2.15747094  4.        
-2.70890808  7.96996307  2.05993605  6.        
14.46876526 13.15632629  1.24865699  4.        
 0.193253    9.27314758 -2.90139794  5.        
-0.73779303  7.26600599  3.43985009  7.        
-23.41959381   3.37216997   5.70288086   3.        
 1.76443505 -5.133183    2.90661597  2.        
-0.17257699  3.01104689  2.65719604  2.        
-3.36175489 10.40343475 -5.95828295  5.        
5.72206116 9.29020691 1.28500402 4.        
16.256073   10.46988678 -3.07333398  4.        
  1.86813295 -11.69784164   3.36883497   2.        
-19.19874573   5.51335907   5.12112379   3.        
24.18591309  7.18267822 -1.77218604  4.        
-2.25408912 10.36371613 -6.42559814  5.        
-18.04415894   7.59599304   8.09155273   3.        
-12.50434875   8.63452911   4.05926514   3.        
  1.85011303 -10.16756058   2.97421288   2.        
-15.8596344    7.78169298   4.3843689    3.        
-10.05827332   8.03509521   1.17510998   3.        
-1.59516895  8.66447544 -2.92401099  5.        
-2.06327796  7.66832018  0.65206897  6.        
15.96577454 12.55066681  0.241089    4.        
 8.21444702 10.99224854 -0.61172497  4.        
-2.65962195  5.3812561   2.2089839   2.        
-0.69035298  6.80934095  0.811432    6.        
-23.92101288   4.34278917   8.76437378   3.        
21.95248413 10.25128174 -2.815521    4.        
15.26513672 10.25907898 -3.45828295  4.        
2.73112512 4.44632721 1.26278698 2.        
1.69561803 4.51622009 1.96108997 2.        
-3.47248793  9.37831879 -3.78906202  5.        
-16.97842407   6.55495501   2.04263306   3.        
5.63801622 7.91928101 0.92132598 2.        
-3.90895104  6.77111006  2.44689894  2.        
-8.53788757  9.91257477  5.72763109  3.        
-18.89334869   7.42793322   8.03179932   3.        
-15.05393982   9.42792511   8.62280273   3.        
19.08157349 11.13670254 -2.49182105  4.        
 0.47251901 -0.023445    2.25531006  2.        
-11.91491699   9.55328369   6.07458496   3.        
-5.98864698  7.73484802  3.73757911  3.        
-2.74958801  6.5924449   2.940521    2.        
-4.00028992  6.10762787  3.04644799  2.        
-14.17599487   8.59510803   6.28683519   3.        
-5.63578796 11.44786835 -7.31945801  5.        
-6.61738586 11.20608521 -8.08615112  5.        
-1.03099096  7.39771986  4.94842482  7.        
14.67277527 11.58987427 -2.10556006  4.        
-13.55729675   8.31719208   3.83609009   3.        
4.2951808  6.97621918 1.04476905 2.        
-17.75579834   6.53068495   3.86273193   3.        
0.62681597 1.79689002 3.1468811  2.        
10.57954407 11.6580658  -0.79879802  4.        
-4.03060913  7.48045397  3.02792406  2.        
-5.36512804  7.31166792  3.41268897  3.        
-19.16181183   6.23812914   5.71994019   3.        
16.00270081 11.92061615 -1.33154297  4.        
 9.14927673 11.13446808 -1.98867798  4.        
15.13449097 11.47356415 -1.18347204  4.        
-10.57402039   8.69401646   3.33883691   3.        
-16.11601257   7.27411604   3.03884912   3.        
 1.78913903 -5.65744019  1.64712501  2.        
  1.78871202 -12.48332977   1.96106005   2.        
0.43116799 6.30174303 0.82794201 2.        
-18.65336609   5.61645508   4.47805786   3.        
16.7961731  10.16508484 -3.78024292  4.        
22.80358887  8.23155975 -4.13296509  4.        
 1.52203405 -2.49883294  2.86550903  2.        
-2.27165198  9.06767273 -4.44244385  5.        
18.213974   11.27388    -0.99127197  4.        
19.01531982 10.82607269 -1.74856603  4.        
-3.5045619  10.82837677 -4.47997999  5.        
-16.60820007   7.37969208   5.81213379   3.        
-8.09358215  7.92378187  1.59564197  3.        
-8.08540344  9.11827946  4.35870409  3.        
17.45053101 10.75898743 -2.33666992  4.        
-0.014069    5.75952101  3.74459791  7.        
-22.31750488   4.12046814   5.47219896   3.        
0.267746   4.77059221 1.668854   2.        
-18.2933197    5.74311781   2.31915307   3.        
 1.86756897 -9.57056808  1.58703601  2.        
0.37434399 1.46576703 2.36016798 2.        
 1.07676697  8.78697968 -3.92431593  5.        
-23.57053375   3.92576599   6.61660814   3.        
-15.74888611   6.954422     1.53131104   3.        
23.64842224  7.2489171  -3.28137207  4.        
-20.38035583   6.71492815   9.61636353   3.        
-7.45315599  9.19316864  4.88690186  3.        
17.50964355 12.77635956  1.14205897  4.        
 9.4637146  12.35437012  2.86141992  4.        
-18.73649597   5.72085619   3.26290894   3.        
-12.24137878  10.09476471   7.26394701   3.        
-3.24877906 11.78681183 -6.58377123  5.        
6.49819994 8.75531769 0.98782301 4.        
 1.64999402 -7.52230406  1.79449499  2.        
 0.47781399  7.31601715 -1.00585902  5.        
4.43632507 7.88631392 0.936432   2.        
 8.49555969 11.5785141   2.32302904  4.        
 8.09457397 10.96009827  0.164764    4.        
-11.80401611  10.27822113   7.95223999   3.        
-0.55360401  5.31481886  0.70724499  2.        
0.891693   4.51476288 2.86297607 2.        
-4.87560987 11.36610413 -5.71612597  5.        
-14.14570618   9.71405029   7.69650316   3.        
 1.17227197 10.47355747  8.55114841  7.        
 6.16047716  9.47589874 -0.71096802  4.        
 1.13150001 -7.27942991  2.427917    2.        
 1.85827601 -6.7036128   2.51126099  2.        
-22.80006409   3.87778497   6.89379883   3.        
-7.17802382  8.34860229  3.10205102  3.        
-21.88304901   4.99925184   7.4501338    3.        
11.3028717  10.37417603 -4.78683519  4.        
 6.08938599  9.88227081 -2.243927    4.        
23.17027283  9.24215698 -3.37322998  4.        
-10.35679626   8.9506073    4.22637892   3.        
 8.15083313 11.06131744  1.59197998  4.        
14.05833435 10.49534607 -4.638062    4.        
17.84199524 11.95944214 -0.12570199  4.        
-2.65869093 11.02830505 -5.60479689  5.        
-19.91702271   5.39890289   4.7842412    3.        
-6.17802382 10.58491516 -9.58786011  5.        
10.2718811  11.75675964  0.93649298  4.        
-3.41793799  5.61660814  2.90527296  2.        
-16.61444092   7.7071228    6.52603197   3.        
 1.42305005 -2.00685906  1.71402001  2.        
-1.28248596  7.14813185  2.01296997  6.        
-5.39941406  7.45279694  2.35113502  2.        
6.12257385 9.70214844 0.18460099 4.        
10.0634613  12.37651062  2.27014208  4.        
 6.63421583 10.40844727 -2.93987989  4.        
-7.40481615 10.40628147 -9.24667358  5.        
14.71134853 12.3785553  -0.093658    4.        
-2.60404992  5.41378784  2.97424293  2.        
5.1674962  9.05263519 0.36083999 4.        
16.32939148  9.99291229 -4.8314209   4.        
-22.83187866   5.22138977   9.44781494   3.        
-18.41481018   6.29099989   5.87841797   3.        
13.36428833 10.88877869 -2.21231103  4.        
1.15631104 7.27175903 4.61297607 7.        
2.00740099 4.2049942  1.15658605 2.        
-5.87557983 11.70711517 -8.58850098  5.        
12.90725708 10.68588257 -2.84777808  4.        
0.404495   5.03649902 0.78985602 2.        
  1.93652296 -10.15556717   2.17559791   2.        
21.82666016 11.28341675 -0.77713001  4.        
  0.70475799 -10.48126221   2.20541406   2.        
-9.68751526  8.56130219  2.58389306  3.        
0.637604   5.22611189 2.97119093 7.        
-4.71015882 11.86301422 -6.39285278  5.        
-13.35844421   9.05419159   6.48657179   3.        
-1.00891101  9.4058609  -4.99459791  5.        
0.841034   0.49515501 1.52691698 2.        
2.43708801 7.97842407 3.76855493 7.        
20.54223633 11.06404877 -0.61071801  4.        
 0.725357    9.54012299 -6.05069017  5.        
-11.40933228   8.05162144   4.13980103   3.        
-9.85099792  8.10071564  3.90112305  3.        
 9.98268127 11.33642578  0.30783099  4.        
-0.72226     6.78898621  0.061035    6.        
-8.16047668  8.42005157  2.77163696  3.        
-14.97357178   7.3582921    1.86935401   3.        
12.34840393 11.44262695 -2.54657006  4.        
0.65695202 6.38160706 1.78765905 2.        
-10.78884888  10.17610931   7.58523607   3.        
-7.17106581 11.62841797 -8.43856812  5.        
11.32331753 12.19459534  0.026825    4.        
-20.06634521   4.9502492    3.67697096   3.        
-1.32601905  7.91240692 -1.02072096  5.        
-6.58840895  7.38846588  3.20245409  3.        
12.51277161 12.93446445  1.82641602  4.        
16.60191345 11.21656036 -2.77633691  4.        
16.30743408 11.61276245 -1.93554699  4.        
 6.7182312  10.53243256  1.84576404  4.        
-10.72343445   8.11574459   1.532776     3.        
-2.34259009  8.7845993  -2.75012207  5.        
-3.07351708  9.87019253 -8.13693237  5.        
-1.84643495  8.09335327 -2.44641089  5.        
10.89616394 11.50215054 -1.45089698  4.        
0.45898399 7.64052582 5.09301805 7.        
1.16201794 9.26439667 7.0809021  7.        
 0.336151    9.90842438 -5.32949781  5.        
18.68357849 12.40795898  0.56133997  4.        
11.73904419 12.81125641  1.29061902  4.        
 8.23152161 10.98272705 -1.66799903  4.        
-9.48907471  8.86105442  4.00683594  3.        
-11.59939575   9.62251282   6.80804396   3.        
 0.64857501  9.49045563 -3.48269606  5.        
-23.91711426   4.40029907   8.02230835   3.        
-11.02558899  10.10770416   6.65600586   3.        
0.470245   8.41419983 6.62652588 7.        
 0.74964899 -4.82328415  1.738922    2.        
21.35864449  9.80013275 -2.79324293  4.        
2.97557092 5.37642717 2.1725769  2.        
-4.82675219  7.33400011  2.87518311  2.        
-6.65248108  8.8358078   4.49426317  3.        
13.60450745 11.21034241 -1.58944702  4.        
15.62876892 11.37381744 -2.61111403  4.        
0.91200298 7.16390181 3.8117981  7.        
-0.50558501  4.36609697  2.52374291  2.        
-14.52172947   9.86512756   8.37643433   3.        
24.40054321  8.65486908 -1.131042    4.        
 7.42051697 10.15330505  0.74267602  4.        
-0.51530498  8.37763977 -1.67977905  5.        
12.25985718 12.01563263 -0.87948602  4.        
12.85389709 11.63465118 -0.61126697  4.        
-0.062866    6.872612    4.98348999  7.        
 0.818115   -0.57469898  1.90365601  2.        
 9.02371216 11.25091553 -0.52612299  4.        
-0.078506    6.57592821  1.31292701  6.        
-22.41403961   4.87601519   8.06469727   3.        
-18.8441925    6.7303772    7.22799683   3.        
 0.81224102 -0.80621302  3.14010596  2.        
-14.12124634   7.77378893   4.39224195   3.        
3.85601807 5.9751358  1.25125098 2.        
  1.02249205 -12.44075775   3.612854     2.        
-3.37655592  9.69950867 -5.72100782  5.        
 9.63098145 11.33019257 -1.12701404  4.        
-21.18104553   4.53510284   4.47024488   3.        
15.92034912 10.84335327 -3.5914309   4.        
1.854828   9.4952774  6.87588501 7.        
-18.04443359   6.74455309   4.90737915   3.        
14.19685364 12.15449524 -0.847565    4.        
2.84994507 6.53703308 1.39105201 2.        
 7.69854689 10.77357483 -2.74142504  4.        
 1.98419201 -8.2773819   2.59793091  2.        
3.68867493 6.89626312 0.66632098 2.        
-1.97190905  5.31290388  2.53298903  2.        
10.45657253 11.22859192 -2.60882592  4.        
22.22187805  9.55771637 -3.73043799  4.        
 1.34756505  9.11811829 -5.03726196  5.        
-2.23123193  7.39691877 -2.11160302  5.        
 1.50543201 10.29238892  7.83410597  7.        
12.31066895 12.38532257  0.32788101  4.        
7.39953613 9.61006927 0.275208   4.        
20.92648315 11.64767456 -0.28143299  4.        
15.40692139 11.96943665 -0.217346    4.        
-0.54203802  9.57672882 -4.24316406  5.        
19.13607788 10.42702484 -2.56384301  4.        
4.87008715 8.12091064 1.63177502 2.        
-16.32519531   6.83353376   2.12017798   3.        
  1.52366602 -11.07587433   3.30123901   2.        
10.05194092 11.07118988 -3.41433692  4.        
22.25617981  9.81311798 -2.31515503  4.        
-3.15475512  8.59949493  2.41213989  6.        
-1.33905005  7.61666107  4.22299194  7.        
1.46192896 7.88051605 3.67678809 7.        
-1.66876197 10.28089905 -4.84634399  5.        
18.65765381 10.76335907 -3.106323    4.        
17.58769226  9.6967392  -5.04064894  4.        
20.28411865 10.32996368 -3.50460792  4.        
 0.78474402 -3.35907793  2.14791894  2.        
 9.35929871 12.05484772  1.46301305  4.        
0.339706   3.51467109 2.69775391 2.        
 7.3601532  10.40972137  1.56738305  4.        
3.67334008 6.46556091 2.19222999 2.        
0.54135102 1.90453303 1.81417799 2.        
 2.13229394 -7.79484177  3.13607788  2.        
-21.60127258   4.79231977   6.51663208   3.        
 1.06034803 10.51203918  9.37020874  7.        
 0.933029   -4.19386292  2.00714111  2.        
-7.59698486  8.55937195  3.71725512  3.        
-21.52334595   4.10302687   5.75927687   3.        
11.67001343 11.26300812 -2.63705397  4.        
12.97584534 11.05301666 -3.44812012  4.        
6.23617506 9.7282486  0.96249402 4.        
-1.74093604  8.00350857  1.76538098  6.        
21.63853645 11.28279114  0.14550801  4.        
-12.45207214   7.65177917   0.39035001   3.        
-2.06632996  8.14069366  2.38150001  6.        
 1.30653405 -9.16834641  2.47347999  2.        
-11.96492004   8.24342442   2.09207106   3.        
5.91079712 8.39398956 1.36410499 2.        
23.15513611  9.93723297 -0.92486602  4.        
-20.85593414   5.36373901   6.69940186   3.        
17.3878479  10.29148865 -3.4186101   4.        
19.72761536 10.08290863 -2.98275805  4.        
-0.01207     9.31630707  7.50286913  7.        
-9.03843689  8.79135895  3.45956397  3.        
-1.84735096  9.42328644 -3.87908912  5.        
2.37951708 4.51070404 2.26211596 2.        
-20.17732239   5.66657305   6.3130188    3.        
-0.92617798  4.5620122   2.00128198  2.        
-16.8107605    8.11771393   7.57635498   3.        
-3.38165307 11.32235718 -5.88925219  5.        
  1.98539698 -12.81455231   2.72378492   2.        
21.83317566  8.76676178 -4.67358398  4.        
20.52944756 10.68723297 -2.94928002  4.        
0.380615   9.39039612 8.80340576 7.        
19.35055542 11.79096222 -0.58026099  4.        
22.5025177  10.44908142 -0.78826898  4.        
0.395477   5.26795197 2.21737695 2.        
-2.80435205 10.70246124 -6.8815918   5.        
17.71343994 10.09394836 -4.38262892  4.        
-16.58406067   7.47908783   4.51135302   3.        
 9.25961304 10.94796753 -4.42764282  4.        
 5.36724806  9.62560272 -0.88073701  4.        
-17.17781067   6.93587494   5.52770996   3.        
11.58227539 10.98122406 -3.65325904  4.        
19.43670654  8.84722137 -5.37887621  4.        
-1.79736304  4.42987823  3.04217505  2.        
-24.16553497   3.79742408   6.94131517   3.        
-3.77549696 10.99447632 -7.72909498  5.        
-17.13493347   6.8397522    3.76367211   3.        
 1.26944005  7.61905718 -1.39324999  5.        
-2.88499403  8.42347717 -2.97531104  5.        
17.88241577 11.29196167 -2.4034121   4.        
-2.05845594  8.10388184 -1.14764404  5.        
21.41905212 11.08696747 -1.804932    4.        
 0.178619    6.08650208 -0.18310501  5.        
-19.82036591   6.14137316   6.72122192   3.        
-1.43147302  9.14232635 -2.4276731   5.        
17.15859985 11.86026764 -1.25521898  4.        
0.525482   6.36420393 3.85257006 7.        
-12.43675232   8.5042038    4.99471998   3.        
-12.18011475   8.0322504    4.17608595   3.        
-0.020828    2.19081903  2.56683302  2.        
  1.22567701 -10.10103989   2.62051392   2.        
 1.10760498 -8.75497437  3.55413795  2.        
-10.15605164   9.53262329   6.02996778   3.        
13.86848354 11.37138367 -2.78021193  4.        
-18.5295887    6.18591309   4.12637281   3.        
 8.82344055 11.55388641  0.91091901  4.        
-16.2671051    8.78549194   8.5307312    3.        
 1.36474597 -1.61108398  2.26245093  2.        
14.68807983 11.35306454 -2.74108911  4.        
 0.109604    7.91024017 -1.02850294  5.        
-11.71517944   7.86418915   1.069031     3.        
-19.64054871   7.27741194   8.88034058   3.        
-0.012009    5.20340014  3.35836792  7.        
-13.52990723   7.89160919   4.73757887   3.        
0.030228   7.05087996 6.2658391  7.        
-14.24923706   9.12382507   7.38165283   3.        
-15.27507019   8.05185699   4.59826708   3.        
-6.87219191 10.78170013 -9.4263916   5.        
20.21614075 11.41204071 -1.52746606  4.        
15.5171814  10.59527588 -4.10055494  4.        
-13.03796387   9.65876007   6.86712694   3.        
23.11695862 10.40287781 -1.81259203  4.        
13.94371033 10.62793732 -3.04425001  4.        
 6.76260424 10.08498383  0.316223    4.        
-14.10932922   9.21252441   6.62219191   3.        
12.59179688 11.65911865 -1.95681798  4.        
17.93232727 10.94462585 -1.82852197  4.        
-6.35295105  8.39762878  3.83761597  3.        
-0.86563098  6.51973009 -0.69161999  5.        
-7.93032789  7.295578    1.34396398  3.        
0.751221   2.67333198 1.54910302 2.        
18.92504883 11.54278564 -1.59649706  4.        
-20.90822601   4.51219893   6.57376099   3.        
-0.130188    8.8086319   6.76425219  7.        
19.4229126   9.69017792 -4.43984985  4.        
0.76207    7.53621721 1.54736304 2.        
 0.38049299 -1.40976     1.96020496  2.        
-18.88248444   7.71591997   9.29180908   3.        
-6.50782824 11.90568542 -7.57949781  5.        
 1.61407495 -5.10335922  2.199646    2.        
-14.15644836   7.88790083   2.74267602   3.        
 0.52366602  8.73555756 -2.50228906  5.        
23.78997803  9.14964294 -1.27929699  4.        
5.18449402 8.26883698 0.58023101 2.        
-5.68569994 10.96749115 -6.69442701  5.        
-9.49415588  8.2596817   1.79916406  3.        
 8.7993927  10.78857422  0.23468     4.        
-14.55477905   8.3085556    4.84191895   3.        
-4.24714708 11.28087616 -5.26242113  5.        
-0.122635    7.75374603  5.67282104  7.        
 7.44738817 10.99790955  2.78475904  4.        
14.73017883 11.96498108 -1.36794996  4.        
 1.33425903 -8.29605484  2.33804297  2.        
-11.03299046   8.82687378   4.14031982   3.        
-8.88824463 10.17423153  6.26715088  3.        
-15.18237305   8.74029541   7.27770996   3.        
-12.16879272   8.46602631   3.45556593   3.        
-2.1720891   8.23738861 -1.88931298  5.        
 0.933945   -6.67041397  1.87683105  2.        
11.06448364 11.21916962 -2.89883399  4.        
24.24163818  7.53852797 -2.75994897  4.        
-17.47189331   6.43283796   2.46484399   3.        
-10.443573     8.43736267   2.7462461    3.        
-21.57658386   6.04145813   9.47955322   3.        
-17.64572144   7.07948303   6.55468798   3.        
 7.07255507 10.45858765 -0.54184002  4.        
-24.42275238   3.92775702   7.7097168    3.        
 1.27053797 -6.03238678  2.04333496  2.        
14.74865723 10.87068176 -3.72555494  4.        
-13.18365479  10.07537079   8.07937622   3.        
-2.97709703 10.85298157 -4.89856005  5.        
1.48896801 3.20208001 2.28262305 2.        
 7.09182692 10.54392242 -1.564484    4.        
-15.31871033   7.52620697   4.9883728    3.        
1.33076501 2.24575806 2.35046411 2.        
2.99339294 5.01596785 1.45410204 2.        
-8.27607727  8.19384766  2.16741896  3.        
-1.25193799  7.04094696  3.10238695  7.        
1.05653405 7.28769684 5.50189209 7.        
13.74076843 11.9100647  -1.35357702  4.        
-22.91448212   3.70727491   5.45764208   3.        
13.36952209 12.35310364 -0.09082     4.        
15.25126553 13.11595154  1.15133703  4.        
 1.37974596 -0.83940101  2.29602098  2.        
19.49452209 11.56932831 -1.233307    4.        
23.9839325   9.35462189 -2.1751101   4.        
0.69331402 3.51599908 1.61523402 2.        
0.75834697 9.36568546 7.7784729  7.        
-16.91659546   8.31815338   8.39715576   3.        
-9.7542572   9.52883244  5.32406616  3.        
23.64587402 10.11286163 -1.31484997  4.        
-2.48710608  9.42849731 -3.01702905  5.        
-15.620224     8.04665375   6.24883986   3.        
-0.48344401  8.7848053  -2.36044312  5.        
-1.49601805  3.67300391  2.41833496  2.        
-0.51164198  3.1102519   2.06256104  2.        
  2.06691003 -11.27061462   2.92361403   2.        
 1.50376904 -7.92845201  2.8596189   2.        
-4.92375183 10.39318848 -5.68914795  5.        
-0.497879    7.23059797 -0.87625098  5.        
1.34967005 0.20967101 2.82943702 2.        
-3.90066504 10.68154907 -5.26745605  5.        
0.90733302 8.3747406  5.36013794 7.        
-2.57522607  8.61235809  2.128479    6.        
 0.67852801  9.82858276 -4.75143385  5.        
-1.73010302  9.83144379 -3.37588501  5.        
0.47921801 5.87850189 4.30795288 7.        
21.66932869  9.49554443 -3.34970093  4.        
5.10891724 7.62202501 0.70471197 2.        
16.72828674 11.01439667 -1.90701306  4.        
0.538513   9.00064945 7.15237379 7.        
18.53181458 11.8058548  -0.81689501  4.        
-8.6068573   8.64126587  4.27764893  3.        
 1.68666101 10.93967438  7.72326708  7.        
-2.889359    6.03126478  2.66156006  2.        
10.94277954 10.87770081 -4.31741285  4.        
-0.488251    9.48271179 -3.08410597  5.        
16.83273315 10.6139679  -2.80658007  4.        
 0.099121    8.39652157 -1.49792504  5.        
0.82376099 9.49177456 6.58230591 7.        
-6.41680908  8.1459198   3.19363403  3.        
21.20703125 11.44126129 -0.83108503  4.        
-3.10908508  8.51911163  3.08831811  6.        
21.19154358 10.40747833 -2.99658203  4.        
-1.70356703  9.77315521 -4.46093798  5.        
11.91514587 10.66413116 -5.01168823  4.        
-7.10340881  9.49112701  5.40969896  3.        
-17.76501465   7.48431396   7.42050219   3.        
1.00311303 1.46367705 2.59683299 2.        
21.82691956 10.65192413 -0.858459    4.        
18.11380005 10.35077667 -3.06417894  4.        
20.44711304  8.88102722 -5.12219191  4.        
2.11018395 3.24340105 1.97763097 2.        
0.29118299 5.89260101 3.04156494 7.        
5.32478285 8.82797241 1.10369897 2.        
-3.06588793 10.64479065 -7.48303223  5.        
-19.52664948   5.00701904   2.79092407   3.        
-2.67985511  9.70303345 -5.30160522  5.        
-22.10531616   3.90917206   4.515625     3.        
19.98631287 11.98284054  0.77917498  4.        
17.23371887 11.17806244 -2.82037401  4.        
-1.775406    7.43670607 -1.29303002  5.        
11.08872986 11.80532074  0.57309002  4.        
-17.78831673   8.22440338   9.222229     3.        
-4.46884203  6.58500719  3.12719703  2.        
12.32670593 13.38523865  2.33285499  4.        
  1.71949804 -13.15073013   3.56494093   2.        
15.90512085 13.15886688  1.69680798  4.        
21.40238953  8.37423706 -4.92059278  4.        
-1.72119105  4.54148912  2.39599609  2.        
-13.47453308   8.43331242   5.4937129    3.        
-15.57174683   9.27632141   8.13049316   3.        
-6.66143799  7.74004412  1.85626197  3.        
0.74925202 0.38912201 2.73883104 2.        
18.14306641  9.35611725 -5.21997118  4.        
1.10682702 5.41276503 2.59356689 2.        
-4.96328688 12.08096313 -5.12655592  5.        
 5.88562012 10.02300262 -0.85501099  4.        
-2.7857511   9.37319183 -4.24762011  5.        
-1.627792    7.53616285 -0.092468    6.        
16.50067139 10.3214798  -4.3117981   4.        
-0.024979    3.80712891  1.56210303  2.        
22.3112793   8.64656067 -4.24664307  4.        
-0.94982898  3.97502089  2.2180481   2.        
-2.34263611  9.43251038 -2.2597661   5.        
-15.85287476   7.69792891   5.65072584   3.        
0.030334   8.04434204 7.09719896 7.        
 0.31663501 -2.19303894  1.918823    2.        
12.89476013 11.1353302  -1.59533703  4.        
10.63513184 13.19459534  2.8535769   4.        
13.55282593 13.34888458  1.91803002  4.        
-7.98652697  9.84618378  6.01040697  3.        
 8.20469666 11.60768127  2.95910597  4.        
 9.40757847 11.04415131  0.015686    4.        
-8.46305943  8.08308411  3.55487108  3.        
  1.15760803 -10.99609756   2.14047194   2.        
-5.97328186  7.32070208  3.27255297  3.        
10.42944336 11.19549561 -0.24105801  4.        
-1.16018701  8.1316452  -1.60794103  5.        
-12.60479736   8.75441742   5.53811693   3.        
1.16293299 8.88160706 5.83389282 7.        
  1.20692396 -13.17008209   2.86160302   2.        
-21.12065125   4.71283007   5.27737379   3.        
17.61148071 11.58617401 -1.87738001  4.        
-3.75500488  9.41535187 -5.12921095  5.        
-1.71366894  7.78548384  3.57611108  7.        
-3.933182   10.45988464 -8.42111206  5.        
21.92808533 10.73448944 -2.31732202  4.        
-11.01550293   9.50156403   5.61230516   3.        
0.45877099 7.98279619 6.07012892 7.        
 0.47102401 -3.83756995  1.80194104  2.        
-13.53256226   9.65671539   7.7875371    3.        
-6.94007921  8.55825806  3.9690249   3.        
-21.07063293   5.45001221   7.27206421   3.        
0.20219401 2.40150499 1.95141602 2.        
-11.17967224   8.60893154   3.26049805   3.        
-11.67095947   9.03257847   4.87542677   3.        
 6.36525011  9.68862915 -1.72802699  4.        
5.82212782 9.35508728 0.68041998 4.        
16.59291077 12.02033234 -0.96960402  4.        
-18.2779541    6.83148193   5.61837816   3.        
16.58117676 12.81732941  0.836945    4.        
 8.59524536 12.19129181  2.42684889  4.        
-9.07618713  7.42898607  0.62451202  3.        
-13.21128845   8.55570221   4.44869995   3.        
5.56439209 8.67490387 0.082214   4.        
-2.13084412  9.96290588 -5.84658813  5.        
-10.79019165   8.96823883   5.3031621    3.        
-13.64164734   7.15557098   0.97882098   3.        
19.69871521 10.76298523 -1.65390003  4.        
11.68455505 12.05187225 -0.54986602  4.        
24.08738708  8.5011673  -2.79653907  4.        
-10.9400177    8.37613678   2.09625196   3.        
14.64826965 10.30677795 -4.84204102  4.        
-22.48441315   4.34818983   6.60745192   3.        
19.17750549 12.22522736  0.238464    4.        
-21.81031036   4.47045088   7.14407396   3.        
-1.19642603  6.99071503  1.10653698  6.        
-20.06756592   6.27832794   7.41763306   3.        
-2.27540588 10.56118774 -5.84561205  5.        
 7.13014221 10.61048889 -2.58102393  4.        
-9.72174072 10.05928802  6.8311162   3.        
 0.78466803  8.91072083 -3.25058007  5.        
 9.2844696  10.86920166 -3.69577003  4.        
-3.51209998 11.2315979  -6.56213379  5.        
0.48016399 8.66169739 5.85739088 7.        
-14.97781372   8.44115353   5.56588697   3.        
 1.48396301 -3.02935791  2.56521606  2.        
-3.30804396  6.47105408  2.72634912  2.        
0.92219502 9.74147797 8.60516357 7.        
 6.51711988 10.02478027  2.28424096  4.        
-4.89151001 10.8540802  -8.66323853  5.        
-3.35353088  8.83782959 -3.41638207  5.        
-4.97924805 11.81482697 -7.67053223  5.        
-0.312195    6.46209717  3.01223707  7.        
3.8916471  5.65508986 1.81820703 2.        
 0.014709    7.50845289 -0.56808501  5.        
0.058716   0.34211001 1.54699695 2.        
 9.50361633 11.69784546  0.216217    4.        
-2.18797302 10.4094162  -4.45910597  5.        
-18.9146347    5.74010515   3.92245507   3.        
1.36537194 2.87677789 1.76345801 2.        
-6.0893712   7.73983002  2.40683007  3.        
-15.5383606    7.49126387   2.90536499   3.        
 0.91009498 10.05732727  7.47955322  7.        
  1.44477797 -10.28012753   3.40924096   2.        
-4.84503222  7.55456495  3.64981103  2.        
 1.64553797 -8.92150879  2.92031908  2.        
10.88401794 11.09362793 -0.62661701  4.        
23.55158997  7.94151306 -3.71841407  4.        
-8.6335144   7.90779114  1.22277796  3.        
 1.45735204 -6.19329119  2.72421288  2.        
0.611435   6.55730391 2.36377001 7.        
-21.41400909   5.76455688   8.29730225   3.        
3.2611239  5.99762011 1.12725794 2.        
15.14196777 11.13476562 -1.87515295  4.        
12.14027405 10.96052647 -3.88275099  4.        
15.83343506 11.22093964 -1.71023595  4.        
-5.99040222 10.07911682 -9.3175354   5.        
22.43536377 11.01866055 -0.97534198  4.        
-2.05372596  7.60214186  1.42593396  6.        
-22.97264099   4.31356812   7.36727905   3.        
10.61898804 12.32958984  1.86517298  4.        
-20.83361053   6.59374189   9.23953247   3.        
14.36842346 11.05998993 -1.92218006  4.        
24.53302002  8.40143585 -1.77029395  4.        
15.40182495 11.99836731 -1.30395496  4.        
15.51396179 10.71485901 -2.76406908  4.        
14.19810486 10.71221924 -4.04559278  4.        
-23.45284271   4.25333405   8.39938354   3.        
15.9854126  11.11772156 -3.02044702  4.        
18.79064941  9.49912262 -4.5377202   4.        
18.56002808 11.3390274  -2.27511597  4.        
  0.93945301 -11.37308121   2.78985596   2.        
10.20062256 10.56433105 -4.44091797  4.        
24.52191162  7.35523176 -2.26321411  4.        
  1.62237501 -11.87934113   1.95657301   2.        
 7.91206408 11.55295563  1.97347999  4.        
12.94950867 13.29114532  1.626984    4.        
-17.64593506   7.088799     5.18945312   3.        
22.57769775 10.05586243 -2.75552392  4.        
0.56437701 3.48793793 0.93344098 2.        
0.108475   5.62081909 0.51397699 2.        
-4.5702672  11.76789856 -7.19802904  5.        
 0.83729601 10.55837154  7.01220703  7.        
 7.78865099 10.68454742 -0.28765899  4.        
12.54508972 11.80579376 -1.37625098  4.        
-3.8483119  11.42380524 -7.32052612  5.        
19.40063477 10.26918793 -3.69162011  4.        
-19.48101044   6.14461517   6.23251295   3.        
-16.07365417   8.00556183   6.63143921   3.        
-1.18469203  9.70587158 -3.99771094  5.        
22.64006042 10.68828583 -1.60165405  4.        
13.5602417  11.0766449  -3.34201097  4.        
 6.63417006  9.83307743 -2.61474609  4.        
-6.84635878 11.49974823 -8.91778564  5.        
0.19607501 9.82893372 8.45129395 7.        
-3.28100007e-03  6.26686096e+00  4.09951782e+00  7.00000000e+00
3.28053308 5.69641876 1.77935803 2.        
-19.56590271   5.05503082   4.45541382   3.        
1.41166699 6.73416901 3.02130103 7.        
 1.12994397 -3.03013611  1.73547399  2.        
 5.10656691  9.02587128 -0.24740601  4.        
-23.6384449    3.551193     7.17041016   3.        
 0.975357   -1.55864704  1.82147205  2.        
17.34585571 12.65280914  0.54830903  4.        
-5.69728088 11.96414948 -6.883636    5.        
1.06173694 0.04747    1.87417603 2.        
5.86047411 9.29367065 1.85833704 4.        
0.53363001 4.44464922 2.153229   2.        
 1.56657398 -3.98404694  1.67105103  2.        
 1.72097802 -4.50876188  2.42297411  2.        
15.79747009  9.75045776 -4.90390015  4.        
14.9650116  10.56246185 -2.91076708  4.        
-18.25720215   5.94262695   2.90786695   3.        
18.802948   10.42336273 -3.73809791  4.        
10.8225708  12.64603424  2.75912499  4.        
-3.78511095  9.56815338 -4.24841309  5.        
 9.02496338 11.76745605  2.15420508  4.        
-1.70837402  7.28210402  0.97280902  6.        
 0.99276698 -5.76802111  2.50665307  2.        
 0.61027497 -1.61264002  2.80511498  2.        
 1.23982203  9.18983459 -4.43264818  5.        
-8.64100647  8.96239471  4.85931396  3.        
-4.47454786  6.67086792  2.27676392  2.        
-23.36637115   3.46247911   6.32339478   3.        
-18.09498596   7.05057478   6.98895311   3.        
-10.63496399   7.44407701   0.51226801   3.        
13.07183838 12.84842682  0.964661    4.        
11.63955688 11.45840454 -0.59002697  4.        
1.57795703 7.55093384 5.49807692 7.        
 9.86143494 11.19824219 -2.02603197  4.        
11.27557373 13.01127625  2.14974999  4.        
-19.1240921    6.74053192   7.74005079   3.        
 1.87960804 -8.00003433  2.07879591  2.        
-12.73786926   8.17928314   2.79013109   3.        
1.137375   1.70294201 1.91809106 2.        
4.69369507 6.8704381  1.56866503 2.        
  2.14036608 -10.6731987    2.95669603   2.        
 1.40214503 -0.53880298  2.79342604  2.        
0.48222399 4.10405016 2.82302904 2.        
13.13104153 11.577034   -2.15731812  4.        
-5.72912598  8.06684875  4.1879878   3.        
 7.96517897 10.49499512  0.48675501  4.        
-21.88362885   5.33409119   8.72540283   3.        
-9.39656067  9.35390472  4.86377001  3.        
20.82977104  9.40246582 -4.55899096  4.        
 9.12353516 10.99193573 -2.58532691  4.        
4.19171095 7.53130293 1.44216895 2.        
 1.88658094 10.72236633  8.90985107  7.        
24.24031067  7.75520277 -1.92550695  4.        
11.10350037 11.84580231 -0.64212     4.        
 1.45031703 11.06645203  8.36114502  7.        
-10.61521912  10.34137726   7.03857422   3.        
 0.456467   -3.43575311  1.253479    2.        
11.23497009 12.41590881  2.21667504  4.        
-2.3314209   9.29320526 -3.59316993  5.        
22.98950195 10.57570553 -0.50582898  4.        
-16.07575989   9.01113129   8.03549194   3.        
 1.45950305 10.36984253  7.24627686  7.        
 1.11659205 -6.59885406  3.0708921   2.        
22.60406494  9.13670254 -3.38925195  4.        
-13.98660278   8.15618896   5.12762403   3.        
 7.95840502 10.14829254 -3.3122561   4.        
 0.90397602 -1.29709601  2.42334008  2.        
-10.6496582    8.70297241   4.684937     3.        
 1.01475501  7.94771624 -1.89831495  5.        
13.67047119 11.66156769 -0.83969098  4.        
-14.32424927   8.1824646    3.93368506   3.        
23.11332703 10.12019253 -2.31301904  4.        
 1.64196801 -7.12328005  2.83859205  2.        
0.58772302 7.35223389 4.59820604 7.        
 7.99624586 11.24882507  1.05816698  4.        
-18.15641785   6.10353804   5.07647705   3.        
-21.47433472   5.34809923   7.66708422   3.        
-20.71295929   6.17932081   8.09469604   3.        
-0.236893   6.5005722 -0.040588   5.       
1.45173597 3.8897481  2.00646996 2.        
6.50676012 8.9385004  0.444763   4.        
-18.80427551   7.68870497   8.53436279   3.        
-17.42947388   6.64162397   3.2814939    3.        
-15.95721436   8.42280579   7.32748413   3.        
-8.77305603 10.12228394  6.88513184  3.        
20.41474915 11.78038025 -0.063446    4.        
11.36701965 12.45763397  0.860291    4.        
-17.00822449   7.75152588   6.11440992   3.        
0.52481103 0.80966902 2.3692019  2.        
-19.16844177   5.91804504   4.71987915   3.        
-3.05717492 10.2999649  -3.76477098  5.        
-3.52146912  6.31273603  3.51895094  2.        
18.2567749  10.17327118 -4.19143677  4.        
-20.44174957   5.67008209   7.57598877   3.        
-14.5927124    8.05382538   5.40481615   3.        
-4.9029851   9.97118378 -9.18756104  5.        
-5.81634521 10.81268311 -9.18280029  5.        
-2.40237403  5.51596785  3.50097704  2.        
0.84870899 8.83861542 6.4437561  7.        
-2.50614905  8.50753021 -2.27383399  5.        
-3.01570106  9.45976257 -3.41500807  5.        
-0.64512599  7.42307997  1.86547899  6.        
21.36515808  9.70859528 -3.95770311  4.        
0.508102   5.85166883 1.92657495 2.        
 1.98136902 -9.09352875  2.08374     2.        
4.47271681 7.7817378  1.86688197 2.        
 0.38385001  9.74318695 -3.91830397  5.        
-8.85223389  9.51382542  4.86254883  3.        
0.371658   2.87501502 2.39865088 2.        
-9.19523621  8.36710358  2.37918091  3.        
12.79914856 10.60965729 -4.63562012  4.        
-17.29405212   7.98173523   7.28564501   3.        
-3.25039697  9.09207058 -4.40872192  5.        
0.634323   4.72731781 1.20471203 2.        
-21.12374115   5.96573591   9.14929199   3.        
 0.67266798 -2.54214501  2.30868506  2.        
-4.74450684 11.32959747 -8.29064941  5.        
-7.20135498  7.86725616  1.95700097  3.        
-15.22839355   8.61990356   6.34564209   3.        
 1.38227797 -2.17124891  2.32336402  2.        
 1.200333    9.17610168 -6.02328491  5.        
-2.76611304  8.42967224 -3.52478004  5.        
-9.35588074  8.76508331  4.54675293  3.        
-0.74594098  3.86541009  2.73001099  2.        
1.50521898 9.83103943 7.51345778 7.        
20.93940735 11.09673309 -2.17907691  4.        
5.53025818 7.86356306 1.46935999 2.        
 1.72860565e+01  1.21403198e+01 -9.24700033e-03  4.00000000e+00
0.25595099 3.68011498 2.04113793 2.        
-22.38882446   4.13658094   6.05038404   3.        
14.83850098 12.77950287  0.97766101  4.        
-10.32876587   9.15612793   4.78500414   3.        
-12.97235107   7.54393816   0.76919597   3.        
-4.13220215  8.31964111  2.80612206  6.        
-1.11853004  8.92170715 -3.29739404  5.        
20.33215332  9.76976013 -4.21771193  4.        
 1.02391005 -2.37058997  1.57058704  2.        
  1.01451099 -12.08227158   2.44088793   2.        
-8.59480286  9.4022522   5.5091548   3.        
24.09564209  9.56903839 -1.67224097  4.        
1.61343396 7.49362898 4.84335279 7.        
 0.90843201 -0.51517498  2.45083594  2.        
0.245148   5.24778795 3.85122705 7.        
-3.12387109  8.19348145  1.76208496  6.        
 5.97796583  9.84902954 -0.33279401  4.        
0.14801    9.66248322 7.9223938  7.        
-0.405518    6.67375183  4.55947924  7.        
-7.98323107  9.36367035  5.61496019  3.        
-4.55912781  9.98353577 -8.66256714  5.        
-7.09486389  7.55985308  3.35574293  3.        
-9.92570496  8.60764313  4.30172682  3.        
19.33570862 10.63317108 -3.27694702  4.        
-14.71052647   7.85365295   3.52276611   3.        
14.2268219  11.79965973 -1.68994105  4.        
1.78181505 7.49601698 3.43609595 7.        
 8.17948914 10.58006954 -3.93417406  4.        
0.010971   8.7208786  7.92111206 7.        
-2.34819007  8.28974915 -3.01336694  5.        
-22.72101593   4.72463179   8.53567505   3.        
-1.27419996  3.7286911   3.05508399  2.        
1.04637206 4.5788269  2.31436205 2.        
-0.287689   10.0255127  -5.88519287  5.        
2.70605493 4.9466548  2.41439795 2.        
14.03012085 13.34346008  1.52978504  4.        
15.20706177  9.99662781 -5.55050707  4.        
2.57344103 4.98499298 1.09530604 2.        
1.20866394 6.06930494 3.69338989 7.        
 1.04908705 -7.80853987  2.5657351   2.        
10.66964722 11.93348694 -0.278992    4.        
-6.02769518 11.36342621 -6.87231398  5.        
 8.67221069 10.82489777 -3.68478394  4.        
-11.29449463  10.53164673   7.65847778   3.        
23.61961365  9.53510284 -2.54830909  4.        
-12.26844788   9.03273773   5.9571228    3.        
21.94425964  9.97219086 -3.31066895  4.        
  1.878021   -11.55356598   2.44448805   2.        
18.00534058 10.6082077  -3.54391503  4.        
17.28440857 10.01603699 -3.98821998  4.        
 2.06196594 -9.25374985  3.06149292  2.        
-15.17311096   7.44945478   2.49481201   3.        
2.01777697 4.07321215 2.04507494 2.        
11.74247742 13.13438416  2.58074999  4.        
-2.81329298 10.3604126  -5.97384596  5.        
24.28607178  8.72275543 -2.27453589  4.        
13.5111084  10.30519867 -5.34109497  4.        
2.52887011 6.02706194 1.58410597 2.        
-18.66583252   6.72155809   6.18490601   3.        
-8.99398804  9.67642975  5.92218018  3.        
 1.25389099 -5.03628922  1.69683802  2.        
-16.71803284   7.05226898   3.32699609   3.        
-8.47819519  8.61412144  3.17431593  3.        
23.64099121  8.79173279 -3.27770996  4.        
16.72862244 11.77218628 -1.62274206  4.        
2.16925001 4.5297389  1.685516   2.        
-4.0970459  10.62985229 -4.75836182  5.        
10.51473999 11.47756958  0.22070301  4.        
 1.17684901  9.38690853 -3.79522705  5.        
-16.95162964   7.98293304   6.85797119   3.        
12.18586731 10.7582016  -4.45120192  4.        
-21.11433411   5.00270081   6.32293701   3.        
-0.78131098  5.87589979  0.36022899  6.        
 9.7301178 10.9189682 -0.453888   4.       
-1.29695106  9.49226379 -2.94158912  5.        
16.90664673  9.88279724 -5.11764479  4.        
-1.72219801  8.67944336 -1.76001     5.        
-13.80867004   8.67323303   5.12670898   3.        
20.42169189 11.51159668 -1.01950097  4.        
-11.12361145   7.62019396   0.342316     3.        
19.71400452 11.0746994  -2.34536695  4.        
-23.90415192   3.83717394   7.85467482   3.        
16.39840698 12.42537689 -0.067535    4.        
-16.88380432   8.85559845   8.48699856   3.        
15.60560608 12.56943512  0.72628802  4.        
-20.79862976   5.10645294   5.85229492   3.        
 7.88452101 10.00933075 -0.060333    4.        
-4.28851318  7.0659709   2.70401001  2.        
-11.67230225   8.42292023   3.12109399   3.        
-18.51716614   6.6759491    6.7819519    3.        
19.80465698  8.95121765 -4.98934889  4.        
11.99139404 11.76428986 -1.36059594  4.        
 9.69371033 12.0202179   1.01928699  4.        
-4.08044386  6.91199493  3.32247901  2.        
1.95107996 9.13900757 6.40274096 7.        
0.012451   7.14289904 5.72103882 7.        
16.3894043  10.55202484 -3.83215308  4.        
-13.03401184   8.43479156   3.92282104   3.        
 6.88091993 10.42411041 -1.07833898  4.        
-0.083435    7.64922285  6.20422411  7.        
 8.49702454 11.32008362  0.45578     4.        
-7.89445496  8.45967865  3.27523804  3.        
  1.348755   -13.03294373   2.06512499   2.        
12.82269287 12.05898285 -0.946747    4.        
-13.82104492   7.82804918   2.17877197   3.        
11.93794346 12.54517365  0.68691999  4.        
-16.07115173   7.56219482   3.88024902   3.        
18.29133606 11.11573029 -2.71115088  4.        
-13.5710907    8.18458557   3.10531592   3.        
-4.40800524 10.22966766 -5.69177198  5.        
-20.33042145   5.43668413   5.84777784   3.        
-7.64308214  8.27035522  2.8218379   3.        
13.18363953 11.46923065 -1.07363904  4.        
0.87132299 3.68251801 2.61965895 2.        
-20.36797333   5.10552216   4.83325195   3.        
13.00997925 11.9715271   0.039001    4.        
-11.43948364   9.33078003   6.20040894   3.        
 0.80729699  8.75017548 -5.90564013  5.        
6.73391724 9.63536072 1.14944506 4.        
  0.82948297 -12.49001694   2.09292603   2.        
1.07084703 6.59163713 4.15997314 7.        
5.30616808 8.31391144 1.26593006 2.        
18.49362183 10.93897247 -1.67114305  4.        
 1.31233203 -5.28901291  2.65753198  2.        
-17.86050415   7.58335114   6.89919996   3.        
22.44258118  7.84482622 -4.23660278  4.        
-22.21242523   4.49945784   7.73586988   3.        
0.31921399 6.65653992 6.00296021 7.        
10.02958679 11.49458313 -0.80401599  4.        
-1.29313695  7.52505493  3.36325097  7.        
-4.84201002 10.78749847 -6.52072096  5.        
-15.4974823    8.33170319   5.80963087   3.        
-14.65826416   8.56864929   6.52310181   3.        
-2.65580702  4.91592407  2.77929711  2.        
-11.46205139   8.35142517   2.24664307   3.        
-2.09277296  5.006073    2.95678711  2.        
 9.14389038 11.19504547  0.67242402  4.        
16.50999451 11.91442871 -0.44842499  4.        
2.68931603 4.24671888 1.81872594 2.        
1.787521   5.03801012 2.04693604 2.        
-0.27052301  9.0049057  -2.86941504  5.        
16.32710266  9.64981842 -5.65319777  4.        
-4.79342604 11.5092392  -5.20584106  5.        
14.66079712 13.31159973  1.73565698  4.        
0.889893   3.13363695 2.00439501 2.        
-13.23257446   8.06343842   1.98477197   3.        
-19.84487152   6.59642792   8.49108887   3.        
-19.26140594   7.33816481   9.31695557   3.        
11.43760681 11.57041931 -1.57605004  4.        
 1.95407104 -6.06341887  2.91525292  2.        
19.4707489  10.55273438 -2.16574097  4.        
-0.948273    9.04051971 -2.11953712  5.        
-14.60690308   8.71317959   5.99313307   3.        
-7.32432604  8.10115814  3.68090796  3.        
-0.91804498  7.49526215 -1.07372999  5.        
 7.74908495 10.75163269  1.40603602  4.        
-20.84234619   4.58001709   3.99468994   3.        
11.61727905 12.65216827  1.82949805  4.        
22.68241882  9.6710968  -3.27197289  4.        
14.24949646 11.50267029 -2.43066406  4.        
4.64030504 8.33183289 0.72625703 2.        
15.13847446 11.50961304 -2.45202589  4.        
10.46687317 10.95034027 -4.08859205  4.        
-18.0247345    8.10113525   8.32836914   3.        
-1.64311194  8.36984253 -0.71386701  5.        
1.37046802 8.12252808 5.58093309 7.        
 0.35093701  7.11093092 -0.45507801  5.        
13.93746853 13.06096554  1.00402796  4.        
-18.03263855   6.53138018   4.34371901   3.        
0.393951   1.39624798 1.75701904 2.        
1.24253798 7.49307299 4.13717604 7.        
-1.96781898  4.09011078  2.53036499  2.        
17.26365662 11.78865147 -0.69406098  4.        
 1.52862091e+01  1.24936295e+01 -3.75399995e-03  4.00000000e+00
0.78358501 2.0655899  1.369537   2.        
-12.59121704   7.94761705   1.57315099   3.        
1.87571704 3.84608507 1.52511597 2.        
15.62687683 10.97625732 -2.13253808  4.        
-11.57214355   8.78799438   4.25588989   3.        
15.69480896 10.4845047  -3.24707007  4.        
-18.00701904   6.67700195   6.04589796   3.        
0.25585899 4.44969177 0.51507598 2.        
-0.83248901  6.49855804  1.21542394  6.        
18.35029602 12.28957367  0.109192    4.        
-9.98217773  8.84357452  3.81591797  3.        
0.48133901 6.02590179 1.29028296 2.        
 0.45626801  8.22318268 -1.84750402  5.        
-15.84809875   7.80799103   4.91241503   3.        
15.66308594 11.4836731  -1.18066394  4.        
-17.90328979   6.0448842    2.50921607   3.        
13.52311707 10.68535614 -4.42718506  4.        
-16.42028809   7.6749649    5.40862989   3.        
-2.23326111  8.39247894  1.77105701  6.        
-20.33444977   5.28143311   6.69528198   3.        
18.44839668 10.16068268 -3.43240404  4.        
-0.118301    9.51125336 -5.61709595  5.        
14.7736969  11.69522858 -0.87011701  4.        
-16.34060669   7.06006622   2.59518409   3.        
-5.33914185  7.82653809  3.51934791  3.        
4.23196411 6.41181183 1.14349401 2.        
-11.18988037   8.07392883   1.11151099   3.        
-3.551651    6.47070312  2.18258691  2.        
 1.52829003 -9.58076477  2.23394799  2.        
 1.62724304 -9.67266464  2.96911597  2.        
-4.35783386 10.0847168  -5.13186693  5.        
-24.39559937   3.26156592   6.77581787   3.        
-20.33190155   6.41974592   9.00640869   3.        
-6.38500977 11.76299286 -8.70266724  5.        
24.19871521  9.19506836 -0.95300299  4.        
23.94078064  7.98034716 -2.59234595  4.        
15.57046509 12.15820312 -0.71386701  4.        
-3.94065905 10.06648254 -5.90228319  5.        
-13.12454224   7.88401794   1.24728405   3.        
-20.34830475   4.58522797   3.42929101   3.        
19.36050415 10.95413971 -1.30300903  4.        
-12.48684692  10.00480747   7.81845093   3.        
 8.60893154 11.02764893 -0.26992801  4.        
1.07336402 2.68913293 2.24874902 2.        
-12.07969666   9.81719971   6.61846924   3.        
-15.33750916   9.19015503   7.63616896   3.        
-7.63250685  7.62557983  1.07077003  3.        
-23.18321991   4.91751909   9.21026611   3.        
 1.14430201 -4.02713013  2.543396    2.        
12.13604736 12.16899109 -0.153625    4.        
3.61923194 6.19641876 1.65960705 2.        
14.18629456 12.4877243   0.097656    4.        
-12.44752502   9.53662872   6.19491577   3.        
 7.77806091 10.85391235 -1.39697301  4.        
17.15486145  9.42614841 -5.14883423  4.        
-2.239151    9.91796875 -3.44137597  5.        
-5.50836182  6.92079878  3.06759596  3.        
21.44161987 11.22427368 -1.24182105  4.        
0.88929701 6.62069702 3.58312988 7.        
0.57472199 0.91877699 1.857391   2.        
0.069351   6.90626478 4.4813838  7.        
-3.80801392 11.42333221 -5.51168823  5.        
3.8656311  7.11212206 1.32342505 2.        
13.54838562 12.69452667  0.64093     4.        
-19.79334259   5.2176671    5.3381958    3.        
-14.38745117   9.38648224   8.02011108   3.        
-0.32534799  9.66904545 -4.77090502  5.        
 9.58740234 12.58017731  2.38497901  4.        
-14.00332642   7.74325609   1.66970801   3.        
 6.46395922 10.17908478  1.506531    4.        
  1.36123705 -12.0537262    3.54007006   2.        
11.5103302  11.18029785 -3.17889404  4.        
-18.15409851   6.19782305   3.39172411   3.        
 9.73228455 12.40970612  1.87139904  4.        
-0.62464899  9.48061371 -3.67071509  5.        
12.65301514 11.24897766 -3.09222388  4.        
-1.30223095  7.64186096  1.82702601  6.        
4.02746582 8.04841614 1.211182   2.        
16.93699646 11.22199154 -1.48055995  4.        
 9.89958191 11.92516327  0.461151    4.        
17.24937439 11.0124588  -1.932037    4.        
  1.42434704 -10.57061005   2.26638794   2.        
 9.08978271 11.58057404  1.45044005  4.        
18.93501282  8.92166138 -5.24481201  4.        
4.12924194 7.46961212 0.92907703 2.        
 9.3920126  10.53070831 -4.15164185  4.        
 7.15979004 11.0124588   2.28936791  4.        
-14.7255249    9.28769684   7.2651062    3.        
-0.022507    7.43116808  5.16082811  7.        
6.96377611 9.90746307 0.75790399 4.        
 0.33886701 -2.24927497  1.12112403  2.        
-3.77830505 11.54586792 -6.25097704  5.        
-0.83699     3.45748091  2.26220703  2.        
-9.92399597  9.83738041  6.39685106  3.        
 1.03324902 -9.60471344  2.37719703  2.        
-3.26396203  8.09554291  2.41213989  6.        
-19.67837524   5.25757599   3.90304589   3.        
-5.93753099 12.09317017 -7.33108521  5.        
12.70903015 12.42450047  0.86410499  4.        
20.8069458   9.98454285 -3.76629591  4.        
-18.88452911   7.14924622   7.53793287   3.        
  0.73197901 -10.98419952   2.51782203   2.        
5.95252991 9.08956242 0.25882    4.        
2.16267395 7.99325609 4.20391893 7.        
-18.31269836   7.53599596   8.52832031   3.        
10.76736546 12.57077026  1.43191504  4.        
21.40802002  9.03107452 -4.52911377  4.        
-0.039246    8.25738525  5.87954712  7.        
-17.06866455   7.53173113   5.64151001   3.        
-21.19380951   4.18906403   3.79696703   3.        
 0.97943097 -5.06856489  2.22409105  2.        
-5.37789917 11.57712555 -5.93966722  5.        
 6.43945312  9.61371613 -1.11947596  4.        
17.76881409 11.7110672  -1.35992396  4.        
-0.18270899  7.08041382 -0.016937    5.        
 6.06993103 10.1437149  -1.72384596  4.        
 1.37753296 -7.79666901  2.13040209  2.        
20.18305969  9.83367157 -3.42834496  4.        
-1.19161999  4.71017504  2.44671607  2.        
-9.38394165  9.9236908   6.47100782  3.        
-17.17376709   6.23386383   1.69503796   3.        
-14.55038548   7.57120514   1.66842699   3.        
-19.87757874   6.5809021    7.82421923   3.        
0.656555   4.20070601 3.29376197 2.        
-1.20506299  7.42804718  0.80358899  6.        
-19.84368134   6.79924822   9.18536377   3.        
-0.585388    6.98803711  3.84008789  7.        
14.66786194 12.49077606  0.53558302  4.        
-19.05965424   5.75537109   5.85037184   3.        
19.90060425  9.50139618 -4.26303101  4.        
-6.04882812 12.06376553 -8.25448608  5.        
15.14370728 10.22831726 -5.02041578  4.        
 1.59887695 -7.23393583  2.21163893  2.        
-19.27219391   6.19649506   6.88668823   3.        
-7.02932692  8.78492737  4.90283203  3.        
-17.46864319   7.63494921   6.49664307   3.        
15.76733398  9.95328522 -4.34387207  4.        
-9.44929504  8.03444672  1.32592797  3.        
-22.23920441   5.63427687   9.02194214   3.        
-16.3187561    8.66680241   7.59222412   3.        
-5.08344984 10.63657379 -9.09136963  5.        
1.09571803 6.19009399 3.2128911  7.        
21.44671631 11.46636963 -0.34130901  4.        
1.22564697 1.03414905 2.75201392 2.        
0.057617   5.97562408 0.93734699 2.        
-9.96133423 10.49799347  6.92031908  3.        
-12.89146423   9.44464111   6.42352295   3.        
12.20606995 12.6572876   1.44982898  4.        
-19.25624084   6.01514387   5.21032715   3.        
18.6842804   9.31490326 -5.02160597  4.        
-7.99537706  8.97976685  4.9190979   3.        
-0.84641999  2.96898699  2.41644311  2.        
0.150543   1.86897302 2.13543701 2.        
-20.44958305   6.55831194   8.45101929   3.        
-3.04731798  6.90008497  2.66122389  2.        
18.16229248 11.99355316 -0.52676398  4.        
10.72763062 10.43145847 -4.41970778  4.        
-23.34268951   4.46336412   7.92581177   3.        
-7.99499512  8.62397003  4.30779982  3.        
0.469955   9.39199829 8.29190063 7.        
-19.27840424   7.30014801   8.45916653   3.        
0.402466   0.367645   1.94381702 2.        
11.6541748  11.78925323  0.19531199  4.        
-12.18183899   8.81651306   4.65441895   3.        
-10.48838806   9.7177124    6.39782715   3.        
 8.64302063 10.97486877 -1.95925903  4.        
-13.17312622   8.8983078    5.52935791   3.        
-9.68644714  7.80596209  0.81677198  3.        
-4.21034193 11.80584717 -6.36355591  5.        
16.32542419 13.09422302  1.32977295  4.        
 7.77967787 11.13302612  2.25601196  4.        
-1.33798206 10.22457123 -5.24383497  5.        
-21.90157318   4.39334917   5.99383497   3.        
-4.85310411 10.86634827 -5.84552002  5.        
-3.62235999  8.95792389 -4.02154493  5.        
16.27085876 11.3817749  -2.43545508  4.        
-11.20457458   8.55313873   4.52581787   3.        
-1.07251     7.33643293  3.80859399  7.        
-5.96571302 11.68869781 -6.49380493  5.        
6.28172302 9.27938843 1.18450904 4.        
-19.80767059   5.42229509   6.04968309   3.        
 8.16122437 11.9499588   2.49621606  4.        
-20.94353485   5.83161211   8.45697021   3.        
-6.37088013  8.69228363  4.88311815  3.        
-0.174255    6.78567505  1.846313    6.        
-22.24330139   4.03727007   4.97930908   3.        
-13.66932678   8.76065826   6.22674608   3.        
 0.71609497  7.98509216 -0.94668603  5.        
-1.60237098  4.83532715  2.78289795  2.        
-1.52516198  4.46445513  1.94253504  2.        
-24.31254578   4.27542114   8.3336792    3.        
 9.57757568 11.28818512 -1.62222302  4.        
18.06352234 10.54701996 -2.60690308  4.        
-1.67158496  9.32839203 -4.75988817  5.        
-0.96610999  7.26944685  1.45044005  6.        
16.03436279 10.34843445 -4.51025391  4.        
-0.114868    9.35204315  8.7605896   7.        
10.87844753 12.02902222  0.179352    4.        
-17.85609436   7.06186724   5.74932909   3.        
21.95649719 11.18975067 -0.25433299  4.        
16.38345337 11.21414948 -1.60876501  4.        
  1.07374597 -10.50062561   1.871948     2.        
-2.57304406  4.91176605  2.06823707  2.        
-12.07713318   7.8448329    0.727997     3.        
16.56121826  9.82308197 -4.42510986  4.        
-14.96424866   8.20315456   5.10430908   3.        
-1.80992103  7.7519002   2.18911695  6.        
  1.90708899 -12.13293076   3.13110399   2.        
-16.25169373   9.08455658   8.92776489   3.        
-22.35028076   3.99623895   7.06976318   3.        
20.0112915  11.20513153 -0.59182698  4.        
1.07836902 4.01445818 2.92633104 2.        
-12.12191772   7.92524004   1.34796095   3.        
-0.036179    5.23069811  0.91116297  2.        
0.100052   4.33297014 1.505463   2.        
-1.737167    7.82434797  1.06957996  6.        
-4.95198107  7.00566101  3.28399706  2.        
3.7870791  6.78787994 1.83255005 2.        
0.50845301 4.12287903 1.77340698 2.        
-9.69581604  9.12174988  4.37396193  3.        
 5.62274218  9.23904419 -0.6875      4.        
-3.51507592  8.66717529  2.846313    6.        
17.92726135 12.61554718  0.92996198  4.        
7.21809387 9.39031219 0.72973597 4.        
16.05801392  9.48175144 -5.27359009  4.        
 1.16519201 -2.66899896  2.45217896  2.        
 1.15481603  9.53543091 -4.8562932   5.        
1.06823695 1.16452801 1.99035597 2.        
-20.26443481   4.92076111   5.70477295   3.        
17.14633179 11.41885376 -1.03405797  4.        
-0.55123901  6.4320302   0.35629299  6.        
-17.30509949   8.58490658   8.24987793   3.        
14.80210876 11.08934784 -3.25140405  4.        
19.29652405  9.8254776  -3.88012695  4.        
 5.91043091  9.51254272 -1.20532203  4.        
-3.08696008  5.62539721  2.4650569   2.        
-1.17092896  9.22554016 -3.89178491  5.        
 7.66809082 10.54140472 -3.62319994  4.        
22.19436646  9.14507294 -4.2371521   4.        
 1.08544898 -4.0197072   1.52737403  2.        
  1.63191199 -10.65062046   3.08029199   2.        
-20.1124115    5.05120087   4.22363281   3.        
 1.98164403 -8.75616455  2.48883104  2.        
2.24082994 5.41396284 1.38351405 2.        
 0.66674799  8.51132202 -2.9281621   5.        
-0.51657099  6.85060883  3.29742408  7.        
10.23310947 11.71312714 -0.31075999  4.        
-2.09780908 10.33087921 -5.21758986  5.        
 9.00823975 12.53274536  2.88937402  4.        
-3.78436303 11.06903839 -4.85107422  5.        
1.30928004 4.65908003 3.07412696 2.        
17.59204102 10.38981628 -3.915802    4.        
10.24798584 12.2368927   1.04284704  4.        
-21.52949524   4.30849504   6.53329515   3.        
 8.54992676 10.89537811 -3.01779199  4.        
23.0909729   9.03948212 -2.93496704  4.        
  1.17364502 -12.89661789   3.4810791    2.        
5.43101501 9.09797668 1.72994995 2.        
17.3349762  10.49287415 -2.97631788  4.        
-7.98579407  8.27159882  3.78692603  3.        
12.51568604 11.76158142 -0.28241     4.        
 1.20401001 -9.02952194  3.16177392  2.        
1.46775806 9.71027374 6.67123413 7.        
0.45339999 4.59829712 3.06002808 2.        
1.48629797 7.13334703 5.26345778 7.        
18.50254822 11.66310883 -1.31893897  4.        
0.090454   8.6282959  6.21472216 7.        
 1.33012402  9.18262482 -5.55349684  5.        
-12.64700317   8.58808899   4.56307983   3.        
-21.56296539   4.18798113   4.51815796   3.        
-21.69557953   5.633461     9.22366333   3.        
-2.76619005  8.96958923 -2.58941698  5.        
 0.70625299 -1.06106603  1.85293603  2.        
-12.6285553    9.81074524   7.08105516   3.        
20.81921387 10.91318512 -2.63076806  4.        
-6.52731323  7.4645462   2.31607103  3.        
 8.41854858 10.97900391 -1.19076502  4.        
-13.68988037   9.10373688   6.84866285   3.        
-2.54505897  7.78031921  1.54321301  6.        
-7.62171888  7.9499588   1.70678699  3.        
 1.68478405 -6.33184814  2.08526611  2.        
-7.63966417  9.50964355  5.2036128   3.        
16.32418823 10.90833282 -3.29727197  4.        
 0.91767901 -0.44289401  1.447662    2.        
-18.695755     6.5331192    5.51202393   3.        
-13.70552063   7.58197784   1.20001197   3.        
17.14782715 10.52120209 -3.77127099  4.        
 1.06538403 10.33646393  8.0385437   7.        
-8.89387512  8.85581207  3.95205688  3.        
-3.66705298  7.19369507  3.41976905  2.        
6.43899990e-03 6.20891619e+00 3.27221704e+00 7.00000000e+00
-2.56550598 10.7183609  -6.32336378  5.        
 8.92124939 12.03156281  1.76357996  4.        
-0.105103    2.76373291  2.03659105  2.        
-1.450073    9.39515686 -4.28015089  5.        
0.175873   5.29348803 1.77154505 2.        
-1.95733595  8.9156723  -2.49282789  5.        
 1.45878601 -4.06150818  2.18057203  2.        
-0.512878    6.33447981  0.89504999  6.        
 6.39375305 10.32917023 -2.52456689  4.        
-10.61065674   9.66323853   5.815979     3.        
0.93479902 7.92324114 5.53689623 7.        
 0.140854  5.662323 -0.406921  5.      
0.92218    9.96176147 9.32015991 7.        
17.82028198  9.02146912 -5.34249878  4.        
 0.89292902 -3.48358202  2.59945703  2.        
-3.23997498  9.89149475 -3.58926392  5.        
-13.12307739   8.28417969   4.83526611   3.        
-22.88716888   5.14635515   8.88012695   3.        
-4.42074585  7.26855516  3.21112108  2.        
15.23786926 10.87311554 -3.66369605  4.        
-2.5145421  10.29324341 -3.92553711  5.        
17.73686218  9.62796783 -4.49111891  4.        
-1.59053004  8.22650909 -1.841187    5.        
-0.43705699  3.50901008  2.65206909  2.        
-21.61108398   4.49684095   5.50302076   3.        
-1.967255    7.82772112 -1.52667201  5.        
 2.03360009 -6.95596695  3.05499291  2.        
1.76840198 2.65692091 1.63159204 2.        
10.35366821 11.27787018 -2.00118995  4.        
-11.7677002    9.32740784   5.68041992   3.        
 1.29307604 -6.88134384  2.11013794  2.        
 0.026749    9.14234924 -6.22824097  5.        
-23.09261322   3.84488702   7.269104     3.        
-0.056229    9.97401428 -5.06695604  5.        
17.01113892  9.28572845 -5.58148193  4.        
23.07713318  8.58708858 -3.97335792  4.        
-2.75706506  5.85079193  3.08517504  2.        
1.03845203 0.16037001 2.43765306 2.        
0.81770301 3.30879211 2.95889306 2.        
 8.10765076 10.84086609 -2.11785889  4.        
-20.52365112   5.40247297   7.11486816   3.        
10.3066864  12.79425812  2.43505907  4.        
-0.56871003  7.04191589 -0.356812    5.        
-19.95599365   5.68614197   6.7470088    3.        
-14.03814697   8.77957058   5.87078905   3.        
1.11604297 2.9834671  1.37298596 2.        
17.07669067 12.83911896  0.89276099  4.        
-18.46536255   7.54585314   7.86282396   3.        
13.76350403 12.25195312 -0.52249098  4.        
-15.12541199   8.54196167   6.8500371    3.        
-11.36322021   8.71327972   5.04492188   3.        
-0.178589    9.88705444 -4.01794386  5.        
-9.99630737  9.13066864  5.413239    3.        
0.34867901 5.50907898 3.31918311 7.        
 1.51171899 -8.92067719  2.07128906  2.        
21.16395569 11.53020477  0.21093801  4.        
 9.94302368 11.88225555  1.39797997  4.        
-18.98773193   6.72836304   6.77175903   3.        
 9.12568665 12.09709167  2.65206909  4.        
-17.88032532   7.89440203   7.76242113   3.        
 1.35104406 -5.51793718  1.76034498  2.        
-7.0665741   8.12748718  2.3561399   3.        
-15.39855957   7.23470306   1.70150805   3.        
20.87986755  8.44053745 -4.90179396  4.        
-16.97982788   7.25307512   4.63839722   3.        
 9.5174408  11.97458553  1.90161097  4.        
0.044876   9.1466217  7.04489088 7.        
1.42112696 8.39065456 5.99206495 7.        
-10.34216309   7.94715881   0.80770898   3.        
21.11607361  9.29369259 -4.16757202  4.        
 1.57934875e+01  1.21499395e+01 -1.43430000e-02  4.00000000e+00
  1.23333704 -12.63105774   1.84564197   2.        
 9.62850857 10.99218845 -3.2210691   4.        
0.34819001 8.98390198 7.58401489 7.        
4.65116882 7.42874193 1.00735497 2.        
-9.31169128  8.71677399  3.08224511  3.        
12.78053284 12.43053436  0.119141    4.        
-4.82574511 11.95032501 -6.84170485  5.        
-18.71054077   5.97538805   5.62203979   3.        
 9.71817017 10.90115356 -4.52731323  4.        
-0.025787    9.03955078 -2.40203905  5.        
16.78500366 10.81509399 -2.33059692  4.        
-20.44462585   6.15113783   7.68301392   3.        
-10.98072815   8.78562927   3.64965796   3.        
15.08387756 11.73816681 -1.78283703  4.        
-2.75907898  8.9390564  -4.06744385  5.        
0.21620201 5.05524397 1.26776099 2.        
-11.37313843   9.75260162   6.39849806   3.        
12.77301025 10.49758053 -5.09173584  4.        
13.21243286 10.78668976 -4.08898878  4.        
-21.89144135   4.79157305   7.91684008   3.        
  1.31852698 -11.53775787   3.3752141    2.        
 1.47158802 10.76457214  9.25439453  7.        
-4.52963305  7.70754194  3.0214839   2.        
1.95085096 7.94654083 3.78701806 7.        
-0.094742    3.30420709  1.96615601  2.        
-19.11592865   5.51925707   3.54513597   3.        
-24.48860168   3.49417901   7.87796021   3.        
-6.09268188 11.70159912 -7.66030884  5.        
-11.53842163   9.27336121   5.25619507   3.        
1.03121901 5.0125351  2.83047509 2.        
20.48721313 11.28266907 -0.19909699  4.        
12.57180786 12.00183868  0.203857    4.        
0.037766   6.00757599 2.66390991 7.        
18.77992249 12.40629578  1.02041602  4.        
-0.23791499  8.42835999  7.07430983  7.        
-6.4765172   8.23366642  4.25918579  3.        
 1.20236194 -7.27397203  2.8978579   2.        
-3.52964807  6.0713501   2.91891503  2.        
-3.7424469   7.08751678  2.74935889  2.        
 0.839661    7.45573378 -1.30450404  5.        
-18.75746155   6.07350206   4.51959181   3.        
 1.42320204 -7.26579285  3.47662401  2.        
-3.81176805 10.37532043 -4.32247877  5.        
0.737091   5.22180223 3.42797899 7.        
-2.24864197  7.87769318 -2.17797899  5.        
 1.46545398 10.68776703  8.08813477  7.        
 0.88459802 -2.01600695  1.84625196  2.        
2.723526   5.07936096 1.91519201 2.        
4.95536804 8.71369171 0.601807   2.        
-1.41815197  7.47692919 -0.88052398  5.        
19.53173828 11.94667816 -0.179657    4.        
17.5723877  12.10713959 -0.49829099  4.        
 0.79568499 -0.389633    2.88549805  2.        
-5.56855822 11.36315155 -8.52114868  5.        
11.99638367 12.38911438  1.13183606  4.        
 1.34672594 -6.7510829   2.69613695  2.        
 2.37768602 -8.88969421  2.92236304  2.        
4.51423597 7.94691515 0.481812   2.        
11.25376892 10.83049011 -4.66015577  4.        
23.9442749   9.69525146 -1.25085402  4.        
11.80891418 10.25429535 -4.8189702   4.        
-0.099625    5.87257385  0.122009    2.        
-14.77609253   7.66719818   2.38903809   3.        
-3.27429199  9.38513184 -5.39404297  5.        
20.26759338 11.90019226  0.37216201  4.        
-5.95399523  8.01673889  3.33001709  3.        
 9.17506409 11.6599884   0.626526    4.        
-5.60490417 11.93215942 -8.22003174  5.        
13.80615234 10.96952057 -2.09497094  4.        
  1.54797399 -11.16676331   2.3248291    2.        
19.08599854 10.92097473 -2.90258789  4.        
 7.34817505 10.09431458 -3.03497291  4.        
-18.56318665   7.17143202   6.97308397   3.        
-23.40093994   4.58725023   8.96844482   3.        
 2.04519606 -9.9282341   2.56509399  2.        
1.51676905 7.01337385 3.37612891 7.        
-23.04913139   4.71200609   8.20855713   3.        
-13.84230042   9.35701656   7.47177076   3.        
1.09081995 4.04562378 2.42996192 2.        
-11.79429626   9.88025665   7.2215271    3.        
-15.19113159   7.74538422   3.75872803   3.        
-21.07583618   5.12130022   7.60317993   3.        
-2.5857389   5.81556702  2.38766503  2.        
3.0878911  5.43958282 1.29516602 2.        
0.37565601 9.35700226 6.75372314 7.        
12.78207397 12.76600647  1.49081397  4.        
14.5892334  12.22853088 -0.597565    4.        
15.1962738  10.46012115 -4.51364088  4.        
-8.72128296  8.4210968   2.40887499  3.        
11.13545227 10.95014191 -3.90408301  4.        
10.42491055 12.13001347  0.63015699  4.        
-14.00447083   9.61688995   8.13525391   3.        
16.9969635  10.27568054 -4.23913622  4.        
3.4030149  7.11911011 0.95214802 2.        
13.81613159 10.23252106 -4.92993212  4.        
5.04928589 8.61109924 0.14331099 4.        
-17.75622559   6.33206177   5.09115601   3.        
0.83680701 7.71710205 4.72994995 7.        
0.32087699 6.42547607 4.40820312 7.        
14.76512146 11.38121796 -1.44290197  4.        
-17.44593811   8.63500214   8.92733765   3.        
 8.87159729 10.56884766 -0.169861    4.        
 1.38424695  8.66231537 -4.69662523  5.        
-5.39465284 11.96959686 -7.79589796  5.        
-11.97964478   8.63272858   4.10839796   3.        
 1.64056396 -8.46280289  2.88235497  2.        
1.38467395 6.88084412 4.53024292 7.        
12.41531372 10.97257233 -1.62106299  4.        
-19.52255249   5.95954895   5.66009521   3.        
4.85740709 8.30821991 1.16702294 2.        
-11.46382141  10.06479645   6.81103516   3.        
3.62149096 6.35749006 1.01251197 2.        
  1.87291002 -12.91641617   3.17398095   2.        
 0.43124399 -0.54487598  1.61630201  2.        
5.78607178 8.81478882 1.23074305 4.        
0.58865398 4.86301422 2.33270311 2.        
11.99783325 13.06065369  1.60525501  4.        
 1.51628101 -2.83702111  1.581604    2.        
-3.5899961  10.17417908 -8.31713867  5.        
-19.66083527   5.69082594   5.21166992   3.        
-17.90489197   7.91853285   8.90142822   3.        
-2.33192396  9.38162994 -5.30917406  5.        
 0.84228498  7.57652283 -2.10418701  5.        
10.60794067 11.05556488 -3.11782789  4.        
23.84671021  7.63582611 -2.97064209  4.        
-19.13001251   5.26937103   4.03671312   3.        
12.5430603  11.05786896 -3.59787011  4.        
 1.72434998 -6.116539    1.68316698  2.        
-14.24284363   8.87582397   6.90200806   3.        
-1.62539697  7.56758118  0.56494099  6.        
-0.33012399  9.44698334 -2.65625     5.        
 8.41085815 11.54992676  1.16076696  4.        
 0.580414    9.64389038 -5.61157179  5.        
  2.00155592 -10.43518353   3.49206495   2.        
-17.64091492   7.89396715   8.15213013   3.        
3.27436805 6.89794207 1.58947802 2.        
-23.9393158    4.02650404   8.43457031   3.        
 0.82339501 -4.45532608  2.38980103  2.        
16.88890076 10.42723846 -3.24273705  4.        
-19.8607254    5.89082289   6.07199097   3.        
20.390625   11.24159241 -1.93362403  4.        
2.63212609 5.46617889 1.61456299 2.        
0.096649   7.87567902 5.26239014 7.        
-3.28842211 10.59532166 -4.15313721  5.        
-6.60795593 10.41187954 -9.39984131  5.        
-3.90000892  6.36996508  2.661865    2.        
-15.41253662   7.83074903   4.22491503   3.        
0.369232   5.52682495 0.94009399 2.        
-0.66975403  8.73109436 -1.93588305  5.        
 7.96818495 10.82201385 -0.95428503  4.        
-19.74840355   6.02623701   7.15539598   3.        
-14.51254272   7.85303497   3.02343798   3.        
0.50329602 1.48713696 2.83764601 2.        
-2.61639404  9.03331757 -3.20126295  5.        
 7.02845812 10.35757446  0.63650501  4.        
-16.45796204   7.55514479   4.97168016   3.        
21.24208069  9.56890869 -3.48660302  4.        
-18.45263672   6.39234877   4.62887621   3.        
 0.61196899 -3.16978502  1.63403296  2.        
0.73690802 5.16596985 1.26361096 2.        
 1.35289001 -4.72248507  2.61749291  2.        
-4.06225586 11.23086452 -7.99032593  5.        
-5.86442614 11.35343933 -8.89047241  5.        
16.80828857 12.16738892 -0.048859    4.        
4.1618042  6.76914978 1.55059803 2.        
-5.46188307 11.20656586 -6.37994385  5.        
 8.10156155 11.03704834  0.61206102  4.        
20.9148407  10.86634064 -0.77780199  4.        
0.44249001 6.09922791 3.41821289 7.        
-11.27391148   7.75084686   0.74984699   3.        
23.06472778  8.87973785 -3.62713599  4.        
-19.06668091   5.41316223   3.00058007   3.        
-18.90057373   6.12123108   6.09292603   3.        
-7.07658386 11.15337372 -9.18206787  5.        
-17.0337677    7.04951477   4.2371521    3.        
-13.41566467   9.75468445   7.36090088   3.        
-3.054672   11.11859894 -6.87249804  5.        
-19.52527618   5.63921404   4.73223877   3.        
0.198761   1.826424   2.72241211 2.        
-17.12333679   8.47573853   7.84963989   3.        
-19.76158905   4.95793915   3.17501807   3.        
 7.23396301 10.75        1.29669201  4.        
0.21345501 7.97395277 6.58364916 7.        
14.22262573 12.00861359 -1.27493298  4.        
 7.48409986 10.6656723   0.42327899  4.        
17.18484497 11.68959808 -1.67291296  4.        
23.16267395  8.07648468 -3.90673804  4.        
2.9881289  5.98687696 1.59417701 2.        
-0.34129301  6.56498718  4.06955004  7.        
-16.67617798   7.11815596   5.45031691   3.        
19.85255432 10.28596497 -3.62988305  4.        
21.93132019 10.92599487 -1.87640405  4.        
-6.23013306 12.18056488 -7.85821486  5.        
-8.60713196  8.38672638  3.87155104  3.        
14.27909946  9.93281555 -5.09014893  4.        
-14.4967041    9.00650024   6.48281908   3.        
19.61070251  9.40877533 -4.82287598  4.        
-3.08845496 11.05703735 -5.47351122  5.        
-21.69805908   4.92216492   7.04696703   3.        
-0.38270599  6.55973816  5.03283691  7.        
14.00854492 11.00046539 -3.6872561   4.        
-10.45315647   8.80946255   3.81005907   3.        
23.33360291  9.41815853 -2.99264503  4.        
-9.72592163  8.30370331  2.18228197  3.        
-8.92205811  9.75687408  5.48550415  3.        
-18.28730774   5.85446882   4.37014818   3.        
0.66101098 6.43695116 1.32226598 2.        
1.73687696 3.57200599 2.18215895 2.        
-10.03709412   8.63851166   2.99050903   3.        
0.21183801 4.4294281  0.99880999 2.        
 8.11990356 10.80324554 -2.89529395  4.        
-23.71434021   4.62560987   8.48260498   3.        
0.93957502 5.37893677 4.35778809 7.        
1.67680395 9.86885071 7.05062914 7.        
-23.11566162   4.0439992    6.52023315   3.        
1.38992298 1.23857105 2.29492211 2.        
-14.26634216   8.23870754   4.3970952    3.        
-4.00961304  7.0267868   3.78417993  2.        
-17.00814819   7.49391222   6.55905104   3.        
-9.62692261  9.45541382  5.74804688  3.        
-6.97972107  8.4128952   3.54638696  3.        
2.64259291 4.06783295 2.22726393 2.        
-23.77289581   3.61054993   6.205688     3.        
-13.31201172   9.20975494   6.03091383   3.        
11.32507324 12.77532196  1.45825195  4.        
22.03308105  9.72414398 -2.70745802  4.        
-9.92863464  8.14224243  1.64090002  3.        
 0.44950899 -0.69853199  2.12600708  2.        
-5.3452611  10.00154114 -9.12472534  5.        
-3.14119005  6.3899312   3.13357496  2.        
19.70265198 11.67330933 -0.829956    4.        
-11.94265747   8.64185333   4.99920607   3.        
18.80714417 11.07711792 -1.383636    4.        
  1.22572303 -10.39080811   3.02859497   2.        
-0.85932899  6.99239397  0.43463099  6.        
20.08451843 10.53650665 -3.1625061   4.        
 8.43875122 10.71373653  0.487183    4.        
-16.73649597   6.78667498   2.33783007   3.        
21.81590271  9.74378204 -3.690521    4.        
-5.38200378  7.60146284  2.77160597  2.        
