-5.715271    8.29172516  1.884552    3.        
  3.31249189 -13.4062767   -4.35577393   2.        
12.04290771 11.4866333  -1.81918299  4.        
 2.20485711 -1.05036497 -1.48831201  2.        
 2.29575396 11.02615356 -3.31765795  4.        
-11.78639221   3.24337792   3.26980591   3.        
 2.57544994e-01  5.33902693e+00 -3.50999995e-03  2.00000000e+00
 2.32407403 -6.9404788  -4.33480787  2.        
 6.617661   13.04964447  0.69567901  4.        
 2.13272905 10.05815125  1.51599097  4.        
 7.74557495 12.40118408 -4.06158495  4.        
-9.99671173  6.82946777  0.69406098  3.        
-8.64443207  6.21073103  4.65820312  3.        
-2.9178009   8.10225677 -1.24203503  3.        
-2.1284101   7.86651611  2.32665992  3.        
 0.441185    2.04075599 -1.36236596  2.        
 0.52505499  8.78398895 -1.33309901  4.        
  2.73831892 -10.17533875  -3.45422411   2.        
 1.69800603 -4.25836897 -2.47112989  2.        
 9.3237381  13.16945553 -1.14056396  4.        
 5.00408888 12.54511261 -2.28921509  4.        
 3.62439704 12.14313507  0.194977    4.        
-7.7051239   8.29102325 -0.156158    3.        
-6.37255096  7.65296888  4.35784912  3.        
-10.50685883   5.48433685   2.90853906   3.        
-8.16851807  7.53639984  2.50259399  3.        
10.23497772 12.21227264 -3.48687696  4.        
-5.2435298   8.75847626 -0.61889601  3.        
 1.95133197 10.74280453 -0.78985602  4.        
-1.15044403  7.27332306  0.229553    3.        
-4.06803083  8.38330841  3.54428101  3.        
 7.13488817 13.20334625 -1.643188    4.        
0.97384602 8.34736633 0.77273601 4.        
-3.73458099  8.29398346  0.942505    3.        
 3.07725501 -5.73936081 -2.69628906  2.        
 1.42417896  3.3234179  -0.19360401  2.        
 2.04597497 -2.39869308 -3.01150489  2.        
-11.72459412   4.44962311   1.73095703   3.        
 1.83528101  0.82432598 -1.98812902  2.        
 3.22061205 11.92806244 -1.68633997  4.        
 4.03001404 11.90740204 -3.79434204  4.        
-10.30317688   4.67020416   4.58087206   3.        
 2.57393599 -8.20417404 -2.99517798  2.        
 0.628654    7.05893707 -0.59216303  4.        
 5.23420715 12.90625763 -0.51339698  4.        
 5.86618805 12.42524719 -3.88919091  4.        
  2.31314898 -11.91671753  -4.08691406   2.        
10.98270416 12.55097961 -0.84561199  4.        
 1.20643604  9.78075409 -2.64804101  4.        
 8.39439392 12.91682434  0.27038601  4.        
 8.62210083 12.81515503 -2.66006494  4.        
 4.95025587 12.56184387  1.16314697  4.        
-9.57713318  6.63448286  2.24920702  3.        
 0.33112299  4.09251404 -1.09835804  2.        
 3.16248298 11.32862854  1.50833094  4.        
 2.55347395 -9.17196274 -4.68676805  2.        
-7.22551012  8.2116394   1.36380005  3.        
-10.99780273   5.77635193   1.26824999   3.        
-8.63639832  7.65296221  0.90603602  3.        
 1.21285999  9.57633972 -0.111908    4.        
-2.42207289  8.13318634  0.20166001  3.        
-7.86210585  7.27793884  3.96816993  3.        
-6.82311201  8.09702301  2.84512305  3.        
 1.83024597 -5.56824112 -3.42639208  2.        
-6.29240417  8.70440674  0.360107    3.        
-5.48689985  8.39818573  3.46166992  3.        
-3.38350701  8.63822937  2.265625    3.        
 1.08966804 -0.36161801 -2.08175707  2.        
 2.13996911 -6.90297699 -2.73467994  2.        
10.30374146 12.68752289 -2.17944288  4.        
11.39854431 11.6426239  -3.07095289  4.        
-3.83370996  8.62033081 -0.38244599  3.        
 2.51087999 -2.89170504 -1.83429003  2.        
-9.55133057  6.31327105  3.56399488  3.        
 2.34498596 11.05764008  0.46508801  4.        
 6.69947815 12.87643433 -2.92642212  4.        
-11.18003845   4.41366577   3.5874939    3.        
-5.02285004  8.73106384  0.77197301  3.        
-0.76686102  6.12070513 -0.33972201  3.        
 2.88607788 -4.49707794 -3.11642504  2.        
 1.64446998  1.40564704 -0.82031202  2.        
 1.83481598 10.76721954 -2.07501197  4.        
 4.21588898 12.27480316 -0.95019501  4.        
  2.80929589 -12.71876144  -3.23678589   2.        
 1.05748701  9.92901611 -1.35864305  4.        
 9.01731873 12.35334015 -3.76293898  4.        
  2.82065606 -10.89155197  -4.58371019   2.        
-1.51560199  7.88910723  1.25137305  3.        
 1.21214294 -1.48168194 -2.58984399  2.        
-4.67382002  8.60059357  2.47381592  3.        
 8.09069061 13.36981964 -0.87875402  4.        
-2.13056207  7.32677507 -0.69107097  3.        
 3.18846107 11.7882309  -2.91702294  4.        
 1.99142504 -9.13656616 -3.48980689  2.        
  3.41811395 -11.65361404  -3.68691993   2.        
 5.98912811 12.85049438 -1.55130005  4.        
 6.76145887 13.24333954 -0.50390601  4.        
 1.24482     2.95526099 -1.30664098  2.        
 1.14959002  0.36403701 -1.07525599  2.        
 1.06945002  8.28875732 -0.402466    4.        
 1.12425196  4.57424879 -0.20773301  2.        
 2.82719398 11.52216339 -0.67285198  4.        
 2.48022509 -8.09152603 -4.28552198  2.        
 1.62202406 -2.03798699 -1.61416602  2.        
-2.59492493  8.36533356  1.398224    3.        
1.92079902 8.97851562 0.94018602 4.        
 1.14657605  6.02806091 -0.207184    2.        
 2.51821089 -3.44770408 -2.89373803  2.        
-9.56518555  5.49944305  4.41479492  3.        
 9.86676788 13.014328   -0.19067401  4.        
-8.7569046   7.02060699  3.32614112  3.        
 3.0815661  -9.07539368 -3.40692091  2.        
 4.08352709 11.80014801  1.11401403  4.        
 4.91241503 12.49599457 -3.38369703  4.        
 2.75315905 -6.36728287 -3.50265503  2.        
-6.24150085  8.33820343 -0.64602703  3.        
11.26929474 12.14608002 -2.155792    4.        
 4.08744812 12.29444122 -2.719666    4.        
-4.60427094  8.07868958 -1.06030297  3.        
  2.02331495 -10.34598541  -4.23483276   2.        
  3.24531603 -12.39674377  -4.37234497   2.        
-8.9006958   7.33515215  1.84716797  3.        
0.102829   6.48709106 0.041626   2.        
 2.8339839  -7.43707323 -3.57650805  2.        
 0.19516     4.23483992 -0.109741    2.        
-11.38407135   4.67884111   2.63619995   3.        
 0.15519699  7.99185896 -0.863464    4.        
 2.2143631  -5.22360611 -2.58346605  2.        
-12.04290771   3.74919105   2.35034204   3.        
 7.49838305 13.31449127  0.16842701  4.        
 5.63560486 12.7951889   0.49691799  4.        
 7.64028883 12.86899567 -2.62741089  4.        
 0.171974    2.96490502 -1.162323    2.        
 1.85623896 10.20169067  0.28213501  4.        
0.52948803 7.55889082 0.241364   2.        
  2.56201196 -11.13308716  -3.49612403   2.        
-10.48558807   6.14408922   2.00823998   3.        
-9.27963257  7.31533003  0.255676    3.        
 1.01295495  1.30787694 -1.62866199  2.        
 4.66698503 12.69297791  0.251892    4.        
 2.485466   11.24649811 -1.55676305  4.        
 8.41477203 13.0332489  -1.71243298  4.        
-4.55391693  8.39868164  1.54772902  3.        
 9.51234436 13.14376068 -2.75802588  4.        
 1.87713599 -4.45902586 -3.38464403  2.        
 0.51128399  9.25321198 -2.28414893  4.        
 1.89742994 -0.030228   -1.49456799  2.        
-2.90737891  8.14617157  2.91055298  3.        
 2.94949293 10.46765137  1.20120203  4.        
-7.10147905  7.81700087  3.80331397  3.        
 5.77967119 12.80258942 -2.83053589  4.        
 1.77127802 -3.11817503 -2.34490991  2.        
 6.81426191 12.56655884 -3.78906202  4.        
-1.49604797  6.42718506  0.130615    3.        
-8.37477112  7.65505219  0.026276    3.        
 0.51411402  4.94053698 -0.81112701  2.        
 5.08551788 12.60170746 -1.38168299  4.        
  2.56540704 -12.97030258  -4.08065796   2.        
-11.02059937   5.42361498   2.10577393   3.        
 0.50843799  3.33500695 -0.41293299  2.        
-7.95063782  7.75145006  1.63549805  3.        
 1.83161199 -6.67550278 -3.63278198  2.        
 1.68975794 10.4954071  -2.93249512  4.        
 4.18463898 12.45062256 -1.82495105  4.        
-10.14516354   5.65385389   3.70574999   3.        
 8.86553192 13.28762817 -0.389801    4.        
 2.98469496 -9.98856735 -4.28579712  2.        
 9.16187286 13.46253967 -2.0093689   4.        
10.26866913 12.9523468  -1.33554101  4.        
 2.05628204 -1.59869802 -2.24560499  2.        
11.58415985 11.92490387 -1.20953405  4.        
-6.36971998  8.33320618  1.22647095  3.        
 3.09954095 11.50765228  0.474457    4.        
-6.27059889  8.02693939  3.51724195  3.        
 1.48769403  2.24309492 -0.66522199  2.        
-9.67123413  7.04627991  1.46530199  3.        
1.49272203 9.7250061  0.92395002 4.        
 1.31781805  7.30678606 -0.15713499  4.        
 8.17777157 12.67015839 -3.37149096  4.        
-4.4727478  8.490242   0.153778   3.       
-7.40434313  7.9288249   2.25949097  3.        
 2.47522712 11.34805298 -2.56240797  4.        
 2.52659607 -5.71318007 -3.97668505  2.        
 0.40728801  6.03911591 -0.59814501  2.        
-6.01210022  8.21658325  2.68090796  3.        
-3.757195    8.09146881 -1.02362096  3.        
 2.00932288 -7.50218582 -3.62786889  2.        
-3.10905504  8.2266922  -0.41796899  3.        
-7.76260424  7.63145494  3.23373389  3.        
-4.77346802  8.0682373   3.81912208  3.        
 1.04837     3.92518592 -0.70306402  2.        
-0.66665602  6.62645721  0.368103    2.        
-0.318771    5.42347002 -0.57986498  2.        
 1.22874403  2.08850908 -1.75146496  2.        
-9.90093231  6.11216021  2.78713989  3.        
 2.30207109 -5.98814392 -2.90979004  2.        
-6.53667498  8.11122894  1.98880005  3.        
 3.54799604 11.89388275 -0.68087798  4.        
 0.82968903  9.33751678 -0.82476801  4.        
-5.51423597  8.61483765  0.137665    3.        
-7.06886292  8.33625031  0.340942    3.        
10.70608521 12.30905914 -2.8374629   4.        
-7.9344182   8.1060257   0.91387898  3.        
 1.46829998 -1.20239604 -1.76858497  2.        
 3.26567101 -8.23306656 -3.40106201  2.        
-11.64211273   4.00016022   2.99786401   3.        
 0.91947198  0.56461298 -1.91165197  2.        
-3.21968794  8.43249512  0.34381101  3.        
-7.01744795  8.52308559 -0.48382601  3.        
1.17961895 8.8354187  0.177856   4.        
-8.49914455  6.87665606  4.22677612  3.        
 6.02661896 13.11266327 -0.776398    4.        
 2.49901605 -5.10267305 -3.45193505  2.        
 2.40860009 -3.92061996 -2.26913404  2.        
 3.00659204 -6.77881622 -2.87655592  2.        
  3.08101702 -11.63541412  -4.53591919   2.        
-1.75174701  7.78388977  0.42208901  3.        
-10.65100861   4.89672899   3.91213989   3.        
-7.29186201  7.16525316  4.497437    3.        
 0.70992303  2.59297204 -0.72717297  2.        
 1.43990302 -2.20313597 -2.35998511  2.        
-5.68923187  7.93497515  4.09283495  3.        
-10.51834869   6.37083387   1.08819604   3.        
 6.49784803 12.88632965 -2.1690371   4.        
-0.82096899  7.16313219  0.930237    3.        
-8.91462708  6.92041779  2.54275489  3.        
  3.17308807 -10.71764374  -3.80566406   2.        
 9.58553314 12.78411102 -1.89901698  4.        
-2.58301497  8.47445679  2.16958594  3.        
 1.69207001 -0.87583899 -2.61440992  2.        
  2.98899794 -13.42696762  -3.48870802   2.        
-1.46362305  7.01159716 -0.42599499  3.        
-3.95275903  8.53144073  2.775635    3.        
 2.6427691  -8.82109356 -4.00613403  2.        
 1.64193702 10.07444763 -0.58013898  4.        
 2.23117089 -9.57134342 -4.12554884  2.        
-4.75914001  8.57053375  3.22607398  3.        
 2.84889197 -4.84726715 -2.43310499  2.        
 1.68804204 -3.62871599 -2.88851905  2.        
 6.20375776 13.19421387  0.089294    4.        
10.88136292 12.42105865 -1.57864404  4.        
-11.39714813   3.6488421    3.76110792   3.        
 2.18691993 -8.33872223 -3.64556909  2.        
-5.73306322  8.65869904  1.01534998  3.        
 2.25712609 -2.33350801 -2.29946899  2.        
 2.07787299 10.56504059  0.95675701  4.        
 9.59519958 12.50474453 -3.24313307  4.        
 1.54996502  0.093994   -2.44512892  2.        
  3.44226789 -12.90285492  -3.83206201   2.        
 0.90696698  1.62489295 -0.97244298  2.        
 7.36901903 12.79225159 -3.3656311   4.        
-11.3998642    5.18483686   1.52557397   3.        
-5.56233215  8.17312622 -0.92382801  3.        
  2.27231598 -11.15667725  -4.16799879   2.        
-9.09812164  6.42817688  4.12765503  3.        
-2.45794702  7.99906206 -0.65493798  3.        
10.37350464 12.46781921 -0.45355201  4.        
 1.80367994  0.63771802 -1.19937098  2.        
-3.67446089  8.36183167  1.67025805  3.        
 7.45930481 13.14683533 -0.63253802  4.        
11.83740234 11.47322845 -2.49945092  4.        
-10.92584991   4.93243408   3.17529297   3.        
 1.26863098 10.18984222 -2.07479906  4.        
 2.90901899 11.402565   -3.43780494  4.        
1.18279302 7.9382782  0.199341   4.        
-4.48889923  8.69333553 -0.633057    3.        
 1.02730596  5.26954603 -0.26769999  2.        
 3.57062507 12.1108551  -2.28341699  4.        
 2.35873389 11.16751862 -0.292786    4.        
-2.21668196  7.97936201  0.90588403  3.        
 0.69522899  3.47809601 -1.10772705  2.        
 0.55432898  8.72731781 -0.62936401  4.        
-1.90849304  7.8322072  -0.26095599  3.        
 4.19898987 12.3031311  -0.156738    4.        
 7.79141998 13.17370605 -1.97750795  4.        
-5.21913099  8.35610962  1.37750196  3.        
 5.65180206 12.72481537 -2.14627099  4.        
-5.38451385  8.48943329  2.6307981   3.        
  2.93248796 -12.22624588  -3.78716993   2.        
 6.53131914 13.15572357 -1.26718104  4.        
 2.61774397 11.06201172  1.15759301  4.        
-0.31646699  5.82909393  0.080414    2.        
 4.11891222 12.35771179  0.611633    4.        
-10.92907047   4.14907122   4.16039991   3.        
 2.66072106 -7.36385012 -2.92434692  2.        
-3.43996406  8.29946136  3.30279493  3.        
 3.42035699 11.89582062  1.01776099  4.        
 1.92498803 -0.57165498 -1.89840698  2.        
 1.711586  10.5137558 -1.378021   4.       
0.65051299 6.91438293 0.066254   2.        
 3.29111505 -9.82410812 -3.29421997  2.        
-9.25123596  7.31062317  0.927917    3.        
-0.078201    4.81452894 -0.438568    2.        
1.34126997 8.79174042 1.21624804 4.        
 0.69764698  9.41217041 -1.66525304  4.        
 2.039078   -8.93061066 -4.26324511  2.        
 3.69738793 11.59332275 -3.31289697  4.        
 0.69059801  7.69386292 -0.407837    4.        
-7.95117188  6.82208204  4.5977478   3.        
-4.37550306  8.40548706  0.802948    3.        
-2.02639008  8.21080017  1.699646    3.        
 8.11642456 13.35921478 -0.133545    4.        
 2.28767395 -3.94712496 -3.43029809  2.        
 3.03057909 11.65320587 -2.29470801  4.        
-0.85817701  6.71190596 -0.60675001  3.        
 1.31526995 -0.32862899 -1.46524     2.        
 2.88164496 -9.43654156 -3.94970703  2.        
-9.35851955  6.56150818  2.86276293  3.        
-4.11535597  8.61750793  2.13360596  3.        
-10.05324554   6.56040192   1.67394996   3.        
 8.38053894 12.37094879 -3.91378808  4.        
 2.25966597 -1.97343099 -1.75714099  2.        
 9.95877075 12.51461029 -2.69961596  4.        
 2.29433393 -4.48796511 -2.55749512  2.        
 6.28369904 12.75138092 -3.40103197  4.        
 8.69467926 13.07770538 -0.97140503  4.        
 3.8157959  12.05239105 -1.39544702  4.        
 1.73646498 -2.59674406 -1.95785499  2.        
 4.61434221 12.08410645  0.91015601  4.        
 9.83119202 12.8466568  -0.88726801  4.        
 1.04360199  1.00775099 -1.03341699  2.        
 2.41720605 -6.91432619 -3.65847802  2.        
-2.88703203  8.08686066  0.75582898  3.        
 2.26445794 -2.90545702 -2.67608595  2.        
 2.75691199 -6.44072294 -4.12817383  2.        
 6.89273787 13.03905487  0.130035    4.        
 1.49126399  1.87787604 -1.206177    2.        
 0.042877    8.38806057 -1.37362695  4.        
-5.89762115  8.75961304 -0.34265101  3.        
 8.81187439 12.62308502 -3.2406621   4.        
 2.51461792 11.02711487 -0.880463    4.        
 9.59494781 12.14299774 -3.84939599  4.        
 2.07810998 10.64009094 -0.12835699  4.        
 1.79569995 -3.05469489 -3.09194994  2.        
 2.68865991 -5.76705885 -3.37438989  2.        
 7.80970812 12.80205536  0.431122    4.        
 1.33393896  2.84020996 -0.658234    2.        
0.70465899 8.33097839 0.090973   4.        
-10.18481445   5.18813276   4.27175903   3.        
 3.6560359  11.25305939  1.153229    4.        
 1.03172302  6.66433001 -0.35354599  2.        
 9.18188477 12.86972809 -0.076233    4.        
 7.09579515 12.95252991 -2.27410889  4.        
 4.29577589 12.21738434 -3.34155297  4.        
-8.24469757  7.27156782  3.11236596  3.        
 5.17541504 12.27327728 -3.88571191  4.        
  2.54145002 -10.60517883  -3.83764601   2.        
 3.05033898 11.54369354 -1.23703003  4.        
 0.75033599  2.61035895 -1.37396204  2.        
 1.58954597  1.45163    -1.74581897  2.        
 8.95657253 12.89538574 -2.06237793  4.        
-5.00369978  8.40659332  2.00500488  3.        
 0.50190699  4.75394392 -0.155304    2.        
 5.75999498 12.89887238 -0.19519     4.        
 5.21443892 12.56312561 -2.85510302  4.        
 2.36716509 -9.70211792 -3.49264503  2.        
-3.79646301  8.60083008  0.32864401  3.        
 3.16893005 11.8629837  -0.21582     4.        
 2.16669512 -7.68851805 -3.0280149   2.        
-3.0602951   8.3345108   1.77542102  3.        
 0.133339    8.94003296 -1.94073498  4.        
-1.67250097  7.75059509  1.84729004  3.        
-8.33680725  8.08225155  0.444336    3.        
 0.846237    4.45471191 -0.91027802  2.        
 2.75306702 -8.03495026 -3.75897193  2.        
-9.23523045  5.98605299  4.50372314  3.        
1.49314904 9.26036835 0.55343598 4.        
  2.85851312 -11.6437149   -3.44552588   2.        
 5.54066515 12.54006958  1.12084997  4.        
-6.72949219  8.52114105  0.79531902  3.        
 2.74236298 -5.29798508 -2.90515089  2.        
2.05628204 9.50737    1.31277502 4.        
 5.4828639  12.92571259 -1.08822596  4.        
 2.55175805 -8.87220001 -3.243958    2.        
-11.48535156   4.86788177   2.07095289   3.        
-9.68642426  5.93214417  3.99264503  3.        
 2.42481208 10.58981323  1.45166004  4.        
 1.21807098  3.58015394 -1.35671997  2.        
-4.95369005  8.76745605 -0.107697    3.        
 0.77445197  5.57810211 -0.69906598  2.        
 2.66291809 -7.48956299 -4.13394213  2.        
 1.67786396 -1.90820301 -2.80581689  2.        
 5.65862989 12.56507874 -3.36248803  4.        
-1.34835804  7.44101715  0.75060999  3.        
-6.45936584  8.71686554 -0.198853    3.        
 1.55280304  0.245506   -1.86959803  2.        
 1.91565704 -5.05014801 -3.18576097  2.        
 4.86688185 12.5814209  -0.81607097  4.        
-7.22161102  7.75772095  3.08496094  3.        
 0.43413499  3.90777612 -0.56494099  2.        
 7.07224321 13.0672226  -1.08981299  4.        
 4.6204071  12.51935577 -2.71328712  4.        
 2.00074005 -4.12346983 -2.93783593  2.        
-0.055031    4.60562086 -0.96978801  2.        
 2.8765111  11.40234375 -0.047607    4.        
1.48686194 8.35796356 0.52285802 4.        
-4.99356079  8.49435425 -1.090271    3.        
 6.21938276 12.64390564  0.73242199  4.        
 2.00686693 -0.53622401 -1.26001     2.        
-11.74061584   4.3187561    2.28369093   3.        
 1.99330103 10.93511963 -2.5939641   4.        
  3.13970208 -11.19578171  -4.18429613   2.        
 2.169487   -6.45564985 -3.23562598  2.        
 2.30204797 -3.33441901 -2.31246996  2.        
  2.72641802 -13.20638275  -4.56613207   2.        
 1.27251399  2.39668298 -1.21096802  2.        
 0.68617201  5.69399977 -0.083923    2.        
 1.32497394 -2.5333631  -2.79910302  2.        
  2.44572401 -12.4900589   -4.34378099   2.        
 1.23284101 -0.926929   -2.2971499   2.        
 0.88393402  9.78377533 -2.05029297  4.        
 1.25688195  3.9300611  -0.18414301  2.        
-0.33660099  5.15882921 -0.082184    2.        
-2.58862305  7.47151184 -0.97384602  3.        
-3.26143599  8.43540955  1.19265699  3.        
-4.07958984  8.56729126  1.27783203  3.        
11.67552185 11.90707397 -1.87139904  4.        
 1.26675403  9.66427612 -0.75585902  4.        
 8.92796326 13.1975708  -1.58877599  4.        
-3.23451996  8.57553864  2.8132019   3.        
 5.15651703 12.87447357  0.028473    4.        
 9.39983368 13.16967773 -0.48016399  4.        
 4.52910614 12.37599945 -1.40570104  4.        
 1.54224396 -1.69302404 -2.03192091  2.        
-7.79238081  8.30706787  0.38330099  3.        
 1.34038496  0.88728303 -1.74627697  2.        
-1.47773695  7.51403809 -0.16180401  3.        
 3.66038489 12.05751038 -2.96063209  4.        
-6.89438581  7.493927    4.32421923  3.        
 2.48958611 -6.49222898 -2.66424608  2.        
-2.42433906  8.19758606  2.66677904  3.        
-10.41220856   5.85549212   2.462708     3.        
-7.71346283  7.75390577  2.7068181   3.        
11.29331207 12.03485107 -2.71063209  4.        
-7.41256714  8.30247498  0.86294597  3.        
 1.36669898 10.22278595 -1.02377295  4.        
 0.664612    8.13462067 -0.745758    4.        
 1.79243505 -6.06427813 -3.64065504  2.        
 7.62390089 13.07597446 -1.44842505  4.        
-8.27018738  7.14661407  3.63839698  3.        
 1.73196399 10.22216797  1.19238305  4.        
 5.04395294 12.81400299  0.61969     4.        
 2.58292389 -4.04824114 -2.98971605  2.        
 1.11357105  8.96025944 -0.34316999  4.        
 0.23082     5.34845686 -0.59970099  2.        
 2.09969306 11.05514526 -1.23193395  4.        
-11.88751984   3.45908403   2.77703905   3.        
-0.43346399  6.48773193 -0.096802    2.        
-9.09243774  6.58982086  3.61160302  3.        
 9.30778503 12.63624573 -2.80886793  4.        
 1.98044598 -1.10460997 -1.97271705  2.        
 8.38721466 13.08838654 -2.26333594  4.        
 2.93753004 -8.60126495 -3.61718798  2.        
0.78220397 6.32132006 0.052948   2.        
 2.64218903 -8.65552521 -4.51251221  2.        
 8.12062836 12.90750885 -2.89797902  4.        
 1.77852595 -5.9080162  -2.96493506  2.        
  2.61888099 -11.50042725  -3.89892602   2.        
-1.01658595e+00  6.80921888e+00  5.91999991e-03  3.00000000e+00
-6.79118299  8.01931     3.40805006  3.        
-10.05968475   6.27298021   2.30673194   3.        
-8.62366486  7.30178118  2.29836988  3.        
-1.18793499  7.49593306  1.39007604  3.        
-8.44903564  7.59896088  1.76226795  3.        
 0.89010602  3.133003   -0.71859699  2.        
 3.08277893 -5.02431107 -3.20263696  2.        
 4.56678009 12.112854   -3.78259301  4.        
1.57539403 9.29361725 1.26919603 4.        
10.78642273 12.4200058  -2.32809496  4.        
10.54948425 12.85087585 -0.869232    4.        
  3.20170593 -11.10505295  -3.449646     2.        
 8.38956547 13.10765076 -0.52557403  4.        
 2.23905206 11.10206604 -2.03268409  4.        
  3.14598894 -10.03417206  -3.78683496   2.        
2.51824999 9.95580292 1.17422497 4.        
 1.85015905 -4.75271177 -2.64804101  2.        
 0.45916     6.61161804 -0.37814301  2.        
 2.36788201 -4.56382418 -3.10693407  2.        
-7.81183577  7.63048506  2.12533593  3.        
-3.33473206  8.37169743 -0.897919    3.        
 3.32353997 11.87368774 -3.54370093  4.        
-10.14990997   5.78476715   3.13742089   3.        
-0.68740797  5.61992693 -0.226776    2.        
 7.12653303 13.11618805  0.61654699  4.        
-6.93292189  8.13286591  2.33038306  3.        
  2.69625092 -13.50857162  -3.90875196   2.        
 1.10234106  0.120728   -1.608459    2.        
  2.70489502 -10.65932083  -3.27581811   2.        
-9.17937469  6.9635849   2.07064795  3.        
  2.77423096 -10.47331238  -4.27648878   2.        
 0.19472501  5.9889369  -0.03949     2.        
 1.01773798  4.97007799 -0.902924    2.        
-10.84591675   5.79770708   1.75711095   3.        
  3.12712908 -12.88790131  -4.28811693   2.        
1.11907196 8.93795776 0.68911701 4.        
-9.48845673  6.96238708  0.63812298  3.        
10.99221802 11.92527008 -3.1994319   4.        
 0.84548998  2.18737793 -1.00744605  2.        
0.73026299 5.07781982 0.167786   2.        
 2.11325097 -7.14709902 -3.2749939   2.        
-6.56838179  7.96738386  3.92749     3.        
 9.66130829 12.86760712 -1.37597704  4.        
-7.516922    8.00281525  1.76727295  3.        
 4.65429688 12.51428223 -0.247528    4.        
11.1859436  12.25128174 -1.20278895  4.        
 5.34780121 12.85322571 -1.73724401  4.        
 2.08623505 -5.50229311 -2.98858595  2.        
 3.22057295 10.89719391  1.18777502  4.        
 2.842453   -6.17316818 -3.04177904  2.        
-8.28238678  7.88137817  1.20785499  3.        
 1.32458496 -0.71678501 -1.79281604  2.        
-4.16594696  8.3449173  -1.18283105  3.        
 1.909271   -3.51966095 -2.05282593  2.        
 4.54791307 12.58623505  0.747711    4.        
-0.30649599  5.90183306 -0.42312601  2.        
-10.97794342   5.30324602   2.59240699   3.        
 0.46432501  7.59843397 -0.90948498  4.        
-7.51860809  7.51073503  3.65451097  3.        
-7.9260478   7.84204912 -0.14501999  3.        
-5.26580811  8.16359043  3.84423804  3.        
-11.28858185   4.48098803   3.08401489   3.        
  2.43341088 -10.0642128   -4.24270582   2.        
 1.65093994 -1.27519596 -2.32305908  2.        
  2.65164208 -11.39965057  -4.46136522   2.        
 1.53155506 10.45285797 -2.40081811  4.        
 2.34393311 -6.19060516 -3.7164309   2.        
 1.83196998 -2.5904119  -2.60952806  2.        
 0.195381  3.639992 -0.955383  2.      
  2.86411309 -12.0298996   -4.33447313   2.        
 3.85327911 12.26861572 -0.58380097  4.        
-8.87770081  7.72683716  0.483643    3.        
 3.3968811  11.9833374  -1.14804101  4.        
-6.33622694  8.2353754   3.07763696  3.        
-5.96969604  8.44372559  1.48834205  3.        
 1.66783905 10.33874512 -0.16851801  4.        
 6.09700823 13.10341644  0.55767798  4.        
 0.77449799  9.55527496 -2.61499     4.        
 2.58216906 -6.85643816 -3.10501099  2.        
-6.09383392  8.38485718  2.1781311   3.        
 1.96999395 -3.82606101 -2.46029711  2.        
  3.64199805 -13.31837845  -3.98828101   2.        
-7.2180562   8.09253693 -0.38150001  3.        
1.66681695 9.77431488 0.41412401 4.        
 6.07189178 12.91757965 -2.40033007  4.        
-9.87539673  5.18094587  4.64434814  3.        
 4.30422211 12.30699921 -2.286865    4.        
-6.70674896  8.28610229  1.57022095  3.        
 0.65638697  4.24254608 -0.297241    2.        
 2.16224694 -4.77178621 -3.61676002  2.        
 2.36447906 -5.67973709 -2.53637695  2.        
 0.90479302  6.11866808 -0.61404401  2.        
 0.155884    6.92307997 -0.155304    2.        
-10.6632843    6.18898821   1.50939906   3.        
10.01818848 12.72299194 -1.69863904  4.        
-4.24811506  8.626091    3.14123511  3.        
 2.77301788 11.41078854  0.810974    4.        
 1.50503504  0.307587   -1.39746106  2.        
 1.58343506  1.21053302 -1.33258104  2.        
-10.05005646   6.72649384   1.15792799   3.        
 2.71114302 11.41551208 -3.00378394  4.        
-6.42749023  8.1294632   2.4528501   3.        
 2.669312   11.42126465 -2.08715796  4.        
 4.68735504 12.64414978 -1.76644897  4.        
 9.59365845 12.8216629  -2.41732788  4.        
-8.86813354  7.43609619  1.260162    3.        
 0.904755    1.79610395 -1.56292701  2.        
-10.47664642   5.36993408   3.51837206   3.        
11.60710907 11.88586426 -2.38845801  4.        
-3.53853607  8.39076996 -0.092316    3.        
 3.62580109 11.70372772  1.39804101  4.        
  3.250458   -11.98630905  -4.06613207   2.        
 8.16667938 13.29266357 -1.33853102  4.        
 7.1492691  12.80618954 -2.80307007  4.        
  2.809021   -12.96606445  -3.67684889   2.        
-5.693573    8.66403198 -0.75613397  3.        
-3.24190497  7.8225708  -1.04873705  3.        
-5.91599989  8.31036377  3.27127099  3.        
 7.28263903 13.35568237 -0.25192299  4.        
 2.43313599 -9.21901703 -3.62164307  2.        
-5.91736603  8.53985596  0.58679199  3.        
 8.91291142 13.1824646   0.14425699  4.        
 1.930794   -8.01311874 -3.86047411  2.        
 6.83224487 12.775177   -3.37231398  4.        
 2.86090803 -7.9031868  -3.3248291   2.        
-7.06331587  8.09428406  1.81900001  3.        
 1.51092505 -0.36899599 -2.47167993  2.        
 6.73586321 12.96846771 -1.68692005  4.        
 3.63983202 12.10354614  0.658081    4.        
 2.21555305 -7.90153503 -3.48971605  2.        
-5.11191607  8.37194824  2.98831201  3.        
 1.56200397  9.8813858  -0.137207    4.        
 1.03889501  2.51222205 -1.75573695  2.        
-7.21595812  8.53199005 -0.064178    3.        
-5.83580017  8.26335144  3.73608398  3.        
 7.5942378  13.31487274 -1.052338    4.        
-6.70925093  8.17881775 -0.50372303  3.        
 0.86113     7.42507219 -0.050598    4.        
11.37276459 12.15699768 -1.63024902  4.        
 2.17669702 -1.49322903 -1.81411695  2.        
10.24645996 12.9155426  -0.52920502  4.        
 1.95935798 -8.44441223 -4.03112793  2.        
  3.37190294 -12.30103683  -3.67391992   2.        
-11.00350189   5.1148448    1.74755895   3.        
 6.31889296 12.45114899 -3.96273804  4.        
-1.13404906  6.264534   -0.100372    3.        
 2.06821394 10.73530579 -3.0309751   4.        
 2.26702094 -5.66735077 -3.52502394  2.        
-1.674034    7.36010695 -0.68530297  3.        
 3.87258101 12.04882812 -3.38293505  4.        
 1.62817395 -0.183235   -2.00988793  2.        
 0.78727001  3.04276299 -1.21224999  2.        
-2.83611298  8.3331604  -0.06842     3.        
 3.0253911  -7.2036438  -3.23513794  2.        
 5.89874315 12.88437653  0.94918799  4.        
10.58673859 12.73365784 -1.82553101  4.        
 2.22917199 -8.77042389 -3.78240991  2.        
-4.84275103  8.59654236  1.167328    3.        
-8.67236328  7.18118286  2.82565308  3.        
 8.05799866 13.20345306  0.37335199  4.        
 4.23619795 12.22528839  1.14776599  4.        
-7.36727905  7.43368483  4.14282179  3.        
 7.30762482 12.48740387 -3.9967351   4.        
 2.61905694 11.40062714  0.32229599  4.        
-8.73590946  6.908813    3.84533691  3.        
 2.214607   -3.43236494 -3.22549391  2.        
-4.88948107  8.77358246  0.34463501  3.        
-1.93999505  8.15844727  1.26180995  3.        
 7.57408905 13.15501404  0.61727899  4.        
 1.35762799 10.19351959 -1.56152296  4.        
-0.76078802  7.04703522  0.49191299  3.        
-10.64003754   4.441154     4.3937068    3.        
 2.18578291 -2.91216707 -2.21774292  2.        
 7.79496002 12.84348297 -3.19900489  4.        
-9.06562042  6.8923192   2.96331811  3.        
  2.42092896 -10.04230118  -3.77838111   2.        
-7.60269213  7.97492981  1.31979406  3.        
-4.51252794  8.63247681  1.92822301  3.        
 1.98212397 10.97396946 -1.68991101  4.        
 6.21041107 12.70948029 -2.90127611  4.        
-0.735641   6.2102809  0.095398   2.       
 0.278961    8.41876221 -0.86230499  4.        
-9.8677597   6.13929701  3.22876     3.        
 1.27291095  1.38928998 -1.06222498  2.        
 1.92649102  0.40885201 -2.11416602  2.        
 1.18172503  3.46101403 -0.65988201  2.        
 7.77322388 12.59702301 -3.665802    4.        
-6.75550079  8.64204407  0.278961    3.        
 1.02128601  7.22997284 -0.47582999  4.        
-2.56227112  8.00569057 -0.225586    3.        
-1.71768999  7.7469182   0.88503999  3.        
-11.28416443   5.41799212   1.16864002   3.        
 0.377213    4.53010607 -0.919617    2.        
 0.451538    7.35985613 -0.24585     4.        
-4.04472303  8.34476471 -0.75839198  3.        
 3.30699897 11.44692993  0.966492    4.        
-4.07952118  8.46846771 -0.043915    3.        
 1.69374895 10.06998444  0.73999     4.        
 1.96782696 -2.19722009 -1.99768102  2.        
 1.13426197  0.574844   -1.51657104  2.        
 0.77269     8.65209198 -0.256134    4.        
0.832008   8.63104153 0.38397199 4.        
-1.58338201  7.39852905  0.298767    3.        
-7.71637678  7.14368391  4.35848999  3.        
 4.37793684 12.55169678 -0.65328997  4.        
-11.56690216   3.76966906   3.3595891    3.        
-4.93279314  8.61321259  1.59258997  3.        
 2.00730109 -1.98909402 -2.43063307  2.        
 1.98413098 10.67796326  0.29425001  4.        
 6.32529497 13.08621979 -1.76406896  4.        
10.56770325 12.13610077 -3.21926904  4.        
-2.90563989  8.58423615  2.43765306  3.        
10.07489014 12.4106369  -3.10385108  4.        
-2.12858605  7.81781816  0.161865    3.        
-10.91926575   4.78216505   3.58084106   3.        
-5.34354401  8.47308254  0.98019397  3.        
 2.77098107 -9.76156616 -3.63504004  2.        
 2.56893897 11.45013428 -1.18472302  4.        
  2.90203094 -11.05389786  -3.79592896   2.        
 2.51110792 -4.92661285 -2.69030809  2.        
  3.17984796 -10.52630997  -3.41854906   2.        
-6.27732086  8.18927002  1.65331995  3.        
  2.5477829  -12.41851425  -3.81710792   2.        
  3.15809608 -13.22612381  -3.83349609   2.        
-3.35394311  8.21489716  0.68981898  3.        
-10.32720947   6.43367815   0.70944202   3.        
11.86263275 11.66167355 -1.47232103  4.        
 1.73565698 -0.74712801 -1.515625    2.        
 0.47548699  9.04545593 -1.70608497  4.        
 1.61486804 -0.71101803 -2.15798903  2.        
-5.37821198  8.50480747  2.18661499  3.        
 2.56663489 -8.48872375 -3.43191504  2.        
 0.75613397  9.25858307 -1.27099597  4.        
0.88113397 7.87479401 0.49469    4.        
1.14212799 9.25370026 0.25231901 4.        
-10.77346802   5.9882431    0.97384602   3.        
1.236938   4.88384295 0.062897   2.        
-10.75397491   5.74365997   2.23443604   3.        
  2.35990906 -10.60213089  -4.28256178   2.        
-4.01853895  8.61186218  1.71935999  3.        
 6.38983917 13.18900299 -0.30487099  4.        
 9.02724457 12.9044342  -2.569031    4.        
 0.87395501  8.01477814 -0.144012    4.        
-0.023781    5.57968092 -0.210388    2.        
-3.53355408  8.33750916 -0.52508497  3.        
 1.04087102  4.89782715 -0.48614499  2.        
 0.403366    2.63954902 -1.02209496  2.        
 2.09191895 -6.004498   -3.33905005  2.        
 2.66316199 -4.09302902 -2.55914307  2.        
 7.69055223 13.10454559 -0.143768    4.        
-8.32051086  6.60521698  4.49658203  3.        
 2.41223097 10.76265717  0.75964397  4.        
 2.96051002 11.60202026 -1.75164795  4.        
-9.7124176   7.15830994  1.06085205  3.        
-6.10815382  7.91720581  4.05187988  3.        
 3.39876604 11.79579926  0.40646401  4.        
 1.47346497 10.15777588 -2.80459595  4.        
 1.93160999 10.41952515 -0.48593101  4.        
-5.49463701  8.55973053  0.59832799  3.        
 2.655586   -9.38199615 -4.29849195  2.        
 0.19644199  4.25218201 -0.54016101  2.        
 3.57022905 12.12160492 -1.86465502  4.        
-2.81640601  7.89679003 -0.844818    3.        
 2.93917894 -8.5370369  -4.24313307  2.        
 6.4828639  13.19872284 -0.85522503  4.        
 1.42883301  0.82379198 -1.31201196  2.        
-2.81510901  8.18098354  0.33065799  3.        
-3.79174805  8.56948853  3.15768409  3.        
 2.13867903 -7.68456602 -4.00930786  2.        
 8.5397644  13.21664429 -0.036499    4.        
 0.58354199  8.2857666  -0.31164601  4.        
 1.28783405 -1.32407403 -2.122437    2.        
-11.42098999   4.17136383   3.35137892   3.        
 3.73621392 12.18070984 -0.97198498  4.        
 0.44721201  8.37442017 -1.23886096  4.        
-11.23571014   4.03007507   3.73590112   3.        
-11.58907318   4.82698822   1.61538696   3.        
-9.30220795  7.29290009  1.33902001  3.        
-4.58731079  8.51340485 -1.00988805  3.        
-4.97541809  8.32010555  3.55957007  3.        
  3.02241492 -11.47167587  -3.81012011   2.        
 3.68789697 11.76647854  0.036377    4.        
10.80592346 12.74001312 -1.32797205  4.        
-10.01488495   5.5198288    4.09609985   3.        
 8.53390503 12.59037781 -3.56259203  4.        
-4.47176409  8.37998962  3.4654541   3.        
-4.12879181  8.38544464  0.47464001  3.        
 1.75104499  0.97553301 -0.971008    2.        
10.41656494 12.4927063  -2.61093092  4.        
 9.8323288  12.16644287 -3.41894507  4.        
-1.09505498  7.15923309 -0.194427    3.        
-3.70716095  8.42424011  2.0748899   3.        
 6.06675005 13.08641148 -1.18353295  4.        
 9.17794037 13.01061153 -0.78595001  4.        
 9.38092804 13.11429596 -1.54486096  4.        
-4.55889082  8.62902069  2.87338305  3.        
-4.85940599  8.52345276 -0.59210199  3.        
 2.091537   -3.36656594 -2.8404851   2.        
 0.47074899  3.80886793 -0.16925     2.        
-5.35113478  8.62493134 -0.237091    3.        
-4.58872223  8.51906586 -0.236938    3.        
 0.764992    8.91739655 -0.92324799  4.        
 0.15006299  4.9599762  -0.111267    2.        
  2.60127997 -11.98752213  -3.78561401   2.        
 2.38762689 -9.15262985 -4.02166796  2.        
 1.68414295  0.57564503 -1.64733899  2.        
 1.97737896  0.25168601 -1.21148705  2.        
 2.47412896 -7.35317183 -3.74804711  2.        
-6.79650116  8.40870667  1.19232202  3.        
 1.02799201  9.57054138 -1.09344494  4.        
1.36596704 9.14569759 0.95318598 4.        
 3.68872094 12.0035553  -0.315979    4.        
 4.58973694 12.56377411 -2.15451097  4.        
-11.1528244    5.51101685   1.54126      3.        
-7.29061079  7.94418287  2.64877295  3.        
  3.08958411 -10.72832108  -4.28018188   2.        
-2.23910499  8.26138306  2.14248705  3.        
-11.554245     4.32909393   2.74755907   3.        
 2.24637604 -7.26307297 -2.88525391  2.        
  3.01385498 -12.61999893  -3.72045898   2.        
-4.54861498  8.73156738  0.55816698  3.        
 2.4515841  -7.580235   -3.29373193  2.        
 2.72775292 -6.80607224 -3.89321899  2.        
 2.46212792 -8.45986938 -4.00131178  2.        
 1.07340205  3.29453993 -1.07867396  2.        
-9.64025116  6.37845612  2.63150001  3.        
 2.6432271  -4.43598223 -2.77108788  2.        
 7.98376513 12.93349457 -2.42568994  4.        
 0.17607901  8.76374054 -1.58050501  4.        
 5.28635406 12.47135162 -3.53271508  4.        
  2.76023102 -12.78965378  -4.42300415   2.        
-3.74704003  8.66678619  2.4372251   3.        
 1.71279895 -1.71213901 -2.42321801  2.        
-8.70457458  6.53470612  4.397614    3.        
 1.89430201 10.41203308  0.62344402  4.        
 9.35916901 12.41041565 -3.55853295  4.        
 2.77908301 -6.9725461  -3.49279809  2.        
-5.61424303  8.41955566  2.9533689   3.        
 2.30510712 10.84797668 -0.53027302  4.        
 3.82109809 12.0997467   1.06201196  4.        
-8.0002594   8.00717926  0.21322601  3.        
-9.9498291   6.57627916  2.06790209  3.        
 2.87202501 11.65162659 -2.71166992  4.        
-8.37928009  7.97802019  0.82937598  3.        
 0.92111999  8.47276306 -0.72647101  4.        
 1.01856196  7.01586103 -0.137115    2.        
-10.34963989   5.2312932    3.90914893   3.        
 3.27417803 11.93724823 -2.48901391  4.        
 3.1897049  11.59816742 -0.865906    4.        
1.41200995 8.68702698 0.79428101 4.        
-9.71851444  6.76000977  1.76104701  3.        
11.82991791 11.65713501 -2.14532495  4.        
 1.10438502  4.338799   -0.52935803  2.        
 7.43719482 12.99217224 -2.0718081   4.        
 0.882164    2.17229509 -1.43273902  2.        
-5.71095991  8.43508911  2.39462304  3.        
-10.64448547   5.2196579    3.17282104   3.        
 7.85247803 13.15789795 -0.56924403  4.        
-9.21492004  7.08313799  1.69241297  3.        
 1.78992498 10.35627747 -0.85272199  4.        
-2.12374902  7.78642988 -0.61425799  3.        
 5.35324097 12.82568359  0.870148    4.        
-8.30145264  7.52130079  2.12765503  3.        
 0.767349    3.84649706 -0.97543299  2.        
-8.03741455  7.54281616  2.87817407  3.        
 6.75164795 12.8705368  -2.47463989  4.        
 8.55683136 13.08420563 -1.34472704  4.        
 5.89736891 12.91204834  0.177551    4.        
-9.25175476  6.72670698  2.45776391  3.        
 5.99771881 12.8323822  -1.94808996  4.        
-9.84098053  5.94253492  3.62686205  3.        
-9.35454559  6.49981689  3.25512695  3.        
-2.63537598  8.33045959  1.80319202  3.        
-11.22708893   5.12320709   2.26333594   3.        
-7.97808123  7.35410309  3.46728492  3.        
 2.12269592 10.20440674  1.12570202  4.        
 1.05249     9.35080719 -0.39624     4.        
 1.76554096 -4.08978987 -3.25527906  2.        
-6.3582921   8.58425903  0.91860998  3.        
 3.05198693 -9.48709106 -3.5839541   2.        
 3.03959703 -8.76074219 -3.17068505  2.        
 4.18651581 11.81419373 -3.44366503  4.        
-10.49788666   4.83239698   4.27770996   3.        
-8.25791931  7.12823486  4.04095507  3.        
 2.67697906 -4.83008194 -3.08172607  2.        
-0.16259     6.19552612  0.057098    2.        
-6.10964203  8.57460785  0.035522    3.        
-2.52860308  8.13241577  0.59664899  3.        
-2.89397407  8.33028412  1.06539905  3.        
-5.42182207  8.52880096  1.77148402  3.        
 1.34644306  1.65437305 -1.51248205  2.        
 1.18589795  2.06511688 -0.85629302  2.        
 0.79589099  9.04845428 -0.55407703  4.        
 5.61879683 12.85668182 -0.56463599  4.        
1.86297596 9.75065613 1.07580602 4.        
 4.552948   12.59274292 -1.08151305  4.        
 6.49057007 13.22740173  0.37249801  4.        
 4.02539778 12.18126678  0.27654999  4.        
 3.15789795 -9.18916321 -3.8122561   2.        
 2.25952101 11.17017365 -2.83343506  4.        
-1.35221899  6.69283295 -0.233215    3.        
-2.14479089  7.83056593  0.54998797  3.        
-4.21926117  8.45690918  2.47134399  3.        
-6.82224989  8.40735626 -0.169006    3.        
 5.37666321 12.77922058 -2.41439795  4.        
 2.05867004 -3.7762599  -3.13702393  2.        
 1.19470203  0.308945   -2.00790405  2.        
 1.590065   10.60093689 -1.73571801  4.        
 2.78548408 -5.68331909 -2.94479394  2.        
-10.34909821   6.40711212   1.45046997   3.        
 1.60697901 -3.03966904 -2.75457811  2.        
-11.09095764   4.8889308    2.82818604   3.        
 4.62233019 12.44154358 -3.134094    4.        
 4.28005219 12.49837494  0.29028299  4.        
-9.42565155  6.30085802  3.92828393  3.        
 2.81214905 10.97534943  1.47894299  4.        
 0.77664202  6.57259417 -0.626831    2.        
 2.44996595 -3.69722009 -2.5788269   2.        
 7.06484222 13.10605621 -0.69488502  4.        
 2.10825396 -9.65925217 -3.77270508  2.        
 0.81598699  3.55299401 -0.58963001  2.        
 9.27967834 13.05293274 -1.92941296  4.        
10.21871185 12.71581268 -1.00775099  4.        
 3.22518206 11.90692139 -2.08358788  4.        
 4.42137194 11.76202393  0.83480799  4.        
 0.51543403  3.26866102 -0.84265101  2.        
 1.89434004 -4.6986351  -3.03747606  2.        
 0.99341601  5.71466112 -0.362946    2.        
 2.69340491 -8.56431961 -3.034271    2.        
 0.61128199  6.09162092 -0.199036    2.        
  2.29251099 -11.52789307  -4.45718384   2.        
 1.81304896 -3.48850608 -2.55679297  2.        
-7.43489122  8.44226837  0.347229    3.        
 2.95813704 11.45296478  1.14138806  4.        
  3.29153395 -12.61961365  -4.03689623   2.        
-4.87999991e-04  4.56044006e+00 -1.33301005e-01  2.00000000e+00
 7.41347504 12.92942047  0.357025    4.        
 1.76531196 -1.47765696 -1.81243896  2.        
 2.37954712 -2.61080194 -2.07101393  2.        
  3.06953406 -10.40358353  -3.9916079    2.        
11.65110779 11.69393921 -2.79263306  4.        
  2.49861097 -10.98043442  -3.86856103   2.        
 5.06008911 12.14084625 -3.5501101   4.        
  2.97394609 -12.00704193  -3.48123193   2.        
 5.13120317 12.83896637 -0.90072602  4.        
 1.07344794  2.46620893 -0.890625    2.        
-3.47806597  8.31162262 -1.24304199  3.        
-2.92887092  8.25157166 -0.77755702  3.        
-4.38090515  8.35671234  1.19024706  3.        
 2.309021   -8.23713684 -3.26220703  2.        
 8.41291809 12.72895145 -3.05450392  4.        
 9.21141815 12.68090057 -3.16992211  4.        
 2.4264369  11.03384399  0.052399    4.        
 9.8787384  12.86606598 -2.80490088  4.        
 1.60075402 -2.76859307 -2.37384009  2.        
1.37442005 9.7990799  0.174255   4.        
 0.35324901  7.32527924 -0.60342401  4.        
 2.41487098 10.48026276  1.09597802  4.        
 4.8983922  12.78288269 -0.32962     4.        
-8.80418396  7.56459808  0.15802     3.        
 0.66387898  1.40715003 -1.552338    2.        
 2.40334296 -8.11701584 -3.87548804  2.        
 2.07569098 -5.00116014 -2.85592604  2.        
 4.88991499 12.42059326  0.82714802  4.        
 1.31219494  1.26029205 -1.897156    2.        
-4.75803423  8.4783783   0.818573    3.        
10.66190338 12.41603947 -0.72345001  4.        
-3.90505195  8.54871368  0.71792603  3.        
 1.94447303 -1.83669996 -1.92495704  2.        
 4.16503096 12.42991638 -1.42333996  4.        
 2.99764204 11.72989655  0.08194     4.        
  2.43189192 -10.37573624  -3.49243212   2.        
 2.69503808 -9.73212147 -4.19204712  2.        
 9.61911774 13.14723206 -0.87713599  4.        
-5.57629395  8.48890686  1.44000196  3.        
 5.97408295 12.63146973 -3.55831909  4.        
-2.26714301  8.13990021  1.42633104  3.        
 1.53587306  0.621925   -2.04730201  2.        
 1.42339301  9.6931839  -0.42636099  4.        
 0.85623199  5.17564392 -0.63491797  2.        
 7.4983139  12.79381561 -2.99325609  4.        
 2.11739302 -9.27904892 -3.81423903  2.        
-10.68373108   5.51237488   2.55209303   3.        
 2.46708703 -5.4313159  -3.71511793  2.        
 5.16718292 12.30194092  1.03210402  4.        
11.01242828 12.23261261 -2.54110694  4.        
10.89215088 12.3531189  -1.93460095  4.        
 2.74696398 -6.50902605 -3.13864112  2.        
-10.25448608   5.8710022    2.78830004   3.        
 1.95881605 -7.04533386 -3.58627295  2.        
-3.34322405  8.51252747  1.63629198  3.        
1.46467602 9.45640564 0.247131   4.        
 9.54024506 12.86431122 -0.23129299  4.        
 9.90607452 12.71313477 -0.38629201  4.        
 4.63597107 12.38652802  1.19412196  4.        
 4.10025787 11.44515991  1.05151403  4.        
 1.11765301  9.95046234 -2.29821801  4.        
 1.54004705  1.88988495 -0.71490502  2.        
 2.66352105 -9.02663803 -4.37600708  2.        
10.45608521 12.62094116 -1.26135302  4.        
 0.58889002  2.98249006 -0.59201002  2.        
-9.60230255  7.09638214  0.32452399  3.        
  2.87223101 -10.93932343  -3.42681909   2.        
 2.61611199 -5.4207921  -3.31417894  2.        
-10.81983852   4.58604383   3.97332811   3.        
 9.98931122 13.06182861 -1.13873303  4.        
 2.59805298 11.23395538 -3.381073    4.        
-3.68578291  8.32772827  0.54104602  3.        
 6.11423492 12.97801971 -0.39242601  4.        
 8.30548859 13.1338501  -1.04061902  4.        
-2.61851501  8.10886383  1.11907995  3.        
-3.6265409   8.67050171  2.81906104  3.        
 2.09138489 -2.30107903 -2.67120409  2.        
 0.63520801  5.33096313 -0.065125    2.        
 0.96058702  1.38137805 -1.28350794  2.        
 2.60797906 11.17641354 -0.57019001  4.        
 3.78539991 11.79923153  0.87310803  4.        
 8.94524384 13.02796173 -1.27551305  4.        
-2.94111609  8.57505798  2.08331299  3.        
 3.10338593 11.64009857 -3.22961402  4.        
1.09940302 8.28909302 0.445099   4.        
  3.11428094 -11.5776062   -4.18722486   2.        
 8.14323425 13.17761993 -1.93273902  4.        
 1.107651   10.03525543 -1.75619495  4.        
 2.44277191 -7.17635679 -4.09881592  2.        
-0.80682403  6.46640015 -0.13848899  3.        
 6.87000322 12.84487247  0.55548102  4.        
 8.18439484 13.39263916 -0.48300201  4.        
-9.67009735  6.3672328   3.04480004  3.        
  2.98002601 -12.40164948  -3.44476295   2.        
 2.85156989 -8.42520142 -3.91970801  2.        
 5.14823914 12.628685   -1.92266798  4.        
 1.49190497  2.96797204 -1.05483997  2.        
 5.31131697 12.76422882  0.32574499  4.        
 7.22982788 12.63435364 -3.64859009  4.        
 1.93952894 -0.200012   -1.17788696  2.        
-5.84957123  8.32077789 -0.782471    3.        
-0.66835803  6.78292799  0.05014     3.        
-8.11738586  6.95043182  4.31539917  3.        
-11.31554413   5.22318983   1.93810999   3.        
 2.85260797 11.32618046 -0.96350098  4.        
 8.9203186  13.3085022  -0.73623699  4.        
 1.24114203  9.85947418 -1.06732202  4.        
 5.53411913 12.72769165 -1.46731603  4.        
 5.73274183 12.59250641  0.83172601  4.        
 1.97404504 -6.60694504 -2.98654199  2.        
 7.15672302 13.29090118  0.24426299  4.        
 2.92059302 -8.24081802 -3.46347094  2.        
 0.41793099  2.49976301 -1.37051404  2.        
 2.50509596 -3.28786111 -2.03091407  2.        
-11.54347229   4.60520887   2.32415795   3.        
-8.55008698  7.93348694  0.210327    3.        
 5.98355103 12.78396606 -3.15655494  4.        
  2.63465905 -12.24071884  -4.17627001   2.        
 0.77888501  6.41831207 -0.28259301  2.        
-1.00846899  7.31236982  0.54626501  3.        
 2.44135308 -5.43301821 -2.77127099  2.        
-0.58893597  6.4921422  -0.640625    2.        
 3.86769891 12.2868042  -1.64862096  4.        
 2.61940789 11.03220367  0.67822301  4.        
 0.93516499  9.64637756 -1.52142298  4.        
 4.43747997e-01  6.54318190e+00 -2.59399996e-03  2.00000000e+00
 0.83542597  9.51248932 -2.27511597  4.        
-9.17779541  7.35921478  0.59161401  3.        
-0.180473    5.14730787 -0.42031899  2.        
-4.23599195  8.6957016   0.303772    3.        
  2.58179498 -11.75963211  -4.24035597   2.        
-6.49476624  8.50932312  0.076691    3.        
 8.07672882 13.04904175  0.015533    4.        
 0.47664601  3.58784509 -0.713898    2.        
 1.74818397 10.69068146 -2.58303809  4.        
 2.67713189 -5.91537523 -3.73940992  2.        
 1.54866004 10.10028839  0.16104101  4.        
1.23540497 8.66156769 0.47128299 4.        
-2.75602698  8.24151611  2.58050489  3.        
 2.30053711 -4.9354291  -3.22433496  2.        
-5.16316986  8.56948853  0.29361001  3.        
  3.24570489 -11.06536102  -3.82098389   2.        
 0.32809401  5.75286102 -0.423309    2.        
 2.32893395 -6.32969713 -2.94628906  2.        
 2.18923903 -9.92226791 -4.04562378  2.        
 2.23554993 -4.136127   -2.4745481   2.        
 2.91769409 -6.33269501 -2.7462461   2.        
1.05590105 8.50185394 0.15725701 4.        
-4.68016815  8.41188145  2.13134789  3.        
 6.49810791 13.01833344  0.068481    4.        
-10.74423218   5.06960297   3.4650569    3.        
-1.80679297  7.04729509 -0.63656598  3.        
-10.40665436   5.55049086   3.23501611   3.        
-5.86447906  8.78679657  0.14712501  3.        
 9.97496796 12.77279663 -2.22537208  4.        
 9.65747833 12.85240936 -0.57608002  4.        
 0.28127301  6.33538103 -0.28189099  2.        
 2.51919603 -7.7937088  -3.82412696  2.        
 1.00923204  2.77277398 -0.75372303  2.        
-9.38542175  6.0713501   4.20874023  3.        
  2.93994093 -11.20506287  -4.64916992   2.        
 2.3517611  -6.48259687 -3.53906202  2.        
 8.73614502 13.12844753 -1.94482398  4.        
 9.2995224  12.79647064 -2.24658203  4.        
 6.35295916 12.77856445 -2.53390503  4.        
 7.85173798 13.32312775  0.076996    4.        
-4.94715881  8.40126038  2.44003296  3.        
  2.75425005 -13.38648987  -4.27932692   2.        
-1.33048999  7.38238478 -0.43814099  3.        
 0.55754101  2.95044708 -0.97973597  2.        
 1.79086304 10.69976044 -1.10534704  4.        
-0.99919099  6.80579376  0.50012201  3.        
 8.71214294 12.88542175  0.15625     4.        
 2.56886292 -6.98596621 -2.79193091  2.        
-11.77911377   3.96176195   2.69012499   3.        
 7.61942291 13.38487244 -0.32067901  4.        
-6.05130816  8.45874786  0.98867798  3.        
-3.76987505  8.42060089 -0.943726    3.        
-7.9047389   8.02654266  0.53775001  3.        
  2.66571808 -11.07819653  -4.34805298   2.        
 0.774445    4.94872284 -0.201508    2.        
 7.05526018 13.1096344  -0.297241    4.        
-8.54431915  7.76499891  0.52456701  3.        
-3.76993608  8.34825134  1.34668005  3.        
 2.38333893 -3.2498889  -2.655792    2.        
 0.54814899  5.32533979 -0.71160901  2.        
 2.41667199 -7.91213608 -3.06155396  2.        
-6.39653778  8.62184143 -0.551422    3.        
 2.57945204 -9.20715332 -3.26507592  2.        
-1.78941298  7.4862752  -0.28570601  3.        
11.29669189 12.44818115 -1.45211804  4.        
1.38731396 9.62857056 0.530945   4.        
-3.18224311  8.47414398 -0.202759    3.        
-4.35848188  8.29930878 -0.888794    3.        
10.81281281 12.45160675 -1.15588403  4.        
  2.95117211 -12.53694153  -4.29138184   2.        
11.35414124 12.03549957 -0.99154699  4.        
-5.55952501  8.780159   -0.47128299  3.        
 7.30091906 13.01033783 -2.53314209  4.        
 3.99686408 12.18732452 -2.22766089  4.        
 3.1698761  11.78304291  0.65158099  4.        
 0.58050501  7.76915693 -0.100739    4.        
0.767654   8.23803711 0.406158   4.        
-6.48109388  8.06752014  2.82751489  3.        
 1.26611304  9.1427002  -0.037506    4.        
-2.30165911  8.23468018  1.10357702  3.        
-11.29806519   4.8013382    1.77667201   3.        
-1.38631403  7.77229309  0.91165203  3.        
-1.86672997  7.86516619  2.12027001  3.        
 1.18518102  3.06611609 -0.85833699  2.        
 2.09378791 10.67891693  0.618958    4.        
-2.25511193  8.05549622 -0.075684    3.        
 0.21989401  4.73958588 -0.71502697  2.        
 6.55013323 12.6745224   0.72048998  4.        
-1.67955005  7.99576616  1.51940894  3.        
-4.32533312  8.71431732 -0.28698701  3.        
-0.220726    6.68000793  0.06958     2.        
 1.86996496 -6.31902695 -3.44326806  2.        
 1.96884894 -4.40386581 -2.76409888  2.        
 1.77708399 10.86313629 -2.93792701  4.        
 2.3014071  -3.86642098 -2.93054199  2.        
  3.20948792 -11.89929199  -4.38281202   2.        
 0.77236199  1.93107605 -1.23452795  2.        
-8.39910126  7.36492205  2.79290795  3.        
2.21625495 9.83187866 1.22415197 4.        
 1.52405596  1.52137005 -1.23104894  2.        
 9.90372467 12.07069397 -3.72671509  4.        
 1.737427   -1.02017999 -1.71090698  2.        
 4.89863586 12.128685    1.11438     4.        
 0.123413    4.2253418  -0.86080903  2.        
 1.67171502 -2.30773497 -2.1030879   2.        
 0.59457397  4.20509291 -0.93545502  2.        
 3.26090193 11.74459839 -1.41564906  4.        
 1.59232295  1.12308502 -1.72503698  2.        
 2.55925012 -3.57444    -2.29367089  2.        
-0.388046    6.21990204 -0.40386999  2.        
-6.8733139   7.70375776  4.07217407  3.        
 2.19064307 -2.00943398 -2.14950609  2.        
 2.71739197 11.59075928 -1.44180298  4.        
-7.69147491  7.98776197 -0.32260099  3.        
-5.19105482  8.42314053 -0.83789098  3.        
 4.4288559  12.27578735  0.71890301  4.        
 4.01382494 12.19561005 -3.02380395  4.        
 1.43473005 -0.68730199 -2.49520898  2.        
 3.06305695 -8.10921097 -3.16879296  2.        
-4.22094679  8.44784546 -0.50180101  3.        
-8.64881134  7.59436798  1.50231898  3.        
 3.17968798 11.65946198 -0.472626    4.        
 2.42917609 -5.95627594 -3.43881202  2.        
-9.01688385  7.60006714  1.01876795  3.        
 0.71057099  2.53076196 -1.05172706  2.        
 1.23020196 -0.13605499 -1.89083898  2.        
 2.56728411 -6.52862597 -3.8278501   2.        
2.53022790e+00 1.13647690e+01 9.64399986e-03 4.00000000e+00
-9.14805603  6.74807692  3.30636597  3.        
 4.89063311 12.59031677 -2.88800001  4.        
-7.41171312  8.26014709  0.077118    3.        
-0.88301802  7.06930494  0.18991099  3.        
-8.54794312  7.36231995  1.98449695  3.        
 1.54726398  2.18048096 -0.97985798  2.        
-0.58669299  5.89454603 -0.589203    2.        
 2.86721802 -9.21981812 -3.60708594  2.        
  2.6432569  -13.18883514  -3.85198998   2.        
-8.92671967  6.15151215  4.50695801  3.        
  3.04614997 -13.05722809  -4.55398607   2.        
 2.48311591 -6.16790819 -2.63980103  2.        
 4.20584106 12.29425812 -0.55374098  4.        
 6.50848389 12.62740326 -3.60055494  4.        
 3.56180596 11.92214966 -3.32800293  4.        
 2.00888801 -2.58535409 -2.13452101  2.        
 2.36063409 -4.22343111 -3.14883399  2.        
 0.84570301  7.9838028  -0.52276599  4.        
-11.76403046   3.68498993   2.97439599   3.        
 0.52474201  7.82294512 -0.683411    4.        
 3.08949995 -8.44399261 -3.21798706  2.        
  2.80335999 -10.32027435  -3.73666406   2.        
 6.72659302 13.10951233 -1.97836304  4.        
-0.306503    5.47817183 -0.037628    2.        
 3.71187592 11.94933319 -3.75225806  4.        
 2.18491411 -5.32636595 -3.24145508  2.        
 2.8280561  -7.67288208 -3.79760695  2.        
 2.04126692 10.97704315 -2.25515795  4.        
-7.41724396  8.18130493  0.56375098  3.        
 2.18780494 -4.90610504 -2.53240991  2.        
 2.14843798 -6.84865618 -3.41461205  2.        
  2.57953596 -12.62470245  -4.0629878    2.        
-0.91784698  6.46336412  0.24902301  3.        
 9.65139008 12.60009003 -2.6565249   4.        
 8.31615353 12.97586823 -2.65152001  4.        
 1.95308697 -0.33580801 -1.57916296  2.        
-4.92948103  8.52341461  0.54443401  3.        
 7.86234283 13.15890503 -0.96633899  4.        
 1.356094   10.19369507 -2.5072329   4.        
 2.42975593 -8.89011383 -3.5410161   2.        
-6.55055189  8.40631104 -0.341034    3.        
 3.88727593 12.12214661 -0.092773    4.        
 0.51360297  6.94987488 -0.87173498  4.        
 1.15081     1.75904095 -1.76620495  2.        
 1.52254498 10.43308258 -2.00103807  4.        
-1.15630305  7.56092787  0.98486298  3.        
-11.69176483   3.37054396   3.54870605   3.        
 1.98570204 -8.93107605 -3.91574097  2.        
-4.18698883  8.39973354  1.89105201  3.        
 9.00108337 12.55113983 -3.48907495  4.        
 2.66572595 11.44393921 -0.403687    4.        
11.01765442 12.05197906 -2.87234497  4.        
-9.60196686  7.2470088   0.73046899  3.        
 0.389366    8.82226562 -1.045807    4.        
 1.02333796  5.45018816 -0.54061902  2.        
 2.24758101 11.16345978 -2.43395996  4.        
1.68767595 8.92779541 1.15270996 4.        
 1.16403997  2.68709612 -1.13397205  2.        
-10.22227478   6.31395721   1.94638097   3.        
 1.63137805 -0.28307301 -1.46823096  2.        
 0.42601001  8.56695557 -1.60836804  4.        
6.69328308e+00 1.32635651e+01 7.93499965e-03 4.00000000e+00
-9.48051357  6.96014404  1.96505702  3.        
-8.36084843  7.74639893  1.49343896  3.        
-7.59867096  6.89397383  4.51821899  3.        
 0.59419298  9.33761597 -1.95758104  4.        
 5.2494812  12.60761261 -3.246979    4.        
0.201958 5.650177 0.037323 2.      
-11.07205963   4.62199402   3.35171509   3.        
 0.73409998  3.96844506 -0.47714201  2.        
-7.43965912  8.3966217  -0.296204    3.        
 3.20255995 11.63600922  1.23055995  4.        
 2.637604   -8.43929672 -4.26702881  2.        
 3.08891296 -7.7408371  -3.4755249   2.        
 5.45806122 12.8170929  -0.13867199  4.        
 4.65203094 12.32899475 -3.4563899   4.        
-1.40055096  7.61804199  1.59210205  3.        
 0.95943499  0.1073     -1.93826306  2.        
 2.71559095 10.43710327  1.41375697  4.        
  2.46129608 -11.44483566  -4.20141602   2.        
 8.95032501 12.99472809 -0.30197099  4.        
-0.830383    6.74688005 -0.29260299  3.        
 6.84152985 13.19501495 -1.32107496  4.        
 9.60147858 12.66382599 -2.96871996  4.        
 2.17966509 10.35784054  1.42318702  4.        
 4.85565901 12.61340332 -0.023468    4.        
 2.68492103 11.57591248 -2.46759009  4.        
 0.56384999  6.89254808 -0.27621499  2.        
 3.67308807 11.5589447   1.07318103  4.        
 1.10811603  0.64794201 -1.209198    2.        
 2.97402906 11.06339264  1.07934594  4.        
 1.06283605  0.88159198 -1.48617601  2.        
 3.25151801 11.91488647  0.118134    4.        
  2.36349511 -10.35561371  -3.91531396   2.        
 2.86966705 -8.95837784 -3.83435106  2.        
 1.79059601  0.28347799 -1.59191895  2.        
  3.00388288 -13.17649841  -4.25293016   2.        
 3.85143995 12.12599182 -2.59478807  4.        
-7.15493822  7.84999084  3.49411011  3.        
 2.21588898 -2.64002204 -2.51272607  2.        
-7.16301012  8.41880035  0.70904499  3.        
-4.84061384  8.57665157  2.740448    3.        
 1.43425703 -0.037613   -1.49020398  2.        
-4.30806017  8.0005188  -0.97515899  3.        
 7.01161194 13.32031345 -0.033844    4.        
 2.36365509 -4.51600313 -3.41830397  2.        
10.21109009 13.02151489 -0.918823    4.        
 9.09835815 12.94997406 -1.69342005  4.        
 2.0490799  -0.84536701 -1.66928101  2.        
 0.83311498  4.67343092 -0.34213299  2.        
 2.1416471  10.92677307  0.131531    4.        
11.94998932 11.3396759  -2.23828101  4.        
 9.94979858 12.97832489 -0.60968     4.        
 2.53537798 -3.75131202 -3.10488892  2.        
 1.04647803  6.29355621 -0.39559901  2.        
  3.40711188 -13.15339661  -4.19644213   2.        
-2.27097297  7.62999678 -0.84255999  3.        
-6.20147705  8.12220001  3.8339839   3.        
 2.88233209 -6.93360519 -3.15112305  2.        
-8.74367523  6.71202087  4.08886719  3.        
 6.78807783 13.24476624 -0.90676898  4.        
-10.18365479   4.92073822   4.43411303   3.        
 2.77639008 -3.91995192 -2.32461596  2.        
 0.76611298  7.17672682 -0.22732501  4.        
1.59642005 9.61959076 1.19940197 4.        
-3.13202691  8.25476837  1.48190296  3.        
-2.26429796  8.00022888 -0.40976     3.        
-1.87903595  7.99617815  0.78793299  3.        
 0.39492801  3.77955604 -1.15087903  2.        
-6.06735992  8.64016724 -0.57595801  3.        
-9.82824707  7.0647049   0.57693499  3.        
 5.64807081 12.91999817 -1.78982496  4.        
 2.80752611 -5.16445208 -3.246948    2.        
-11.85292816   4.02972412   2.24926805   3.        
 9.2009201  13.16410828 -0.17779499  4.        
 1.05222297  8.6808548  -0.120636    4.        
 2.85428596 -8.87877655 -3.50161695  2.        
 0.98224598  5.77391815 -0.027527    2.        
 0.25025901  3.35096693 -1.05865502  2.        
-2.93071008  8.42298126  2.76419091  3.        
  3.27108002 -12.30873871  -4.04742384   2.        
1.64046502 9.29092407 0.92678797 4.        
 0.48521399  8.17183685 -1.00540197  4.        
 4.01407623 12.13990784 -1.17196703  4.        
 1.74792504 -3.93140793 -2.84811401  2.        
-2.30513     8.34824371  1.71472204  3.        
 5.51515198 12.62103271 -2.909729    4.        
 0.48611501  7.99853516 -0.380402    4.        
 2.06885505 -6.19640017 -3.05221605  2.        
 0.97356403  9.04302979 -0.07074     4.        
-0.657951    5.90540314 -0.107819    2.        
 2.82575989 -9.09554672 -4.12026978  2.        
-3.2741549   8.41689301  2.54925489  3.        
-4.82436419  8.77272797 -0.38983199  3.        
-9.89451599  5.37458801  4.34240723  3.        
 3.01570106 -9.81439972 -4.03094482  2.        
 0.102226    7.70399523 -0.76074201  4.        
-3.3092041   8.39945984  1.94860804  3.        
 2.2888341  -2.28824997 -1.99435401  2.        
-1.66576397  7.68413496  0.016693    3.        
 5.53161621 12.97093201  0.256165    4.        
 1.886482   -2.86732101 -2.73748803  2.        
 8.06004333 12.48883057 -3.70578003  4.        
 9.77336884 12.99888611 -1.63241601  4.        
  3.50016809 -13.32841492  -3.71383691   2.        
 2.05901289 -3.56094003 -2.3288269   2.        
  2.99011993 -11.77873611  -3.80041504   2.        
 3.97532606 11.98574066  1.33557105  4.        
 1.16411602  2.04728699 -1.44079602  2.        
-3.26245904  8.46008301 -0.61141998  3.        
 1.95098102 -9.44662857 -4.15722704  2.        
 2.48487806 -6.83709288 -4.09359694  2.        
 6.91106415 13.22790527  0.42767301  4.        
10.61772156 12.439888   -2.07189894  4.        
11.021698   12.24711609 -0.87020898  4.        
-10.06027985   5.88643694   3.41323805   3.        
-9.02452087  7.37146807  0.065704    3.        
 1.12585402  1.14661396 -0.77203399  2.        
10.30038548 12.64543915 -1.60534704  4.        
 7.39916992 13.27497864 -1.28616297  4.        
 1.35217297 -0.511711   -2.01971412  2.        
 1.59376502 -1.99200106 -2.07934594  2.        
 2.2062149  -7.41593504 -3.3904109   2.        
 5.42354584 12.7886734  -0.79132098  4.        
 8.73659515 12.71076965 -2.95645094  4.        
 3.45894599 12.01560974 -2.73306298  4.        
-0.19004799  4.89950609 -0.165894    2.        
-7.60437012  7.86750793  2.03537011  3.        
 8.67205048 12.28809357 -3.95947289  4.        
-9.94602203  5.78519392  3.922333    3.        
-1.59439099  7.5579381   0.61019897  3.        
 3.14644599 -9.37036514 -3.31680298  2.        
 9.20372772 12.15872192 -3.90832496  4.        
 1.38252294  3.10877991 -0.52011102  2.        
 2.38094306 -7.09246397 -3.10021996  2.        
-10.46661377   6.30143023   1.74700904   3.        
 0.60762799  8.55246735 -0.87417603  4.        
 2.32925391 11.26234436 -1.20956397  4.        
11.59632874 11.95914459 -1.56637597  4.        
 2.22586799 -6.7300148  -3.11422706  2.        
-6.48282623  8.60572815  0.63674903  3.        
-3.08826494  8.20267487  0.49563599  3.        
1.63456702 9.93479919 1.16055298 4.        
-8.82860565  7.13173723  2.14953589  3.        
10.34698486 12.60782623 -0.75299102  4.        
 2.68731689 10.76673126  1.12673998  4.        
 2.02800798 -5.75098419 -3.18215895  2.        
1.14759099 8.60479736 0.921875   4.        
-4.28909302  8.65533543  2.69189405  3.        
 1.24025702  8.27289581 -0.150787    4.        
 1.35401106 -0.628555   -1.50097704  2.        
 5.45198107 12.53871918  0.72698998  4.        
 1.82433295 -2.23911691 -2.87768602  2.        
 4.83744001 12.53906345  0.55203199  4.        
 1.88490295 -2.88589501 -2.18353295  2.        
 7.39253998 13.09799957 -0.084869    4.        
-2.83203101  8.13484192 -0.333527    3.        
-0.52268201  6.19567108 -0.120728    2.        
-7.57281494  7.5489502   3.95086694  3.        
-0.013115    5.20509291 -0.037689    2.        
-4.14572906  8.32833099  1.00051904  3.        
 1.46936798 -1.88016498 -2.49096704  2.        
-0.39985701  6.33360291  0.186279    2.        
 1.07475996  9.16083527 -0.63171399  4.        
 1.15980506  4.04541779 -0.447357    2.        
 2.74186707 -4.72979403 -2.6933589   2.        
 2.87519097 -7.30335188 -3.84561205  2.        
-5.72206116  8.61378479 -0.08313     3.        
 2.77898407 -6.07448196 -3.428406    2.        
 4.34983778 12.54945374 -0.24826001  4.        
 6.95478821 12.751091   -3.03051805  4.        
 2.20967889 11.17767334 -1.661255    4.        
 1.35838306  9.97446442 -0.61615002  4.        
 4.83457184 12.69475555 -1.125916    4.        
 2.48657203 -4.79481077 -3.41741896  2.        
 0.91306299  4.73395491 -0.70629901  2.        
 3.46795702 11.78443909  0.70352203  4.        
-5.78759003  8.40597534  1.23999     3.        
 2.29765296 10.82038116 -0.831451    4.        
 4.51226807e+00  1.26286850e+01 -5.76800015e-03  4.00000000e+00
 0.85282099  6.8972168  -0.42569     2.        
-6.15500593  8.19483185  1.92974901  3.        
 6.38710785 12.94376373  0.360046    4.        
 1.78749096 -2.29444098 -2.56884789  2.        
 4.40710402 12.32598114 -2.57012892  4.        
 4.42362213 12.39382935 -2.90463305  4.        
 1.81311798 -0.087387   -1.77850294  2.        
 5.10962677 12.56064606 -2.5722661   4.        
-6.94755507  7.87508392  3.03973389  3.        
 1.86151099 10.32628632  0.94085699  4.        
-5.72244978  8.58934784  0.35418701  3.        
-4.79608917  8.42382812  1.78710902  3.        
-7.52650404  7.78589582  2.94110107  3.        
-5.68245697  8.26943207  2.70105004  3.        
-10.88624573   5.10944414   2.81033301   3.        
 5.64790297 13.00298309 -0.84814501  4.        
-4.00972795  8.37687683  1.53088403  3.        
-9.69374847  5.75709486  4.23776197  3.        
 9.64575195 12.31629181 -3.60824609  4.        
 7.92056322 13.08470154 -1.49981701  4.        
 1.88610101 -5.35481596 -3.21707106  2.        
 2.77989197 -6.65407896 -3.5904541   2.        
 5.28325701 12.71129608 -1.15780604  4.        
-10.08984375   6.08303785   2.55450392   3.        
  2.65136003 -10.74679565  -4.30246019   2.        
 6.33149004 12.96015167  0.719208    4.        
 0.40532699  8.33330536 -0.60317999  4.        
 1.40779102 10.33873653 -1.29809594  4.        
-7.6332469   7.68295288  2.36138892  3.        
 5.88288116 12.86296082 -1.27041602  4.        
 1.23986804  3.49969506 -0.352631    2.        
-0.055222    8.14235687 -1.23114002  4.        
 2.66174293 -9.45216656 -4.67996216  2.        
-4.49095917  8.72960663 -0.026855    3.        
-4.70626783  8.51418304  0.34362799  3.        
-11.05134583   4.23931122   3.90130591   3.        
 2.19294691 -9.94249344 -3.44720507  2.        
-11.31305695   4.91160583   2.46029711   3.        
  2.74273705 -10.17620087  -4.24703979   2.        
 7.33329821 13.01908112 -1.79156494  4.        
 8.68521881 13.09220123 -0.574615    4.        
-3.50717902  8.52222443  0.34005699  3.        
 0.49765     9.06312561 -1.18810999  4.        
 2.34063005 -4.99942398 -3.69644189  2.        
-7.87815094  7.86055803  1.36563098  3.        
-3.2425921   8.29985809  3.07702589  3.        
 5.57584381 12.38405609 -3.82708693  4.        
 5.75196791 12.70309353 -2.42785597  4.        
-4.19529009  8.62523556  0.70834398  3.        
-7.28671312  7.99411011  1.99151599  3.        
 3.92109704 12.06355953  0.563416    4.        
 9.02664948 13.54841614 -1.75671399  4.        
 1.34729803 -1.04988098 -2.01876807  2.        
-6.80208588  7.81784821  3.80511498  3.        
 2.22158003 -4.24858522 -3.412292    2.        
-1.72923994  8.0239563   1.09158301  3.        
 7.72206116 13.06502533 -2.36761498  4.        
 0.86624098  7.72341204 -0.02713     4.        
-3.18635607  8.23194885 -1.22857702  3.        
-0.40517399  5.61724091 -0.323975    2.        
 2.88080597 11.22122192  1.31488001  4.        
 4.53118086 12.43714905  0.43936199  4.        
 1.47425103  0.232338   -2.19183302  2.        
 0.66474903  6.29563904 -0.60540801  2.        
  2.65289307 -12.72796154  -3.76596093   2.        
 1.47161901 -2.43186903 -2.54873705  2.        
 1.57196796 -0.98806399 -2.33663893  2.        
-7.01204681  8.07294464  2.61144996  3.        
-6.77110291  8.38993835  0.43722501  3.        
-3.15815711  8.1815033   0.91204798  3.        
 1.00128198  0.22408301 -1.34793103  2.        
 4.85069323 12.71921539 -1.52221704  4.        
  3.29206896 -11.95937347  -3.77255297   2.        
-6.95110321  8.62217712  0.037506    3.        
  3.14833093 -10.38977146  -3.70498705   2.        
 8.53041077 13.3615799  -0.59054601  4.        
-6.10813093  7.79085493  4.32119799  3.        
0.83846998 8.70236206 0.084778   4.        
 2.24550605 -1.41011095 -1.53726196  2.        
1.36647797 9.43753815 0.89758301 4.        
  2.7046659  -11.72078705  -3.70574999   2.        
 0.93215197  8.78731537 -0.58975202  4.        
 1.88594103 -0.834171   -2.04885888  2.        
-9.46363068  5.76953077  4.48245192  3.        
 0.41355899  5.08652496 -0.062347    2.        
-4.99760389  8.6830368   3.36132789  3.        
-1.05130005  6.95146179 -0.40109301  3.        
 0.99482697  1.30428302 -0.98577899  2.        
0.57807201 7.3131032  0.01767    2.        
-5.04798079  8.46292114  0.97039801  3.        
 1.14284503  0.75493598 -1.94787598  2.        
 0.128342    4.99447584 -0.54986602  2.        
 7.06203508 12.94811153  0.354736    4.        
  2.54745507 -10.73173141  -3.57049608   2.        
-11.11125946   4.72309923   3.07669091   3.        
 1.64414203 -1.56625795 -2.67083693  2.        
 2.84155297 11.29758453  0.487091    4.        
-8.67506409  7.10839081  2.51547194  3.        
 8.2755127  13.25003815  0.179291    4.        
-5.42927599  8.77423859  0.40640301  3.        
 3.15414405 11.71977997  0.939331    4.        
 3.18219805 11.48535156 -3.51217604  4.        
 1.57445502 -1.77335703 -1.73532104  2.        
 0.048561    4.48263502 -0.43154901  2.        
-10.7713089    5.99227095   1.31866503   3.        
-6.39879608  7.88631392  4.15423584  3.        
 4.27472687 12.05213928 -3.71795702  4.        
 3.07382202 11.58607483 -0.185699    4.        
 7.68003893 13.36575317 -0.68624902  4.        
 6.33422899 12.95465946 -1.35293603  4.        
-11.07833099   4.91709089   1.95217896   3.        
 2.296875   10.75704956  1.03024304  4.        
-2.84155297  8.21224976  1.46444702  3.        
 1.69968402  0.93190002 -1.27456701  2.        
 3.87941694 11.55892944  1.28250098  4.        
 2.17081499 10.98339081 -0.162628    4.        
 4.82845306 12.25488281 -3.68969703  4.        
 0.73886102  7.43257904 -0.532471    4.        
 0.38108799  9.09882259 -1.97854602  4.        
 2.06574202 -7.76834917 -3.73709106  2.        
 6.99224091 12.98672485 -1.99530005  4.        
-1.30831206  7.08113098 -0.009277    3.        
0.73577899 7.82254791 0.24569701 4.        
 2.48055291 11.21344757 -3.02081299  4.        
-10.66783905   5.87319183   1.98626697   3.        
 2.57149506 11.31072998 -0.83474702  4.        
 9.94390106 12.80994415 -1.28094494  4.        
  3.35424805 -13.39701843  -4.04302979   2.        
-8.96140957  7.50918579  0.71954298  3.        
-5.11381483  8.58525085 -0.421875    3.        
10.219841   12.50195312 -2.83126807  4.        
 3.46818495 12.08779907 -1.59252906  4.        
 3.36096907 11.53812408  1.46026599  4.        
 9.18437958 12.9719162  -0.48196399  4.        
 3.32669806 11.90327454 -0.87567103  4.        
 0.96792603  8.2648468  -0.017792    4.        
 1.93192995 -4.06575012 -2.62322998  2.        
 8.61746979 12.90847015 -2.26834106  4.        
 3.11373901 -9.74301529 -3.7654109   2.        
  2.77495503 -10.79339981  -3.76345801   2.        
1.11513495e+00 7.55659485e+00 5.43199992e-03 4.00000000e+00
 2.47304511 -2.893677   -2.17224097  2.        
-4.88608599  8.14888763 -1.08413696  3.        
-5.15723419  8.3542099   3.27560401  3.        
 1.37100995  2.50453901 -0.71890301  2.        
 2.07548499 -0.83923    -1.33514404  2.        
  2.49983191 -10.34698486  -4.29180908   2.        
-5.99191999  8.40410614  1.77587903  3.        
-0.18306699  5.95357513 -0.164673    2.        
10.55101013 12.58989716 -2.34738207  4.        
 4.29598188 12.0140152   0.907013    4.        
-3.84497094  8.63392639 -0.089081    3.        
-1.85728502  7.69228411 -0.51040602  3.        
 7.50500488 12.59854126 -3.77691698  4.        
 2.04589105 -3.20240402 -3.17300391  2.        
 2.58393908 -5.87127686 -2.85461402  2.        
 8.97840881 12.71792603 -2.7966001   4.        
 1.29620397  0.49028799 -1.80581701  2.        
-11.0455246    5.25128889   1.47030604   3.        
 2.47406793 11.24951172 -1.94934106  4.        
 1.29419005 -0.41236901 -1.75384498  2.        
  2.86459303 -13.16685104  -3.46127295   2.        
 0.461914   4.4753108 -0.223267   2.       
 3.95099592 12.23384094  0.81234699  4.        
 7.21523285 13.32525635 -0.58062702  4.        
-4.38286591  8.6306076   1.56784105  3.        
 2.0585711  10.76831818 -1.18844604  4.        
 0.97109199  3.642349   -0.98403901  2.        
-10.19542694   6.59957886   0.94360399   3.        
 0.43984199  5.58422899 -0.64565998  2.        
-5.57082415  8.15312958  3.76059008  3.        
-0.99612403  7.37119293  0.83563203  3.        
10.24879456 12.60404968 -1.90951502  4.        
 5.72479296 12.9617691   0.71402001  4.        
1.82651496 9.45652008 1.14233398 4.        
-2.93749189  7.66350603 -0.96188402  3.        
-3.79091597  8.34233856  3.334198    3.        
 8.25340271 13.06169891 -0.21106     4.        
  2.28786492 -10.7834549   -4.07125807   2.        
-4.61685181  8.59744263  1.34964001  3.        
-11.05529785   5.93316603   0.98773199   3.        
-10.2323761    6.66761017   1.41629004   3.        
1.68549299 9.57870483 0.76885998 4.        
-5.45349121  8.52310944 -0.68515003  3.        
-1.37426805  7.420578    0.089355    3.        
-6.6217351   8.04631805  3.63818407  3.        
 0.65914202  2.30848694 -1.31396496  2.        
 2.59115601 -8.00115204 -3.32394409  2.        
-6.77861786  8.06266785  1.83361804  3.        
-1.32045805  7.46578217  0.39114401  3.        
-7.90048218  7.55268908  2.40261793  3.        
-6.29675293  8.29672241  2.64502001  3.        
10.58131409 12.7975769  -1.54678297  4.        
-2.52092695  7.74911499 -0.96130401  3.        
-1.31794     7.68746185  1.20687902  3.        
0.99504101 8.68048859 0.68423498 4.        
 7.67253923 12.98558807  0.25042701  4.        
-9.89954376  6.99417877  1.20101905  3.        
-0.091995    6.35636091 -0.168152    2.        
-4.82154799e+00  8.53874207e+00 -3.09999996e-05  3.00000000e+00
 4.92801714 12.79769897  0.29864499  4.        
 6.76270294 12.44377899 -4.0410161   4.        
 1.81797802 -3.23636603 -2.87368798  2.        
-6.0568471   8.18238068  2.96002197  3.        
-9.71608734  6.97554016  0.84265101  3.        
-1.05625904  6.57785797 -0.25659201  3.        
  3.10678911 -11.31935501  -4.44924879   2.        
-4.924438    8.63816071 -0.84396398  3.        
 2.57739305 -7.82939911 -4.23394823  2.        
-0.032135    5.81114197  0.041077    2.        
-7.45596313  8.13277435 -0.19229101  3.        
 4.44055891 12.37078857 -1.91848695  4.        
-3.82565308  8.38374329 -0.58203101  3.        
 1.94457996 10.40699768  0.107086    4.        
 4.33089495 12.30356598 -1.63119495  4.        
-5.21178389  8.54238129  0.571899    3.        
 8.51551819 12.95583344 -1.99026501  4.        
-8.71187592  7.00519609  3.04647803  3.        
-8.46704865  6.9524231   3.92462206  3.        
 4.77858686 12.48252106 -1.32299805  4.        
 1.36070204  1.12897503 -1.13223302  2.        
  3.12428308 -10.90736771  -4.02264404   2.        
 8.86951447 13.29109955 -1.03665197  4.        
 5.22426605 12.83955383 -1.44897497  4.        
-2.26304603  8.10150909  2.41012597  3.        
 4.81704712 12.71393585  0.77407801  4.        
-4.48014116  8.43829441  2.34597802  3.        
  2.967659   -13.34819031  -4.47491503   2.        
 2.76614404 -7.64382887 -3.38650489  2.        
 4.67652082 12.034729   -3.533813    4.        
 1.29128301  3.27925897 -1.25845301  2.        
-8.12657166  7.33091021  3.79739404  3.        
 4.75230408 12.44774628 -2.37262011  4.        
-5.33585405  8.80354309  0.026672    3.        
10.88615417 12.64202118 -1.75411999  4.        
-3.63162208  8.36328125  3.0505681   3.        
 9.48487854 12.86371613 -1.62228405  4.        
 7.65155792 12.72694397 -3.4121089   4.        
 1.32610297 10.31364441 -1.814484    4.        
 9.57418823 12.91703033 -1.11260998  4.        
 0.705513    5.85016584 -0.67627001  2.        
 0.145996    8.3288269  -1.09362805  4.        
 1.01032305  9.71851444 -2.41552711  4.        
 0.41223899  7.655159   -0.402008    4.        
 3.97911811 12.36350346  0.067657    4.        
 3.24790192 11.20732117  1.10052502  4.        
-8.11764526  7.66739607  1.97384596  3.        
-7.80342102  8.05433559 -0.008545    3.        
 1.12593806  2.52186608 -1.48931897  2.        
 2.21214294 -6.51207304 -2.76815796  2.        
-3.11020708  8.03300476 -0.91845697  3.        
-6.25008392  8.54927826 -0.28054801  3.        
 7.34873199 13.20547485  0.458588    4.        
  2.82830811 -11.71104431  -4.36437988   2.        
-3.43968201  8.23394775  0.955841    3.        
 0.75528002  2.33735704 -0.621979    2.        
 6.61002302 12.67806244 -3.23233008  4.        
 2.56490302 -6.18167114 -2.91809106  2.        
 1.99589503 -8.82497787 -3.63781691  2.        
-9.47120667  7.10734606  1.215729    3.        
 2.59348297 -4.33940887 -3.02856398  2.        
-4.55768585  8.1729126   3.67651391  3.        
10.05814362 12.96025085 -1.55786097  4.        
-3.34275794  8.50562286  0.069427    3.        
 2.548141   -9.47241592 -3.60919189  2.        
 0.98422199  1.94640303 -1.02301002  2.        
 3.37496996 11.98826599 -0.48413101  4.        
 5.15080309 12.51657867  0.810516    4.        
-5.50405121  8.29000092  3.17382789  3.        
-4.06548309  8.44248962  3.24343896  3.        
 2.17213392 -6.28580523 -3.459198    2.        
 0.231636    5.50295305 -0.34887701  2.        
 2.84642005 11.58261108  0.38726801  4.        
 2.16598511 -5.7142911  -2.82745409  2.        
-6.96279097  8.25670624  1.46649206  3.        
 2.70679498 -7.18993378 -3.64978004  2.        
 1.52172101  0.914612   -1.95477295  2.        
-3.11060309e+00  8.29281616e+00 -5.06599993e-03  3.00000000e+00
-5.89089203  8.01296997  3.90832496  3.        
-9.09315491  7.31912994  1.61205995  3.        
 9.91616821 12.6847229  -1.96896398  4.        
-4.4884491   8.47003174  3.20376611  3.        
-6.62970018  7.50922394  4.40493822  3.        
 1.66323102 10.34983063 -0.60250902  4.        
-7.35292816  7.70060682  3.80432105  3.        
 0.39006799  6.84162092 -0.031891    2.        
 9.98451996 12.39499664 -3.38299608  4.        
-3.912498    8.39302063  1.85543799  3.        
-3.50156403  8.43835545  2.73495507  3.        
 3.10906196 11.78001404 -1.05819702  4.        
 8.6333847  13.02251434 -0.209961    4.        
-0.47105399  6.07115221  0.135864    2.        
-1.98468006  7.55477095 -0.74749798  3.        
 2.80451202 -5.07123184 -2.58895898  2.        
-4.54598188  8.60316467  0.94442701  3.        
 0.78558302  9.55984497 -1.881531    4.        
  3.43804193 -12.62929153  -3.7940979    2.        
-7.54555511  8.19361115  1.07916296  3.        
 0.98649597  4.73666382 -1.04724097  2.        
 6.27265882 12.99389553 -0.81671101  4.        
 2.29608893 -7.16134977 -3.63626099  2.        
  3.29069495 -11.41133499  -3.71878004   2.        
 2.08750892 -4.10022402 -3.19824195  2.        
 2.0544591  10.82278442 -0.35372901  4.        
-1.84347498  8.02816772  1.79470801  3.        
 1.85690296 10.00857544  0.95318598  4.        
10.8075943  12.12150574 -3.08483911  4.        
-4.7977519   8.38952637  1.42016602  3.        
 5.9336009  13.11012268 -0.227295    4.        
 4.89765882 12.552948   -2.00790405  4.        
 3.35591888 11.85894775 -3.15673804  4.        
 2.10972595 -4.46907806 -3.11340308  2.        
 3.14538598 -9.99002838 -3.5154109   2.        
 1.61849999  1.61894202 -0.99200398  2.        
 6.24104309 12.98397827 -2.16003394  4.        
-6.18881989  8.54155731  1.211761    3.        
-11.74401855   4.39034319   1.99856603   3.        
 6.7567749  13.04308319 -2.26086402  4.        
 2.31317091 -3.02509689 -2.43341088  2.        
-1.65369403  7.24588013 -0.436279    3.        
1.26746404 8.87336731 0.93502802 4.        
-9.81994629  6.45709181  2.27844191  3.        
 0.94584697  9.8138876  -1.741943    4.        
-8.12149143  8.12309265  0.67571998  3.        
 1.17613995  1.67482805 -0.99093598  2.        
-9.66607666  5.39829302  4.64895582  3.        
1.10012102e+00 7.26429701e+00 4.18099994e-03 2.00000000e+00
 0.594154    2.83518195 -1.39025903  2.        
 2.4329381  -6.57065201 -3.03109694  2.        
 1.54920197 10.38281345 -2.66787696  4.        
 8.48973846 13.33352661 -1.07574499  4.        
-7.18519592  7.63480377  4.10653687  3.        
 1.89150202 -1.21752906 -2.206177    2.        
  2.80553389 -10.35332489  -4.52032518   2.        
1.376495   9.03308105 0.45605499 4.        
 2.17111206 10.97255707 -1.48468006  4.        
 0.62474799  1.842278   -1.44671595  2.        
 6.17449188 12.51221466 -3.73895311  4.        
 2.73094893 -7.28579283 -3.17654395  2.        
 5.25141096 12.62393188 -2.20452905  4.        
 2.63740492 11.47045135 -2.74462891  4.        
 2.41375709 -5.9202919  -3.81069994  2.        
-8.39498138  7.41121721  2.39932203  3.        
 0.43951401  3.63854194 -0.38006601  2.        
 2.34056807 -7.59191084 -3.78289795  2.        
-3.405792    8.03739929 -1.01263404  3.        
-5.32693481  8.73220062  0.72997999  3.        
11.88457489 11.70682526 -1.84396398  4.        
 1.788185   -4.27854204 -3.00729394  2.        
 4.46684313 12.41238403 -0.86944598  4.        
-7.67736006  7.87094116  1.59149206  3.        
 0.61960602  9.15525818 -0.96307403  4.        
-5.10709381  8.59593201  1.83947802  3.        
-10.62236786   6.03481293   1.72958398   3.        
 3.15173292 11.47940063  0.739685    4.        
-8.24502563  7.34178877  3.41775489  3.        
-2.55314589  8.37065887  2.45397902  3.        
 5.1286931  12.70788574  1.01934803  4.        
1.83259594 9.79198456 1.34265101 4.        
 9.38378143 12.93090057 -1.34497094  4.        
 2.84684706 -5.59990311 -2.66491699  2.        
-10.7796936    5.35739899   2.7845149    3.        
 5.33779907 12.90624237  0.612122    4.        
-10.28512573   6.05375719   2.32913208   3.        
-3.49728394  8.68048096  2.54074097  3.        
 6.09140778 12.84501553  0.477539    4.        
 1.55750299  0.89134198 -1.58502197  2.        
-5.84346008  8.45148468  2.10061693  3.        
-8.93981934  6.71736908  3.90280104  3.        
 2.69638801 -4.62427902 -2.4447329   2.        
 0.849518    4.0694499  -0.84643602  2.        
 2.43485308 -9.71992111 -3.7537539   2.        
 2.5214541  11.44187927 -1.76550305  4.        
 5.85554504 13.04841614 -1.01495397  4.        
 1.67640698  1.25772095 -1.04397595  2.        
-10.99740601   5.59299517   1.84668005   3.        
 5.95866394 12.71268463  0.719666    4.        
 2.74898505 -6.76042604 -3.30950904  2.        
 4.00855303 12.36257172 -0.33850101  4.        
 0.68316698  4.73448896 -0.852997    2.        
-2.31115007  8.05149078  0.45913699  3.        
-10.14108276   6.61550903   0.615906     3.        
 6.68893385 12.98432159  0.297943    4.        
 1.60482001 -2.49297309 -2.28723097  2.        
  2.58302307 -13.09122753  -4.36898804   2.        
-5.74188995  8.27345276  1.61703503  3.        
11.26995754 12.31699371 -1.82101405  4.        
 7.88145494 12.98505402 -2.14733911  4.        
 1.45932806 -1.47015798 -1.90564001  2.        
-1.33995104  6.20794678  0.123291    3.        
-8.25086975  7.85156202  0.162231    3.        
 5.05338287 12.77842712 -1.68896496  4.        
-7.32729292  8.11084843  1.60995495  3.        
-7.09239197  8.2848587  -0.24173     3.        
-3.90286994  8.41036987  0.17144801  3.        
 6.62646484 13.03344727 -1.01126099  4.        
 2.81777906 11.60015106 -1.11459398  4.        
-11.98789215   3.53536201   2.50366211   3.        
-6.89355516  7.99462891  2.10327101  3.        
 2.27950311 10.98534393 -3.02725196  4.        
 7.04761505 12.87536621 -2.52679396  4.        
 2.04425001 -3.28882599 -2.25286889  2.        
 2.76676202 11.04029846  0.91043103  4.        
1.45859504e+00 9.60868073e+00 4.91299992e-03 4.00000000e+00
 0.44450399  5.58018494 -0.059052    2.        
 2.32794905 -8.60908127 -3.45437598  2.        
-5.94710493  8.67814636  0.854828    3.        
 7.93589783 12.85575104 -2.677917    4.        
 0.316917    8.01911926 -0.65145898  4.        
1.51708198 9.82337856 0.66146898 4.        
 7.7951808  13.20566559  0.42556801  4.        
 2.50856805 10.25469208  1.20611596  4.        
 0.91077399  1.70308697 -1.25875795  2.        
 1.13260698  1.06236994 -1.88070703  2.        
 8.78503418 12.40539646 -3.64050293  4.        
 2.93669105 11.73989105 -1.47811902  4.        
-4.01819611  8.59836578 -0.59045398  3.        
 2.05593109 -3.06943107 -2.78286695  2.        
-10.05892181   6.00063276   3.00817895   3.        
-0.98284101  6.04489899 -0.120972    3.        
-1.55352795  7.26158905 -0.116516    3.        
-3.85761309  8.58094788  1.44494605  3.        
-4.41235399  8.41123962  2.08898902  3.        
 0.97113001  9.56404114 -0.81832898  4.        
-6.56165314  8.26199341  2.20779395  3.        
-7.15203905  8.35184479  0.96731597  3.        
10.49506378 12.31861877 -3.0002749   4.        
-4.05951691  8.67293453 -0.250824    3.        
 8.07196808 12.74196625 -3.10113502  4.        
 2.15415192 -8.52336502 -3.84857202  2.        
 9.41780758 12.94410706 -0.69067401  4.        
 0.41573301  3.15131402 -1.11981201  2.        
-2.58964491  8.17035675 -0.499084    3.        
 5.44808197 12.69152832 -1.97787499  4.        
10.95882416 12.25531769 -2.20929003  4.        
  2.84974694 -10.01189423  -3.68044996   2.        
-5.13927507  8.77613068  0.46688801  3.        
-5.96910906  8.24018097  2.41915894  3.        
-10.34020233   5.01769304   4.13891602   3.        
-3.48447394  8.50163269  1.32180798  3.        
 2.04802704 -6.51720381 -3.50228906  2.        
 1.54397595 10.1452713  -0.30279499  4.        
-3.39343309  8.52948761 -0.35479701  3.        
-9.49588776  6.55057478  2.48818994  3.        
-6.62353516  7.74219513  4.15505981  3.        
 7.18737793 13.06246853  0.080444    4.        
 0.287689    6.04127502 -0.36071801  2.        
-3.92721605  8.51265717  0.98037702  3.        
11.53935242 11.98852539 -2.084656    4.        
 4.48745012 12.58206177 -1.60278296  4.        
-5.06000519  8.55549622  2.25546288  3.        
-4.74980879  8.42314911 -0.81234699  3.        
  2.85160804 -12.6872406   -3.49700904   2.        
10.75888824 12.68103027 -0.78656     4.        
 1.35832202  2.107162   -1.22094703  2.        
 6.45783186 12.7474823  -2.81301904  4.        
 6.61595201 13.05094147 -0.61459398  4.        
 4.00559998 12.16739655 -0.77609301  4.        
 4.46153307 11.92507172  1.09432995  4.        
-9.40055943  6.87998199  2.20501709  3.        
 4.1649251  12.41761017 -2.09011793  4.        
 5.86846209 12.93065643 -0.47970599  4.        
-7.5222702   7.86205292  2.54959106  3.        
-6.60251617  8.12202454  3.2528379   3.        
 0.87241399  5.48846388 -0.29663101  2.        
 1.97538805 -3.59621811 -2.90270996  2.        
 1.50438702 -0.825939   -1.63205004  2.        
  2.95574188 -11.02890778  -4.27593994   2.        
 1.17973304  4.2457118  -0.27545199  2.        
 8.1661377  13.21641541 -1.67190599  4.        
 1.02996099  1.08077204 -1.28744495  2.        
 2.28479791 -3.56066489 -2.17645311  2.        
 2.31424689 10.95584869 -1.11358595  4.        
 1.78982496 -0.389671   -2.04379296  2.        
-6.71171618  8.61495209 -0.321899    3.        
-4.02419281  8.64366913  0.45578     3.        
-10.86997986   5.45803118   2.32022095   3.        
-7.82220507  8.29331207  0.121063    3.        
 6.58554792 13.04161835 -0.205872    4.        
-9.62739563  6.33881378  3.30398607  3.        
-3.42307305  8.30197144  1.49810803  3.        
-6.00186205  8.24671173  3.51275611  3.        
  2.19885206 -11.71297073  -4.20983887   2.        
-9.90267181  6.72021484  1.52758801  3.        
-10.49326324   5.66060591   2.71264601   3.        
 2.05655694 -2.63224411 -2.88915992  2.        
-4.00746107  8.65673065  0.17788699  3.        
 2.87753296 -5.97423887 -2.8721621   2.        
 2.19425201 -5.50814104 -2.66552711  2.        
 4.86927795 12.76930237 -0.59124798  4.        
-1.536865    6.62980604 -0.056       3.        
 0.110764    4.51083422 -0.78726202  2.        
-5.17402697  8.81314087 -0.28866601  3.        
 3.62957811 11.94407654  1.17044103  4.        
 3.64782691 12.1434021  -0.69113201  4.        
 7.8608551  13.38759613 -0.21530201  4.        
-5.3146739   8.23569489 -0.98825097  3.        
-0.84221601  6.78698683  0.25503501  3.        
 2.60811591 11.30235291  0.63668799  4.        
-5.60037184  8.49834442  2.01101708  3.        
 2.24519396 -3.57978392 -2.85485792  2.        
 1.96856701 10.38080597  1.24572802  4.        
 2.13066912 -1.14205205 -1.76013196  2.        
-10.54482269   6.31772614   0.80087298   3.        
 7.57401323 13.23200989 -1.65414405  4.        
 1.74324799 -4.58596802 -2.47518897  2.        
 1.53571296 -1.50597799 -2.37304711  2.        
11.45214844 11.73765564 -2.54028296  4.        
 5.71780396 12.63208771 -3.07656908  4.        
  2.50051093 -12.17573929  -3.93850708   2.        
 3.42950392 11.90045166 -1.84948695  4.        
 0.51917303  8.91187286 -0.81271398  4.        
-5.74772596  8.33306885  3.49884009  3.        
 0.37749499  7.01635695 -0.65530401  4.        
 2.11513495 -4.73257113 -3.17523193  2.        
-3.22039795  8.21209717 -0.68569899  3.        
-4.28670502  8.38674164  1.56423998  3.        
 5.41126299 12.63111115 -2.62792993  4.        
 1.62909698 -2.08095503 -2.54467797  2.        
 1.80301702  0.45381901 -1.38613904  2.        
-1.86753798  7.8250351   0.184174    3.        
 3.0200119  11.77249908 -1.99133301  4.        
 3.02285004 11.78234863 -2.54187012  4.        
-8.84157562  7.75833893  0.74124098  3.        
 8.83253479 13.27224731 -1.295349    4.        
  2.9524231  -10.17890453  -4.05807495   2.        
 8.09403229 13.12225342 -0.47457901  4.        
-5.0845108   8.56318665  1.26226795  3.        
 6.35633087 13.18235016 -0.56445301  4.        
 5.59063005 12.82607269  0.98056     4.        
 0.78383601  4.95976305 -0.76556402  2.        
 7.39408112 12.83715057 -2.715698    4.        
-4.92692614  8.5563736   3.00360107  3.        
-6.97276306  8.15099335 -0.45117199  3.        
  2.51522112 -11.26544189  -3.94863892   2.        
-8.13768768  7.88316393  0.86145002  3.        
 3.97394609 12.33599091 -1.92916906  4.        
 7.62915802 13.01933289 -1.842834    4.        
-9.41660309  7.18285418  0.517609    3.        
-9.3328476   6.49052382  3.63528395  3.        
-11.6169281    4.65142107   2.00744605   3.        
-6.16394806  8.48501587  0.65304601  3.        
 1.32648504  9.43699646 -0.30129999  4.        
 0.37767801  2.76728106 -1.26095605  2.        
10.51945496 12.8854599  -1.12628198  4.        
 1.46305895 10.01382446 -0.90045202  4.        
-4.19581604  8.15805817  3.57672095  3.        
-8.48475647  7.03803205  3.53713989  3.        
 1.11257899  4.92681122 -0.162384    2.        
 8.97760773 13.04941559 -0.62341303  4.        
 1.79189301 10.81884003 -1.778229    4.        
 8.13671112 13.12325954 -2.1994319   4.        
 6.54314423 12.9232254  -1.91482496  4.        
-10.65411377   4.61476088   4.19958496   3.        
 5.95238495 12.79164886 -2.20165992  4.        
 3.50633192 11.04080963  1.17666602  4.        
 9.3763876 12.9677887 -0.949615   4.       
6.10279799e+00 1.29685516e+01 6.50000013e-03 4.00000000e+00
 4.20156908 12.42720795 -1.16525304  4.        
 1.21593499 10.11022186 -1.25869799  4.        
11.42575073 11.88417816 -2.87689209  4.        
 6.37834215 12.99087524 -1.09872401  4.        
-11.71821594   3.53717804   3.18399096   3.        
 1.02471197  2.91044593 -1.17468297  2.        
 2.94639611 11.61155701 -2.95809889  4.        
 7.37828779 13.05310822 -1.53726196  4.        
 7.50228882 13.13970947 -0.375763    4.        
-8.94207001  6.74958801  3.465729    3.        
 2.31686401 10.82666779  0.34814501  4.        
 6.00988817 12.71305084 -2.73516798  4.        
 8.31355953 13.1000061  -1.43609595  4.        
-9.07379913  6.77897596  2.69244409  3.        
 1.46793401  0.025566   -1.97991896  2.        
-5.29701185  8.25798035  3.60369897  3.        
0.718117   8.07454681 0.183136   4.        
 7.96508789 13.12388611 -1.24642897  4.        
 0.035332    8.54486084 -1.58209205  4.        
 0.84687799  8.89447021 -0.31466699  4.        
-2.50974989  8.21598816  1.59344494  3.        
 8.49517822 13.10856628 -0.80737299  4.        
 9.14310455 12.97502136 -1.438416    4.        
-5.34319305  8.48325443  2.88751197  3.        
  2.22781396 -11.04114532  -3.93927002   2.        
  2.751755   -11.26510239  -3.81722999   2.        
-7.34409285  7.62118483  3.49645996  3.        
 2.53819299 -6.16885805 -3.88790894  2.        
 2.48071289 -8.39521408 -3.14755297  2.        
-4.78383589  8.73941803  0.66870099  3.        
-8.97710419  6.96935987  2.29519606  3.        
-2.38520789  8.38619232  1.95904505  3.        
 2.94483995 -4.81570101 -3.13192797  2.        
 2.7094419  -5.92549086 -3.07559204  2.        
 2.65628004 11.18238068 -1.05456495  4.        
 1.46226501 10.44084167 -1.57586706  4.        
-7.8046422   7.64665985  2.97778296  3.        
 0.191719    8.60633087 -1.37439001  4.        
 1.81533003 -1.48716402 -2.34338403  2.        
-6.53474379  8.46483612  0.35964999  3.        
 7.15385389 12.72731018 -3.19573998  4.        
-2.6206131  8.2315979  0.066132   3.       
-1.280586    7.34507799 -0.168396    3.        
 2.81188202 11.58743286 -0.24398801  4.        
 1.79380798 10.75305176 -2.33108497  4.        
-9.858284    6.2773509   2.53305006  3.        
 4.24079084 12.31433868  0.099335    4.        
 8.65866756 13.03062439 -1.62338305  4.        
-11.5521698    3.58946204   3.547791     3.        
-5.5089798   8.82355499 -0.16577099  3.        
-11.86857605   3.29354906   2.97610497   3.        
-3.10426307  8.51785278  2.284271    3.        
-8.46433258  7.17430115  3.01406908  3.        
-7.19024706  8.54651642  0.193542    3.        
 2.07003808 -4.66925097 -2.75735497  2.        
-9.15756989  6.47008514  3.8787539   3.        
 4.73373413 12.46759033 -1.57784998  4.        
 4.06839705 12.02677155 -3.55108595  4.        
-10.17771912   5.45370483   3.905792     3.        
-11.01287079   4.57436419   3.70367408   3.        
 5.74882507 13.01039124  0.391357    4.        
 8.84571838 13.21486664 -0.103607    4.        
 1.51978302 -2.3669591  -2.83541894  2.        
-7.03720903  7.32409716  4.45715284  3.        
 0.80926502  2.12409997 -0.75799602  2.        
0.98064399 8.88131046 0.336548   4.        
-6.68235779  8.06645966  2.32626295  3.        
 5.53859711 12.49394226 -3.58459496  4.        
10.64624786 11.94169617 -3.37036109  4.        
 5.67344713 12.93764496 -1.52462804  4.        
10.16661072 12.62244415 -0.449402    4.        
 8.81555939 12.84970093 -2.43148804  4.        
1.12399304 9.08745575 0.453949   4.        
 8.05352783 13.15869904 -0.73471099  4.        
 1.07689703  9.53036499 -0.58523601  4.        
 0.85144001  9.6095047  -1.27770996  4.        
 1.15636396  2.29967499 -1.62182605  2.        
 1.39895594  1.40715802 -1.56500196  2.        
  2.5264051  -12.74055099  -4.28744507   2.        
-8.48655701  6.39401197  4.56820679  3.        
 2.82317305 -7.92688799 -3.98251295  2.        
 1.25349402  0.304741   -1.45443702  2.        
 2.5531919  -5.04598188 -3.14859009  2.        
 0.372688    3.99194288 -0.80053699  2.        
 2.16951704 -1.66086197 -2.009583    2.        
 8.13520813 12.35613346 -3.99087501  4.        
-8.15441132  8.0372467   0.009064    3.        
 1.19474006  5.54244184 -0.371948    2.        
-0.74710798  6.54580688 -0.444244    3.        
  3.401474   -12.91595078  -4.09741211   2.        
 1.93386805 10.96566772 -1.942505    4.        
-1.15025306  7.00577593  0.17892499  3.        
-5.54222918  8.56755066  1.197662    3.        
 0.275307    6.61799622 -0.181702    2.        
 2.21775794 -7.44524384 -3.09307909  2.        
 4.74001312 12.55552673  1.01565599  4.        
-3.17884803  8.65027618  2.50076294  3.        
 9.19953918 13.24680328 -0.68783599  4.        
0.61102301 4.87564802 0.064117   2.        
-4.38324022  8.55990601 -0.82501203  3.        
-4.68246508  8.44094753  3.59841895  3.        
