  2.23417711 -10.19213104   1.42697096   2.        
-17.36643982  12.3345871    3.04830909   3.        
16.66914368  9.11882019 -4.99395704  4.        
-0.204842    7.66691589  0.80178797  3.        
 9.52379608 10.31293488  2.15917993  4.        
-7.96095991 11.32711029  5.64971924  3.        
 1.26330602 -1.30674696 -0.42816201  2.        
 5.01592302  9.97303772 -2.97650099  4.        
-6.04987288 10.47805786 -0.67941302  3.        
-11.50537872  13.01261139   0.84652698   3.        
10.69261932  8.64089203 -4.34146118  4.        
-2.88135505 10.99494171  3.996521    3.        
4.54461718 8.95907593 2.556885   4.        
13.81220245  8.92214203 -0.42007399  4.        
-13.03600311  11.6710434    5.23315382   3.        
 1.70735896 -5.51953077  1.94561803  2.        
1.25177801 3.27016401 0.439697   2.        
 8.62863922 10.37612915 -1.65606701  4.        
  3.75926995 -13.52649689   2.31121802   2.        
-8.09810638 12.21161747  2.00366211  3.        
  0.92157    -13.19621658  -0.042938     2.        
-2.75630903  9.31807041 -0.993195    3.        
 2.78502703  8.9943161  -0.45062301  4.        
13.64604855 10.16400146 -3.55358911  4.        
-14.27641296  13.53283691   2.70761108   3.        
-10.42338562  12.72044373   3.93957496   3.        
 6.47969103 10.21093845  0.524414    4.        
16.2156601   8.61787415 -2.10733008  4.        
-5.34189606 11.23719025  2.37252808  3.        
11.52082062 10.48660278 -1.23489404  4.        
-15.41152954  10.51552582   4.22235107   3.        
-1.90524995  9.69385529  1.61758399  3.        
-5.22695208 11.48351288  5.06512403  3.        
 2.34767199 -3.48619103  0.44595301  2.        
-0.2342      5.26538897 -0.206177    2.        
-8.97003174 11.38617706 -0.265717    3.        
 8.16451263  9.47754669 -4.00894213  4.        
 1.24600995 -7.90181684  1.05157495  2.        
 0.41672501  1.05022395 -0.359283    2.        
11.68268585  9.73946381  1.15667701  4.        
14.3245697   8.85017395 -5.4411931   4.        
2.675102   7.84828901 1.64611804 4.        
17.4591217   6.97488403 -5.50988817  4.        
-10.36689758  11.24132538   5.64950609   3.        
-4.170609   10.39565277  0.64617902  3.        
 7.21031904 10.31770325  2.64053297  4.        
-17.35586548  10.34128571   2.2306211    3.        
-12.14962769  13.39939117   2.86853004   3.        
  1.80694604 -12.30992889   1.67495704   2.        
-6.83320618 11.94566345  3.78436303  3.        
10.37805939 10.26229095 -2.98031592  4.        
 4.71393585  9.70305634 -0.59121698  4.        
1.36665297 6.49079895 0.220367   2.        
 9.99536133 10.58470154  0.18878201  4.        
-15.37742615  12.5423584    4.08840895   3.        
 6.43403578 10.27093506 -1.59115601  4.        
 2.97722602 -8.4114151   1.83590698  2.        
  3.47449493 -11.37129211   2.34854102   2.        
-9.90750122 12.85730743  2.00665307  3.        
-6.63813019 11.42495728  0.87521398  3.        
 3.33889008  9.6023941  -2.16619897  4.        
12.57852936  8.58698273 -4.51940918  4.        
15.56933594  9.68675995 -3.58007789  4.        
17.47943115  8.13699341 -3.6152339   4.        
14.61740112  9.79035854 -1.99905396  4.        
-8.63347626 12.34222412  4.13720703  3.        
-3.40274096 10.52571869  2.29891992  3.        
 8.24064636 10.51528931  0.83200097  4.        
-13.27661133  13.04199219   1.21893299   3.        
-1.35446894  8.79982758  0.012299    3.        
-15.78787994  12.77436829   2.20571899   3.        
1.50231194 0.050484   0.663055   2.        
3.83948493 9.18494415 0.97750902 4.        
 1.92008996 -7.24518585  2.55136108  2.        
 1.24340105 -4.81622314  0.41970801  2.        
-13.56553555  12.8766861    4.14019823   3.        
-4.49357605  9.87725067 -1.01779199  3.        
 6.70708513 10.26145935 -3.25414991  4.        
 2.12922692 -6.5174942   0.67355299  2.        
11.98738098 10.06244659 -3.41146803  4.        
12.98323059 10.21147156 -1.98153698  4.        
 1.88425398 -1.82678199  1.018646    2.        
-16.98168945  10.69773865   3.7780149    3.        
  2.74593401 -12.58336258   3.16088891   2.        
 5.74180603 10.08299255  1.99334705  4.        
-10.10449219  12.37238312   0.35199001   3.        
-11.99282837  12.7098999    4.48001099   3.        
1.16590095 4.90684509 0.431335   2.        
-0.60726899  8.78125763  1.80505395  3.        
1.86099195 7.98663282 0.274719   4.        
-14.54498291  11.57485199   4.9594121    3.        
12.51844025 10.02596283 -0.16635101  4.        
-4.370049   11.20128632  3.55197096  3.        
-7.5459981  10.87898254 -0.47042799  3.        
1.23633599 1.77945697 0.72305298 2.        
 0.18174     2.53456092 -0.409302    2.        
-1.96571302 10.47023773  2.888062    3.        
 1.02559698 -2.85077691  0.188995    2.        
 7.66868591 10.24828339 -0.53039598  4.        
-11.69756317  11.03759766   5.02688599   3.        
10.0409317  10.38909912 -1.30572498  4.        
 9.6415863   9.61623383 -4.1350708   4.        
-6.75577593 11.72942448  2.37100196  3.        
-6.60817003 11.74829102  5.25692701  3.        
-2.87985206  9.87374878  0.37762499  3.        
 1.69544995 -4.0169301   1.57702601  2.        
-7.98240709 11.84760284  0.60888702  3.        
5.21363115 9.71321106 0.76196301 4.        
 3.05998206 -9.77616882  2.45181298  2.        
 0.104881    3.92944288 -0.151886    2.        
-0.32551599  6.77774096 -0.23953199  2.        
14.56153107  9.82714844 -4.51480103  4.        
 8.90750122 10.22489166 -3.15203905  4.        
-5.38194323 10.97765446  1.02301002  3.        
-9.7141037  12.24167633  4.93197584  3.        
15.18717957  8.73925781 -1.31271398  4.        
15.63978577  8.90805817 -5.76196289  4.        
  3.17465997 -12.53372955   1.71530199   2.        
-9.06240845 12.46717072  2.90585303  3.        
 1.93852997 -9.00588989  1.00939906  2.        
17.53481293  8.16497803 -4.90725708  4.        
-5.57739305 11.57045746  3.81545997  3.        
-16.49365234  11.87188721   3.97595191   3.        
16.63134003  9.06770325 -3.2532351   4.        
-0.086922    5.9455409   0.85800201  2.        
 5.14599609 10.12689972 -1.72201502  4.        
10.51610565 10.41526031  1.37381005  4.        
 1.06464398 -0.003494   -0.55184901  2.        
-9.11518097 12.43551636  1.115417    3.        
13.3914032   9.52563477 -4.79458618  4.        
 2.37942505 -5.09001207  0.997742    2.        
-11.07192993  13.24359131   2.09085107   3.        
 7.77215576 10.3955307  -2.53091407  4.        
16.6607666   8.20180511 -5.78805494  4.        
11.17550659 10.34236908  0.08078     4.        
-10.91220093  12.18425846   5.0716548    3.        
 8.96794128 10.50372314 -0.434845    4.        
-7.90667009 12.15921021  3.20004296  3.        
 2.33175707 -7.44036913  1.44174194  2.        
 7.20042419 10.45858765  1.45105004  4.        
-16.251297    12.86415863   3.30541992   3.        
3.56624603 8.57319641 1.98727405 4.        
 8.28372955 10.51107025  2.15152001  4.        
-9.17559147 11.319664    5.65359497  3.        
-17.80023956  11.25251007   2.81622291   3.        
11.50050354 10.48391724 -2.43762207  4.        
 1.56983995  1.09138501 -0.199158    2.        
 1.33361101 -6.8564992   1.58157301  2.        
-13.60536957  10.90366364   4.5687561    3.        
 2.5155561  -6.35415697  1.98611498  2.        
-5.04828596 10.59134674 -0.082764    3.        
  2.43836999 -11.26845646   1.79791296   2.        
-13.13853455  13.56774139   2.23904395   3.        
-0.76236701  7.84071302 -0.198456    3.        
 5.97553205  9.98435974 -0.58184803  4.        
3.00166297 8.05444336 0.212891   4.        
10.98078156  9.76407623 -3.86639404  4.        
 1.57086897 -2.89682794  1.27270496  2.        
 3.64201403  9.62187958 -1.06671095  4.        
 1.12941694 -5.78987885  1.00289905  2.        
-7.65457916 11.94872284  4.74829102  3.        
-4.46924591 10.72582245  1.69116199  3.        
15.66971588  9.61670685 -4.8374629   4.        
 2.3361361  -8.93035126  2.60128808  2.        
 2.03870392 -0.89865899  0.39938399  2.        
13.33075047  9.84346771 -0.90280199  4.        
 1.34507     2.34886909 -0.22399899  2.        
-12.14625454  13.50386047   1.75320399   3.        
-14.46908569  12.98430634   1.76873803   3.        
5.56613922 9.40395355 2.84039307 4.        
1.65242004 7.34941912 1.14114404 4.        
-11.12609863  13.08237457   3.18685889   3.        
-14.54063416  13.15774536   3.74243212   3.        
 0.861992   -1.70752704  0.49789399  2.        
15.65378571  9.45303345 -2.52413893  4.        
 1.89458501 -2.31301093 -0.12673999  2.        
-3.90525794 11.34464264  4.50286913  3.        
11.88745117  9.36066437 -4.258636    4.        
 3.85770392  9.22117615 -0.085632    4.        
-3.73963904 10.20049953 -0.34271199  3.        
0.53166199 7.27750397 0.147339   2.        
 1.50498998 -8.65791321  1.909302    2.        
 2.73115492  9.01230621 -1.50228906  4.        
-13.19191742  13.39751434   3.30505395   3.        
-3.045609   10.13009644  1.38299596  3.        
14.60297394  9.88884735 -3.22033691  4.        
-1.29740095  9.75544739  2.47003198  3.        
 0.71478301  5.7012248  -0.145996    2.        
 9.53746033 10.33638763 -2.215698    4.        
-15.35541534  13.27731323   3.00006104   3.        
 7.47655487 10.36269379 -1.54281604  4.        
 9.42329407 10.55597687  1.04525805  4.        
 5.85668182 10.36217499 -2.52719092  4.        
4.80104113 9.60579681 1.80563295 4.        
-15.53549194  11.42327881   4.67510986   3.        
-2.03349304  9.33361053  0.55783099  3.        
-1.90559399  8.77581024 -0.84622198  3.        
-6.63002777 11.11024475 -0.104675    3.        
13.8473053  10.10047913 -2.56042504  4.        
-1.23100305  8.8811264   1.00326502  3.        
 2.07804108  8.31863403 -0.64004499  4.        
-14.3493042   12.2634964    4.17007494   3.        
12.90130615  9.30188656  0.39773601  4.        
 1.35961902 -3.7623291   0.67675799  2.        
1.00376904 5.79735613 0.84161401 2.        
-8.6340332  11.94127655  5.04400587  3.        
 4.21752882 10.05023956 -2.05288696  4.        
  3.18131995 -11.56335354   1.21664405   2.        
 2.73431396 -9.31607056  1.53762805  2.        
 0.80791497  4.49143982 -0.52798498  2.        
12.74048615  9.83216095 -3.98120093  4.        
-10.55731201  12.84640503   1.06781006   3.        
0.60902399 2.55261207 0.53100598 2.        
-10.99998474  12.02993774   0.47021499   3.        
 7.80112505 10.21044922 -3.49868798  4.        
-12.52391815  12.78434753   3.62954712   3.        
0.384354   4.37412977 0.65527302 2.        
 0.95779401 -0.62703699  0.25012201  2.        
  3.12840295 -10.5944519    1.899261     2.        
-7.38411713 11.83075714  1.48626697  3.        
  2.51965308 -12.05812073   2.33840895   2.        
-6.12031603 11.39321899  1.66674805  3.        
14.24230194  9.3702774  -1.13226295  4.        
-10.10031891  12.84516907   2.93130493   3.        
-0.64469898  6.82253981  0.64764398  3.        
-2.51319098 10.22285461  2.14987206  3.        
-6.08811188 11.62400055  3.02096605  3.        
16.29070282  9.35311127 -4.07748413  4.        
 0.79173303  3.42127991 -0.53491199  2.        
-3.41176605 10.86868286  3.23553491  3.        
-12.0123291   12.03720856   5.12750196   3.        
2.85296607 8.55659485 0.98455799 4.        
-12.88141632  12.45687866   4.76110792   3.        
 7.4010849  10.41465759  0.340424    4.        
-12.46126556  12.97399902   0.790649     3.        
17.10590363  8.70883179 -4.29504395  4.        
 1.53355396 -4.87572479  1.29739404  2.        
12.48813629 10.2511673  -1.21063197  4.        
 2.02561903 -4.38684797  0.20959499  2.        
 5.99484205  9.68511963 -3.26879907  4.        
-9.52627563 12.55834961  4.01062012  3.        
-4.24206495 10.88223267  2.70611596  3.        
12.77458191 10.25387573 -2.99127197  4.        
-16.57280731  12.3868866    2.60031104   3.        
-17.25674438  11.5256958    3.54803491   3.        
10.83668518 10.35929108 -1.84335303  4.        
 1.30244505  7.57600403 -0.29602101  4.        
0.86148798 0.53224897 0.260681   2.        
-13.78773499  12.17103577   4.8626399    3.        
-16.20345306  10.99684906   4.10476685   3.        
  2.36638594 -10.42888641   2.33843994   2.        
16.9420166   8.41054535 -2.7380681   4.        
  3.61996508 -12.75301361   3.1816411    2.        
-3.6009059   9.76811981 -1.09716797  3.        
-16.8515625   10.12528992   3.12493896   3.        
-14.57094574  10.76493073   4.24963379   3.        
10.70293427 10.49372864 -0.640167    4.        
 6.82064104 10.13552094 -0.34777799  4.        
-17.24386597  11.80069733   2.36627197   3.        
 1.86071002 -9.45162964  1.75573695  2.        
14.97499084  9.41584778 -5.33270311  4.        
-8.88036346 12.02922058  0.30816701  3.        
 6.84907484 10.41178131 -2.33666992  4.        
-2.3280561   9.47677612 -0.26010099  3.        
-17.58346558  11.07449341   1.841766     3.        
0.29371601 1.80748701 0.034607   2.        
-6.17931414 11.76795197  4.39517212  3.        
0.34160599 5.20925093 0.46853599 2.        
 2.18170905 -8.07533264  1.99005103  2.        
 2.26307702 -5.89092302  1.24731505  2.        
-0.75528699  8.24904633  0.54217499  3.        
 2.23146105 -8.15340424  1.00714099  2.        
-12.49691772  10.97190094   4.77410889   3.        
 7.24294281  9.62298584 -3.72274804  4.        
 1.81566596 -0.198128   -0.075592    2.        
-7.28123522 11.51888275  0.286957    3.        
0.476807   3.53905511 0.61099201 2.        
-5.93132782 10.96394253  0.39160201  3.        
13.77503204  9.98710632 -1.73516798  4.        
-11.14674377  12.694664     4.34509277   3.        
 6.23168898 10.00096893  2.65783691  4.        
-5.36325121 10.01974487 -0.75192302  3.        
-9.12698364 12.59816742  2.08941698  3.        
  2.6306839  -11.28862762   2.60788012   2.        
 2.08441901 -2.70829797  0.66137701  2.        
 6.40975189 10.25421906  1.34014904  4.        
 2.16739702 -4.7012248   1.78399706  2.        
 1.31315601 -1.07270098  0.835724    2.        
12.16732025 10.30335236 -1.95541406  4.        
 8.28775024 10.50931454  0.021454    4.        
 5.38600206  9.78062439 -0.064972    4.        
-16.2661972   10.27353668   3.74603295   3.        
-9.65144253 11.66349792  0.072449    3.        
-8.17018127 11.50440979 -0.22750901  3.        
 8.91872406  9.2179718  -4.14416504  4.        
0.20336901 6.27870178 0.180756   2.        
4.52058411 9.40881443 0.33319101 4.        
17.33898163  7.80728912 -5.61328077  4.        
-1.17960405  9.33399963  1.71325696  3.        
-7.55325317 11.93183136  2.52120996  3.        
-13.80220032  13.49692535   1.80258203   3.        
-15.70175934  11.79293823   3.98983788   3.        
 2.19939399 -4.26696014  0.97595203  2.        
11.6503067   8.62213898 -4.4319458   4.        
0.89971203 3.96364594 0.090607   2.        
1.81175995 7.19707489 0.29211399 4.        
-11.0867691   11.53356171   5.49963379   3.        
11.14583588 10.20834446 -3.1620791   4.        
10.39525604  9.3673172  -4.25060987  4.        
  1.98995197 -12.51220703   2.7064209    2.        
 0.99941301  1.62988305 -0.28173801  2.        
  3.25928497 -12.50456238   2.52658105   2.        
-5.09784698 11.30557346  3.25259399  3.        
3.30163598 8.8802948  0.34924299 4.        
4.0243001  9.19384766 1.851318   4.        
-7.63095903 12.16960907  3.93301392  3.        
 4.4589839   9.8888092  -1.32592797  4.        
-8.37181091 12.19495392  1.27203405  3.        
-11.64953613  12.95707703   3.80871606   3.        
-3.76168108 10.43284607  1.32739305  3.        
2.15630293 7.92580414 0.99563599 4.        
-2.63178992 10.75463867  3.17263794  3.        
12.33591461  9.74933624  0.68606597  4.        
 1.73083496 -5.49599504  0.61496001  2.        
11.92980194 10.30501556 -0.58273298  4.        
 9.66156006 10.16543579 -3.31002808  4.        
 8.88416958 10.63180542  1.59048498  4.        
 8.57926941 10.36403656 -2.46905494  4.        
-13.8639679   11.2698288    5.19512892   3.        
 1.77765703 -1.55394697  0.083069    2.        
 1.64944506 -7.56281996  1.80471802  2.        
0.79138899 1.28343999 0.36074799 2.        
15.37602234  9.23625183 -1.85534704  4.        
2.41572595 8.51241302 0.078827   4.        
 9.81571198 10.57860565 -0.54467797  4.        
 0.24970201  3.17571998 -0.016449    2.        
-17.50296783  10.61432552   3.087708     3.        
 1.81472003 -3.0440979   0.041046    2.        
17.77650452  7.44281816 -5.01141405  4.        
-4.81594896 11.47297668  4.43447924  3.        
-2.50447798  9.69165039  1.10287499  3.        
 1.37801397 -2.23875403  0.65090901  2.        
-3.04126692  9.84604645 -0.54547101  3.        
-13.95904541  13.15647125   3.27435303   3.        
  2.55345893 -12.12706757   1.59854102   2.        
-15.099823    13.22158146   2.08245802   3.        
-15.05368042  10.93264008   4.94729614   3.        
-6.85140991 10.55052853 -0.53366101  3.        
10.28768921  9.94851685 -3.6882019   4.        
11.25765991 10.2689743   0.86856103  4.        
 9.24193573 10.57673645  0.33090201  4.        
-5.92149401 11.59469604  5.47506714  3.        
 5.76647186 10.11923981 -1.32388306  4.        
1.19302404 6.86670685 0.83291602 2.        
15.02541447  9.83735657 -2.62310791  4.        
-16.77974892  12.37200928   3.525177     3.        
0.092155   7.01406097 0.94531202 3.        
-10.29328156  11.79457855   5.07321215   3.        
 4.31820679  9.85076141 -2.74914598  4.        
13.34799957  9.46729279 -0.27551299  4.        
-9.81900024 12.61491394  1.042786    3.        
-15.02101135  11.82447147   4.34817505   3.        
 9.14181519 10.35874176 -1.12844801  4.        
 8.27272034 10.27702332 -1.02758801  4.        
 0.17288999  4.67738295 -0.068481    2.        
1.39019001 0.91320801 0.58514398 2.        
 1.82728601 -6.21735382  1.72772205  2.        
 2.49530005 -7.44039106  2.14605689  2.        
4.51198578 9.57434082 1.14773595 4.        
13.72938538  9.89932346 -4.28244019  4.        
12.69592953  9.33263397 -4.49212694  4.        
-3.52786207 10.16451263  0.44079599  3.        
-0.39569101  8.20162201  1.22787499  3.        
 6.51190901 10.3015976   2.04070997  4.        
 9.07159424  9.92434692 -3.77221704  4.        
-4.82500505 10.66529846  0.71621698  3.        
-12.89511108  13.58825684   1.57415795   3.        
 1.59163702 -6.96625519  0.93170202  2.        
13.38361359  8.83692932 -4.95669603  4.        
5.67104292 9.95987701 1.300354   4.        
 1.01396203 -2.0809021  -0.08139     2.        
11.81814575 10.15436554  0.43496701  4.        
 9.84678745  8.9343338  -4.32312012  4.        
 1.10125697 -4.16321611  1.19241297  2.        
-8.58631134 12.38128662  3.43969703  3.        
-0.85296601  7.55667114  0.56072998  3.        
 2.43932295 -9.46186066  2.15472388  2.        
-0.380081    5.78652191  0.236176    2.        
-7.32558393 11.68248653  5.30410814  3.        
 7.00045013 10.25221252 -1.04656994  4.        
-8.33734131 12.23845673  2.655792    3.        
-5.11581421 10.99171352  1.76309204  3.        
10.60088253 10.44654083  0.49713099  4.        
-7.10475922 11.94186401  3.04995704  3.        
-3.63291192 11.11857605  3.84167504  3.        
 5.78786516 10.01932526  0.52804601  4.        
-4.41083479 10.3163681  -0.23016401  3.        
 7.55084991 10.49926758  2.04406691  4.        
16.29558563  8.91585541 -5.54836988  4.        
-15.9421463   12.37261963   3.70373511   3.        
-6.98028612 11.89131927  4.6159358   3.        
 1.49232495e+00  4.37119007e-01 -6.09999988e-05  2.00000000e+00
-10.4207077   12.53740692   4.60302687   3.        
-6.11022902 11.48026276  2.34899902  3.        
10.21533966 10.39739227 -2.30429101  4.        
 3.09879303  8.63100433 -0.93917799  4.        
14.12026978  9.54381561 -4.95477295  4.        
11.21955109  9.22287655 -4.31759596  4.        
 8.00043488 10.51273346  1.52941895  4.        
 2.13345289 -3.59729791  1.08261096  2.        
-0.27474999  7.38317919  0.187103    3.        
5.18874407 9.74762726 2.34649706 4.        
-11.51200104  12.19353485   4.69512892   3.        
 2.2523191  -6.73680878  1.30462599  2.        
17.69969177  7.8174901  -4.34768677  4.        
  3.37483191 -11.94445801   1.999542     2.        
15.24147034  9.81800079 -4.15921021  4.        
-11.77952576  12.41401672   0.69976801   3.        
-15.24938965  12.78179169   3.47332811   3.        
-12.38983154  11.51250458   5.32775879   3.        
  2.84610009 -10.02796936   1.64511096   2.        
1.27455902 5.72462511 0.23309299 2.        
17.10042572  8.49828339 -5.29342604  4.        
 5.34089708  9.92099762 -0.84628302  4.        
16.09574127  9.4441452  -3.12155104  4.        
-13.01234436  12.50911713   4.08071899   3.        
 1.30184901 -0.65174901 -0.32150301  2.        
  2.61038995 -10.76099396   1.406708     2.        
12.212883   10.31518555 -2.64382911  4.        
 3.02144599  9.40478516 -0.98016399  4.        
-6.74337816 11.69007874  1.57916296  3.        
 2.15756989 -8.74449158  1.98318505  2.        
-11.33638     13.16249084   1.48980701   3.        
16.36291504  9.01242065 -2.65112305  4.        
 1.06068397  2.96232605 -0.142242    2.        
 4.87853193 10.2204361  -2.31777906  4.        
 1.68379998 -6.17439318  1.01483202  2.        
10.84707642 10.41503906 -2.54739404  4.        
 0.78990901  2.34947205 -0.57202101  2.        
-5.53913879 11.64958191  4.46868896  3.        
3.34095001 8.76958466 1.36514294 4.        
-15.94061279  13.10787964   2.74688697   3.        
 9.8921814  10.50437164  1.65603602  4.        
2.33898902 7.50424194 0.52209502 4.        
 2.35707092  8.7727356  -1.02560401  4.        
 2.96908593  8.35870361 -0.361267    4.        
 8.44127655 10.06326294 -3.69131494  4.        
 0.97262597  0.72776002 -0.451294    2.        
 0.70404798  5.05840302 -0.22845501  2.        
-9.83397675 11.63887787  5.50140381  3.        
 1.74029505 -8.12587738  1.50253296  2.        
-10.27645874  11.71904755   0.22332799   3.        
-9.6214447  12.60984802  3.294312    3.        
 2.21307397 -9.57917023  1.226776    2.        
-11.65843201  13.40228271   2.30288696   3.        
 7.30137587 10.39983368 -2.96905494  4.        
-1.90708196 10.05387115  2.27352905  3.        
 1.13073003 -3.47318292  0.077789    2.        
-0.79270202  9.40549469  2.28723097  3.        
 2.4811101  -8.74895477  1.38089001  2.        
-5.65400696 10.75267029 -0.213928    3.        
 1.88973999 -6.74220991  2.0878911   2.        
-16.57859039  11.32037354   3.66387892   3.        
 7.79442596 10.10411835  2.48294091  4.        
 2.76704407 -7.99220324  1.31240797  2.        
-9.12882233 12.23265839  4.68215895  3.        
-1.73586297  9.28266907  1.118011    3.        
10.07484436 10.55091858  0.83850098  4.        
17.12758636  8.61827087 -3.39819288  4.        
-6.17896986 11.72411346  3.69155908  3.        
-10.52197266  13.0249176    1.86654699   3.        
-1.31185102  8.17638397  0.1091      3.        
  3.35706306 -13.13392639   2.02218604   2.        
-13.64600372  13.54160309   2.60974097   3.        
  2.23374891 -12.76867294   1.67291296   2.        
 1.30183399 -3.13913703  0.68518102  2.        
-9.48937988 12.21958923  0.30792201  3.        
 3.44978309  9.22915745 -0.56106597  4.        
 4.08280182  9.58647919 -0.62789899  4.        
14.99562073  8.88195038 -5.65188599  4.        
-1.50859106  8.39156342 -0.56115699  3.        
14.55076599  9.90357208 -3.83892798  4.        
  1.95968604 -10.02891541   1.96185303   2.        
13.29059601 10.54976654 -2.81326294  4.        
 0.82433301  6.38924408 -0.063141    2.        
 3.64214301  9.89154816 -1.71075404  4.        
14.58475494  8.86302185 -1.06076002  4.        
 0.446053    2.95239305 -0.77429199  2.        
-2.24987793 10.77836609  3.65270996  3.        
-12.02239227  13.19961452   1.23617601   3.        
1.20389605 2.58084893 0.38855001 2.        
14.8510437   9.29393005 -1.54739404  4.        
 6.28830004 10.08151245 -0.05249     4.        
-14.10009003  12.72375488   3.85626197   3.        
 1.65933204 -0.523628    0.794159    2.        
-10.75596619  12.63336182   0.53311199   3.        
 2.3194201  -5.40834808  1.61398304  2.        
-11.6962204   11.58734131   5.38790894   3.        
-4.84761095 10.34123993 -0.65261799  3.        
-15.85212708  10.75331116   4.56753492   3.        
 7.05415297 10.35862732  0.83627301  4.        
-8.16431427 12.10533142  4.45675707  3.        
0.89172399 6.37818193 0.58154303 2.        
 8.03813171 10.40633392 -1.79367101  4.        
-6.01246595 11.17599487  0.95394897  3.        
1.22341204 7.31514692 0.372742   4.        
-14.74459076  12.73300934   4.12161303   3.        
 1.51976001 -4.02323914  0.155609    2.        
 0.85536999 -0.041199    0.070007    2.        
13.00395203 10.17195892 -3.55709791  4.        
-13.00857544  13.13344574   3.81445289   3.        
 1.81084394 -4.85028791  0.61788899  2.        
 6.69135284  9.70874786 -3.50048804  4.        
0.068367   6.84105682 0.37078899 2.        
-2.94032311 10.548172    2.67981005  3.        
-17.12522125  11.78853607   3.01159692   3.        
-7.29919386 11.73052979  0.90295398  3.        
-3.85356092 10.54556274  1.90844703  3.        
-8.52211761 11.47145844  5.50793505  3.        
11.47131348 10.36649323 -1.85440099  4.        
0.97386903 2.03793311 0.25585899 2.        
11.57538605  9.76585388 -3.87713599  4.        
-12.43724823  13.52005005   2.27157593   3.        
 0.99798602 -1.25991797  0.13177501  2.        
15.75733852  8.77127838 -1.76245105  4.        
-12.77611542  13.44732666   2.88507104   3.        
-0.394005    6.44695997  0.24704     2.        
-14.38726044  12.10816956   4.75756788   3.        
3.1357801  8.19116974 1.78839099 4.        
-14.79022217  13.37892914   3.13803101   3.        
-10.80351257  11.0635376    5.2817378    3.        
-12.51371002  11.90529633   4.84603882   3.        
  3.65781403 -13.22729111   2.80935693   2.        
 1.55153704 -3.49620104  1.341187    2.        
-10.67040253  13.07312012   2.48733497   3.        
11.20730591  9.97286987  1.414307    4.        
 1.14353895  7.02085114 -0.18545499  2.        
-13.53282928  12.32408142   4.3369751    3.        
 2.08666205 -7.28015089  0.92663598  2.        
10.62047577 10.41132355 -1.22232103  4.        
15.77433014  9.27244568 -5.29934692  4.        
 8.79948425 10.57433319  1.01416004  4.        
2.38659692 7.90953112 0.029968   4.        
  2.62507606 -12.63299561   2.32632494   2.        
-12.10680389  13.2193222    3.42193604   3.        
 5.92875719 10.27185059 -1.88223302  4.        
 1.48892999 -5.45236206  1.35577404  2.        
0.41231501 5.8040309  0.442902   2.        
 1.68941498  8.03861237 -0.311432    4.        
  3.12552595 -11.2407608    1.696136     2.        
-14.39329529  13.47190857   2.074646     3.        
-1.47863805 10.15133667  2.85324097  3.        
-13.53505707  11.61830902   4.87103319   3.        
-9.36203766 11.87897491  5.2689209   3.        
-4.93539381 11.44822693  3.86929297  3.        
  3.05610704 -12.95078278   2.83294702   2.        
5.07150316 9.79933929 1.33322096 4.        
 2.97009301  9.52738857 -1.60858202  4.        
-9.47344971 12.681633    2.56308007  3.        
-1.78359199  9.11541653 -0.2052      3.        
 9.45018005 10.26721954 -2.78549194  4.        
-14.82137299  13.44220734   2.55093408   3.        
  2.86546302 -12.10725403   2.86364698   2.        
13.78572083  9.12667942 -5.24493408  4.        
16.82929993  8.98203278 -3.87420702  4.        
 6.48710585 10.12136078 -0.81320202  4.        
 3.82188392  9.74221039 -2.43948388  4.        
-17.68740082  10.73273468   2.55990601   3.        
 0.026611    6.34777784 -0.36715701  2.        
 9.5614996  10.38618469 -1.61120605  4.        
 6.02504015 10.23255157 -3.11865211  4.        
-17.01095581  11.03531647   3.32235694   3.        
 8.9282608  10.48497772  2.13720703  4.        
-9.45450592 12.64491272  1.51852405  3.        
-2.20571089  9.25650024 -0.84240699  3.        
-11.06632996  12.84355164   3.80447412   3.        
-0.209686    5.08158112  0.478333    2.        
11.26734924 10.50177765 -0.61657703  4.        
  3.04752398 -10.97259521   2.39703393   2.        
-2.44051409  9.93776703  1.60549903  3.        
-4.82844496 11.00682068  2.35092211  3.        
-13.01776123  11.17919922   4.82299805   3.        
-11.24034882  13.24549866   2.66079712   3.        
-12.43118286  12.46559906   4.22869921   3.        
13.74221039  9.47433472 -0.80654901  4.        
-14.93080902  11.30421352   4.5473628    3.        
 1.597633   -8.05679321  2.06188989  2.        
 2.40936995 -6.90124512  1.93914795  2.        
 5.4983139   9.65212345 -3.01553297  4.        
5.69803619 9.89708042 2.51922607 4.        
 1.88790095 -2.15201592  0.40710399  2.        
-16.13557434  11.50827789   4.3161931    3.        
-7.85701799 11.98429871  1.23376501  3.        
 2.79518104 -8.98293304  1.97991896  2.        
-10.51777554  12.83398438   3.40371704   3.        
-12.61351776  13.39362335   1.13775599   3.        
-5.40744019 10.78756046  0.35964999  3.        
5.06048584 9.25614929 2.67062402 4.        
 0.327553    3.69522095 -0.65817302  2.        
-15.77336121  12.90248871   3.60153198   3.        
14.08094025 10.06658936 -3.18258691  4.        
-13.62387753  13.25524902   3.70251489   3.        
-14.1643219   11.15724945   4.74536085   3.        
15.54173279  9.7106781  -3.02911401  4.        
12.14573669  8.93014526 -4.487854    4.        
-4.37194109 10.61037445  1.11270106  3.        
 0.17252301  5.63445282 -0.072449    2.        
 8.67338562 10.58863068  0.47775301  4.        
 1.40640998 -7.37831879  1.24633801  2.        
  2.91172004 -10.36690521   2.3782959    2.        
-7.57817793 11.99359131  1.97470105  3.        
2.26075006 8.24246216 0.558258   4.        
 7.57250977 10.42710114  1.00540197  4.        
 6.42630005 10.39278412 -2.78094506  4.        
-5.58261919 11.18585968  1.48886096  3.        
-8.5690918  12.37700653  1.74972498  3.        
15.76307678  9.65185547 -4.18307495  4.        
-12.65210724  13.29598236   3.39654493   3.        
 2.38756609 -4.02873182  0.50851399  2.        
-4.6709981  11.08248138  2.98092604  3.        
 5.41657305 10.28667355 -2.17007494  4.        
13.32284546 10.17933655 -2.41177392  4.        
4.51743317 9.40312958 2.22735596 4.        
 1.885414   -1.33672297  0.68893403  2.        
-2.99025011 10.31125641  1.89794898  3.        
-5.54507494 11.43781281  2.83834791  3.        
 1.57305205 -8.93951416  1.41006505  2.        
4.07300615 8.77222443 2.35528588 4.        
13.23760986 10.03914642 -1.40353405  4.        
-0.75232702  8.64392757  1.11331201  3.        
 8.29793453 10.28999329 -3.21707106  4.        
-8.09547424 11.86329746  5.06991577  3.        
14.41121674  9.9838028  -2.71939111  4.        
-3.93653893 11.00952053  3.27356005  3.        
16.2929306   9.38082886 -4.62106323  4.        
1.73641205 7.68962097 0.72564697 4.        
-8.69574738 12.18513489  0.83651698  3.        
-3.08367896 10.07268524  0.84530598  3.        
-3.31809998 10.01301575 -0.035522    3.        
11.67367554 10.26300812 -3.01763892  4.        
 1.65113103 -9.49528503  1.258026    2.        
0.81570399 4.62368822 0.074921   2.        
-4.62577105 10.44719696  0.249512    3.        
12.85573578 10.02445221 -0.71697998  4.        
 1.36960602 -1.64987195  0.67627001  2.        
 0.72158098  1.36349499 -0.67813098  2.        
16.70062256  9.09318542 -4.3878479   4.        
-8.1049118  12.30658722  3.68133497  3.        
 2.1032939  -8.38018036  2.42993212  2.        
-13.10938263  11.96044922   4.78222704   3.        
 1.39163995 -4.39321899  0.79910302  2.        
-4.3189621  11.33916473  4.07150316  3.        
-10.13796997  12.8341217    1.519104     3.        
  2.29072595 -10.56956482   1.80764794   2.        
 6.89995623 10.30602264  0.174316    4.        
-1.03385198  8.38565063 -0.30779999  3.        
-17.66693878  11.3414917    2.30114698   3.        
13.1907196   9.85918427 -4.27255201  4.        
-4.12165117 10.15077209 -0.71591198  3.        
10.46614075 10.54177094 -0.063416    4.        
 2.24812293 -5.96006823  0.71630901  2.        
-12.2012558   12.93173218   4.02993822   3.        
0.68399799 3.15245104 0.29476899 2.        
0.94702101 6.85716295 0.350281   2.        
16.66078949  8.35591888 -2.28674293  4.        
1.40459394 1.72854602 0.198303   2.        
 1.42092097 -2.50453901  0.100403    2.        
 1.34005702 -5.16066694  0.81301898  2.        
 1.59413195 -2.28996992  1.133636    2.        
 7.17238617 10.17220306 -3.49456811  4.        
17.49002075  8.28398132 -4.20550489  4.        
4.997612   9.63246059 0.27386501 4.        
-1.14120495  8.60796356  0.490417    3.        
-3.7443161  10.74446106  2.81906104  3.        
-8.40484619 11.84846497  0.164459    3.        
 1.64936101 -0.84362     0.02713     2.        
-16.09352875  12.60887909   2.60797095   3.        
-16.74890137  11.77484131   3.4564209    3.        
 3.26186395  9.16033173 -1.88940406  4.        
-6.1698761  10.87544346 -0.20993     3.        
  3.00760698 -11.68550873   2.27374291   2.        
-6.58666182 11.78744507  3.00228906  3.        
-3.96011305 10.27345276  0.164093    3.        
 2.59284902 -9.99459076  2.15109205  2.        
 1.876724   -5.12773895  1.62274206  2.        
-15.3519516   10.96636963   4.49539185   3.        
12.22558594  9.777771   -3.90124512  4.        
 1.30047596 -6.52352095  1.08474696  2.        
1.28443098 7.92578077 0.092255   4.        
15.84551239  9.06317902 -2.18691993  4.        
0.99337    4.28434706 0.49234    2.        
-7.42932081 12.04923153  3.44506788  3.        
0.015327   4.22886705 0.316376   2.        
-4.2832489  10.79096222  2.17416406  3.        
 6.97904205 10.34635162 -1.83633399  4.        
-1.545555    8.93827057  0.47683701  3.        
3.92940497 9.21655273 0.43011501 4.        
 2.56076097 -4.59476519  1.15786695  2.        
 0.63356799  0.357292   -0.313934    2.        
-7.48044586 11.29884338 -0.170288    3.        
2.58524299 8.15321255 1.23465002 4.        
2.91234589 8.7816391  0.019043   4.        
 1.89253199 -3.60802507  0.226318    2.        
-14.23544312  13.43573761   1.52200305   3.        
0.075813   6.41738081 0.67126501 2.        
 2.19280195 -4.24421692  1.494385    2.        
 7.62174177 10.27198029 -1.04669201  4.        
10.70568085 10.07640076 -3.40887499  4.        
-11.59777069  13.24901581   3.05154395   3.        
 0.97345001  3.46353197 -0.049805    2.        
 4.40373993  9.48040009 -0.16449     4.        
0.31507099 2.384552   0.066254   2.        
-9.7466116  12.48836517  4.47149706  3.        
 6.34756517 10.37054443 -2.23202491  4.        
11.95924377 10.39930725 -1.48760998  4.        
-15.51046753  11.90205383   4.47387695   3.        
12.92895508  9.72528076 -0.118195    4.        
 9.5300293  10.58988953 -0.090149    4.        
5.26487017 9.89580536 1.79528797 4.        
-17.59942627  11.78916168   2.82519507   3.        
0.334297   5.15850115 0.97470099 2.        
 2.04712701 -2.72351098  1.31619298  2.        
 5.32012177 10.25740147 -2.68548608  4.        
-10.14115906  12.12310028   4.6854248    3.        
 0.84175903 -0.82941401 -0.207001    2.        
 2.66932702  8.41070557 -0.78845203  4.        
 7.92978716  9.90656281 -3.88293505  4.        
11.80181122 10.24712372 -0.097687    4.        
 2.29784393  8.75769806 -0.52249098  4.        
13.93855953  9.71926117 -1.33972204  4.        
 9.04608059 10.33197784 -1.93646204  4.        
-17.0358429   12.19139862   2.63272095   3.        
  3.20619202 -12.68173218   3.45947289   2.        
-6.02906799 11.76346588  5.01345778  3.        
14.99391174  9.75200653 -4.76077318  4.        
17.18376923  7.46013594 -5.28396606  4.        
-16.74226379  12.64318848   3.10397291   3.        
1.06719196 5.26500702 0.094696   2.        
  2.52881598 -10.96701813   2.23809791   2.        
 7.80504608 10.40930939 -0.076538    4.        
-11.34664154  11.84718323   5.01629591   3.        
-9.12528229 12.50432587  3.71624804  3.        
 1.56143999 -2.70194197  0.81207299  2.        
 1.93099201 -3.20084405  0.855591    2.        
 9.40545559 10.61398315  1.65329003  4.        
 2.0732801  -2.30290198  0.99563599  2.        
  2.35132599 -11.69628143   2.03985596   2.        
17.1862793   8.66350555 -4.8313899   4.        
-4.74313307 11.46740723  4.94897509  3.        
-2.45808411 10.42782593  2.66024804  3.        
 2.10164595 -4.77427721  1.26333594  2.        
 6.69633484 10.17469025  2.69091797  4.        
  3.10017395 -12.05768585   1.59384203   2.        
 8.60250092  9.69361877 -4.09966993  4.        
-13.94770813  12.56526947   4.46517897   3.        
 2.26340508 -2.41268206  0.213745    2.        
15.11600494  9.65497589 -2.1711731   4.        
  2.76967597 -11.57986546   1.60052502   2.        
-6.98739576 11.01703644 -0.436737    3.        
 7.54816389 10.38420105 -2.08911109  4.        
-10.94469547  12.28030396   4.52645922   3.        
-6.67076111 11.30662537  0.39578199  3.        
-11.05793762  12.95759583   1.050354     3.        
-12.21390533  12.24040985   4.61142015   3.        
-0.65424299  7.11666918 -0.097015    3.        
 2.10594893 -5.49969482  0.98431402  2.        
-13.7790451   13.13167572   1.47268701   3.        
 2.52168989 -7.82914019  1.70684803  2.        
-15.45891571  13.25405121   2.41763306   3.        
 2.93284607 -9.45593262  2.10073805  2.        
-2.34942603  9.55054474  0.22503699  3.        
 0.97385401 -2.47785211  0.50720203  2.        
-15.01452637  12.31471252   4.36041307   3.        
-16.72527313  12.15200806   3.0904851    3.        
10.12895966 10.39841461 -1.82257104  4.        
 1.803864   -7.66094208  1.27783203  2.        
-8.65834045 12.43463898  2.3440249   3.        
-3.17514801  9.49367523 -1.17315698  3.        
0.138115   4.73801422 0.44341999 2.        
 1.49716997 -1.942963   -0.003265    2.        
  2.41983008 -12.30130768   2.83019996   2.        
-7.06306505 11.80854797  1.92688     3.        
12.61244965  9.77565765  0.248199    4.        
-12.01885223  12.60803223   3.71774292   3.        
16.13789368  9.4180603  -3.62167406  4.        
-11.3082428   12.46340942   0.59658802   3.        
-1.85019696 10.54672241  3.35281396  3.        
 0.325912    1.51935601 -0.44201699  2.        
-1.50466895  9.74333191  2.03219604  3.        
 1.083336   -0.20913699  0.46301299  2.        
11.17455292  8.70612335 -4.44955397  4.        
 2.27185106 -4.64456892  0.683411    2.        
3.41629004 8.91281128 0.81738299 4.        
 0.51757801  4.28945208 -0.19927999  2.        
0.78334802 5.4261632  0.44909701 2.        
12.46833038 10.05977631 -3.41375709  4.        
0.67295098 0.90456402 0.020569   2.        
-17.14043427  12.07379913   3.41827393   3.        
-14.03144836  11.78071594   4.72726393   3.        
 0.553177    2.94196296 -0.30691499  2.        
 1.81921399  7.615623   -0.12817401  4.        
15.11875916  9.81548309 -3.48187304  4.        
-17.32037354  11.2746582    3.04644799   3.        
16.06155396  8.56671906 -5.77697802  4.        
 2.         -8.48983002  1.33218396  2.        
 0.76184797  3.91048408 -0.36386099  2.        
-7.16034698 12.0074234   4.18911695  3.        
 1.98620605  8.34988403 -0.105713    4.        
 3.1800611   8.89091492 -1.39752197  4.        
  3.49165297 -12.52421188   2.07043505   2.        
-16.6623764   10.87445068   4.08642578   3.        
14.31877136  9.68501282 -1.62277198  4.        
-2.581146    9.60604095 -0.64053297  3.        
 1.55172002 -3.92872596  1.076599    2.        
-12.69906616  12.8557663    4.21008301   3.        
 1.80026996 -4.36378479  1.25866699  2.        
  2.28703308 -12.29338837   2.000458     2.        
 2.45350695  8.17627716 -0.39050299  4.        
-7.96633101 11.13225555 -0.435669    3.        
 3.99154711  9.84709167 -1.38201904  4.        
-3.42075396 11.19420624  4.25634813  3.        
0.090889   5.50589705 0.76892102 2.        
-11.69728947  13.36290741   1.72491503   3.        
-9.17449856 11.8752594  -0.02594     3.        
-10.53288269  11.65231323   5.45284986   3.        
 1.49369097 -5.9178772   1.42599499  2.        
 1.43833196  0.38991499 -0.465271    2.        
 1.81860399 -0.43596601  0.33029199  2.        
-9.48792267 12.43148804  0.76428199  3.        
 1.58580005 -4.55876923  0.22723401  2.        
-4.79807281 10.84959412  1.380005    3.        
-11.6829071   12.4076767    4.29876709   3.        
14.40720367  9.38442993 -5.29013109  4.        
-13.24021053  12.66262054   4.47735596   3.        
-10.5589447   12.11910152   0.33810401   3.        
-6.56079912 11.78273773  4.79312086  3.        
 2.08100104 -5.77242994  1.78390503  2.        
1.57430995 6.69569397 0.62439001 2.        
 8.88487244 10.57344055  0.030853    4.        
14.17119598  9.94557858 -1.98019397  4.        
 2.17500305 -5.38326311  0.528961    2.        
 6.96778107 10.39547729  2.03112793  4.        
-0.93193102  9.03230286  1.45990002  3.        
 0.98426098  1.16529095 -0.282745    2.        
-15.91933441  10.41100311   4.02316284   3.        
 9.41086578  9.23483276 -4.26483107  4.        
-0.447914    7.80371904  0.27465799  3.        
12.37362671 10.21980953 -0.68289202  4.        
-14.82671356  12.76525879   3.66113305   3.        
 1.93613398 -7.73410797  0.841003    2.        
 1.26789904 -8.23612976  1.79217505  2.        
 9.73118591  9.89505005 -3.7774961   4.        
 4.77466583  9.64030457 -2.76574707  4.        
14.20788574  9.96427155 -4.25143385  4.        
1.10768902 3.79222894 0.46548501 2.        
 1.70590997 -7.10477495  1.817047    2.        
-14.01911926  10.94381046   4.36273193   3.        
-6.44278717 11.57118225  2.04263306  3.        
-3.43278503 10.33590698  1.63562     3.        
4.70675707 9.57831573 0.71896398 4.        
11.09612274 10.42465973 -1.46875     4.        
-1.51370203  8.84762573 -0.49899301  3.        
 2.53414893 -8.30758667  1.76931798  2.        
0.384758   3.95574999 0.31564301 2.        
-10.8891449   13.08256531   1.55209398   3.        
 1.300156 -0.191147 -0.206726  2.      
 0.155571    3.12142205 -0.46133399  2.        
0.91437501 5.95768023 0.402008   2.        
12.98164368  8.7743454  -4.62817383  4.        
 0.23146801  5.11355591 -0.19400001  2.        
0.66150701 4.85643005 0.43698099 2.        
 0.58976001  1.94747198 -0.28442401  2.        
12.60355377 10.28806305 -1.73904395  4.        
1.85584998 0.056465   0.301514   2.        
-10.31110382  12.64706421   0.73877001   3.        
 1.68742394 -6.66844893  1.278687    2.        
13.05908966  9.21344757 -4.78716993  4.        
-16.34107971  12.4361496    3.04077101   3.        
11.96795654 10.38225555 -1.03030396  4.        
 7.93789721 10.47049713  0.494537    4.        
  3.335747   -12.95051956   2.47335792   2.        
 2.08952308 -7.52854919  1.91696203  2.        
 2.31775689 -6.52526093  2.358459    2.        
-5.75201416 11.56577301  3.32177711  3.        
12.84008026 10.26309204 -2.41003394  4.        
-2.75900292  9.76448822 -0.19851699  3.        
10.23258972 10.49927521 -0.908508    4.        
11.29075623  9.99675655 -3.53716993  4.        
-12.86179447  13.02024841   1.03503394   3.        
13.67308044 10.20739746 -3.04510498  4.        
-16.22207642  11.52749634   3.85113502   3.        
-16.12178802  12.11080933   4.07400513   3.        
-7.69910383 11.6164093   0.1427      3.        
-16.36753082  12.89093781   2.8687439    3.        
 2.4473269  -6.06617689  1.64370704  2.        
-5.67866516 11.28385162  2.07382202  3.        
3.70005012 8.91150665 1.71038795 4.        
 1.84675598 -8.99180603  1.76684594  2.        
 9.02162933 10.31259918 -2.38751197  4.        
-10.08142853  12.88578033   2.48162794   3.        
-10.02560425  12.62687683   4.13241577   3.        
 1.59568    -0.91492498  0.48443601  2.        
4.26056719 9.46987057 0.78775001 4.        
 3.316643    8.94326019 -0.099365    4.        
-9.8920517 12.0496521  0.119446   3.       
-3.68798089 10.34986115  0.89068598  3.        
 4.55570984 10.05615234 -1.73245203  4.        
 5.05027008  9.96382141 -1.31359899  4.        
 1.43154097  1.52082098 -0.21935999  2.        
-2.42759705  9.62245178  0.66223103  3.        
-6.49399614 11.8555603   4.08590698  3.        
-13.6190033   13.46340942   3.18109107   3.        
-16.40420532  12.13908386   3.62573195   3.        
12.2246933  10.00106812  0.31982401  4.        
-11.31985474  11.20656586   5.20245409   3.        
-15.68753815  11.42683411   4.25         3.        
16.78153992  8.81040955 -5.34219408  4.        
 6.03536177 10.08019257  1.06759596  4.        
14.00363159 10.02966309 -3.78903198  4.        
1.23271203 1.35935998 0.388062   2.        
-5.53889513 10.47033691 -0.54266399  3.        
-3.4589541   9.95578766 -0.66494799  3.        
-15.15370941  13.21246338   3.3990171    3.        
-13.16862488  13.52655029   2.68572998   3.        
-11.8951416   12.39516354   4.88632202   3.        
-10.69352722  13.03303528   2.93109107   3.        
 7.85977888 10.34256744 -3.07681298  4.        
-15.26662445  12.08532715   4.07293701   3.        
13.22011566 10.30355835 -3.19064307  4.        
 1.86903405 -4.05258894  0.458496    2.        
-12.21525574  11.24173737   5.02065992   3.        
 1.51026106 -3.32262397  0.254944    2.        
-14.31037903  13.39968109   3.3964839    3.        
 1.23168194 -0.36998701  0.84954798  2.        
 9.9573822  10.2967453  -2.84323096  4.        
 8.46645355 10.4647522  -0.382202    4.        
-0.47393799  8.38884735  1.64718604  3.        
0.169487   3.56270599 0.184082   2.        
 2.12171888 -9.35938263  2.4458921   2.        
-4.02384186  9.65858459 -1.16522205  3.        
-14.55967712  11.14582825   5.06161499   3.        
-13.32728577  12.98946381   3.51263404   3.        
 1.98767102 -7.84612322  2.31301904  2.        
2.01818109 7.59204102 1.248474   4.        
-0.45625299  6.12075806  0.53646898  2.        
4.26971388 9.42315674 1.48288    4.        
 8.40047359 10.59668732  1.69265699  4.        
1.25464594 0.261269   0.36654699 2.        
-14.99790192  11.70526123   4.7711792    3.        
 2.35459089 -9.16638184  1.28311205  2.        
 2.1467669  -1.80519903  0.667328    2.        
-14.02722168  12.13417053   4.44348097   3.        
-11.9479599   12.814888     0.64187598   3.        
-12.46311188  12.60980225   4.64135695   3.        
-4.91277313  9.96897125 -0.93093902  3.        
 8.12968445 10.40257263 -2.27905297  4.        
-14.0813446   13.15988922   3.83279395   3.        
 1.13429296  6.02762604 -0.048584    2.        
-2.20612004e-01  6.11994219e+00  4.08900017e-03  2.00000000e+00
 2.18675208 -9.79113007  1.60726905  2.        
-2.91896796 10.90870667  3.46264601  3.        
-7.36089277 11.36479855  5.60061693  3.        
 2.40137506 -6.30387115  1.22720301  2.        
-9.06378937 12.4074707   4.15621901  3.        
 1.29312897 -7.24081421  1.78784204  2.        
0.133049  7.5294342 0.141968  3.       
 6.09069109 10.13438416 -0.99200398  4.        
-13.40562439  12.35915375   4.77419996   3.        
 0.74812299 -0.21400499 -0.34045401  2.        
1.64308202 0.41969299 0.48144501 2.        
13.25419617 10.09281158 -3.90356398  4.        
-10.84217834  11.70454407   5.15258789   3.        
 1.50723302 -1.24980903 -0.066864    2.        
-0.78451502  8.24516296  0.109497    3.        
2.84644294 8.62757111 0.55715901 4.        
 2.28680396 -7.87068892  1.32974195  2.        
  3.08299303 -12.11774445   2.44747901   2.        
15.32618046  9.57255459 -5.13580322  4.        
 2.57667494  9.14326477 -1.05725098  4.        
 9.44353485 10.51365662 -0.75341803  4.        
 0.41156     3.47061205 -0.28677401  2.        
-14.98104858  12.42388153   3.93585205   3.        
 1.34108698 -6.20610809  0.75534099  2.        
-8.52669525 11.266716   -0.272614    3.        
11.13934326 10.44416809 -2.13796997  4.        
 2.5759511  -9.71025085  1.44186401  2.        
0.58890498 6.6211319  0.313416   2.        
  3.32475305 -12.46920013   3.04956102   2.        
-10.72218323  12.68605042   4.27691603   3.        
 1.98355103 -3.14434791  0.423035    2.        
14.52361298  9.69010162 -4.93695116  4.        
-8.74333858 11.72332001 -0.067413    3.        
-5.76293182 10.17311859 -0.76885998  3.        
-15.716362    12.16371155   4.20523119   3.        
 8.6727066  10.34145355 -0.89028901  4.        
1.32569897 2.1357801  0.50390601 2.        
 7.25275421 10.1622467  -0.58032203  4.        
-13.26685333  13.57155609   1.78420997   3.        
-14.60745239  11.82146454   4.53064013   3.        
 1.85964203 -2.67119598  0.243469    2.        
 0.504852    1.43898797 -0.005341    2.        
10.24879456 10.56477356 -0.429535    4.        
 1.022789   -1.63803101 -0.063477    2.        
0.52927399 6.06155396 0.012421   2.        
16.65246582  8.7011261  -2.62149096  4.        
-8.86676025 11.68486786  5.37658691  3.        
17.68387604  7.46585083 -5.42666578  4.        
12.30964661  9.41754913 -4.25418091  4.        
 1.88739002 -8.36980438  1.89990199  2.        
-16.41223907  12.56488037   3.63186693   3.        
17.32323456  8.49036407 -3.87237501  4.        
 1.00917006  2.08864594 -0.25051901  2.        
11.02324677 10.3702774   0.52804601  4.        
-2.12393188  9.50281525  1.12759399  3.        
-14.97492981  10.77433777   4.45593309   3.        
0.74961102 2.14681196 0.599213   2.        
10.98548126 10.2693634   1.20752001  4.        
-9.92666626 11.96936035  5.25228882  3.        
16.15435028  9.32497406 -5.11938477  4.        
10.4855957  10.47640228  0.90908802  4.        
-9.06216431 12.54725647  1.64321899  3.        
-4.39634705 11.44538116  4.48077393  3.        
14.03549957  9.17139435 -0.77654999  4.        
 6.35027313 10.06877899 -3.37350512  4.        
1.50114405e+00 7.13942003e+00 6.01200014e-03 4.00000000e+00
-11.24931335  12.52481079   4.71820116   3.        
 2.09590197 -1.826195    0.13797     2.        
 5.09106398  9.7322464  -0.404358    4.        
 1.76808906 -0.92012     0.888367    2.        
 5.8841629   9.96137238 -0.057556    4.        
 2.80808997 -8.39131927  1.44192505  2.        
 9.96811676  9.33737183 -4.29910278  4.        
10.14295197 10.15977478 -3.31478906  4.        
-17.20745087  10.54063416   3.37887597   3.        
  2.24700904 -10.93427277   1.60186803   2.        
-6.98027802 11.32102966  0.069183    3.        
-0.561409    9.11061096  2.06283593  3.        
10.79962921  9.43771362 -4.15997314  4.        
 1.50357103 -5.60404205  0.95684803  2.        
-0.443398    7.9984889   0.67007399  3.        
  3.13130212 -10.85256195   1.53649902   2.        
 3.24195099  9.62731171 -1.25894201  4.        
-17.31808472  10.59714508   2.70474195   3.        
-8.66921234 12.32470703  2.92877197  3.        
 0.080399    4.31694794 -0.30777001  2.        
  2.83324409 -10.46733093   1.60458398   2.        
3.89419603 9.18470764 1.39227295 4.        
-7.93070984 12.11067963  2.50726295  3.        
-8.52787018 12.09951019  4.66274977  3.        
-5.02920485 11.21872711  2.81607103  3.        
10.32933044  8.84369659 -4.36437988  4.        
 6.67064714 10.28993988  0.98260498  4.        
-15.89274597  13.04967499   3.20953393   3.        
-16.54569244  10.5796051    3.7406919    3.        
16.61389923  8.59741211 -5.67358398  4.        
-0.049477    5.47517395  0.38015699  2.        
16.8165741   8.80390167 -2.98794603  4.        
 7.26082611 10.42584229 -2.55761695  4.        
-14.01304626  13.56507874   2.20925903   3.        
15.2793808   9.22284698 -5.53628492  4.        
10.03113556  9.6828537  -4.01315308  4.        
-7.54464722 11.7024231   0.547638    3.        
-16.73038483  10.41368103   3.39495802   3.        
10.73321533  9.04574585 -4.41360521  4.        
1.04972804 0.51641798 0.62789899 2.        
-8.41743469 11.99440765  0.59857202  3.        
11.6227951  10.07801819  0.89276099  4.        
 9.07568359  9.59723663 -4.18585205  4.        
-6.30419922 11.36300659  1.17779505  3.        
 7.41358185 10.32080078 -0.171417    4.        
13.53973389 10.11273956 -2.06796288  4.        
-6.35518694 11.22083282  0.65625     3.        
-7.68922377 12.05176544  4.35113478  3.        
-7.91763306 11.61198425  5.34298706  3.        
 2.19904304 -9.19327641  1.95654297  2.        
 8.47970581 10.54956818  1.27075195  4.        
  2.60687995 -11.38899994   2.21054101   2.        
 7.62872314  9.56620026 -3.84732103  4.        
-1.57692003  9.46605682  1.52905297  3.        
-17.44538116  11.7715683    3.26592994   3.        
 5.63810015  9.87030792 -0.380463    4.        
14.69387054  9.19651794 -5.53326416  4.        
10.96911621 10.42188263 -0.263275    4.        
 7.86820984 10.35540009 -1.36218297  4.        
0.67123401 1.67369103 0.33859301 2.        
-16.55825043  11.26957703   4.07263184   3.        
 4.49061584 10.10787201 -2.37976098  4.        
17.06754303  8.11274719 -5.61175489  4.        
 6.7964859  10.37248993  1.39779699  4.        
 2.598984   -5.67390394  1.32998705  2.        
 9.5610733  10.55690002  0.58456397  4.        
-17.53533173  10.7194519    2.03716993   3.        
 1.83935499 -5.55391693  1.53836095  2.        
 0.77055401 -0.96153998  0.389557    2.        
-7.25648499 11.8511734   4.93930006  3.        
  2.1245501  -12.08432007   1.55450404   2.        
 6.12295485 10.14368439  0.33187899  4.        
1.539276   7.59934187 0.38064599 4.        
-12.49272919  13.54750824   1.52502406   3.        
10.58286953  9.71135712 -3.93435693  4.        
-12.75415039  13.55056      2.01797509   3.        
-12.64190674  11.54001617   4.9717412    3.        
 4.8110199   9.85269165 -1.004089    4.        
 1.81234002 -4.62049913  1.60299695  2.        
-0.72790498  7.54017591  0.072327    3.        
-6.82238007 11.56349182  5.5473938   3.        
-13.58425903  13.56376553   2.13787794   3.        
 1.06752801  2.63586402 -0.49948099  2.        
13.97780609  8.76525879 -5.24914598  4.        
1.49150097 1.04454803 0.21539301 2.        
-4.06047106 10.58094788  1.55758703  3.        
-9.0916748  12.47380066  3.30984497  3.        
13.15825653  9.30250645  0.084564    4.        
 2.09610009 -3.70670295  0.67434698  2.        
-6.27027082 11.08071899  0.20343     3.        
-17.43929291  10.94742584   3.3088069    3.        
-10.5976181   12.14691925   4.68637085   3.        
-13.85163879  12.46781921   4.04742384   3.        
-14.28927612  12.73821259   4.21334791   3.        
-6.40940094 11.62203979  2.58102393  3.        
-6.50031996 10.7381897  -0.60354602  3.        
 1.228104   -1.32067895  0.48925799  2.        
-2.09755707  9.91149902  1.89858997  3.        
12.86987305 10.12997437 -1.15808105  4.        
  3.2394259  -11.57092285   1.92675805   2.        
 1.30154395 -0.57348597  0.455322    2.        
-9.52546692 12.74121857  1.94589305  3.        
-16.82022858  11.59056091   3.84179711   3.        
-7.61656904 12.00970459  2.96228004  3.        
2.92653704 8.42004395 1.35730004 4.        
12.11767578  8.52920532 -4.4498601   4.        
 9.65198517 10.40857697 -1.19943202  4.        
0.35271499 4.70774078 0.88034099 2.        
 1.12353504 -2.14519501  0.301727    2.        
-0.07032     5.94900513  0.45480299  2.        
14.40987396  9.98470306 -2.31585693  4.        
0.899239   1.44194806 0.715698   2.        
 2.24320197 -9.83535004  2.27389503  2.        
-13.63780975  11.235466     4.79565382   3.        
 1.39318097  0.78934503 -0.43869001  2.        
-4.7616272  10.88145447  1.92038     3.        
-3.23497701 10.69477081  2.9120481   3.        
-8.20484161 12.02949524  0.94500703  3.        
 1.81937397 -5.84880781  0.820526    2.        
-7.16674805 11.81988525  2.52325392  3.        
4.87245178 9.50347137 2.3938899  4.        
-13.94265747  13.51602936   2.94799805   3.        
 5.58538103 10.16294098 -1.68035901  4.        
-10.15214539  12.70006561   3.64355493   3.        
 2.75048089  8.69230747 -1.26001     4.        
 1.44045997 -3.43592811  0.91775501  2.        
-15.1440506   12.82751465   3.92886305   3.        
1.28916895 6.09133101 0.45559701 2.        
-14.53708553  11.04161072   4.65142822   3.        
-14.08844757  11.59304047   5.07705688   3.        
17.61224365  7.84455109 -5.13543701  4.        
11.43087006 10.25675201  0.419617    4.        
10.99008942 10.47473145 -1.08187902  4.        
-3.81578803 10.64016724  2.43911695  3.        
 5.99161482 10.12601471  2.30325294  4.        
0.35047901 2.79411292 0.049805   2.        
2.35961199 7.86048889 1.38818395 4.        
 9.86772919 10.56324768  1.26098597  4.        
 8.46617126 10.39553833 -2.0627141   4.        
-8.03173828 12.11520386  1.56884801  3.        
-11.51843262  13.10608673   3.41650391   3.        
-6.99338484 11.55989838  0.71017498  3.        
16.02811432  9.20426178 -2.54675293  4.        
4.18306017 9.32015991 0.127716   4.        
 1.781021   -1.19041395  0.24902301  2.        
1.01339698 0.898323   0.31179801 2.        
-6.94593811 11.69073486  1.23468006  3.        
 1.65846205 -6.57849121  1.70211804  2.        
-12.11334991  11.6270752    5.0437932    3.        
 6.59892988 10.26024628 -1.22772205  4.        
16.9042511   8.96316528 -4.71136522  4.        
-16.7120285   10.94820404   3.60873389   3.        
 0.56699401  4.68449402 -0.25518799  2.        
 9.29384613 10.11417389 -3.4563899   4.        
 1.04846203 -0.52449799 -0.60229498  2.        
-8.04930115 12.22178555  4.09295607  3.        
1.44471002 7.41860199 0.74871802 4.        
 4.05010986  9.69400024 -1.01052904  4.        
-5.39492798 11.43225098  3.48632789  3.        
 1.76925695 -6.60672808  0.819794    2.        
16.50699615  9.21652985 -3.60150099  4.        
-5.54221296 11.66272736  4.86679077  3.        
5.47017717 9.89598846 0.32186899 4.        
17.38334656  8.41310883 -4.56686401  4.        
-9.08690643 12.54903412  2.51702905  3.        
-0.67527801  7.2128911   0.467316    3.        
4.22810411 9.13095856 2.253021   4.        
11.63934326  9.02003479 -4.43182421  4.        
5.56321001 9.88941193 0.83337402 4.        
-3.33930206 10.9786911   3.612427    3.        
10.59316254 10.40182495 -2.17956495  4.        
  3.22474694 -11.15387726   2.07153296   2.        
 6.97690582 10.31752777 -1.43832397  4.        
 8.1949234  10.31880188 -0.63366699  4.        
3.70038605 8.38159943 2.309021   4.        
-5.87557983 11.68379211  4.05304003  3.        
-6.76738691 11.87792969  3.344666    3.        
 5.99412489 10.10022736  1.48452795  4.        
2.48646498 8.31301117 0.884399   4.        
-8.27488708 12.20671844  3.05853295  3.        
-8.77539825 12.3704834   1.41036999  3.        
-3.92421007 11.2957077   4.06793213  3.        
-13.15853882  12.91275024   4.10842896   3.        
-5.72020006 10.99074554  0.72668499  3.        
-4.30418396 11.03941345  3.12725806  3.        
-0.040314    6.67527819  0.016449    2.        
 2.69222999 -8.66913605  1.72872901  2.        
 4.86271715  9.60383606 -0.098053    4.        
-4.00269318 11.13977146  3.70025611  3.        
-5.20634508 10.80062866  0.70095801  3.        
 5.72930193  9.97181702 -3.20257592  4.        
-5.17440796 10.97312927  1.36615002  3.        
-5.90354919 11.51248169  2.68691993  3.        
  3.02872491 -10.21286774   1.94393897   2.        
3.30498505 8.54051971 1.69152796 4.        
-15.55638885  12.46604156   3.74359107   3.        
-9.04325867 12.25222015  0.65908802  3.        
-4.73779297 11.22026062  3.40683007  3.        
-6.37712908 11.81364441  3.33761597  3.        
 4.77804613 10.13486481 -2.70510888  4.        
 1.26512897 -2.76527405  0.55816698  2.        
-0.50293702  6.8793788   0.28332499  3.        
-5.02222395 10.63832855  0.37512201  3.        
-7.21742201 12.03694916  3.78533912  3.        
-16.9280014   11.20787811   3.81329298   3.        
-5.15765381 10.53424072 -0.46392801  3.        
-16.89919281  11.40635681   3.43225098   3.        
  2.52537489 -10.20389557   1.16165197   2.        
  3.41490197 -13.39762878   2.45196509   2.        
-10.3256073   12.22882843   5.01629591   3.        
-12.44268036  12.32182312   4.92038012   3.        
-14.75556183  12.99263763   3.35043311   3.        
 1.50347102 -0.18356299  0.34918201  2.        
 1.01594496  0.30777699 -0.247986    2.        
 1.52545905 -1.88863397  0.38247699  2.        
10.41734314 10.35574341 -1.56277502  4.        
-17.45969391  10.98478699   2.75241089   3.        
-12.80605316  12.116539     4.99459791   3.        
-0.999336    7.84978485  0.349792    3.        
13.59226227  9.84057617 -1.209656    4.        
 2.19539595 -6.5798111   1.89041102  2.        
  3.43650103 -12.78282928   2.80954003   2.        
 1.87008703 -7.30979204  2.15109205  2.        
13.95321655  9.69393158 -4.63812304  4.        
 2.06707001 -6.36535597  1.04217505  2.        
 1.50052595 -6.31025696  1.47268701  2.        
14.31763458  9.97122955 -3.53830004  4.        
 1.26842499 -4.16350603  0.51400799  2.        
 8.80284119 10.34022522 -1.31234705  4.        
-1.16919005  9.55394745  2.05487108  3.        
-16.00512695  12.57299805   3.36352491   3.        
 1.74566698 -2.31427002  0.736664    2.        
 0.27008101  2.15696692 -0.32818601  2.        
-13.47838593  11.97325134   5.00787306   3.        
-12.75753021  11.37667847   5.29974413   3.        
0.55221599 2.07288408 0.27917501 2.        
 8.51988983 10.32274628 -2.84503198  4.        
-9.81483459 11.30223846  5.68261719  3.        
17.35466003  8.19248962 -5.24346924  4.        
-14.73480225  12.16931915   4.14474487   3.        
 9.10606384 10.5756073   0.78634602  4.        
 1.948982   -4.01557922  1.11712599  2.        
0.58371001 2.9930799  0.62695301 2.        
2.7293551  7.83221388 0.361633   4.        
-12.82104492  13.53129578   2.44766212   3.        
 7.92184401 10.44354153  2.36654711  4.        
11.26774597  9.59153748 -4.04589796  4.        
-12.11489868  13.45635986   2.46209693   3.        
 2.73279595 -9.05222321  1.26443505  2.        
 1.62882996 -8.58213043  1.52566504  2.        
-13.40354156  12.76418304   3.81594896   3.        
12.24705505 10.17971039 -3.12982202  4.        
 2.25646996 -3.0182569   0.92218     2.        
 3.67869592  9.8939209  -2.12338305  4.        
 2.05818892 -8.86305237  1.35894799  2.        
 2.47942305 -9.02097321  2.18438697  2.        
3.62166595 9.01035309 0.195801   4.        
-15.36820984  11.69368744   4.19287109   3.        
 1.20540595  1.86253405 -0.495819    2.        
 2.88887    -9.83872223  1.97668505  2.        
-3.036865   10.43705654  2.278198    3.        
-16.08418274  11.07769775   4.45269823   3.        
 2.373276   -6.99865007  1.57809401  2.        
-9.50133514 12.63482666  2.93972802  3.        
1.36256397 1.40414405 0.73706102 2.        
  3.3988111  -12.22118378   2.27081299   2.        
 8.9719696  10.2780838  -2.78665209  4.        
-14.80217743  13.04940033   1.92724597   3.        
-0.1371      7.35772705  0.53405797  3.        
 0.745094    2.62149096 -0.305969    2.        
-2.04738593 10.27318573  2.54135108  3.        
 2.0125351  -4.35446215  0.62460297  2.        
 2.35121894 -8.23370361  1.38699305  2.        
 3.69232202  9.47929382 -0.69421399  4.        
-11.73713684  11.73792267   5.04928589   3.        
-3.24764204  9.82401276 -0.94238299  3.        
-15.09176636  11.29837036   4.88604689   3.        
 0.97589099 -3.00609589  0.56411701  2.        
 2.01293993 -5.14900208  0.76858503  2.        
-12.63124847  13.05474854   3.86157203   3.        
11.56656647 10.38728333 -0.42788699  4.        
0.38433799 7.05299377 0.404419   2.        
-5.20449781 11.53078461  4.11148119  3.        
 2.0915761  -9.33500671  1.48938     2.        
 1.86131299 -5.89695692  2.05544996  2.        
-9.34910583 12.13350677  4.96340895  3.        
 2.34696198 -5.36488295  1.24737501  2.        
13.2035141   9.72440338 -0.49862701  4.        
14.87602234  9.79084778 -2.99142504  4.        
-16.28702545  10.58869171   4.00424194   3.        
-2.88057709  9.66332245 -0.95462     3.        
 1.67457604 -2.60531592 -0.17315701  2.        
 1.35732305 -4.68514299  1.03561401  2.        
0.60346198 5.07303619 0.729523   2.        
-0.86665303  9.07485199  1.85974097  3.        
-15.87819672  11.81340027   4.31225586   3.        
-0.062538    5.07087708  0.14114401  2.        
 1.917961   -1.62503099  0.44232199  2.        
 1.13572705 -0.93694299  0.42666599  2.        
11.28756046 10.37778473 -2.71807909  4.        
  2.79870605 -10.71731567   2.23297095   2.        
 0.51889002  2.59387207 -0.61700398  2.        
 1.54888904  0.048737   -0.020996    2.        
0.84462702 3.51588392 0.29019201 2.        
 7.50554705 10.06039429 -3.65683007  4.        
15.28940582  9.00544739 -1.58337402  4.        
 1.77677095 -6.95117998  2.3848269   2.        
14.51647854  9.39859009 -1.43875098  4.        
10.22373962 10.53121185  1.17806995  4.        
13.77615356  9.41622162 -5.02059889  4.        
-1.83954597  9.06956482 -0.56439197  3.        
  1.98183405 -10.41995239   1.67981005   2.        
 0.40418199  5.44390917 -0.28219599  2.        
 8.22561646 10.35796356 -1.43695104  4.        
 1.88426995 -7.08647203  1.16085804  2.        
-17.37065125  11.41786957   2.50039697   3.        
12.34677124  9.43862057  0.87744099  4.        
0.84243798 2.5924449  0.25329599 2.        
  2.75118995 -12.42938614   1.65035999   2.        
-9.48517609 11.53703308  5.53362989  3.        
-16.94608307  12.57606506   2.80911207   3.        
 1.46900904 -7.8830719   1.52334595  2.        
12.03412628  9.95209503  0.713287    4.        
-6.67418718 11.87062836  4.419312    3.        
-16.47214508  12.77708435   2.53918505   3.        
  2.2415309  -10.86030579   2.04217505   2.        
-8.98406982 12.02722931  4.99615479  3.        
 7.477005   10.3238678  -3.27807593  4.        
 1.55345094 -2.00681305  0.90966803  2.        
-1.65673101  9.03787994  0.126251    3.        
 2.11554003 -6.9913559   0.70819098  2.        
15.87284088  9.48582458 -2.83810401  4.        
 1.60161602 -2.84688592  0.428711    2.        
11.79532623 10.34309387 -2.01571703  4.        
-9.97541809 12.7158432   3.24591088  3.        
16.02440643  9.52713776 -4.40084791  4.        
 1.26065099 -6.11348009  1.09777796  2.        
-10.16970825  12.67421722   1.10623205   3.        
-10.26702118  11.44205475   5.32855177   3.        
 9.05321503 10.42385864 -0.77609301  4.        
12.18509674 10.16283417 -0.15164199  4.        
-13.26857758  13.46782684   1.43884301   3.        
15.91858673  9.05712128 -5.58914185  4.        
 2.79957604 -8.30034637  2.12863207  2.        
1.28997803 2.15527296 0.12988301 2.        
-11.78437805  12.81947327   4.20779419   3.        
-11.65798187  12.09980774   5.12475586   3.        
12.63040924  9.44373322  0.58666998  4.        
 2.46369195 -7.40261793  1.77386498  2.        
 2.34252906 -8.35454559  2.14843798  2.        
 6.84137011 10.30768585  0.55160499  4.        
 0.56562001  2.10202789 -0.70223999  2.        
-15.45820618  12.00849915   3.78002906   3.        
 1.61413598 -0.487656   -0.013092    2.        
13.50353241  9.16309357 -0.168091    4.        
 2.39962006 -6.58848619  1.59539795  2.        
 8.83448029 10.11125183 -3.58007789  4.        
13.63677979 10.48712158 -2.74792504  4.        
13.89018154 10.06475067 -2.16632104  4.        
 0.087234    3.52446008 -0.456146    2.        
 1.39251006 -6.92867279  1.23663294  2.        
-13.74516296  12.92076111   3.67062402   3.        
-17.62126923  11.38965607   3.20074511   3.        
15.53206635  9.70723724 -4.52062988  4.        
-9.79601955 12.74090576  1.47622705  3.        
 1.88429999 -7.87666321  1.94885194  2.        
1.255463   2.93650103 0.15573099 2.        
-16.97227478  12.39358521   3.22555494   3.        
-0.26313001  5.66135406 -0.076782    2.        
1.127388 0.111763 0.664307 2.      
 4.14853716  9.93045044 -2.44580102  4.        
  3.23487091 -10.50061798   2.22622705   2.        
-12.94364166  12.72218323   3.803406     3.        
-8.09541321 11.64736938  0.089569    3.        
 6.35950518 10.01088047 -0.39324999  4.        
 1.17032599 -3.41753411  0.42627001  2.        
-16.85675049  11.93306732   3.75546288   3.        
 2.09367394 -8.08275604  1.64624     2.        
1.52179003 6.85877991 0.22238199 4.        
 1.52294195 -1.01549494 -0.333038    2.        
 0.96894801  6.71708679 -0.128784    2.        
-10.91381836  12.34342957   0.32815599   3.        
-0.25041199  7.00240278  0.066864    3.        
 1.59424603 -3.71580505  0.38479599  2.        
1.11870599 6.52005816 0.83053601 2.        
 1.50245702 -1.65841699 -0.213898    2.        
-2.06913805  9.35526276  0.13195799  3.        
 2.65251207  8.12970734 -0.10144     4.        
 2.86690497  9.22013092 -1.75460804  4.        
-12.59618378  12.58615875   3.94012499   3.        
-14.49723053  12.63874817   3.88720703   3.        
  2.22126007 -10.26676941   2.05984497   2.        
14.67794037  8.7909317  -5.52679396  4.        
10.22266388 10.38819122  1.69928002  4.        
-7.23858595 10.71340942 -0.52069098  3.        
14.79340363  9.87216187 -4.09295607  4.        
-15.80360413  13.08964539   2.42276001   3.        
-15.69060516  11.05310822   4.65798998   3.        
 6.12468004 10.11112213  0.72817999  4.        
 0.96886402  4.33602095 -0.058807    2.        
 8.65270996 10.5973053   1.94876099  4.        
1.34970105 7.58035994 0.072754   4.        
 5.35103607  9.95508575 -3.11651611  4.        
-8.70636845 12.38031769  3.77023292  3.        
-15.93422699  10.71879578   4.227386     3.        
-11.25009918  12.26408386   5.01763916   3.        
17.29867554  8.33337402 -3.28503394  4.        
 2.1153791  -8.893013    2.29827905  2.        
17.73669434  7.67122698 -4.74816895  4.        
-15.5526886   13.1553421    3.26309204   3.        
-10.8375473   11.30553436   5.59341383   3.        
15.84873962  9.58250427 -3.39593506  4.        
13.03158569  9.51142883 -4.60583496  4.        
-2.17899299 10.65245819  3.29681396  3.        
 1.58620501 -7.67936707  1.00472999  2.        
13.40529633  9.24489594 -5.00247192  4.        
 6.95603895 10.39002228 -2.9181819   4.        
 2.06314111 -9.50382233  2.04031396  2.        
-2.54260302 10.84589386  3.83047509  3.        
 0.36231199  3.34822106 -0.64727801  2.        
14.15727997  9.15212345 -5.39071703  4.        
-12.27493286  13.29919434   1.01767004   3.        
-15.12322235  13.37227631   2.71038795   3.        
-12.66175842  12.27370453   4.56234694   3.        
 3.88013506  9.4645462  -2.23745704  4.        
 1.05849504  2.61413598 -0.140259    2.        
 9.64052582 10.58633423  0.246857    4.        
10.92584229 10.32453156 -2.87414598  4.        
-5.85244799 11.60788727  4.61440992  3.        
-8.83074856 11.373909    5.63586378  3.        
 0.248596    6.16966295 -0.167145    2.        
-6.92038679 11.78443909  4.99920607  3.        
 2.26851702 -8.63131046  1.132568    2.        
 1.23594701 -3.07775092  0.34597799  2.        
-14.83670044  12.06011963   4.63452101   3.        
11.54902554  9.41650391 -4.20785522  4.        
15.38912201  8.67670441 -5.70077515  4.        
  3.04059601 -12.46086502   2.85150099   2.        
-4.5115509  10.26397705 -0.619537    3.        
 0.99638402 -0.390358   -0.175659    2.        
 1.99840605 -7.90924788  1.13562     2.        
  3.2220459  -11.22762299   1.28942895   2.        
-1.05558801  8.53117371  0.164185    3.        
 2.04553199 -6.70964813  1.01767004  2.        
15.99559021  9.50743103 -4.80133104  4.        
 6.93170881 10.13562012 -0.72857702  4.        
 1.53349304 -8.09173584  1.22775304  2.        
-15.4756012   12.90953064   2.14532495   3.        
 2.02098107 -4.96247911  0.36776701  2.        
  2.71944404 -11.66748047   2.46304297   2.        
15.44022369  9.42518616 -2.13690209  4.        
 6.78600311 10.3349762   2.31787109  4.        
-14.51929474  13.50067902   2.3943181    3.        
 9.92874146 10.36499786  1.96914697  4.        
-1.61606598  9.03287506  0.80044597  3.        
 2.0223999   7.95581818 -0.33816499  4.        
  2.38847303 -12.40036774   2.41668701   2.        
13.10322571 10.26859283 -2.7507019   4.        
-14.53083801  12.46330261   4.38223314   3.        
17.32917023  7.35694122 -5.57736206  4.        
 9.92280579 10.37976837 -2.09643602  4.        
15.82019043  9.58986664 -3.79333496  4.        
10.46219635 10.34731293 -2.65866089  4.        
14.92588043  9.49668121 -1.81396496  4.        
9.59930003e-01 4.95262194e+00 2.04499997e-03 2.00000000e+00
-1.07791102  9.27759647  2.42752099  3.        
13.67095947  9.27902985 -0.534302    4.        
 2.61308289 -7.73795319  2.02502394  2.        
 0.91223103  0.41065201 -0.56457502  2.        
2.14525604 7.67995501 0.107697   4.        
 1.68172503 -4.41964006  0.52423102  2.        
 0.65872198  1.60478199 -0.27474999  2.        
 1.23735094 -3.96682692  0.92163098  2.        
-16.17781067  12.89853668   2.41540504   3.        
 1.82364595 -3.51174212  0.76370198  2.        
 1.71784997  0.65332001 -0.13797     2.        
  2.73813605 -11.04821777   1.53961205   2.        
-10.09239197  12.46924591   4.66641188   3.        
 0.69026202 -0.26367199  0.269012    2.        
  3.24905396 -12.76348114   2.08544898   2.        
-0.044868    7.39319611  0.92736799  3.        
-13.96461487  12.86754608   4.1340642    3.        
-4.99920607 11.56534576  4.74639893  3.        
-10.64707184  11.92863464   4.94320679   3.        
-17.39430237  12.00588226   2.66171288   3.        
-17.69392395  11.01216888   3.03228807   3.        
-14.33245087  12.96772766   3.55194092   3.        
-16.05028534  11.89017487   3.82543898   3.        
-10.46353912  12.9105072    1.45977795   3.        
-11.28713989  12.75708008   0.79812598   3.        
-17.46925354  10.88539124   2.32583594   3.        
-11.63030243  13.31946564   2.63076806   3.        
-12.16932678  13.44792938   1.41940296   3.        
-10.71434784  12.46360016   4.75543213   3.        
-13.68979645  13.46034241   1.48501599   3.        
 1.61942303 -3.08193207  0.91418499  2.        
-13.58428955  12.6263504    4.4803772    3.        
-0.013954    7.17208099  0.239288    3.        
  3.32403588 -12.25940704   1.88726795   2.        
 1.63120997 -9.17545319  1.15109301  2.        
-2.7731781   9.94462585  1.309448    3.        
 3.12857103  9.12570858 -0.57324201  4.        
  2.90492296 -11.35072327   2.36450195   2.        
 7.87930298 10.5368576   1.97570801  4.        
 1.06576502 -1.56240106  0.26519799  2.        
0.98970002 1.63462102 0.44281    2.        
 6.85929108 10.0603714  -3.55160499  4.        
 1.48081195 -4.78247118  0.65695202  2.        
-11.8175354   13.05116272   0.967834     3.        
 2.02316999 -6.9932332   1.83941698  2.        
3.62039208 9.02966309 0.57608002 4.        
-9.37234497 12.37585354  4.49877882  3.        
 1.48201001 -4.37380981  1.14941394  2.        
-3.93666792  9.97284698 -0.93347198  3.        
-11.66943359  12.64752197   4.54742384   3.        
-7.572052   11.79890442  5.10736084  3.        
-8.39245605 11.79576874  5.22671509  3.        
-2.71579695  9.82926941  0.88085902  3.        
12.69565582  9.61976624 -4.23706102  4.        
-13.08744812  11.57788754   4.91497803   3.        
-12.53574371  11.78240204   5.19210815   3.        
  3.1778791  -11.63155365   1.60278296   2.        
1.80736494 6.92510986 0.550385   4.        
-13.20240021  12.20391846   4.55740404   3.        
 6.3314209  10.22194672  1.66442895  4.        
-12.42471313  13.4589386    2.6872859    3.        
 1.82864404 -6.413414    2.07495093  2.        
 8.12303925 10.41689301 -0.32192999  4.        
14.68490601  9.11685181 -1.31719995  4.        
-13.04532623  13.27601624   1.28027296   3.        
0.41494799 3.33807397 0.225494   2.        
 1.26944005  1.23943305 -0.12524401  2.        
-15.68262482  13.1729126    2.95581102   3.        
 1.60529304 -7.22223711  1.46447802  2.        
-0.65713501  8.35518742  0.84310901  3.        
15.09026337  9.87369537 -3.86724901  4.        
0.69543499 4.0737462  0.342163   2.        
11.76560974 10.36219025 -2.71307397  4.        
-15.80287933  12.50915527   3.97390795   3.        
4.48652697 9.49760437 1.820526   4.        
17.74854469  7.1855998  -5.25900316  4.        
0.70578003 4.5305562  0.38540599 2.        
-10.74362183  12.77838898   3.87042189   3.        
-13.59793091  12.11745453   4.58944702   3.        
 1.83410597 -3.71079993  1.18454003  2.        
11.85428619  9.62088013 -4.05462694  4.        
-13.77700806  11.70298767   5.11319017   3.        
-14.56704712  13.47124481   2.85528588   3.        
14.77536011  9.91126156 -2.41809106  4.        
 9.26835632 10.6151886   1.33233595  4.        
-2.13758898  9.31587982 -0.47851601  3.        
  2.59770203 -10.10026646   2.46511793   2.        
 2.46156311 -9.60608673  2.45214796  2.        
12.73180389  9.0394516  -4.64117384  4.        
 9.7436142  10.50163269 -0.891846    4.        
 9.37731934 10.56286621 -0.43344101  4.        
12.80545044  9.94228363 -0.40090901  4.        
 2.17880297 -6.21686506  1.76315296  2.        
-11.69417572  11.34616089   5.16244507   3.        
11.65766144 10.05915833 -3.39517212  4.        
16.34287262  9.0936203  -5.27435303  4.        
 1.780846   -2.02844191 -0.248962    2.        
-12.16293335  12.59526825   0.76159698   3.        
-17.13329315  11.02464294   3.631531     3.        
0.89646101 6.47640991 0.24655201 2.        
0.390221   5.52661085 0.61959797 2.        
-11.37038422  11.76348114   5.33422899   3.        
-8.75762177 12.24664307  4.47903395  3.        
-9.64818573 12.77702332  2.24838305  3.        
17.34828758  8.42887878 -5.01568604  4.        
-9.72353363 12.61146545  3.60623193  3.        
-10.39836121  12.92871094   3.04040504   3.        
11.38834381 10.04408264  1.119537    4.        
-15.45534515  12.99430847   3.61437988   3.        
 4.89841509 10.16989899 -1.93246496  4.        
 2.41934991 -7.12343597  2.18060303  2.        
 0.91326898  3.23644996 -0.293091    2.        
 1.25062597  1.89849901 -0.069733    2.        
15.36724091  9.74771118 -2.75433302  4.        
 6.11725616 10.21990204 -1.526245    4.        
-9.77122498 12.74567413  2.79132104  3.        
 5.77713013 10.06364441 -0.93078601  4.        
 6.3893199  10.18157959  2.43545508  4.        
-1.32048798  8.78422546  0.69937098  3.        
 2.20881701 -4.64682817  0.362762    2.        
 1.41409302  0.83119202 -0.019318    2.        
-12.38975525  13.36277771   3.0865171    3.        
12.86273956  9.57118988  0.203339    4.        
 9.19382477 10.56707001 -0.073273    4.        
-3.29166389 11.12081146  3.96624804  3.        
 2.7392199   9.32205963 -1.40148902  4.        
  3.06044006 -11.85761261   1.28622401   2.        
-2.37333703 10.63101959  3.01791406  3.        
 0.78659099  5.3711009  -0.191223    2.        
-9.78598785 12.44514465  0.63427699  3.        
 1.04964495 -2.39200592  0.006714    2.        
 1.46512604 -1.35998499  0.82318097  2.        
-12.07329559  10.954422     4.96524096   3.        
0.95523798 0.14402001 0.32171601 2.        
 0.477386    0.73509997 -0.31085199  2.        
 2.23324609 -4.58718109  1.01623499  2.        
 2.09910607 -7.4642868   1.19345105  2.        
 7.06472015 10.28797913 -0.104248    4.        
 1.72975194 -5.84020185  1.76480103  2.        
0.438072   2.90231299 0.342316   2.        
-14.87366486  13.0762558    3.73821998   3.        
 2.20377398  8.5696106  -0.82553101  4.        
-2.15914202  9.67887115  1.39651501  3.        
16.2883606   8.79486847 -2.36794996  4.        
15.4941864   9.76338959 -3.96517897  4.        
 5.57992506 10.07305145 -2.63064599  4.        
-12.30574799  12.76679993   4.40689087   3.        
 5.98679399 10.35914612 -2.82418799  4.        
 1.215698   -5.50850677  1.13513196  2.        
2.03404188 7.95456696 0.69851702 4.        
-0.60162401  8.58222198  1.42291296  3.        
 3.91455102  9.39659882 -0.35003701  4.        
 8.60227966  9.27764893 -4.1305542   4.        
 1.86690497 -2.88546705  0.84292603  2.        
-4.55470991 10.51023102  0.63497901  3.        
10.86802673 10.43750763  0.070526    4.        
-2.70436907 10.10646057  1.68008399  3.        
-14.05416107  13.04954529   1.61810303   3.        
 0.80878401  0.99102801 -0.53741503  2.        
-15.78450012  10.98222446   4.33566284   3.        
 2.84039307 -9.49703979  1.78137195  2.        
 0.36485299  3.79463196 -0.28451499  2.        
-12.43251801  13.17823792   3.5995791    3.        
-12.14738464  12.5497818    4.71191406   3.        
 7.39707994 10.38883209  0.73883098  4.        
 4.81021118 10.00131989 -1.52395594  4.        
-11.36234283  13.33479309   2.19787598   3.        
 5.35831404 10.03053284 -1.37560999  4.        
-11.28560638  12.96354675   3.60290504   3.        
-9.3585434  12.55280304  3.50100708  3.        
-6.34918213 10.36908722 -0.639893    3.        
 2.23002601 -9.93539429  1.23458898  2.        
 7.39874983 10.08742523  2.52056909  4.        
0.73069    0.36578399 0.019745   2.        
5.34741211 9.90882874 2.10491896 4.        
 4.47757006  9.724823   -0.80667102  4.        
17.35651398  7.20427704 -5.19793701  4.        
 7.60634613 10.38738346  2.36700392  4.        
-1.664711   10.13854218  2.59286499  3.        
0.23826601 6.63576508 0.193817   2.        
16.94376373  8.85276794 -3.51455688  4.        
 1.98605299 -2.43136597  0.52810699  2.        
-8.27997589 12.29357147  2.34600806  3.        
-11.43283081  12.83735657   4.01119995   3.        
 9.78419495 10.29895782 -2.5744319   4.        
 1.41180396 -2.16673994 -0.214966    2.        
-17.27088165  11.63100433   2.71661401   3.        
-14.84326172  13.37786102   2.19128394   3.        
-16.80670929  10.52293396   3.97988892   3.        
-16.07875061  12.79763031   3.5779109    3.        
 3.9425199   9.98873138 -1.75726295  4.        
-3.48928809 10.32032776  1.20584095  3.        
3.50216699 8.92020416 1.12429798 4.        
5.39880419 9.63697147 2.5592041  4.        
-6.4724431  11.54363346  1.49746704  3.        
-8.37613678 11.2833786   5.71966505  3.        
 1.76988995 -6.87763214  1.50421095  2.        
-15.53240967  12.80948639   3.33004808   3.        
  2.55242896 -11.72396088   1.79464698   2.        
 2.09300995 -5.68656921  0.579956    2.        
 5.67158508 10.03804016  1.68618798  4.        
-8.30854034 11.98001099  4.86444092  3.        
13.57229614 10.09470367 -3.90261793  4.        
-11.87484741  12.09522247   4.78256178   3.        
16.40011597  9.14221191 -2.93902612  4.        
 3.24128008  9.68696594 -1.65435803  4.        
 2.34418511 -5.17206621  1.82479894  2.        
-10.40455627  12.98727417   2.63836694   3.        
-10.21297455  12.94036102   1.98202503   3.        
 2.57641602 -9.98434544  1.834167    2.        
  2.47230506 -11.99980164   2.74655104   2.        
-11.89596558  13.09443665   3.62341309   3.        
 7.9595952  10.25927734 -0.98294097  4.        
 0.21157099  2.92682695 -0.20855699  2.        
 7.31352997 10.29946899 -1.11370802  4.        
 1.18849194 -1.83654797  0.49578899  2.        
-17.41301727  11.27928925   3.41180396   3.        
 2.56893897  8.99632263 -0.68151897  4.        
 1.46259296 -5.16885424  1.20227098  2.        
-10.36241055  11.0606308    5.39028883   3.        
13.26758575 10.08899689 -1.71408105  4.        
 9.10426331 10.35124969 -1.62655604  4.        
-15.31104279  11.34009647   4.46932983   3.        
-5.23134613 10.31204224 -0.67562902  3.        
1.92053199 7.45982409 0.132568   4.        
 1.02137804  5.67190599 -0.077789    2.        
1.57516503 7.82987213 0.016663   4.        
-12.8397522   12.40020847   4.33496094   3.        
-17.64389801  11.57257843   2.52740502   3.        
 1.93695104 -8.68389893  1.58804297  2.        
-4.1043849  10.27828979 -0.168121    3.        
5.3213501  9.80366516 1.14147902 4.        
 0.95184302  0.843422   -0.112305    2.        
 2.64434099  8.76243591 -0.14520299  4.        
-17.21485138  10.73921967   3.06518602   3.        
 2.58248091 -6.64365387  1.84564197  2.        
10.92115021 10.38243866  0.82531703  4.        
-14.41061401  12.03570557   4.41201782   3.        
-10.81355286  12.93841553   1.24685705   3.        
 2.23432899 -3.88787103  1.14828503  2.        
 6.60251617 10.22298431  0.231934    4.        
-17.79576874  11.14095306   2.50555396   3.        
15.46047974  8.73461914 -1.467224    4.        
 3.04508209  9.43225098 -1.90240502  4.        
-0.99180597  8.56807041  0.76361102  3.        
2.75466895 8.62486267 0.256989   4.        
4.97254896 9.71111298 0.96258497 4.        
-3.590271   10.15394592  0.030853    3.        
 1.54033697 -0.14556099 -0.403137    2.        
 0.094795    3.49049401 -0.111664    2.        
-9.38477325 12.56611633  1.20755005  3.        
-0.115372    4.97973585 -0.256226    2.        
 8.55673981 10.56531525  0.76757801  4.        
 0.68168598  1.24446905 -0.17569     2.        
-3.24937391 10.04997253  0.354736    3.        
0.373032   4.26544189 0.35888699 2.        
-3.36310601 10.1812973   0.93490601  3.        
 7.08407593 10.43916321  1.74078405  4.        
-0.94554901  8.08574677 -0.30117801  3.        
14.17362976 10.03413391 -2.51452589  4.        
1.04103804 6.21054077 0.79904199 2.        
 6.68526506 10.32940674  1.68652296  4.        
17.10482025  8.50808716 -3.106812    4.        
16.94441986  8.41113281 -5.54949903  4.        
12.70919037 10.26457977 -2.12149096  4.        
  2.50237298 -10.03401184   1.44934106   2.        
-10.93606567  12.59072876   4.55755615   3.        
-11.91407013  13.45290375   2.1317749    3.        
-14.30007935  10.86196136   4.47021484   3.        
1.516693   0.68671399 0.38247699 2.        
-14.04222107  12.32574463   4.68862915   3.        
 5.0483551   9.83128357 -0.788513    4.        
-7.35936022 11.90352631  2.17700195  3.        
 0.70558202  2.87762499 -0.57022101  2.        
 1.728706   -5.18292189  1.89050305  2.        
 1.56876397 -4.08737183  0.53933698  2.        
 1.98423004 -8.51680756  2.15591407  2.        
-6.15028381 10.67037964 -0.442505    3.        
-8.30242157 12.24523163  1.66003394  3.        
 7.7700038  10.45490265  0.76724201  4.        
-16.20505524  12.45663548   3.84610009   3.        
-11.71754456  13.18973541   1.29400599   3.        
-1.28504205  8.69171906 -0.27023301  3.        
-16.34310913  12.36313629   3.40637207   3.        
-5.29520416 11.63088226  4.68014479  3.        
-7.21195984 11.17365265 -0.290741    3.        
-13.32756805  13.19536591   3.7723999    3.        
-9.96859741 11.69819641  0.193268    3.        
-5.38698578 11.11676788  1.846313    3.        
3.81542993 8.8870697  1.99706995 4.        
  3.30879211 -11.75025177   2.30755591   2.        
-12.97744846  12.76488495   4.34887695   3.        
 2.1360631  -2.90013099  0.30874601  2.        
17.67653656  7.71209717 -4.05734205  4.        
 1.67712402 -5.08031511  0.45944199  2.        
1.07557702 5.50040388 0.37902799 2.        
 8.11354065 10.03624725 -3.67031908  4.        
-5.58084106 11.53436279  5.14565992  3.        
-10.50667572  12.49333191   0.415039     3.        
-13.33069611  11.21104431   4.82327318   3.        
-10.65588379  11.32867432   5.34149218   3.        
-17.09615326  11.5650177    3.25430298   3.        
-14.73217773  13.25191498   3.518677     3.        
 2.03326392 -5.06786299  1.362885    2.        
-7.6459198  11.97127533  1.57162499  3.        
-16.41288757  11.83349609   3.67089796   3.        
  3.18888092 -11.41783142   2.24011207   2.        
2.15152001 8.25919342 0.26968399 4.        
-13.01925659  12.97019196   3.50820899   3.        
17.6335144   8.04788971 -4.54208422  4.        
-6.9393158  11.76350403  2.72396803  3.        
 2.11365509 -3.97689104  0.85916102  2.        
-7.27151489 11.94622803  4.53048706  3.        
-1.41166699  9.26551819  1.36319005  3.        
 1.45338404 -2.17845893  0.30639601  2.        
 9.35140991  9.84946442 -3.87707496  4.        
 9.68152618 10.38375854 -1.90506005  4.        
 2.28447008 -7.17841291  1.89041102  2.        
 3.62188005  9.19786835 -0.30773899  4.        
10.59409332  9.93335724 -3.66290307  4.        
-13.50545502  13.11611176   3.29598999   3.        
 8.91860199  9.79860687 -4.00775194  4.        
-1.85065496  9.19308472  0.35409501  3.        
 1.24233305  0.630463   -0.222748    2.        
 1.95399499 -2.60167694  0.92297399  2.        
-6.01974487 11.69070435  3.40676904  3.        
-16.65020752  12.74337006   2.8283689    3.        
 2.15130591 -6.03972578  0.99688703  2.        
-4.24011993 10.67475891  1.89303601  3.        
13.41114044 10.19045258 -2.70584106  4.        
 9.2131424  10.20951843 -3.125458    4.        
3.13895392 8.78829956 0.77404797 4.        
12.86127472 10.19126129 -1.60339403  4.        
-10.88317108  13.11640167   2.70468092   3.        
-2.99720812 10.75814056  3.09539795  3.        
 6.6367259  10.41067505 -2.55844092  4.        
15.2926712   8.96770477 -5.70849609  4.        
 9.93964386 10.02235413 -3.59216309  4.        
 6.53618622 10.31626892 -1.876495    4.        
5.08690596 9.75498962 2.05673194 4.        
-15.28054047  11.7210083    4.65405321   3.        
-3.0798111  11.12732697  4.18862915  3.        
 6.00773621 10.1590271   1.86187696  4.        
 0.95846599 -3.90419006  1.03155506  2.        
  3.34923506 -10.95848846   2.34649706   2.        
15.02493286  9.03276062 -1.43173206  4.        
-12.76409912  12.65101624   4.5559082    3.        
0.82457697 5.54714203 0.72692901 2.        
15.25759125  9.71349335 -2.46734595  4.        
-5.64746094 11.10638428  1.10299695  3.        
12.53561401 10.28845978 -2.39895606  4.        
-4.55449677 10.90219879  2.26083302  3.        
 2.03027296  8.50378418 -0.366119    4.        
 1.15756202 -3.67205095  0.91143799  2.        
13.34955597 10.21164703 -3.60992408  4.        
-4.35173798 10.34529877  0.16085801  3.        
 7.72949982 10.44802856  0.27230799  4.        
-3.98680091 10.4768219   1.12564099  3.        
-6.67510986 11.5483551   1.152161    3.        
11.06001282  8.98880005 -4.43356323  4.        
-6.56260681 11.83913422  3.6912539   3.        
12.34421539  9.92360687 -3.65725708  4.        
 6.18363905 10.40023041 -2.59451294  4.        
-13.92646027  13.31285858   3.61880493   3.        
 0.61388397  1.75382996 -0.537323    2.        
 1.32571399  0.27724499 -0.19967701  2.        
 1.74765003 -3.37367296  1.02786195  2.        
-5.32032013 11.35544586  3.04980493  3.        
-10.19434357  11.71687317   5.43923998   3.        
-5.36148119 10.70254517 -0.143433    3.        
 0.84750402  6.07506609 -0.140991    2.        
  2.44120002 -10.52701569   1.30847204   2.        
-0.143066    4.81005096  0.35003701  2.        
 7.25145006 10.39611053 -2.15817308  4.        
-6.17173004 11.70196533  5.27572584  3.        
4.15871382 9.40369415 1.06732202 4.        
 5.11609697  9.68659973 -2.94821191  4.        
 1.82321894 -2.37772393  0.1698      2.        
12.2279892  10.33216858 -1.34707606  4.        
-6.37094879 11.71148682  5.02056885  3.        
-15.42680359  12.28439331   4.24282789   3.        
2.58575392 8.47849274 0.50598103 4.        
14.02635193  9.34180546 -5.19152784  4.        
 8.35112    10.54317474  0.54391497  4.        
 7.40574694 10.48342896  1.67468297  4.        
-17.18870354  12.3914566    2.80758691   3.        
-7.82988691 12.21804047  3.58508301  3.        
11.41739655  9.77349854  1.30221605  4.        
-7.59317017 11.86273956  1.14263904  3.        
15.23477936  9.75528717 -4.56543016  4.        
-14.81355953  11.43213654   4.94586182   3.        
3.23580909 8.78187561 1.07363904 4.        
  2.7597661  -12.04406738   2.5249331    2.        
-7.7539978  11.42438507 -0.215363    3.        
 7.75624084 10.48117828  1.35055494  4.        
-4.75334883 10.74481201  1.09793103  3.        
10.82992554 10.21115112 -3.16610694  4.        
-11.98636627  12.42520142   4.2878108    3.        
13.61849213 10.12860107 -2.36144996  4.        
-17.49159241  10.4432373    2.50802588   3.        
-14.77692413  11.5713501    4.5652771    3.        
17.1268692   8.70915222 -3.99169898  4.        
 8.6058197  10.4522171   2.21182203  4.        
1.03849006 7.11383104 0.21585099 2.        
 1.75544    -1.98382604  0.62255901  2.        
12.47077942  9.11628723 -4.50634813  4.        
 1.59939599 -2.80977607  0.038391    2.        
-1.65446496  8.66384888 -0.69546503  3.        
11.65428925 10.42369843 -0.71624798  4.        
-7.87577105 12.11867523  2.20880103  3.        
-4.01570892 10.85133362  2.90576196  3.        
-17.38374329  12.02129364   3.10510302   3.        
-11.20909119  12.18212128   4.70550489   3.        
 6.02115583 10.3374176  -2.16357398  4.        
15.71652985  8.61818695 -5.71646118  4.        
-13.23631287  13.48139954   2.97781396   3.        
 1.78406501 -2.00591993  0.07193     2.        
-16.58078766  12.63773346   3.390625     3.        
-8.83269501 12.49537659  1.84127796  3.        
 8.61643982 10.25244904 -3.2315371   4.        
-5.63405609 10.81622314  0.160675    3.        
 1.40218401 -3.26242089  1.21957397  2.        
 9.33608246 10.54141235  1.938995    4.        
 1.27137804 -0.89560699 -0.14456201  2.        
-15.56101227  12.78610992   3.80722094   3.        
1.17859697 7.11089277 0.59173602 2.        
-12.29510498  12.55883026   3.956177     3.        
-9.4584198  11.93310547  0.061676    3.        
15.11270142  9.26008606 -1.69567895  4.        
 1.24614704e+00  6.65458679e+00 -3.66199994e-03  2.00000000e+00
-0.057442    6.37208605  0.039185    2.        
1.85450006 7.66324615 1.00445604 4.        
 9.8655014  10.57622528  0.46160901  4.        
10.30871582 10.50654602  0.44836399  4.        
 1.43943    -7.5831151   1.50143397  2.        
0.42961901 3.82868195 0.68277001 2.        
-13.91768646  11.5203476    4.82968092   3.        
0.157295   6.11434221 0.56466699 2.        
  3.17168403 -10.85707855   2.08807397   2.        
14.27971554  9.11113739 -0.943573    4.        
4.70017195 9.61360168 1.38055396 4.        
  2.32084703 -10.13057709   2.342834     2.        
 0.77277398  0.63840503 -0.243561    2.        
-3.04882097  9.91044617 -0.125183    3.        
13.28224945  9.71936035 -4.52380419  4.        
13.99345398  9.42794037 -0.97164899  4.        
10.23958588  9.13150024 -4.37564087  4.        
-7.1544652  11.97335815  3.34674096  3.        
13.91485596 10.0745697  -3.45016503  4.        
-8.21020508 11.87728119  0.39300501  3.        
4.79961395 9.10984802 2.61325097 4.        
-3.46970391 10.65795898  2.72637892  3.        
-5.05359697 11.03276825  2.15203905  3.        
 0.40729499  2.45848107 -0.22430401  2.        
 6.30800581  9.77060699 -3.38711596  4.        
-7.34375    11.93490601  2.85815406  3.        
-10.17708588  12.10863495   0.197662     3.        
 7.60083008 10.38826847 -2.92956495  4.        
-17.7000351   11.05162811   2.22561693   3.        
-4.60066986 10.98667908  2.54717994  3.        
12.20565033 10.33805084 -1.64987195  4.        
-5.8517909  11.28768921  1.57800305  3.        
-14.45088959  13.45343781   3.13546705   3.        
12.19752502  9.68452454  0.96685803  4.        
14.71166992  9.88349915 -3.58508301  4.        
3.58907294 8.92814636 1.42849696 4.        
-8.38442993 12.3367691   3.78930712  3.        
  2.58150506 -12.48851395   2.06570411   2.        
-5.94487    10.89828491 -0.011108    3.        
-3.82933807 10.10743046 -0.65802002  3.        
17.3142395   8.42980957 -3.57760596  4.        
-11.17442322  13.21678162   1.73770106   3.        
-15.42107391  11.08830261   4.78738403   3.        
17.13857269  8.68308258 -3.69201708  4.        
-15.85265446  12.1109848    3.87817407   3.        
-6.94496918 11.43067932  0.39938399  3.        
 8.213974    9.83178711 -3.94781494  4.        
12.62322998 10.16512299 -0.84622198  4.        
-6.06184387 11.43837738  2.05499291  3.        
-8.7345047  12.29399109  1.12234497  3.        
-0.59299499  8.03342438  0.40945399  3.        
 2.42437005 -7.96485901  2.12918091  2.        
-2.08711195  9.39213562  0.847839    3.        
-14.6604538   12.96186066   3.94567895   3.        
2.8573761  8.17816925 1.52188098 4.        
 1.21223497 -2.58031511  0.327209    2.        
-14.21237183  11.54459381   4.77041578   3.        
-6.88105822 11.9682312   4.08514404  3.        
-13.10466003  13.28530121   3.56985497   3.        
-16.36247253  11.63908386   4.11343384   3.        
-3.89318109 10.33126068  0.55029303  3.        
-7.3816452  12.02258301  3.14956689  3.        
-16.62895966  12.11067963   3.83819604   3.        
-12.51023865  11.26557922   4.96878099   3.        
-3.47456408 10.42334747  1.92001295  3.        
-5.80389404 11.62918854  3.61084008  3.        
-13.71032047  12.40719604   4.69381714   3.        
-1.33669305  8.34473419 -0.31927499  3.        
0.80532098 2.2947619  0.268677   2.        
-11.57806396  12.33694458   4.95861816   3.        
 5.14293718 10.01558685 -2.66717505  4.        
-0.230667    6.52028704 -0.36160299  2.        
16.59461975  8.92282867 -2.81970191  4.        
-15.93926239  11.29118347   4.15856886   3.        
0.53990197 2.63072205 0.21575899 2.        
11.1441803  10.38202667 -1.84432995  4.        
14.93699646  9.66519928 -5.04241896  4.        
-13.64910126  11.88095856   4.76705885   3.        
12.18583679 10.21594238 -0.447052    4.        
 2.2575841  -7.08110809  1.31372094  2.        
0.999542   3.17959595 0.055573   2.        
-14.03847504  12.95239258   3.61547899   3.        
-13.76764679  13.02813721   3.97442603   3.        
17.48926353  8.23596859 -3.909271    4.        
12.87974453 10.01412201 -3.78744507  4.        
 0.824875    4.19786787 -0.422638    2.        
13.50130463  9.54606628 -0.64279199  4.        
-3.31539202 10.03450775  0.65866101  3.        
-14.26689911  11.16040039   5.12512207   3.        
13.11234283 10.01274109 -1.02609301  4.        
-2.68939209 10.41850281  2.46957397  3.        
-2.28569007 10.22260284  2.34518409  3.        
-12.21963501  11.88437653   4.90045214   3.        
-5.1692729 11.4178772  3.6842649  3.       
 5.23308611 10.22564697 -2.4004209   4.        
-6.08001709 11.32012177  1.37893701  3.        
-13.30677032  12.53572845   4.03179884   3.        
-3.70700097 11.01452637  3.46603394  3.        
-16.59074402  10.15328979   3.44396996   3.        
0.67520899 5.80370283 0.58639503 2.        
  2.17629194 -11.08605957   1.85656703   2.        
-2.33425903  9.09138489 -1.05660999  3.        
-5.72372389 11.36483765  2.35852098  3.        
-7.81895494 11.89225006  0.94836402  3.        
-6.22306824 11.77957916  3.98385596  3.        
15.61823273  9.15946198 -2.01776099  4.        
  3.02569604 -12.47311783   3.15002394   2.        
1.34616101 7.04689789 1.01599097 2.        
-4.5924449  11.41231537  4.1678772   3.        
-11.47937775  13.11652374   1.12869298   3.        
 4.37314606  9.62971497 -0.54315197  4.        
-8.3119278  12.31458282  3.3414309   3.        
 1.921646   -8.21585846  2.15389991  2.        
-2.82959008  9.82386017  0.085876    3.        
-10.93706512  12.80256653   0.825104     3.        
-14.1053772   12.08029938   4.85284424   3.        
-4.41686201 10.68525696  1.39849901  3.        
-11.59671021  12.64819336   0.66799903   3.        
-2.21999991e-03  5.40016890e+00 -1.06509998e-02  2.00000000e+00
-8.42935944 11.67899323 -0.080261    3.        
11.33386993 10.37967682 -0.24087501  4.        
 1.06627703  3.78022003 -0.075958    2.        
 1.304443   -5.52130079  0.75042701  2.        
-14.00360107  13.46554565   3.23577905   3.        
-10.75563812  12.97143555   3.21627808   3.        
 2.59812188 -9.70200443  2.07702589  2.        
 9.81009674 10.59648132 -0.19189499  4.        
 7.25372314 10.42839146  2.10815406  4.        
