-2.39440203  8.9731369   0.22552501  3.        
  0.41705301 -13.85916901   0.89837599   2.        
16.79763794 10.6389389  -1.15161097  4.        
-16.79763031   7.05390215   0.20449799   3.        
 0.91470301 -2.19393206  1.18435705  2.        
 6.70002794 13.23577881 -3.21340895  4.        
-9.89943695 10.14485931  3.18383789  3.        
11.30298615 13.49386597  2.15536499  4.        
 3.93490601 11.28749084  2.46951294  4.        
-7.79683685 10.43421936 -2.86578393  3.        
 0.71259302  3.69719696 -0.49859601  2.        
-0.179474   -8.01216507  2.00225806  2.        
12.22319031 12.78994846 -2.97988892  4.        
-12.97187805   9.59263611  -2.33175707   3.        
 2.40630293 10.82736969 -2.31079102  4.        
-5.47434998 10.70510101  2.94741797  3.        
-13.822052     8.75875092   2.659729     3.        
 7.35827589 13.17716217  1.03784204  4.        
1.579826   7.64697313 0.200684   2.        
 0.01326    12.16823578  0.599976    5.        
14.59596252 12.70654297  0.85714698  4.        
-10.34472656  10.86759853  -0.339874     3.        
-4.27815294  9.861763   -2.51995802  3.        
 9.85743046 13.91534424 -0.98144501  4.        
 0.90194702 -5.359272    0.29492199  2.        
 4.73416901 12.45789337 -0.78347802  4.        
-0.184738  0.749008  0.418304  2.      
-6.20185089 11.00558472 -0.151031    3.        
-1.33706701  6.04283905 -0.219391    2.        
  0.53452301 -10.77339935   0.63809198   2.        
-14.82913208   9.34072113  -0.100189     3.        
0.096878   9.48036194 1.85858202 5.        
14.8084259  12.37200928 -1.98806798  4.        
 2.27139306 10.32660675  0.37365699  4.        
12.38775635 13.46439362 -0.431366    4.        
-8.35532379 11.03916931  1.32360804  3.        
-12.09896946  10.29218292   1.44525099   3.        
 9.17716217 13.44729614 -3.29501295  4.        
-4.14325714 10.44665527  0.89752197  3.        
 4.41806793 12.08136654 -3.09539795  4.        
 6.10546923 12.19109344  2.72634912  4.        
-10.02583313   9.92153168  -2.40905809   3.        
 0.45413199  6.67101288 -1.51330602  2.        
 9.06089783 13.01187897  2.49771094  4.        
 7.63226318 13.65055847 -1.11929297  4.        
-7.62857819 10.11816406  3.21109009  3.        
  0.149323   -12.15364075   2.29510498   2.        
-0.26521301  7.20913696  1.286713    5.        
-0.602112   10.22303772 -0.14038099  5.        
-15.625        7.77167511   1.85433996   3.        
-8.31398773 11.06736755 -0.90451002  3.        
 0.93173999 -8.6018219   0.31036401  2.        
-12.54006958  10.31784821  -0.51269501   3.        
1.09909797 5.7326889  0.101807   2.        
 4.94597578 12.32148743  1.15588403  4.        
-15.89965057   8.1395874   -1.20535302   3.        
-0.36553201 -4.09724808  1.07318103  2.        
-5.93933916 10.78323364 -2.13208008  3.        
-11.6414566    9.36005402   3.05484009   3.        
 1.08406103 -6.57152224  1.73745704  2.        
0.079292   2.58288598 0.89160198 2.        
 0.837883 -0.812859 -0.074158  2.      
-2.83115411  9.58551025  1.93344104  3.        
 9.83644104 13.61637115  0.85562098  4.        
-10.32185364  10.7673111    1.49188197   3.        
15.73584747 11.99965668 -0.386749    4.        
-0.41600001  4.71692705  0.63247699  2.        
13.02805328 13.17385101  1.657745    4.        
 3.434448   11.18894196 -0.83917201  4.        
-3.57717896 10.04605865 -0.86776698  3.        
 1.94486201  8.96994019 -0.89993298  4.        
10.75804901 13.64981079 -2.52832007  4.        
-14.54735565   8.99829102  -1.90713501   3.        
 0.81722999 -3.46810508 -0.014099    2.        
-1.09816694  7.87779999 -0.059784    5.        
-6.59278107 10.99210358  1.51321399  3.        
-0.44457999 -9.44671345  1.07998705  2.        
 0.146393   -6.89783907  0.35485801  2.        
 0.363098    8.76639557 -0.18981899  5.        
-13.66290283   9.82305241   1.05694604   3.        
 6.01450396 13.23483276 -1.68463099  4.        
14.00479126 13.09331512 -0.70788598  4.        
 -0.275047   -12.23004532   0.61889601   2.        
 3.54003906 11.51439667  0.81884801  4.        
-11.52060699  10.36219788  -1.81396496   3.        
 6.08693695 13.04850769  0.039978    4.        
 0.66980702  1.88111901 -0.40383899  2.        
1.01051295 8.19941711 1.69284105 5.        
-1.30338299 11.66896057 -0.068451    5.        
-16.0144043    8.47106934   0.400574     3.        
 7.54482317 12.80004883  2.515167    4.        
-4.23325396 10.01950836  2.37344408  3.        
-2.71555305  8.91439056 -1.37548804  3.        
11.34950256 13.77008057  0.61703497  4.        
-0.296112   -5.62525606  1.164276    2.        
-5.01328278 10.47438812 -0.92739898  3.        
13.39071655 12.89633179 -2.06814599  4.        
-14.99712372   9.05041504   1.43637097   3.        
 1.16248298 -3.61735892  1.52447498  2.        
 8.70188904 13.67657471 -0.089447    4.        
 0.204391    6.89460802 -0.074951    5.        
 -0.46913901 -13.4805069    2.00061011   2.        
15.75314331 11.277565   -1.99578905  4.        
 3.39263105 11.93442535 -2.10501099  4.        
-0.19612101 10.79380035  1.09793103  5.        
 7.83751678 13.7279129  -2.54946899  4.        
 3.09113312 10.31737518  1.51275599  4.        
  0.76772302 -10.03948212   1.80679297   2.        
-7.57803297 10.65781403  0.211456    3.        
11.28855896 13.81808472 -1.20819104  4.        
1.52525306 8.98983002 0.54974401 2.        
 -0.63520002 -11.05465698   1.320557     2.        
-13.50534058   9.46495819  -0.99462903   3.        
-8.76039124 10.80925846  2.61352491  3.        
 2.22780609 10.49815369 -0.98379499  4.        
-12.82398987   9.73614502   2.48690796   3.        
-0.49009699  8.62080383  0.90383899  5.        
-9.05709076 10.60067654  0.25854501  3.        
-8.8365097  10.48373413 -2.00158691  3.        
-11.34454346  10.16499329   0.33679199   3.        
0.076691   5.94632721 0.950104   5.        
-7.26319122 10.69766235 -1.66134596  3.        
 0.241028   -2.09812188  0.027191    2.        
-5.25958204 10.8879776   1.62057495  3.        
0.85820001 4.65574694 1.02893102 2.        
7.28385985e-01 1.00281754e+01 8.14799964e-03 5.00000000e+00
 5.39502001 12.94630432 -2.86068702  4.        
 6.14942884 12.77971554  1.54348695  4.        
 0.802589   -0.210861    1.09567297  2.        
 9.20423126 13.8481369  -2.07989502  4.        
 0.80513799  0.59562701 -0.35250899  2.        
13.3602066  13.37050629  0.45983899  4.        
 0.31974     5.49180603 -0.85449201  2.        
-0.36417401  3.44796705  0.102905    2.        
 8.57646942 13.35060883  1.25750697  4.        
-2.17030311  7.29229689  0.179901    2.        
 0.96067798 -7.57844877  1.01773095  2.        
 0.85794097 -4.81757307  1.50701904  2.        
-10.00292969  10.79049683  -1.52831995   3.        
12.28048706 13.33142853 -1.74838305  4.        
-11.13303375  10.25209808   2.38205004   3.        
 4.95713806 11.99141693  2.34567308  4.        
0.76109302 1.45091999 0.752747   2.        
  0.73825097 -11.84833908   1.18585205   2.        
 1.30362701  6.83910418 -0.66162097  2.        
-1.99284399  8.07009125 -0.846497    2.        
-0.13546801 -8.23405075  0.72650099  2.        
-5.2676239  10.46006775  0.472992    3.        
-3.26146698  9.77185822  0.428772    3.        
-6.65965319 10.59810638  2.63357496  3.        
10.1055069  13.53939056  2.00802588  4.        
 4.62557983 12.63710022 -2.01385498  4.        
 0.63709998 -8.88470459  1.99749804  2.        
-0.25929999 -0.420021    0.53454602  2.        
-0.164444   -2.91973901  0.76235998  2.        
-1.23729706  9.32428741  0.36108401  5.        
 7.22901201 13.45207977 -0.077423    4.        
-2.48000002e-03 -6.85697889e+00  1.66168201e+00  2.00000000e+00
  0.44271901 -12.91917419   1.50997901   2.        
-0.18412     4.45320082 -0.42959601  2.        
-0.121849    9.65567017  0.705414    5.        
 3.32714796 10.59887695  0.15100101  4.        
-11.74598694   9.51277161  -2.48281908   3.        
-5.36044312 10.02272797 -2.68457007  3.        
-11.45214081  10.66442871  -0.63870198   3.        
13.88067627 12.07852936 -2.6151731   4.        
10.43718719 13.74294281 -0.063751    4.        
-0.173851   11.31854153 -0.060974    5.        
-14.78105164   8.33667755   2.35406494   3.        
 4.11662292 11.93157959 -0.056976    4.        
-1.05513799 11.98406219  0.936279    5.        
 0.91831201  4.75016022 -0.31268299  2.        
 0.607162   -9.50627899  0.83493     2.        
 0.26494601 -1.35008204  0.99813801  2.        
-3.39172411  9.5152359  -1.96685803  3.        
-7.75055695 10.62044525  2.1152041   3.        
14.93641663 12.57887268 -0.83846998  4.        
12.07685947 13.59127045  1.38360596  4.        
-12.80911255  10.18855286   0.52764899   3.        
-6.76872206 10.13924408 -2.4256289   3.        
16.52095032 11.17609406 -0.276306    4.        
 0.280083   -4.4981308   0.24606299  2.        
-0.33643299  1.82972705  0.26672399  2.        
-9.29579926 10.56938171  1.72802699  3.        
 -0.72029901 -12.52215195   1.61947596   2.        
-1.38012238e+01  9.81838989e+00  4.88300016e-03  3.00000000e+00
0.93827099 3.06079888 0.307129   2.        
-15.19438171   8.97833347  -1.08663905   3.        
-16.15460968   7.35092878   1.06710804   3.        
-0.79289198  6.88832903  0.195953    5.        
 1.14768195  8.26984406 -0.639709    2.        
 8.77490234 13.74576569 -1.11593604  4.        
0.176613   7.91149902 0.355591   5.        
 6.91493988 13.5816803  -2.047791    4.        
 4.07433319 11.85300446  1.62585402  4.        
-6.02258301 10.6760788  -1.11691296  3.        
-0.058083   -9.93208313  0.197357    2.        
 0.78588098 -6.25447083  0.82116699  2.        
-4.2400589  10.28556824 -0.139893    3.        
 2.33277893  9.41101837 -0.052094    4.        
-8.83920288 10.10829926  3.33407593  3.        
-12.6570816   10.13349247  -1.49554396   3.        
  0.312828   -10.97000885   1.64422596   2.        
-13.98800659   9.10153961   1.67016602   3.        
-16.48620605   7.85159302  -0.31170699   3.        
 0.099854   -0.110603   -0.41131601  2.        
-4.68766022 10.52767181 -1.87069702  3.        
13.11503601 13.36080933 -1.20233202  4.        
 6.62034607 13.35679626 -0.86087     4.        
-0.51145202  5.65599108  0.17932101  2.        
13.62828827 12.63406372  1.07791102  4.        
-9.35843658 10.99755859 -0.80129999  3.        
-0.122284    2.61616492 -0.38186601  2.        
-15.00084686   8.61114502   0.554901     3.        
 3.95670295 12.0770874  -1.25241101  4.        
14.92726898 11.90502167  0.39361599  4.        
-1.76262701  8.13972473  0.61428797  3.        
-7.35652924 11.11865234 -0.70043898  3.        
 5.2430191  12.55675507  0.063171    4.        
0.37814301 4.16739607 0.336761   2.        
15.63915253 12.02529144 -1.35372901  4.        
-2.89524794  9.4267807  -0.57449299  3.        
-10.30014038  10.41368866   0.51187098   3.        
-10.96616364  10.07265472  -2.55825806   3.        
-11.10600281  10.23088074   1.36981201   3.        
11.12779999 13.21218109 -3.287292    4.        
10.10324097 13.18762207 -3.03955102  4.        
-1.51119995 10.20218658  0.13082901  5.        
-3.55075788 10.15635681  1.70446801  3.        
-12.81404877   9.67391205   1.46020496   3.        
1.22892797 6.57813978 0.50112897 2.        
 1.026649   -1.619331    0.44445801  2.        
-2.84496307  9.03015137  1.17190599  3.        
-6.70755005 10.62208557  0.56921399  3.        
 -0.417137   -13.1220932    0.88174403   2.        
 5.59802198 12.89665985 -0.74691802  4.        
-15.48272705   8.4156189   -0.36822501   3.        
11.5375061  13.83270264 -0.30322301  4.        
 2.75386095 11.27507019 -1.56753504  4.        
 1.07608795 -4.21633101  0.81411701  2.        
-7.47495985 10.78252411  1.15142798  3.        
-10.75781345   9.64914703   3.09146094   3.        
 0.65910298 -5.74985504  1.66781604  2.        
2.05562592 9.75200653 1.06384301 4.        
-10.09361267  10.55584717   2.38064599   3.        
-0.013847    8.21539307  1.57943702  5.        
0.36971301 5.25569916 0.42022699 2.        
-9.57096863 10.9437561   0.93777502  3.        
 -0.14086901 -10.31192398   1.12506104   2.        
-14.50769806   9.43927002   0.74853498   3.        
11.71050262 13.32707977 -2.46142602  4.        
 0.987068   -2.64508796  0.32012901  2.        
 1.30351305  9.21701145 -0.29473901  2.        
 0.124001   -8.99761581  0.25235     2.        
 3.39903307 11.23487091  1.66375697  4.        
-2.82276106  8.5421524  -0.43743899  3.        
10.36192322 13.81822205 -1.71084595  4.        
-0.55328399  8.84973145  1.89575195  5.        
10.76316833 13.58022308  1.25945997  4.        
 -0.086922   -11.77606201   1.52496302   2.        
14.13098145 12.71762085 -1.52807605  4.        
 8.06147766 13.59010315  0.57458502  4.        
 9.55304718 13.87089539  0.055603    4.        
 8.27967834 13.07588959  2.08724999  4.        
 0.691383   -8.41039658  1.151245    2.        
16.33985901 11.43104553 -1.10278296  4.        
13.0448761  12.50708008 -2.82363892  4.        
 2.82395911 10.91854858  0.80084199  4.        
-5.92729998 10.97402191  2.24081397  3.        
-13.80407047   9.3167572   -2.3248899    3.        
 0.44914201 -3.52562308  1.02627599  2.        
-14.33440399   9.05127716  -0.946747     3.        
-12.84338379   8.99894047   2.95492506   3.        
 0.399483    7.63331604 -0.49234     5.        
-5.81897688 10.94753265  0.95620698  3.        
 0.189339   -5.84243393  0.169769    2.        
 6.98467302 12.95404053  1.78936803  4.        
 1.83178699  8.45328522 -0.056763    2.        
-1.56539202  6.9490428  -0.33313     2.        
0.94579297 0.47274801 0.49130201 2.        
 3.20021796 11.29612732 -2.65463305  4.        
-10.59684753  10.40031433  -1.03738403   3.        
-15.63103485   8.4577713    1.33108497   3.        
-12.04708862  10.10882568   2.45278907   3.        
-3.89423394 10.16945553 -1.72137499  3.        
1.44778366e+01 1.28189011e+01 1.26949996e-02 4.00000000e+00
 0.51425201 -7.57456207  1.74911499  2.        
-4.75829315 10.79224396  2.30676293  3.        
 0.43076301 10.66967773  0.53137201  5.        
 0.50614202 -7.82626295  0.343658    2.        
 0.059151   -7.4575038   1.00714099  2.        
 1.79869795  9.79127502 -0.74649     4.        
15.05858612 11.6906662  -2.42404199  4.        
-0.61034399  7.81354523  0.65185499  5.        
 6.24945116 13.30368805 -2.50036597  4.        
 8.37021637 13.81358337 -1.89880395  4.        
-8.04572296 10.76850891 -2.079041    3.        
 0.147552   -4.87778521  0.98800701  2.        
 9.2250061  13.44149017  1.787323    4.        
-11.88234711  10.08213043  -1.06884801   3.        
 1.36559296 -6.85493517  0.709961    2.        
0.14182299 3.41819811 0.77331501 2.        
 2.76246595 10.17505646 -0.301117    4.        
-15.10527039   8.35287476  -1.63467395   3.        
0.81893897 2.23776293 0.389557   2.        
 1.35343206  5.90151978 -0.67599499  2.        
 6.51053619 12.98324585  0.75701898  4.        
 0.157097    6.07917023 -0.24740601  2.        
 3.93305993 11.08161163 -0.17834499  4.        
-16.59830475   7.81333923   0.51437402   3.        
 -0.49915299 -13.87976456   1.22116101   2.        
12.44922638 13.40513611  0.66177398  4.        
  0.26500699 -13.80804443   1.71594203   2.        
 2.025383   10.22601318 -1.73928797  4.        
-8.33278656 10.99151611  0.34863299  3.        
-13.51294708   9.70944977   1.96890295   3.        
-1.04152703 10.88273621  0.118439    5.        
 7.66282701 13.27626801 -3.21923804  4.        
 6.93496704 12.30301666  2.75408912  4.        
 -0.25776699 -11.16451645   0.60140997   2.        
 5.507339   12.4087677   1.91751099  4.        
 0.167152   -1.24040198 -0.23736601  2.        
 5.73243713 12.76141357  0.72820997  4.        
 4.22315979 12.03359222  0.73898298  4.        
-9.17021942 10.10843658 -2.63580298  3.        
12.00956726 13.10634613  2.08966088  4.        
0.124619   0.225945   1.08096302 2.        
 0.239548   -9.46708679  1.61181605  2.        
-5.55444288 10.5711441  -0.337982    3.        
-10.65128326  10.24075317  -1.84063697   3.        
 9.02268982 13.60101318  0.64166301  4.        
13.28455353 13.36192322 -0.421875    4.        
 0.245132    1.32181597 -0.023773    2.        
-4.48326921 10.3981781   1.61798096  3.        
-12.0930481   9.9740448   0.137695    3.       
 5.34620714 12.99674988 -2.04870605  4.        
-0.018944   -6.44244385  0.98358202  2.        
0.232399   6.76995087 0.85217297 5.        
-12.97721863   9.72787476  -0.093384     3.        
 0.247383   -2.92544198  0.044434    2.        
 9.99067688 13.7772522  -2.40774488  4.        
 8.73290157 13.76412201 -2.72934008  4.        
-0.60285902 11.93787384  0.164612    5.        
-0.47834     9.14483643  0.227264    5.        
 7.96037292 13.64430237 -0.337708    4.        
 1.11419702  1.23087299 -0.018768    2.        
 0.117767   11.40545654  0.716492    5.        
0.178749   9.00689697 1.01199305 5.        
-8.3584137  10.00409698 -2.38098097  3.        
-0.108391   10.06341553  1.39343297  5.        
  0.94738001 -10.17982864   1.07018995   2.        
-6.21003723 10.31681061  3.19326806  3.        
-6.73786211 11.01991272 -1.19967699  3.        
 0.713516    2.64655304 -0.41494799  2.        
-0.76757097  4.92477417 -0.29275501  2.        
-13.39170074   9.82583618  -1.656708     3.        
15.1914978  12.55963898  0.066589    4.        
 1.15889704 -5.64070511  1.07037401  2.        
-7.43425798 10.74786377  2.79299903  3.        
16.06803894 11.60139465  0.167023    4.        
 9.84269047 13.01377106  2.48770094  4.        
 2.84040093 10.93107605 -0.32650799  4.        
12.639328   13.13042355 -2.38205004  4.        
 3.70291901 11.9473877  -2.79296899  4.        
 1.03568304 -2.92116904  1.03106701  2.        
1.31939697 8.8380661  1.93530297 5.        
-1.32396698  7.40332794  0.47244301  2.        
 0.90807301 -0.98159802  1.09597802  2.        
-0.489418    6.48071289  0.74417102  5.        
-9.7286911  10.57145691 -2.190063    3.        
-1.17688799  6.13539886  0.504242    2.        
-1.09957099  8.59473419  0.324341    5.        
-11.05127716  10.69906616   0.79605103   3.        
-8.86122894 10.6774292  -1.28674304  3.        
-14.09869385   9.54076385  -1.45016503   3.        
 0.093391   -8.88089657  1.18380702  2.        
 0.30103299 -2.34654999  0.74368298  2.        
-4.84779406 10.31449127  2.92981005  3.        
-6.97326708e+00  1.10166245e+01 -7.41600012e-03  3.00000000e+00
  0.43831599 -12.3652916    0.74185199   2.        
0.896873  7.1204381 0.129761  2.       
 0.67217302 -6.94486189  1.25314295  2.        
10.56830597 13.73535919 -0.943542    4.        
-12.15843201  10.09398746  -2.05807495   3.        
-8.76624298 10.76377106 -0.41412401  3.        
11.26538754 13.52153778 -1.87744105  4.        
-9.40958405 10.31858826  2.67102098  3.        
12.12264347 13.64431    -1.08740199  4.        
 0.111893    5.11111498 -0.26879901  2.        
-3.09507704  9.71205139  1.22912598  3.        
-3.45671105  9.75234222  2.30334496  3.        
1.16542804 8.24017334 0.27078199 2.        
0.050797   1.526016   0.88626099 2.        
-7.90606689 11.13423157 -0.22665399  3.        
-8.1778717  10.56707001  3.05886793  3.        
  0.536888   -11.49399853   0.55651897   2.        
14.05497742 13.10736847  0.59057599  4.        
-14.47756958   8.9746933    2.20211792   3.        
-9.72312164 10.87493134  0.028442    3.        
 8.36218262 13.41771698 -3.32644606  4.        
 4.70555115 12.66968536 -2.7940371   4.        
-1.78595698  8.08266354 -0.126678    2.        
 0.27021801  3.20639801 -0.211334    2.        
 3.25138903 11.31444454  0.14065599  4.        
 0.72081    -0.177361    0.28234899  2.        
-4.30111694 10.41960144 -1.18569899  3.        
-14.13261414   9.24671173  -0.271393     3.        
-5.35253906 10.7926178  -1.47170997  3.        
-13.2733078    9.12618256   2.38397193   3.        
 0.77992201  6.4845891  -0.18753099  2.        
-11.78627777  10.49645996   0.79168701   3.        
-4.89437914 10.75609589  1.00595105  3.        
 0.230698   -3.69794798  0.31942701  2.        
-1.48142195  8.53054142 -0.66216999  2.        
-11.06542206  10.73564911   0.015198     3.        
 0.87103999 -7.13103104  0.27877799  2.        
 7.69413805 13.21555328  1.664276    4.        
-6.57808685 10.63264465 -1.86083996  3.        
16.26911926 10.93358612 -1.64984095  4.        
 0.96317297 -1.89147604 -0.20755     2.        
 2.47532606 10.39975739  1.134583    4.        
 3.49014306 11.43276215 -1.50146496  4.        
 7.14984083 13.55704498 -2.71432495  4.        
-0.13983899  7.28504181  0.54367101  5.        
10.57137299 13.82455444  0.62493902  4.        
-8.87803745 11.01055908  0.82315099  3.        
-3.1178441   9.5851593  -1.32116699  3.        
  0.61918598 -10.10083389   0.44812      2.        
 0.32237199  6.69293213 -0.737885    2.        
-7.13591814 10.95751953  2.12603807  3.        
 4.01973009 12.32141113 -2.16940308  4.        
-6.10999298 10.29418182 -2.60540795  3.        
 5.90788317 12.7735672  -3.30383301  4.        
10.63384247 13.17732239  2.28262305  4.        
-15.4385376    8.93180084   0.119141     3.        
 1.535851    7.49180603 -0.72363299  2.        
 7.69924879 13.63589478 -1.81069899  4.        
 5.16773987 12.78401184 -1.27951002  4.        
0.349159   7.75457811 1.21169996 5.        
-12.25061798   9.7470932    1.90014601   3.        
-2.36475396  8.14529419  0.24472     3.        
-13.34967804   9.53121185   0.45373499   3.        
 6.37473297 12.52888489  2.19222999  4.        
-7.39096117 10.63944244 -2.35101295  3.        
-12.30085754   9.91557312   0.89871198   3.        
-0.27499399  2.51237512  0.28341699  2.        
 1.68913305  6.69837189 -0.112823    2.        
 -0.096161   -12.79259109   1.91207898   2.        
-5.91806793 10.53668976  0.277374    3.        
 0.25824699 -0.84349799  0.31118801  2.        
  0.096581   -10.16168976   1.78707898   2.        
 0.65100902  7.21199799 -1.14691198  2.        
-0.20755    10.50315857  0.35720801  5.        
 8.19246674 12.67894745  2.68743896  4.        
-3.6042099   9.97838593 -0.119415    3.        
 4.63323212 12.27515411  0.25531     4.        
 0.060646   -8.04953384  1.36959803  2.        
-0.76895899  9.81108093  0.41464201  5.        
-7.90373993 11.01277161 -1.46346998  3.        
-12.25901794   9.38607025   2.61636305   3.        
0.65719599 9.13277435 0.29525799 5.        
-10.60858917  10.26782227   1.84356701   3.        
-4.849617   10.59957886 -0.28796399  3.        
-2.28162408  8.80499268  0.88394201  3.        
-15.86260223   8.01893616   0.872711     3.        
0.68139601 8.35638428 1.13073695 5.        
 0.839203   -4.96220779  0.830872    2.        
-8.61351013 10.63382721  1.78945899  3.        
14.17662811 12.56145477 -2.26220703  4.        
-5.37523603 10.43214417 -2.08432007  3.        
11.44721222 12.81086731 -2.86404395  4.        
 7.0306468  13.54151154 -1.38021898  4.        
 3.72585297 11.74016571 -0.60870397  4.        
 0.39422601 -4.27094316  1.10031104  2.        
 9.32211304 13.84716034 -0.59393299  4.        
-0.25871301  4.1301651   0.155121    2.        
-14.99069214   8.42015839   1.73095703   3.        
-12.82233429   9.77490997  -0.765625     3.        
11.38030243 13.48369598  1.47857702  4.        
15.71623993 12.13699341  0.33224499  4.        
-9.99240112 10.56040192 -0.82284498  3.        
0.14582101 8.56434631 0.45483401 5.        
 0.12853201 -5.35765791  1.69094801  2.        
-4.63641405 10.28499603  0.39559901  3.        
0.93363202 4.52102709 0.309692   2.        
 -0.040459   -10.57670975   0.323273     2.        
-13.98945618   9.2403717    0.36950701   3.        
13.93656158 13.19949341 -0.06424     4.        
 1.02571106  5.34403181 -0.57528698  2.        
 0.317963   -5.43867493  0.698578    2.        
 3.38127089 10.76994324  2.122437    4.        
-11.18945312  10.60138702  -1.23348999   3.        
 2.91610003 10.81698608 -0.97888201  4.        
-11.58971405  10.38653564   1.84048498   3.        
-13.88704681   9.33885193   2.35299706   3.        
 0.92212701  7.77427721 -0.111664    2.        
 2.50173211 10.65559387 -1.636536    4.        
0.309753   8.90148926 1.65814197 5.        
11.98673153 13.72603607  0.34097299  4.        
1.96045697 9.46446228 0.48159799 4.        
-3.5574491  10.11499786  1.02267504  3.        
 9.72582245 13.74466705 -1.62234497  4.        
-2.18917108  8.60263824 -0.325317    3.        
-6.89498091 10.27511597  3.14129591  3.        
0.073753   0.174446   0.28179899 2.        
 0.057106    1.96733904 -0.224213    2.        
 0.99259198 -8.97136688  1.054443    2.        
13.02374268 13.42583466  1.00595105  4.        
-1.75125098  7.48365021 -0.63915998  2.        
-2.78267694  9.3963089   0.63574201  3.        
 0.083588    3.81448388 -0.547943    2.        
 4.37491608 11.75927734  2.20840406  4.        
-11.88630676  10.52289581  -0.120453     3.        
 0.46855199 -6.39616013  1.74618495  2.        
 5.74170685 11.82450867  2.3500061   4.        
14.53391266 12.05105591 -2.47317505  4.        
0.84220099 3.7497859  0.20422401 2.        
-10.39740753   9.99137115   2.69250488   3.        
-13.24576569   9.02884674  -2.22289991   3.        
 0.33059701 -0.68055701  0.92169201  2.        
 4.7810359  12.20825958  1.77658105  4.        
 6.68794298 13.19322205  0.17923     4.        
-13.37865353   9.98033142  -0.51358002   3.        
 0.879318   -6.37647295  0.208405    2.        
 1.02628303 -3.48264694  0.74484301  2.        
-14.91408539   8.76982117  -0.56268299   3.        
-11.54698944   9.73295593   2.51977491   3.        
0.329117   0.70120198 0.052155   2.        
12.72708893 13.55693817  0.088867    4.        
-1.16413105 12.15546417  0.34024     5.        
1.30008698 5.14520979 0.188354   2.        
-0.76947802  6.22843885 -0.02951     2.        
 9.44156742 13.70207977 -2.787292    4.        
-1.40308404  6.79017591  0.29675299  2.        
0.28550699 1.91326106 0.43435699 2.        
 2.13214898 10.06536865 -0.294312    4.        
-7.80924988 11.0710144   0.70901501  3.        
-7.18476915 11.02349854  0.60534698  3.        
 0.199738   -1.52061498  0.31845099  2.        
14.16544342 12.9390564   1.24191296  4.        
-15.62171173   8.77056122   0.79391497   3.        
  0.66829699 -11.14284515   1.16598499   2.        
-14.05268097   9.64870358  -0.772614     3.        
0.020157   6.20635223 0.391693   5.        
-2.45613098  8.93746185 -0.77044702  3.        
-14.00050354   9.22288513   1.02652001   3.        
 0.298599   -5.89435577  1.18789697  2.        
0.207993   2.89333296 0.32946801 2.        
 0.86855298 -4.74184799  0.255707    2.        
 0.81770301 -4.08783007  0.27004999  2.        
 9.74266815 13.61325073  1.46411097  4.        
-6.71372223 10.78210354 -0.512909    3.        
 0.75389898  7.04779005 -0.48196399  2.        
 -0.105957   -11.71504593   0.91387898   2.        
12.8923111  13.31214905 -1.85281396  4.        
 0.88157701 -0.70647401  0.54821801  2.        
 0.225769    8.16931057 -0.218262    5.        
-10.85263824  10.41352081  -0.48068199   3.        
-4.85783386 10.19465637 -2.3807981   3.        
-15.91276646   7.99962616  -0.610107     3.        
-9.37352657 10.53632355 -1.58947802  3.        
 0.45130199  4.35614014 -0.328857    2.        
-16.42362976   6.92459106   0.66921997   3.        
 0.092743   -9.84177017  0.81454498  2.        
-0.585747   12.31738281  0.64132702  5.        
 0.42356899 -2.90770006  0.94293201  2.        
15.33524323 11.92832184 -1.87027001  4.        
0.34168199 9.99827576 0.517914   5.        
-0.213127    9.47319031  1.27587903  5.        
-3.9318769  10.45399475  2.06841993  3.        
 0.89839202 -1.58094001  1.17211902  2.        
13.67353058 13.10351562 -1.44702101  4.        
11.79441833 13.6599884  -1.608917    4.        
 0.77751201 -8.11644363  1.77307105  2.        
11.00373077 13.87298584  0.094269    4.        
-12.28001404   9.46781921  -2.20953393   3.        
 7.26300097 13.42251587 -0.70315599  4.        
-4.04939985 10.10196686  0.41412401  3.        
  0.46711001 -10.4246254    1.39398205   2.        
-13.08830261  10.07789612   1.04730201   3.        
 0.27702299 -8.49060059  1.71417201  2.        
-9.88509369 10.4732666   1.78503394  3.        
 0.86202198 -4.21264982  1.47103906  2.        
 2.91810608 10.25889587  0.42697099  4.        
 8.23174286 13.75814819 -0.85949701  4.        
-0.94583899 11.45108032  0.35964999  5.        
-6.0883708  10.76470947  2.81710792  3.        
 2.95033312 11.45486546 -2.10116601  4.        
  0.30798301 -12.21820068   1.47757006   2.        
-7.71880293 11.00376129  1.64663696  3.        
14.42160797 12.19278717  0.61395299  4.        
-14.49298096   9.36451721   1.43893397   3.        
-1.04810297  5.38709307 -0.047119    2.        
 -0.34983799 -12.55195999   1.11215198   2.        
  0.310936   -11.58851242   2.22558594   2.        
-0.423843    7.92321014  1.26840198  5.        
-13.61341095   9.25509644  -1.77117896   3.        
 2.67312598 10.78007507  0.249146    4.        
15.45233154 12.24920654 -0.83593798  4.        
-15.04664612   8.52321625   1.13308704   3.        
-8.18813324 10.8920517   2.51672411  3.        
-0.73448199 11.44316101 -0.18698099  5.        
 5.14750719 12.53927612 -3.20202589  4.        
-5.33239698 10.61203766  2.13238502  3.        
-11.61473846  10.05818939  -2.31442308   3.        
 -0.45533001 -13.02592468   1.45782495   2.        
-16.12459564   7.89930677   0.181641     3.        
10.7907486  13.58158112  1.88659704  4.        
-0.275482    9.67433929  0.08374     5.        
12.40838623 13.17794037  1.62988305  4.        
 6.11606598 13.12851715 -1.04791296  4.        
  0.233337   -13.35660553   1.13162196   2.        
 5.62663317 12.64593506  1.32134998  4.        
-14.67756653   9.25197601  -1.39840698   3.        
-14.54155731   8.93540192   0.40280199   3.        
 0.74687201  5.92116499 -0.329559    2.        
 1.86164105  7.91799879 -0.281647    2.        
-15.44387817   8.3670578    0.25134301   3.        
  0.70555902 -13.64258194   1.37857103   2.        
-1.12963104  7.30351305 -0.124725    2.        
0.71324199 0.99117303 0.38134801 2.        
-5.7771678  10.66529083  1.49035597  3.        
-15.63830566   8.62591457  -0.88394201   3.        
 0.056      -0.68370801 -0.348297    2.        
15.1350174  12.30076599 -1.409271    4.        
13.58428192 12.57286072 -2.61102295  4.        
 1.76970696  9.50964355 -0.114349    4.        
-8.49899292 10.91631317 -1.66348302  3.        
 3.73184991 11.69696808  0.29898101  4.        
 4.61480713 12.50667572 -1.45471203  4.        
 0.16369601 -3.84238005  1.41052198  2.        
-0.13097399  5.5332489   0.58978301  2.        
 3.00620294 10.94080353  1.34271204  4.        
 0.51753998 -5.2334938   1.29022205  2.        
 0.66503102 -3.14364195  0.45959499  2.        
-1.92136395  8.56259918  0.264954    3.        
 2.17816901  9.95166779 -1.14093006  4.        
 1.64189899  8.46946716 -0.841003    2.        
0.90088701 1.74804699 0.099365   2.        
1.71721601 8.24165344 0.45922899 2.        
-4.27464294 10.54394531  2.58853197  3.        
 0.55641901  5.44269609 -0.089874    2.        
 -0.62020898 -11.96963501   1.49877906   2.        
-0.62628901  7.16099596  0.80792201  5.        
0.76658601 0.768448   0.940216   2.        
-3.02028704  9.45103455  0.0289      3.        
-0.53518701 10.91487885 -0.229706    5.        
15.09709167 12.41674042  0.60623199  4.        
-10.51112366  10.80161953   0.92932099   3.        
1.45160699 7.10800219 0.315063   2.        
-9.50668335 10.73544312  2.30197096  3.        
 6.55879211 13.39097595 -1.65417504  4.        
-6.37474108 11.00234222  0.88024902  3.        
-13.51721954   9.36732483   1.51098597   3.        
 0.29425001 -8.59886932  0.74011201  2.        
13.45237732 13.13067627  1.27542102  4.        
-12.10135746  10.3411026   -1.55609095   3.        
 0.99183702  4.17867994 -0.132568    2.        
0.406517   7.3996048  0.38998401 5.        
-6.5666728  10.68804169  2.08666992  3.        
16.13153076 11.54547119 -0.44277999  4.        
 0.57272297 -7.19581985  0.748932    2.        
 9.95955658 13.87260437 -0.33019999  4.        
 1.72527301  7.2494278  -0.206696    2.        
-16.0102005    8.48692322  -0.194244     3.        
-8.3374939  10.74188995  0.849213    3.        
-0.033363  11.8396759  0.085815   5.       
 3.40309906 10.83419037 -0.34985399  4.        
-7.11184692 10.70579529  1.62823498  3.        
-1.15908802  6.57007599 -0.27856401  2.        
-0.045624   -1.90959203  0.72048998  2.        
 1.166924   -8.2022934   1.35385096  2.        
14.33573914 12.71880341 -1.01037598  4.        
 0.76817298 -2.14549994  0.42858899  2.        
 4.53295898 12.20111847 -0.33328199  4.        
 6.31138611 13.11823273 -0.46371499  4.        
-0.09816    10.19718933  0.82836902  5.        
 1.30137599  6.29641008 -0.219116    2.        
-4.11525679 10.18533325 -0.67126501  3.        
-9.19203854 10.96513367  1.35348499  3.        
-0.39523301 11.51918793  0.46331799  5.        
-11.95232391  10.11953735  -0.52002001   3.        
 7.0340271  12.68760681  2.33297706  4.        
-14.78652191   9.28613281  -0.71713299   3.        
 8.77057743 13.35553741  2.09188795  4.        
  0.26970699 -13.21723175   1.94256604   2.        
2.11840105 8.93132019 0.120575   4.        
-9.01410675 10.54880524  3.04922509  3.        
  0.71456099 -12.51151276   1.19787598   2.        
-3.96711707 10.38464355  1.42108202  3.        
-7.80027819 10.79319    -0.65127599  3.        
-4.36422682 10.10663605 -2.03231812  3.        
-12.7352829   10.0022049    1.97082496   3.        
-6.8674469  10.75344753  1.080688    3.        
0.25760701 4.70311689 0.29177901 2.        
-14.55867004   8.78582001   1.63952601   3.        
 0.25784299 -1.80817401  1.30392504  2.        
0.19198599 0.76025403 0.96630901 2.        
 0.737091    8.36921692 -0.115417    5.        
 9.32180786 13.65376282  1.10070801  4.        
-1.34406996  9.70439053 -0.033325    5.        
 0.016876   -7.49694395  1.97085595  2.        
 6.70607805 12.93697357  1.26861596  4.        
 1.32483697  8.66843414 -0.28479001  2.        
-2.25621796  7.55701494 -0.29281601  2.        
-3.82923889  9.69086456 -2.25518799  3.        
-12.96794128   9.43578339   2.04998803   3.        
 5.38996077 12.01255035  2.724792    4.        
16.12927246 11.46165466 -1.62374902  4.        
2.45552111 9.81843567 0.45550501 4.        
-5.75482893 10.93225098 -0.71521002  3.        
 7.39209795 13.44979095  0.44323701  4.        
  0.232224   -12.85083008   0.879242     2.        
-11.13786316  10.02424622  -2.00454712   3.        
-15.21138763   8.08734894   2.10180712   3.        
-9.358284  10.6836853 -0.356323   3.       
 0.85411799 -1.36077905 -0.158264    2.        
 -0.12970001 -10.80360031   1.37597704   2.        
-12.78258514   9.65730286  -1.82653797   3.        
 3.67415595 11.5973053   1.36196899  4.        
16.63653564 11.07125092 -0.79653901  4.        
-14.92847443   8.76474762   0.036072     3.        
-0.547737   5.0451889  0.188995   2.       
-9.56297302 10.53295898  0.44192499  3.        
-0.15564001 -9.0020256   0.71643102  2.        
 -0.193947   -12.31115723   1.68463099   2.        
-9.79916382 10.57314301  1.25933802  3.        
14.62700653 12.51407623 -1.45764196  4.        
 4.45401812 12.07875824 -2.55593896  4.        
-1.26663361e+01  1.02375717e+01  8.78900010e-03  3.00000000e+00
11.14424133 13.66163635 -0.63174403  4.        
 5.66973114 12.80915833 -0.219391    4.        
 0.137741   -5.96952105  1.69665504  2.        
 5.94743299 13.18278503 -2.92947412  4.        
  0.35275999 -11.4744606    1.45138502   2.        
 5.65431976 13.06210327 -1.32406604  4.        
-9.36875153 10.04894257  3.25921607  3.        
 0.82292902 -5.88938093  0.42855799  2.        
11.82010746 13.70639038  0.868195    4.        
-10.23563385  10.38657379  -2.24243212   3.        
0.46621701 0.125755   0.67980999 2.        
-12.63024902  10.17298126   1.30956995   3.        
-3.1035769   9.14389038 -1.70895398  3.        
 -0.53005999 -13.00265884   2.23577905   2.        
-0.22908799  8.1703949   0.76492298  5.        
-11.30580139  10.2294693    0.86554003   3.        
 0.108757   -8.31076813  0.25784299  2.        
 0.82124299  0.088562   -0.168365    2.        
11.8562088  13.54434204 -0.61810303  4.        
-0.244583    6.60517883  1.20059204  5.        
-13.32939053   9.86534119   1.49063098   3.        
 0.298668   -7.28267717  0.019623    2.        
11.24278259 13.35113525 -2.71414208  4.        
-3.32504296  9.67664337  1.75747705  3.        
 8.04958344 13.42043304  1.233307    4.        
 7.39952087 13.69276428 -2.24951196  4.        
-13.98969269   9.69615173   0.65679902   3.        
 1.18369305 -6.97499514  1.39114404  2.        
-10.83862305  10.28211975   0.44522101   3.        
-11.59938812  10.46723175   1.31628394   3.        
 5.13027191 12.5044632   0.693726    4.        
-15.97001553   7.74639082   1.36779797   3.        
-15.08946991   9.06017303   0.82049602   3.        
 0.159798    7.16682386 -0.56817597  5.        
-12.40991974   9.88412476  -1.07638502   3.        
-1.83292401  7.66277313  0.344208    2.        
-14.3331604    8.50265503   2.57723999   3.        
12.80931091 13.31954956 -0.775208    4.        
-10.87875366  10.70276642   1.31680298   3.        
 5.76985216 13.20661926 -2.28009009  4.        
-16.42069244   7.41312408   0.12844799   3.        
 2.06323195  9.30783081 -0.50119001  4.        
10.71718597 13.10061646 -2.97872901  4.        
10.82736206 13.8145752  -1.46023595  4.        
 9.38880157 13.88336182 -1.24383497  4.        
 0.327766   -9.49410629  0.39041099  2.        
0.108566   3.72395301 0.26269501 2.        
14.51312256 12.72198486 -0.501068    4.        
-0.33411399  8.71646881  1.39422596  5.        
 0.61808801 -7.8464241   1.30883801  2.        
 0.168961  -6.3851738  0.455475   2.       
 3.84578705 11.55657196  1.99102795  4.        
 3.75666094 12.09680939 -1.76690698  4.        
 4.02731323 11.06393433  2.00646996  4.        
 0.17347699 -4.10134506  0.65963697  2.        
-7.65531206 10.16796875 -2.4407959   3.        
-1.03585587e+01  1.04703598e+01 -3.20399995e-03  3.00000000e+00
-0.154671   11.04055786  0.46368399  5.        
 8.22022343 13.78952789 -1.37927198  4.        
0.24060801 1.16901398 0.50888097 2.        
-13.22724915  10.01843262   0.26831099   3.        
 0.16487899 -6.91122818  1.14117396  2.        
-11.40866947  10.25811768  -0.171295     3.        
0.49085999 3.32975793 0.35009801 2.        
-3.56893206  9.80287933 -1.54672205  3.        
 4.39195299 12.05214691  1.23049903  4.        
 8.70256042 13.79262543 -0.596313    4.        
 6.57705688 12.08087158  2.359833    4.        
0.54281598 2.59115601 0.64996302 2.        
 7.21955919 13.08193207 -3.03308105  4.        
-2.56540704  8.99626923 -0.26742601  3.        
12.6216507  13.31534576 -1.35372901  4.        
-14.0508728    8.85404205  -1.87573195   3.        
 2.90760803 10.82993317 -2.43563795  4.        
 3.98857903 11.29189301 -0.64691198  4.        
-11.79039001   9.93946838   1.67800903   3.        
-11.03370667  10.04505157   2.91043091   3.        
15.97329712 11.90206909 -0.83334398  4.        
-0.41031599  5.36850023 -0.23461901  2.        
-8.29398346 10.79816437 -0.200958    3.        
-11.03098297   9.37489319   2.75384498   3.        
-7.38500977 10.79402161 -0.30383301  3.        
-0.31564301  7.74795485  0.23763999  5.        
 0.44329101 -2.44247794 -0.293396    2.        
 0.40149701  2.40627289 -0.088135    2.        
-11.91277313   9.77246857   2.87536597   3.        
-3.325104    9.77049255 -0.49349999  3.        
 7.42787218 12.97039032  2.04849195  4.        
-6.39542389 11.04304504 -0.81417799  3.        
-0.042084   -9.84334564  1.30612195  2.        
-12.57341003   9.80499268   0.261383     3.        
0.23088101 5.76599121 0.24597199 2.        
-5.34697008 10.85604095  0.788544    3.        
-13.56761932   9.49481964  -0.31118801   3.        
-12.31009674  10.3631134    0.65893602   3.        
-6.15377808 10.99584198  1.76821899  3.        
 0.35800201 11.15689754  0.345642    5.        
-9.07317257 10.99143982 -0.071777    3.        
 1.13815296 -0.481354    0.17428599  2.        
  0.351143   -10.30131531   0.82782      2.        
-0.68377697  8.31370544  0.38998401  5.        
-13.9589386    9.60290527   1.43756104   3.        
-0.264687    6.83722687  0.344482    5.        
0.18360101 8.43686676 1.10021996 5.        
 4.96803999 12.87227631 -2.41296411  4.        
-15.46854401   8.9042511   -0.494598     3.        
  0.25826299 -11.16233444   0.87332201   2.        
-16.62287903   7.37415314   0.78015101   3.        
-7.83048201 10.46485901  2.66570997  3.        
-8.86141968 11.06000519 -0.84433001  3.        
 0.88272899 -6.13583422  1.43594396  2.        
 5.19143677 12.63375854 -0.61282301  4.        
-12.26444244   9.73931885  -2.63195801   3.        
 0.244858    6.15579224 -0.73605299  2.        
-11.16636658   9.62342072  -2.4563601    3.        
-11.79550171  10.056633     1.03387499   3.        
-8.60191441 10.27594757  2.92453003  3.        
-16.23448181   7.65121508  -0.77383399   3.        
 2.50611901 10.58854675 -0.47326699  4.        
 9.4327774  13.28768158  2.30749512  4.        
-6.73499298 10.63545227 -2.37048292  3.        
 0.63320202 -1.17279804  0.282013    2.        
1.61073303 9.04444885 0.060455   4.        
 4.19879103 12.34809875 -1.68151903  4.        
-6.02913713 10.63697147 -1.61428797  3.        
 0.46843001 -9.93162918  1.32150304  2.        
13.14243317 12.88597107 -2.49984694  4.        
-1.32956696 11.25374603 -0.34179699  5.        
 0.50501299 -1.91194904  0.87481701  2.        
-7.4800868  11.06429291 -1.20834398  3.        
-1.531021    7.59417009 -0.16491701  2.        
-0.39305899  6.01296997  0.58902001  2.        
-8.99884796 10.88766479  1.97399902  3.        
-9.90720367 10.16999817  2.68759203  3.        
 6.79432678 13.20992279 -0.39123499  4.        
-10.56411743   9.9901123   -2.27844191   3.        
-15.4030304    8.30554199   0.86425799   3.        
-0.501266    4.56828308  0.058685    2.        
0.71000701 4.96387482 0.20706201 2.        
-1.09220898 10.09489441 -0.20562699  5.        
-8.23262024 10.12258053  3.26968408  3.        
-0.20575701  8.94261169  0.58755499  5.        
10.79959106 13.62400055 -2.00790405  4.        
-14.34591675   9.53636932   0.19711301   3.        
 0.233551   -0.35292101  0.256531    2.        
 8.33689117 13.67678833 -2.447052    4.        
0.550713   8.08623505 1.52279699 5.        
-3.67407203 10.16287231  2.47024488  3.        
 0.62207001  1.39037299 -0.403595    2.        
-4.54698896 10.53527069 -0.671875    3.        
-8.42456055 10.54667664 -2.30337501  3.        
10.22939301 13.67987061  1.42272902  4.        
-13.21664429   9.58177185   1.10348499   3.        
-12.7878418    9.24630737   2.52832007   3.        
-0.86995697  5.75035906  0.51690698  2.        
 1.59587097  9.38153839 -0.92874098  4.        
 0.63681799 -8.92492294  0.603912    2.        
-9.947052   10.58060455 -0.30145299  3.        
-10.31247711  10.78790283  -1.14044201   3.        
 3.5620501  11.52533722 -0.176605    4.        
2.04277802 9.86973572 0.19427501 4.        
-9.52385712  9.89840698 -2.36743212  3.        
0.88021898 8.67185211 1.66589403 5.        
 8.53923035 13.60067654  0.836945    4.        
-12.90151978   9.68504333  -1.24096704   3.        
 0.65630299 -8.08221436  0.73327601  2.        
 5.89269304 12.35806274  2.31814599  4.        
-12.90110016   9.73523712   0.68756098   3.        
-5.09439802 10.5450592   2.55981398  3.        
-2.27100396  8.12840271 -0.39886501  2.        
-11.10787201  10.45263672   1.82849097   3.        
 4.19761705 12.13515472 -0.83395398  4.        
15.79088593 11.7588501  -1.86776698  4.        
12.21795654 13.17724609 -2.61987305  4.        
 8.19698334 13.58654785  0.107758    4.        
-2.96616411  9.32629395  1.53717005  3.        
-16.38204956   7.76459503   0.955109     3.        
-5.52850294 10.80368042  0.086609    3.        
 8.07961273 13.53764343 -2.92349195  4.        
 0.89105999  6.67573595 -0.85553002  2.        
-11.41988373  10.17790222  -1.27252197   3.        
-8.79567719 10.52130127  2.22305298  3.        
-6.36633301 10.64080811  0.120117    3.        
13.56057739 13.07361603 -0.894104    4.        
 8.75714874 13.74447632 -1.59753394  4.        
-10.54640198  10.40713501   2.31167603   3.        
 0.66104102  4.19538879 -0.73138398  2.        
9.74196970e-01 9.15999990e-04 6.50023997e-01 2.00000000e+00
 6.68029785 13.46286011 -2.67724609  4.        
-14.01422882   8.85488129   2.23049903   3.        
 4.04830217 12.30749512 -2.66815209  4.        
 1.04099298 -2.47311807  0.81655902  2.        
-8.81925201 10.67142487  1.29119897  3.        
-4.9644618  10.5355072   1.83639503  3.        
-10.03838253  10.81136322   0.55792201   3.        
 0.15722699 -7.781322    0.66766399  2.        
 0.25079301 -3.27116799  0.66159099  2.        
 6.92308807 13.21000671  0.83743298  4.        
 -0.50170898 -11.48693466   1.16790795   2.        
-11.03575134  10.20996857  -1.55398595   3.        
-6.20366716 10.60932159  0.65280199  3.        
-14.40908146   8.97741699   1.04934704   3.        
-12.18540192   9.19567108   3.04760695   3.        
-9.5356369  10.58023071 -1.14303601  3.        
 0.31722301 -7.973629    1.91986096  2.        
 0.38767201 -6.45698881  1.28088403  2.        
-10.75386047  10.78356934  -0.76309198   3.        
0.35949701 6.77818298 0.393951   5.        
-12.62599945   9.51924896   2.88793993   3.        
 1.53362298  7.99433088 -0.67282099  2.        
 0.107086   -5.95676804  0.75775099  2.        
 9.68219757 13.3496933   1.90612805  4.        
  0.296799   -11.95645905   0.97973597   2.        
 8.5447998  13.06015778  2.47991896  4.        
 -0.137428   -10.74991989   0.79696703   2.        
 0.54017597 -8.85019684  1.33804297  2.        
-9.25483704 10.30396271 -2.2128911   3.        
-10.2798233   10.39831543  -1.59307897   3.        
-2.31598711  8.55254364 -1.00692701  3.        
0.54709601 9.59146881 0.26931801 5.        
-11.24752045  10.29198456  -0.84304798   3.        
10.05805969 13.69930267  0.21179201  4.        
-5.62016296 10.6606369   2.50143409  3.        
-12.54302216   9.86832428  -2.20815992   3.        
-4.37164307 10.70500183  2.05407691  3.        
 0.575867   2.8897481 -0.037109   2.       
 0.178864  10.2562561  0.160797   5.       
 0.106201    5.55743408 -0.414276    2.        
 0.51863903 -2.63404107  0.34884599  2.        
 -0.168991   -13.86244965   1.88583398   2.        
15.04411316 12.443573   -0.40231299  4.        
-9.30462646 10.92315674  0.55215502  3.        
-3.84757996 10.07624817 -1.24990797  3.        
 9.73644257 13.40986633 -3.22876     4.        
 3.16235399 11.23633575  0.73828101  4.        
 0.65870702 -4.51546907  0.60769701  2.        
 1.58831799  8.90380096 -0.60440099  4.        
 0.23264299  7.63655806 -0.055359    5.        
11.79572296 13.47618103  1.89978004  4.        
-15.2401123    8.41662598  -1.19171095   3.        
-4.91166687 10.62485504  0.21890301  3.        
-12.34973145   9.96365356  -0.27459699   3.        
-8.04589081 10.71943665  1.47238195  3.        
 3.93086195 11.77173615  0.99209601  4.        
0.72122997 3.95562005 0.60409498 2.        
-14.68257904   8.78637695  -1.39038098   3.        
-10.62254333  10.72251129   0.379944     3.        
 0.89534003 -6.75738096  0.55538899  2.        
 1.19616699  7.4402771  -0.28485101  2.        
 1.49022698  6.41327715 -0.64514202  2.        
10.24931335 13.5263443  -2.75619507  4.        
-0.09108    -0.83869201  0.64706397  2.        
-10.46714783  10.41716766   1.18624902   3.        
 -0.362663   -12.05493164   1.12176502   2.        
-10.31690216   9.74028778   3.20547509   3.        
 2.97882795 11.18989563 -0.68615699  4.        
-1.65123701  6.37007904 -0.121643    2.        
-5.67790985 10.43087006 -2.43606591  3.        
-12.29981995   9.8863678   -1.65811205   3.        
-4.91787004 10.63148499 -1.46203601  3.        
-0.775841    7.35148621  0.183136    5.        
12.2696228  13.69746399 -0.04837     4.        
-14.94543457   8.737854    -1.83758497   3.        
12.12779999 13.44825745 -2.25543189  4.        
0.23182701 0.56113398 0.48999    2.        
 0.41529101 -4.05009794  0.045624    2.        
 3.39251709 11.65588379 -1.10879505  4.        
-6.33628893 10.70319366  1.26001     3.        
-12.79228973  10.15144253  -1.03149402   3.        
-0.200729   -5.20637083  0.995911    2.        
 1.151649   -6.49205017  0.97174102  2.        
-3.60400391 10.15138245  0.52371198  3.        
 1.07276106 -8.49612427  0.90637201  2.        
-5.39922285 10.83419037 -0.99176002  3.        
13.34056091 12.18297577 -2.64416504  4.        
-0.121071   10.71087646 -0.045105    5.        
-0.16384099  3.44368696 -0.430969    2.        
-0.04071    -4.45497894  0.86321998  2.        
 -0.023514   -13.67147446   0.914276     2.        
 -0.160393   -11.26330566   1.38436902   2.        
 0.77086598 -5.49626207  0.76089501  2.        
 3.06124091 10.71829987  1.742432    4.        
2.03671288 9.94869232 0.64816302 4.        
 0.83113903 -3.24356794  1.28726196  2.        
-8.33126068 10.98789215  1.86776698  3.        
-14.55607605   9.0112381   -0.26763901   3.        
 6.07396698 12.86916447  1.01586902  4.        
 0.35545301 -6.68246794  0.75079298  2.        
-12.80970764   9.16821289  -2.25100708   3.        
 0.94767803 -5.16901398 -0.119843    2.        
12.48828888 13.34278107  1.11441004  4.        
11.81189728 13.08715057 -2.89477491  4.        
-0.73679399  5.81783295 -0.22998001  2.        
 0.77054602 -8.5411644   1.60189795  2.        
-12.07424164  10.17864227   1.946136     3.        
 8.75591278 13.518013   -3.11572289  4.        
-15.00376892   9.13661194   0.37747201   3.        
 0.38738301 -7.04050398  1.81484997  2.        
-12.29767609  10.33496094  -0.89929199   3.        
 2.47483897 10.57402802  0.71289098  4.        
-11.83927917  10.03419495   0.51205403   3.        
-8.37481689 10.47250366  2.5818789   3.        
-16.25431061   8.24110413   0.71224999   3.        
-8.79727173 10.29831696 -2.4155581   3.        
10.69132996 13.87066746 -0.419159    4.        
-10.37438202  10.65279388   1.92929101   3.        
11.66307068 13.56471252 -1.15615797  4.        
0.20427699 2.43830895 0.32574499 2.        
 6.54691315 12.83314514  1.813416    4.        
-7.21481323 10.77116394 -0.98403901  3.        
 2.52072096 10.94781494 -1.28891003  4.        
 0.17991599 -5.10429382  0.424072    2.        
-0.74421698 11.86276245  0.62853998  5.        
 2.60254693 11.06760406 -1.97940099  4.        
 7.72956085 13.61482239  0.051636    4.        
 3.59871697 11.16641998  2.15252709  4.        
-2.71571398  9.26520538 -0.95791602  3.        
-8.60978699 10.65524292  0.21444701  3.        
14.86868954 12.74027348  0.327362    4.        
-1.72878301  7.02015686  0.08316     2.        
13.24211884 13.13047791 -1.63119495  4.        
 0.67592603 -3.59951806  0.48403901  2.        
-11.87480164  10.50122833  -0.90026897   3.        
13.79370117 12.75901794 -1.91711402  4.        
 3.37597704 11.72776794 -2.57195997  4.        
15.47187042 12.24538422 -0.115112    4.        
-7.93907881 10.68095398  0.52267498  3.        
-7.66223097 10.65580654 -1.86792004  3.        
-12.96052647  10.15011597  -0.51315302   3.        
-7.34928083 10.61800385  2.33300805  3.        
 1.985237    8.87163544 -0.306122    4.        
11.55561829 13.80675507  0.21777301  4.        
 8.74130154 13.70370483 -2.25003004  4.        
-15.44926453   8.09004211   1.51767004   3.        
 9.65316772 13.85480499 -2.11749291  4.        
-11.52214146   9.91139221   2.03890991   3.        
13.67295837 13.17671967  0.88540602  4.        
 8.27593994 13.34698486  1.727844    4.        
-11.25676727  10.61390686   0.40490699   3.        
-4.45520782 10.11528778  2.83911109  3.        
0.50083202 0.25965101 0.096344   2.        
-1.066383    5.83425903  0.12149     2.        
-14.94963837   8.81417084   1.94299304   3.        
 5.29692793 12.41213989  1.52081299  4.        
16.05511475 11.73680878 -1.267151    4.        
-6.52323103 10.61133575  3.06393409  3.        
-13.33223724   9.57597256   2.35757494   3.        
 0.95046997  9.67105865 -0.14862099  5.        
-11.78012753   9.93254757  -1.87942505   3.        
 -0.48232999 -13.4677124    1.52963305   2.        
 2.55848694  9.79219055 -0.18820199  4.        
-0.072548   -1.462448    0.66949499  2.        
 0.412651   -7.28075409  1.39645398  2.        
 2.10275292 10.14241028 -0.74200398  4.        
 2.71798706 10.61554718  1.45105004  4.        
1.32829297 8.64532471 0.162018   2.        
-14.27890015   9.31433105   1.93493605   3.        
14.45226288 12.95205688  0.45629901  4.        
0.74826801 0.32070899 0.96557599 2.        
-0.15741    -2.49042892  0.88311797  2.        
-12.07362366  10.39907837   0.27151501   3.        
 0.638367   3.0743711 -0.514557   2.       
-1.42109704 10.52281189 -0.164307    5.        
0.37336701 6.3816762  1.01748705 5.        
 0.58016199 -7.64808607  0.79333502  2.        
-0.14489     5.25025892  0.247253    2.        
 0.96872699 -2.99189806  0.04306     2.        
-9.58865356 10.89054108  1.63708496  3.        
 4.88511705 12.35131836 -0.10907     4.        
-0.70366699  8.80149841  0.39407301  5.        
-3.50964403  9.36377716 -1.55725098  3.        
-13.65579987   9.76516724  -1.28387499   3.        
 0.062469   -7.29252577  0.53814697  2.        
-5.62522888 10.98088074  1.85302699  3.        
 6.33040619 12.90583801 -3.31890893  4.        
 1.17278302 -6.05236816  0.74588001  2.        
-10.05336761  10.51638031   0.88784802   3.        
0.50557703 7.63446808 0.75207502 5.        
-7.29112196 10.29455566  2.94500709  3.        
-7.16577911 10.63661957  0.39208999  3.        
-0.252983    4.87000322 -0.20431501  2.        
-7.716362   10.88248444  2.48040795  3.        
 1.32862396e+01  1.32266159e+01 -1.09899999e-03  4.00000000e+00
 0.93135798 -3.66044593  1.13812304  2.        
-6.97606707 10.67810059  2.931427    3.        
-5.2106781  10.44844818 -0.083069    3.        
-0.22678401 -7.16565704  1.17517102  2.        
-8.1908493  10.5901947   2.13211107  3.        
  0.646873   -10.66049957   1.06671095   2.        
 0.64510298  5.13517809 -0.393951    2.        
 1.25462306  8.04528141 -0.213837    2.        
1.25374603 6.69320679 0.076447   2.        
 7.83777618 13.07107544  2.1751709   4.        
-14.22212982   9.05209255  -1.52145398   3.        
-13.6871109    9.11016083   2.034271     3.        
 9.08738041 13.83343506  0.054016    4.        
 0.988823   -1.26190197  0.69775403  2.        
15.35352325 11.43331146 -2.22384596  4.        
-3.15176392  9.61038971 -0.88070703  3.        
 0.218887   -2.48408103  1.15304601  2.        
-7.81362915 10.69682312 -2.45516992  3.        
 0.18843099 -9.29732513  0.75619501  2.        
-0.262077   10.06157684  0.44540399  5.        
-7.12985992 10.46457672 -2.65618896  3.        
-15.28764343   8.6890564    1.55380201   3.        
-0.62380999  5.36332703  0.485138    2.        
-4.51648712 10.66628265  1.273651    3.        
 0.96859002 -7.12063599  0.983643    2.        
 0.70732099  3.39369202 -0.024475    2.        
12.858078   13.32112122 -0.33422899  4.        
 0.066933   -7.5429039   1.53887904  2.        
 5.92738295 12.53030396  1.91583204  4.        
0.38001999 8.35349274 0.147064   5.        
-1.32827795  8.37954712  0.62811297  5.        
-0.55078101  9.47875214  0.59582502  5.        
 4.82998705 12.24673462 -3.13546705  4.        
13.99249268 12.77693176  0.87539703  4.        
 0.114471   -7.65928984  0.250366    2.        
-7.10991716 10.90310669 -2.01388597  3.        
  0.230057   -11.88543701   1.80334496   2.        
-5.61988115 10.57987213 -1.75244105  3.        
-0.181053    1.43062603  0.34671     2.        
0.87300903 1.80767095 0.530518   2.        
-6.14027405 10.68380737 -0.69885302  3.        
13.72337341 13.07462311  0.29302999  4.        
 0.12998199  0.37416101 -0.152374    2.        
-13.98664856   9.22437286  -1.17498803   3.        
-16.34339142   8.19272614  -0.084595     3.        
-8.14417267 10.74787903 -1.14358497  3.        
-0.58628798  7.57967377  1.01623499  5.        
 0.450432   -0.32492799  0.70523101  2.        
 3.05021691 10.49880981 -0.29705799  4.        
-5.22723389 10.58945465  1.22732496  3.        
10.36808014 13.49759674 -3.18530297  4.        
0.67312598 1.42787194 0.28112799 2.        
 4.67605591 12.24851227  0.68484497  4.        
-11.48911285   9.93444824   2.89788795   3.        
-11.61019897  10.26573181   2.26974511   3.        
-3.20599389  9.91573334  0.864838    3.        
 0.41208601  1.71360004 -0.094208    2.        
-0.19223     9.06414795  1.60705602  5.        
-9.22904205 10.73396301  2.63201904  3.        
 3.04051995 11.43112946 -1.28561401  4.        
 5.46084595 12.2365799   2.36346412  4.        
-8.21273983e-01  9.72753906e+00 -4.85200016e-03  5.00000000e+00
10.22310638 13.89356232 -0.67022699  4.        
-4.646873   10.41394806  0.92193598  3.        
-8.55162144 10.90539646  2.22814894  3.        
1.37046802 8.60739136 0.67218    2.        
0.330971   8.49250031 1.50070202 5.        
-13.42138672   9.54721069  -2.0219419    3.        
 0.085457    6.46229506 -0.42889401  2.        
-8.57009888 10.72903442 -0.835419    3.        
 6.35455322 13.41345978 -2.03176904  4.        
-13.55373383   9.31117153   2.65206909   3.        
12.62322998 12.85137177 -2.83612108  4.        
 3.3139801  11.32080841  1.13110399  4.        
 6.03613281 12.92977142  0.475586    4.        
 3.12864709 11.581604   -1.67892504  4.        
 0.058479   -9.30360413  1.24960303  2.        
 0.015396   -3.814888    0.93737799  2.        
 7.76503801 13.55506134 -0.72271699  4.        
 0.90146601 -9.39044952  1.12466395  2.        
-15.77295685   8.12020111   0.44958499   3.        
-0.30761701  6.1946559   1.00625598  5.        
  0.49092099 -11.56469345   0.981354     2.        
-0.036888   -9.39702225  0.187866    2.        
-3.868752   10.00918579  2.12112403  3.        
-0.30941001  5.8086009  -0.212372    2.        
 8.98822021 13.35507202  1.44174194  4.        
-9.89293671 10.91423798 -0.60418701  3.        
-0.55445898  6.59773302 -0.022675    5.        
14.26656342 13.02211761 -0.32366899  4.        
-11.03958893  10.29975891   0.06897      3.        
-4.27510118 10.36258698 -1.70315599  3.        
-1.40315998  8.9488678   0.246185    5.        
-8.51856995 11.11009979 -0.415894    3.        
-0.068634    3.03389001 -0.019867    2.        
 0.155037    4.68865204 -0.29833999  2.        
1.06072998 6.15429688 0.145355   2.        
 0.97395301  5.13378096 -0.124146    2.        
-10.62155247  10.06414032   3.04644799   3.        
 2.65049005 10.11566925  0.72473103  4.        
-10.41047668  10.48990631  -0.52310199   3.        
-0.32659101 -8.94452667  1.19009399  2.        
1.678177   8.06752014 0.074158   2.        
 7.23178101 13.64149475 -1.77212501  4.        
 -0.078323   -10.30884171   0.70556599   2.        
-15.90126038   8.4855423    0.937042     3.        
-8.85318756 10.94824219  0.400879    3.        
-8.66607666 10.49375916  3.29998803  3.        
-14.36904907   9.46482086  -1.032776     3.        
 9.35485077 13.78161621  0.45019501  4.        
-14.49720001   9.51132202  -0.30099499   3.        
-13.86308289   9.50193024   1.83779895   3.        
-0.166077    4.80930281  0.30343601  2.        
 0.096001   -8.42602539  1.18008399  2.        
-1.11599004  6.46808577  0.250458    2.        
-14.70563507   8.80364227   0.80331397   3.        
 0.29917899 -1.92660904  0.40856901  2.        
-6.33590698 10.92661285 -1.62316895  3.        
-13.24459076   9.95232391  -1.28204298   3.        
-6.85694122 10.92694855  2.44104004  3.        
 3.29496002 11.31867218 -0.42919901  4.        
-14.79829407   8.76687622  -0.98535198   3.        
-9.24799347 10.88483429 -1.38809204  3.        
-13.1294632    9.8365097    2.09533691   3.        
-0.33174899 12.08058929  0.88031     5.        
1.74386597 9.58525944 0.83441198 4.        
-12.42952728   9.79563904   2.63879395   3.        
-11.00512695  10.4487381   -1.932495     3.        
10.29689026 13.74002838 -1.30288696  4.        
11.54073334 13.14807129  2.16046095  4.        
11.18121338 13.61864471 -2.39706397  4.        
0.62153602 3.02400994 0.60443097 2.        
 0.537628   -9.13500977  1.64468396  2.        
14.02179718 13.0222168  -1.22970605  4.        
-4.65471697 10.26925659 -0.086029    3.        
11.16184998 13.73267365  1.22332799  4.        
-0.69648701  7.76402283 -0.083405    5.        
 1.05758703 -2.97356796  0.56893897  2.        
 5.14711809 12.24016571  2.04580688  4.        
11.65421295 13.41555786 -2.05703712  4.        
-8.77258301 10.97766113  1.61343396  3.        
-12.57213593   9.49518585   2.2567749    3.        
-1.81543696  7.89181519 -0.51309198  2.        
  0.041267   -12.48557281   0.98260498   2.        
 -0.185371   -13.1821022    1.79287696   2.        
-15.60790253   8.31439209  -1.44628894   3.        
0.032806   7.46374512 1.42745996 5.        
 0.76805902 -8.21953201  0.332275    2.        
-0.00695     3.74165297 -0.136627    2.        
-13.32299805   8.96549225   2.76434302   3.        
-14.06215668   9.26248932  -1.95190406   3.        
-2.86547089  8.89347839 -0.82568401  3.        
-13.66402435   9.4136734    0.87612897   3.        
-1.58074570e+01  8.17765141e+00 -6.19499991e-03  3.00000000e+00
-7.94363403 11.00443268  0.20611601  3.        
-0.414864   -9.93625641  1.15203905  2.        
-1.52620697  7.70043182  0.67776501  2.        
10.0834198  13.68507385 -1.98648095  4.        
-10.10738373  10.65805054  -1.90621901   3.        
-6.63004303 10.93467712  0.30935699  3.        
 1.64473701  9.41815853 -0.51965302  4.        
1.18482995 7.54088593 0.139008   2.        
 0.16451301 -5.49092102  1.07910204  2.        
 0.61856103 -4.74183321  1.17843604  2.        
-6.14333296 10.65800476  2.42153907  3.        
 7.94831896 13.65995026 -2.15728807  4.        
-10.25971985  10.37934875   2.7381289    3.        
10.2459259  13.64344025  0.808716    4.        
-12.52132416   8.93763733   2.59390306   3.        
 4.99955702 12.82002258 -1.91027796  4.        
-0.95752698 10.3706131   0.07074     5.        
 5.57318878 12.73697662  0.233032    4.        
-13.5753479    9.87480927   0.65707397   3.        
 0.65635699 -2.56742501  0.94146699  2.        
 5.34343719 12.92693329 -1.62304699  4.        
-5.26254988 10.75892639 -0.55892903  3.        
-13.39034271   9.47614288  -1.40747094   3.        
-0.051674    4.11676788  0.51034498  2.        
-9.35608673 10.67572021 -2.05059791  3.        
0.091766   9.74636841 1.22445703 5.        
-0.785797    7.92514801  0.29757699  5.        
-8.907341   10.87535858 -1.64605701  3.        
 5.40142107 13.09552002 -2.4780879   4.        
  0.167603   -11.47526932   1.81799304   2.        
 0.023148   11.45779419  0.27136201  5.        
-4.23885393 10.47342682  0.49905401  3.        
-4.025177   10.07343292 -2.26141405  3.        
14.31063843 12.58750153 -1.87341297  4.        
-5.89910889 10.6812973   1.91354406  3.        
-7.90257978 11.06732941 -1.05429101  3.        
-0.148338   -6.0075798   1.17114305  2.        
-5.97836304 10.66231537 -0.166931    3.        
  0.057228   -12.42284775   1.99951196   2.        
-2.14726996  7.72911787  0.090027    2.        
-9.0820694  10.67025757  0.92498797  3.        
-9.10643005 10.69312286 -0.908966    3.        
-10.85809326  10.09001923   2.11535597   3.        
-5.74609423 10.86705017  0.56130999  3.        
-7.21623182 11.08249664  1.04772902  3.        
 0.46895599 -6.09492111  0.421112    2.        
 0.84294897 -3.89183402  0.71688801  2.        
-2.77829695  9.41445923  1.04879797  3.        
-10.75354004  10.62541962   1.70794702   3.        
0.18238799 6.36444092 0.051483   2.        
 4.46134901 12.54647064 -2.37692308  4.        
 9.82972717 13.57810974 -2.75726295  4.        
16.51042175 11.06993103 -1.18859899  4.        
 0.50448602 -1.01603699  0.76675397  2.        
14.99286747 12.00106812 -2.16723609  4.        
 2.22026801  9.68006134 -0.55923498  4.        
  0.50295299 -13.35190964   1.63592505   2.        
-10.68608093  10.81277466  -0.113464     3.        
 0.69345099 -3.99420595  1.107391    2.        
-0.20678701  8.26056671  1.19656396  5.        
 0.78901702 -7.50241089  0.42477399  2.        
15.31838226 12.19358826  0.26577801  4.        
1.06965601 0.217224   0.19976801 2.        
-9.61911774 10.39854431  3.03375196  3.        
-15.71031189   8.73991394   0.35317999   3.        
-7.97419691 11.06987762  1.18484497  3.        
-0.052757    1.57737005 -0.188171    2.        
-4.97540283 10.69923401  2.96343994  3.        
 1.40956104  6.98934221 -0.16369601  2.        
-16.5708313    7.45891619  -0.249176     3.        
10.26789856 13.28975677  2.41928101  4.        
  0.09964    -10.55834198   1.70019495   2.        
2.28817797 9.26529694 0.349426   4.        
 1.02818298 -2.38147306  0.014618    2.        
  0.52065301 -12.01421356   0.55639601   2.        
12.85571289 13.51302338  0.47082499  4.        
-7.36843109 10.99643707  0.13559     3.        
 1.67576599  8.2996521  -0.39785799  2.        
 7.12210083 13.11289978  1.36077905  4.        
-1.03343999 12.34512329  0.67355299  5.        
-14.64553833   9.17380524   1.835114     3.        
-1.900208    7.39697313 -0.18634     2.        
 0.761177    8.80606079 -0.25018299  5.        
11.53778076 13.75193024 -0.82022101  4.        
 4.40894318 12.02148438  1.77804601  4.        
-11.62389374  10.5068512    0.27355999   3.        
-8.89121246 10.40708923  2.67434692  3.        
-2.73687696  9.17156219  0.099884    3.        
-7.58071899 10.73905945  0.76376301  3.        
 4.14417982 12.01113892  0.343292    4.        
-6.57774401 11.09104156 -0.290802    3.        
-9.76125336 10.44194031 -1.80880702  3.        
0.128258   2.20253801 0.76473999 2.        
11.0545578  13.52196503 -3.02792406  4.        
-8.59874725 11.01416016  0.029724    3.        
 2.96888709 11.06855774  0.426117    4.        
 0.65006298 -1.62973797  0.29940799  2.        
 1.12446594 -4.60899401  0.73422199  2.        
-11.35903168  10.07863617   1.64465296   3.        
 1.99928296 10.2819519  -1.28805494  4.        
-7.10981798 11.10951996 -0.375305    3.        
-5.56845093 10.93898773  1.28027296  3.        
-10.08473969  10.83957672   1.12689197   3.        
 5.53180695 12.71122742 -3.17306495  4.        
-5.24899292 10.34850311  2.94644189  3.        
-13.74025726   9.39561462   0.093506     3.        
-13.574646     9.86618042  -0.902435     3.        
-12.45658112   9.92404175  -0.66097999   3.        
 8.8707428  13.5764389   1.10061705  4.        
 0.60025001  3.86669207 -0.151031    2.        
 0.182411   -2.81179404  0.48107901  2.        
 0.77522302  2.09791589 -0.055298    2.        
-11.15487671  10.74501801  -0.37722799   3.        
-9.69464874 10.60176086  2.64779711  3.        
-15.2492981    8.88764191   1.16824305   3.        
 0.88622302 -5.95790482  1.07348597  2.        
-0.88789397  9.16478729  0.242126    5.        
-14.47631073   8.57297516   2.19488502   3.        
 0.96098298 -2.62228799  1.28839099  2.        
 0.459389    6.61537218 -1.11596704  2.        
-14.24526978   9.10601044   0.647888     3.        
-0.096603   -9.65026855  0.49304199  2.        
16.47035217 10.69016266 -1.40270996  4.        
-12.17827606  10.43734741  -0.38168299   3.        
-7.47427416 10.68008423  1.79772902  3.        
 0.61437201  0.94779998 -0.33557099  2.        
 6.52799177 13.38671875 -1.24972498  4.        
0.013611   9.27513123 0.63110399 5.        
 0.76064301 -9.81613922  1.03738403  2.        
 6.57125807 12.45015717  2.67346191  4.        
-0.170738   10.05964661  0.054047    5.        
 0.32720199  2.15331292 -0.45364401  2.        
-7.74642897 10.76835632 -0.134003    3.        
-5.80876207 10.48992157  2.90521193  3.        
-10.57550812  10.39376068   0.80114698   3.        
-9.18596554 10.43965054  2.362427    3.        
-6.82389784 10.76244354 -0.89663702  3.        
-8.25424957 10.79622746 -0.59988397  3.        
-14.65713501   9.35023499   0.38870201   3.        
 7.02371216 13.36308289  0.31390399  4.        
-10.25266266  10.78451538   0.22164901   3.        
-11.75289917  10.12877655  -0.014923     3.        
-9.76013947 10.39368439  2.15612793  3.        
-9.853508   10.88027191 -1.16888404  3.        
-4.66458082 10.6118927  -1.065521    3.        
 4.80370283 11.76756287  2.63867211  4.        
 0.62896001 -0.56236303  0.229431    2.        
 1.14879596  6.24131823 -0.76001     2.        
 0.861633 -0.348755 -0.081207  2.      
-6.29103088 10.9695282  -1.22888196  3.        
-13.87204742   9.35781097  -0.55255097   3.        
-9.15406799 11.03992462 -0.45953399  3.        
-12.64776611   9.80033112   1.05877697   3.        
 0.87963903 -5.33987379  1.41982996  2.        
 8.33035278 13.72042847 -0.46624801  4.        
 2.21546197 10.50195312 -1.95571899  4.        
 5.29946089 12.49227142  1.08535802  4.        
 0.18229701 -4.72854996  0.55719     2.        
-9.88510132 10.50006866  0.209473    3.        
 7.53958893 13.43873596 -0.415344    4.        
-11.92500305   9.62560272   2.45422411   3.        
 3.74675012 11.85041046 -1.000916    4.        
-1.28199804 11.19296265  0.05069     5.        
0.71610302 2.58519006 0.177856   2.        
 2.23777795 10.14022064  0.94818097  4.        
-1.43773603  7.91687822  0.144318    2.        
-14.00388336   9.7191391   -0.383881     3.        
-16.52790833   7.90132093   0.114105     3.        
-12.62888336   9.64195347   1.83514404   3.        
-15.83165741   8.55713654  -0.54287702   3.        
-10.84486389  10.33823395   1.08868396   3.        
-13.08939362   9.70237732  -0.47979701   3.        
 0.42193601 -3.58546495 -0.010803    2.        
10.44802094 13.47466278  1.68414295  4.        
13.11805725 12.89556885 -2.89675903  4.        
-11.25006866  10.6051712    1.18563795   3.        
 3.64707208 10.84062195 -0.036041    4.        
-11.04971313   9.8830719    2.50414991   3.        
 0.098747   2.6741941 -0.043762   2.       
 7.79059601 13.45739746  0.83337402  4.        
-8.51708221 11.01721954 -1.242432    3.        
-13.31274414  10.01992035  -0.123688     3.        
12.81226254 13.15300846  1.32470703  4.        
 8.73603821 13.62057495  0.36727899  4.        
-11.82259369  10.56031799  -0.510773     3.        
 4.08669281 11.93559265 -2.89486694  4.        
-12.72006989   9.83663177  -0.37713599   3.        
-9.41515446 10.61762238  1.35247803  3.        
-6.34121704 10.58560181 -2.37469506  3.        
-11.52876282  10.64639282  -0.249695     3.        
-12.18373108   9.89550781   1.27734399   3.        
-15.25752258   9.07439423  -0.204803     3.        
11.07034302 13.88095856 -0.29672199  4.        
 2.469208   10.15545654 -0.56753498  4.        
-9.61309147 10.6280899  -0.72878999  3.        
-6.57549286 10.69369507 -1.35626197  3.        
-12.06574154  10.39615631   1.05462599   3.        
-2.21658301  8.72637177  0.47985801  3.        
-13.00362396   9.66562653   0.29721099   3.        
-10.72102356  10.69703674  -1.26882899   3.        
-14.32476044   9.48810577   1.09661901   3.        
0.096313   3.26696801 0.25472999 2.        
0.132668   7.18325806 0.186462   5.        
-3.94695997 10.08372498 -0.32769799  3.        
-15.74437046   8.74454498  -0.04834      3.        
 3.34512305 11.48045254 -2.09234595  4.        
 9.02200317 13.81075287 -0.33560199  4.        
 0.482582    6.26879883 -0.36712599  2.        
-6.89421082 10.96051025 -1.55770898  3.        
 0.38700899  5.85417891 -0.99679601  2.        
 4.05982208 11.93212128 -0.44793701  4.        
-8.65611267 10.68359375  0.61810303  3.        
-13.16674042  10.06537628   0.65576202   3.        
 3.41880012 10.55151367  1.75314295  4.        
 4.70395708 12.6229248  -3.18566895  4.        
 0.77749598  7.42591095 -0.37295499  2.        
  0.09095    -12.56954956   1.59884596   2.        
-0.170311   11.81968689  0.60525501  5.        
 9.9571991  13.2062149   2.15701294  4.        
-7.6877141  10.57291412  3.03820801  3.        
-3.39956689  9.90634918  1.38513196  3.        
 4.39582109 12.39276886 -2.83151293  4.        
-0.110077    6.91719818  0.696899    5.        
-2.54611206  9.09020233  0.82797199  3.        
 6.98870087 13.39879608 -0.99057001  4.        
16.61079407 10.67008209 -0.80773902  4.        
 3.45600891 11.85797882 -1.68548596  4.        
13.71331787 13.05742645 -0.353973    4.        
 0.90641803 -1.76728106  0.827393    2.        
-10.78566742   9.72406006  -2.46203589   3.        
-3.78855109  9.76005459 -1.87161195  3.        
13.19700623 13.36277008 -0.81201202  4.        
-5.74165297 10.87837219 -1.50234997  3.        
 0.75882    -0.592888    1.02111804  2.        
-8.01808167 10.36497498 -2.41656494  3.        
 6.34671783 13.15390015 -3.01626611  4.        
-16.21073914   7.76729584   0.54675299   3.        
 6.85968018 12.95491791 -2.94647193  4.        
 5.68768311 13.09194946 -1.88299596  4.        
 0.52897602  4.76948595 -0.46859699  2.        
 0.101578    4.18197584 -0.32687399  2.        
-16.05299377   8.16169739   1.18246496   3.        
-0.478264    6.90593004  1.11499     5.        
12.36863708 13.64528656  0.34310901  4.        
 0.32293701  7.26217604 -0.144989    5.        
-0.248329    4.43642378  0.4039      2.        
 -0.393913   -10.59877014   1.04892004   2.        
 9.44876099 12.99678802  2.56677198  4.        
 0.05468   10.5479126  0.753052   5.       
 9.20049286 13.79108429 -2.49426293  4.        
11.15236664 13.41710663  1.80459595  4.        
 3.11485291 10.83029175 -0.62496901  4.        
-4.89663696 10.7661438   1.53036499  3.        
-15.5815506    8.19862366  -0.98999      3.        
 7.26233721 12.48014832  2.56930494  4.        
14.20786285 12.46152496  0.79553199  4.        
-6.08483124 10.87641144  0.363251    3.        
10.98620605 13.83003235 -0.94360399  4.        
-0.89365399 11.79351807 -0.047729    5.        
-13.165802     9.63718414  -0.88189697   3.        
 0.03363    -6.99430513  0.78421003  2.        
-14.73442078   8.74399567   1.19464099   3.        
 0.61194599 -1.39292097  0.83194     2.        
 0.22837099 -2.37880301  0.32843     2.        
-2.43274689  8.54124355 -0.61978102  3.        
 0.82193798 -7.33538103  1.28497303  2.        
 2.44000196 10.47080231 -0.110626    4.        
0.769333   2.09713793 0.76547199 2.        
16.31864929 11.00632477 -0.58709699  4.        
 7.33168793 13.46669006 -3.04272509  4.        
0.084167   0.95197302 0.22988901 2.        
-13.14370728   9.50282955  -1.757599     3.        
0.302513   7.12981415 0.64523298 5.        
-1.14325702  6.90714312  0.036469    2.        
-11.79546356  10.037323    -1.50888097   3.        
 3.76962304 12.18348694 -2.4277041   4.        
-10.73008728  10.32440853   1.46905506   3.        
 1.16686201  5.8687129  -0.25161701  2.        
 0.67904699 -8.84954071  0.159973    2.        
-12.98373413   9.98615265  -1.63464403   3.        
-10.37983704   9.5806427    2.86157203   3.        
11.95690918 13.58292389 -0.249237    4.        
 0.67291301 -9.32601643  0.406158    2.        
 1.54207599  7.60711718 -0.282318    2.        
 5.97071123 13.02078247 -0.61123699  4.        
 1.05349696 -7.98255491  1.06045496  2.        
-11.92471313   9.67698669  -2.12637305   3.        
  0.95163    -10.22577286   1.45074499   2.        
0.018623   7.94018602 1.26626599 5.        
-4.58453417 10.33792114  2.49893188  3.        
-7.95230913 10.77580261  0.94091803  3.        
-0.05777     9.78492737  1.68615699  5.        
 -0.27226299 -11.83399963   0.59057599   2.        
0.59606898 7.60661316 0.059326   2.        
-0.53294402 11.32249546  0.114594    5.        
-12.63837433  10.06864166  -1.87170398   3.        
11.5796814  13.01455688 -3.18945289  4.        
 0.52303302 -4.17001677  0.51763898  2.        
-8.32611847 10.61391354 -1.87216198  3.        
0.81015003 4.33571577 0.61904901 2.        
12.38625336 13.41680145 -0.932648    4.        
 0.80906701 -6.64402819  1.03814697  2.        
10.98325253 13.28986359  2.12417603  4.        
 7.67343092 13.20057678  1.24975598  4.        
0.423706   1.5812     0.55835003 2.        
 9.09390259 13.16466522  2.1499939   4.        
0.72946203 3.56528497 0.52816802 2.        
 0.70231599 -8.70496845  0.91223103  2.        
-8.94900039e-03  1.09834976e+01  8.27820003e-01  5.00000000e+00
 0.85088301  0.95819098 -0.03479     2.        
  0.46824601 -11.87459183   1.49130201   2.        
-6.71575212 10.76043701 -0.116089    3.        
11.63006592 13.51315308  1.13327003  4.        
  0.30695301 -10.47238541   0.43277001   2.        
0.021851   8.83699036 1.35214198 5.        
 7.45861816 13.57955933 -1.47598302  4.        
-15.09679413   8.76998901  -1.49267602   3.        
-7.19001007 10.73625183  0.851013    3.        
 0.45672601 -5.82971191  0.69122303  2.        
 0.43225899 -4.82090378  0.121674    2.        
-10.75073242  10.32458496  -2.19540405   3.        
-11.45948792   9.68166447  -2.22521996   3.        
 0.80519903 -7.03293991  1.59533703  2.        
-15.14108276   8.65201569  -0.25430301   3.        
-5.51545715 10.95626831  2.29208398  3.        
14.73240662 12.38682556  0.71154797  4.        
 7.55502319 13.53393555 -2.70553589  4.        
-10.97252655  10.30927277  -1.13680995   3.        
 0.040398    7.5223918  -0.47317499  5.        
10.78793335 13.63497162  0.86669898  4.        
-3.0142591   9.9119873   1.96664405  3.        
10.63504028 13.85572147  0.235046    4.        
 4.67073822 12.01107788  2.10363793  4.        
 9.05925655 13.73857117 -0.838745    4.        
 4.78851318 12.30752563 -2.74182105  4.        
  0.53401899 -12.55903244   1.56210303   2.        
-0.27854201 -6.41955996  1.253021    2.        
-7.47006178 11.00787354 -1.62564099  3.        
-10.19151306  10.24880981   2.1902771    3.        
0.713943   0.57966602 0.21765099 2.        
-4.94289398 10.44761658  0.65838599  3.        
-1.69088805  8.36689758 -0.35061601  2.        
-12.4702301   10.03524017   2.23223901   3.        
 0.48979899 -6.74025011  1.50714099  2.        
-0.059822   10.41494846  1.129547    5.        
 0.60410303 -8.52640247  0.54434198  2.        
-0.178627    8.78818512  1.02432299  5.        
-10.35295105  10.40325165   1.56677198   3.        
-8.49828339 11.03605747  0.68582201  3.        
 9.65354919 13.61919403 -2.42663598  4.        
 0.60578901 -9.71237183  0.524261    2.        
 0.788849   -3.25242209  0.91650403  2.        
 0.36921701  5.81417799 -0.47503701  2.        
11.21366882 13.75957489 -1.59561205  4.        
 2.53414202 10.56480408 -1.27700806  4.        
 0.294388   -6.57297516  2.02322412  2.        
-9.78431702 10.76851654  1.98730505  3.        
-5.01399994 10.5178833  -2.09173608  3.        
10.47759247 13.75135803 -2.14199805  4.        
-12.35707092  10.14502716   1.70803797   3.        
-7.67149401 10.74983215 -1.34207201  3.        
11.1324234  12.97940063 -2.96530104  4.        
-10.66249084  10.33367157  -1.48175001   3.        
-0.34660301 11.69432831 -0.049133    5.        
 -0.052628   -13.03845978   1.02395594   2.        
 1.382622    8.36569214 -0.079041    2.        
-0.593979    8.23381805  0.76431298  5.        
 -0.280853   -12.61965179   1.469666     2.        
 4.42324781 12.31193542 -1.06845105  4.        
-5.48909807 10.6342926   1.76147497  3.        
 2.62724304 10.4438858  -0.79104602  4.        
 0.22606701 -7.74075699  1.25192297  2.        
-10.76022339   9.83148193   2.77008104   3.        
 6.70288897 12.71026611  2.17080688  4.        
-3.91066694  9.92405701  2.62313795  3.        
-8.12812805 10.69155884  0.139832    3.        
 0.27690899 -3.32549691  0.29757699  2.        
 0.83096302 -5.28010178  1.05377197  2.        
-16.73386383   7.43217516   0.32226601   3.        
 0.15560199 -6.49513197  1.57861304  2.        
 2.79579902 10.08692169  0.054718    4.        
13.93696594 12.46761322 -2.61318994  4.        
 2.99931312 11.00059509 -1.28665197  4.        
 0.24376699  2.63341498 -0.40991199  2.        
-9.60868073 10.80635834 -1.67205799  3.        
 0.51555598 -8.25725174  1.55770898  2.        
 0.99935901  8.58509827 -0.43273899  2.        
 9.38622284 13.88500214 -1.76355004  4.        
0.76362598 4.17351484 0.154266   2.        
-16.32099152   7.41875505   0.57363898   3.        
  0.044533   -10.21018982   1.42413294   2.        
14.57157898 11.71386719 -2.33541894  4.        
-13.8331604    9.5803299   -1.69918799   3.        
 3.003021   11.06323242 -0.026428    4.        
-1.67646801  8.23149872 -0.74203497  2.        
 0.043167   -8.06611633  1.00463903  2.        
 0.523399    7.8998642  -0.27468899  5.        
-4.56466722 10.53731537 -1.45550501  3.        
0.45098099 2.21459198 0.55807501 2.        
 3.40973711 11.42573547  0.48934901  4.        
-0.384514    8.60157776  0.55471802  5.        
-2.29078698  8.68695831  0.023895    3.        
-7.93176985 11.13296509 -0.63015699  3.        
13.1048584  13.12135315 -2.09689307  4.        
13.18549347 13.19207764  0.72570801  4.        
15.91834259 11.74814606 -0.19634999  4.        
-9.13115692 10.1798172   3.01626611  3.        
 1.47737896  7.15457916 -0.599823    2.        
-4.57350206 10.60865021  0.62335199  3.        
-3.88892388  9.98888397  0.107819    3.        
 0.78296697  4.53273821 -0.67105103  2.        
-5.60458422 10.61642456 -1.27816796  3.        
-5.666924   10.91494846 -0.30835     3.        
 0.159538 -0.127121 -0.01767   2.      
 9.81652832 13.82663727  0.45050001  4.        
0.64945197 8.59600067 0.158112   5.        
-7.98283386 10.27306366  2.97580004  3.        
-10.74104309  10.42046356  -0.09729      3.        
-6.78624678 11.05110168  0.891083    3.        
-0.131042   -0.02507     0.50396699  2.        
-0.145752   -9.42250061  0.81683302  2.        
14.48149109 12.36899567 -2.14328003  4.        
11.98647308 13.29601288  1.65057397  4.        
-9.38751984 10.91008759  0.158905    3.        
16.29489136 11.41992188 -0.74005097  4.        
 -0.285561   -13.37787628   1.10098302   2.        
-6.12056684 10.98773956  1.20343006  3.        
 0.134903   10.7026062   0.20980801  5.        
 0.522232   -6.11410093  1.43490601  2.        
-6.41179705 10.75067902 -0.31774899  3.        
 0.91385698  6.81399488 -0.12600701  2.        
 1.20021796  6.64067793 -0.37860101  2.        
-10.11801147   9.86260986   2.93044996   3.        
 0.91905999 -1.90956104  0.20120201  2.        
14.7845993  12.65641785 -0.085358    4.        
 0.482483   -9.92689896  0.83630401  2.        
-12.44055939   9.77685547   1.55880702   3.        
-8.06980896 10.70389557 -1.54736304  3.        
-7.64082289 10.95384216  2.03259301  3.        
-8.49094391 10.66661072  2.91027808  3.        
1.06336999 7.92052507 0.40264899 2.        
-6.49662018 10.91924953  2.44799805  3.        
-10.72557831  10.24573517   2.75295997   3.        
  0.24047901 -10.69268036   0.83026099   2.        
-3.24755096  9.71833038 -0.052887    3.        
-13.84066772   8.55010986   2.3122561    3.        
-5.27673292 10.38578796 -2.42752099  3.        
 6.91059923 13.47189331 -2.40100098  4.        
-11.57763672  10.48706055  -1.36651599   3.        
-6.5124588  10.28083038 -2.63412499  3.        
-9.61286163 10.59872437  0.84637499  3.        
-16.25099182   8.08770847  -0.528503     3.        
-10.25711823  10.16036224   3.15860009   3.        
-6.95130205 11.00317383  1.50585902  3.        
-5.57954407 10.5828476  -0.81030297  3.        
-3.39650011  9.75663757 -1.17440796  3.        
 0.216896   -5.65601397  1.44281006  2.        
-6.84018707 11.10781097 -0.61138898  3.        
 8.032547   12.92205811  2.43624902  4.        
 8.74269867 13.42964172  1.69161999  4.        
 3.40467095 11.53797054 -0.76483202  4.        
-0.09066    -8.61183167  0.93753099  2.        
12.23303223 13.42908478 -1.35119605  4.        
0.141808   9.86721802 0.82260102 5.        
 2.46335602 10.75315094 -0.89794898  4.        
10.04164886 13.47917175  1.66143799  4.        
-11.34043121   9.53738403   2.82873511   3.        
 0.45954901 -5.05876923  0.64199799  2.        
-0.016281    2.01277208  0.27090499  2.        
-13.00733852   9.99821472   1.411865     3.        
 1.19599199 -5.43743086  0.779266    2.        
-5.7604599  10.62071228  0.82522601  3.        
-1.326424   11.9457016   0.57907099  5.        
-0.61853802  7.37519121  0.50204498  5.        
 3.39647698 11.27200317 -1.18359399  4.        
-0.46933699 10.54548645 -0.068665    5.        
-6.99101305 10.5759964  -2.08843994  3.        
-9.71124268 10.29438782 -2.41247606  3.        
-11.13062286  10.69664001  -0.89648402   3.        
10.73996735 13.45768738 -2.82641602  4.        
  0.50476801 -13.15754318   1.24462903   2.        
0.85119599 5.33435822 0.14150999 2.        
0.06749    7.57986498 0.29251099 5.        
 5.22506714 12.63493347 -2.86532593  4.        
-7.17331696 10.52829742  2.6776731   3.        
-1.30481696  6.35713196 -0.035553    2.        
-5.05310822 10.46071625 -1.741364    3.        
-12.63342953   9.42815399  -2.08752394   3.        
13.79589844 12.66436768 -2.34243798  4.        
-1.30191803  7.52594805  0.141449    2.        
-0.37525901 12.07135773  0.400024    5.        
-12.12062073   9.94606018  -2.37701392   3.        
 9.44256592 13.74056244 -3.13876295  4.        
-0.97132099  6.15880585 -0.31112701  2.        
11.66390228 13.59448242  0.47821     4.        
-3.8932271  10.14617157  1.12692297  3.        
 3.88392591 11.84306335  0.58200097  4.        
-2.08778405  8.18943024  0.02179     3.        
-1.96334803  8.05049896  0.338135    2.        
 6.54929399 13.47554779 -2.35015893  4.        
-0.596542    9.51703644  0.16687     5.        
 2.59295607 10.29978943  1.54464698  4.        
 9.35247803 13.7407074  -0.23632801  4.        
 4.30105591 12.46192932 -2.01159692  4.        
-10.4835434   10.62533569  -1.76840198   3.        
 -0.090248   -13.52028275   1.86523402   2.        
-7.63066101 11.00512695  0.36920199  3.        
11.68564606 13.65619659  1.44924903  4.        
-2.97178602  9.69231415  0.63784802  3.        
-0.16748001  0.41446701  0.52334601  2.        
-7.12966204 11.04917145 -1.19525099  3.        
 0.333031   -1.13513196  0.053406    2.        
-15.00109863   9.24046326  -0.38916001   3.        
 0.23502301 -9.82857132  0.44165     2.        
 9.07158661 13.87001038 -1.50555396  4.        
-15.29940033   7.81208801   1.73013306   3.        
 4.19529676 11.52180481  2.45245409  4.        
-0.52204901  6.11072493  0.18905599  2.        
14.15706635 11.92339325 -2.46594191  4.        
0.324669   9.33233643 0.34667999 5.        
 0.047348   -1.16856396  0.52191198  2.        
-1.78082299  7.3428731   0.212402    2.        
 3.83872199 11.71894836 -0.26776099  4.        
 0.74070698  5.524261   -0.37558001  2.        
-14.79865265   9.24021912   0.74920702   3.        
-13.07402039   9.27378082  -2.04275489   3.        
 0.40540299  3.52696204 -0.237793    2.        
 8.47370243 13.58931732 -2.88363695  4.        
 3.69003296 11.96405792 -1.44625795  4.        
-13.35203648   9.4361124   -2.34472704   3.        
-7.51068878 11.1097641  -0.227814    3.        
-10.28263092  10.45860291  -1.24853504   3.        
 0.34136999 -2.592026    0.013397    2.        
10.35038757 13.255867    2.08315992  4.        
-7.58994293 11.09237671  1.04409802  3.        
0.942047   8.26966095 1.34347498 5.        
 0.104813   -5.65562105  0.530792    2.        
-15.37307739   8.42171478  -0.79132098   3.        
-0.76477802 10.72360992 -0.017822    5.        
-10.02903748  10.87568665  -0.13848899   3.        
-14.29241943   8.8384552    1.94229102   3.        
 5.72582197 12.25274658  2.60317993  4.        
 0.69811201  4.10506392 -0.38293499  2.        
 0.206398   -0.062088    0.81106597  2.        
-1.50676703  8.62019253  0.454346    2.        
-6.47801208 10.67235565  0.86608899  3.        
-6.10878801 10.34160614  2.81869507  3.        
-9.89568329 10.50523376 -1.36550903  3.        
-13.71990204   9.09388733  -2.07467604   3.        
 6.17172194 13.26635742 -1.37866199  4.        
-6.54096985 10.98352814  1.90969801  3.        
1.192963   8.58942413 1.54492199 5.        
0.044357   9.28484344 1.40795898 5.        
-1.06105804  8.17899323  0.54135102  5.        
 0.72379303 -9.14625168  0.926727    2.        
1.88622296 9.0602417  0.34024    4.        
15.51867676 11.9152298   0.506989    4.        
-7.95268202 10.76512909  2.78250098  3.        
 1.68199205  9.19271755 -0.24218801  4.        
 5.67307997 13.19572353 -2.72186303  4.        
 7.84519196 13.71822357 -1.50997901  4.        
-8.15506744 11.0595932   0.697083    3.        
-1.64376104  8.1655426   0.282684    2.        
 7.49430084 13.28917694  0.74227899  4.        
 0.93476897  6.21117401 -0.327667    2.        
-4.35999298 10.38947296  0.165314    3.        
-4.65012407 10.57933807  2.83456397  3.        
 0.633102  2.309273 -0.467255  2.      
 2.88815308 11.16453648 -2.36013794  4.        
0.70288801 1.05793798 0.71816999 2.        
-8.43504333 10.71054077  1.383636    3.        
-0.26606801 11.01203156  0.14028899  5.        
 0.092957   -7.16058397  1.42929101  2.        
-5.09908295 10.83061218  2.30346704  3.        
-3.26421404  9.60293579 -1.66088903  3.        
-2.76216102  9.27487183 -0.232666    3.        
2.39917803 9.74375916 0.78512597 4.        
-9.51934814 10.98404694 -0.32605001  3.        
-1.84771001  7.19612122 -0.48074299  2.        
-16.03743744   8.00794983  -0.19427501   3.        
13.76513672 13.04310608  1.38278198  4.        
 0.91664898  5.02281904 -0.61932403  2.        
-6.46746778 10.80717468 -2.13336205  3.        
-7.37718201 11.00434875  1.65875196  3.        
15.532547   12.28643799 -0.44900501  4.        
 0.150711 -0.464012 -0.104156  2.      
-4.40373993 10.2702713  -0.43957499  3.        
-11.41339111  10.1027832   -1.61901903   3.        
-0.15190101  9.16444397  1.14291406  5.        
12.99658203 13.31252289  0.233063    4.        
 1.11707306  5.67134094 -0.54266399  2.        
0.753838   7.95981598 1.27929699 5.        
-6.0667882  10.67930603  1.05200195  3.        
 0.22251099 -1.72148097  0.85870397  2.        
15.77806091 11.88021946  0.084778    4.        
 0.55399299 -2.22793198 -0.05304     2.        
 0.70057702  6.90535688 -1.53192103  2.        
0.072586   8.24190521 0.37338299 5.        
 0.32076299 -8.13844681  0.721771    2.        
-10.03588104  10.32112122  -1.974792     3.        
 4.98504591 12.64523315 -1.02816796  4.        
-0.67955798  5.1846242  -0.091644    2.        
12.27591705 13.64092255 -0.70217901  4.        
-0.26361099 -7.69068909  1.93167102  2.        
-4.05979919 10.26358795 -1.43771398  3.        
0.66561902 8.43555546 1.55059803 5.        
-0.221672    7.73580217  1.07058704  5.        
-9.53430939 10.59376526  0.048157    3.        
-0.20636     9.33614445  0.29425001  5.        
 0.57353199 -5.55935717  1.36514294  2.        
 -0.37441999 -12.63179398   0.78359997   2.        
  0.49379    -11.10856628   0.60778803   2.        
15.02562714 12.28491211 -1.72967505  4.        
13.60578156 13.3157196  -0.070374    4.        
-4.63083696 10.48694611  1.90985096  3.        
14.17373657 12.94063568  0.099518    4.        
-1.12920403 10.0111618   0.120392    5.        
 7.97886705 13.39636993 -3.23336792  4.        
15.11604309 12.42886353 -1.09686303  4.        
  0.57279998 -12.14169693   1.15786695   2.        
-5.56313276 10.71001434 -2.12457299  3.        
-7.6832118  10.51987457 -2.19866896  3.        
 0.249001   -3.47176409  1.29290795  2.        
-8.76276398  9.96666718 -2.36203003  3.        
-11.94902802  10.28886414  -1.87860096   3.        
10.81507111 13.3200531  -3.21954298  4.        
-1.96426404  8.40719604  0.57284498  3.        
-4.2020421  10.32476044  2.22396803  3.        
-1.06040204 11.76077271  0.29025301  5.        
-11.58215332  10.11225891   2.62673903   3.        
-13.0415802    9.78537655  -2.00048804   3.        
 8.08853245 13.69091797 -1.76004004  4.        
 -0.122139   -11.25162888   0.89749098   2.        
-0.34001201  4.31705523 -0.163635    2.        
 0.62042999 -9.58039093  1.23278797  2.        
 0.022781   -8.75082397  0.58062702  2.        
-12.22905731   9.58731842   2.31491089   3.        
-5.89468384 10.87284946  0.08197     3.        
-1.06112695  9.53639984  0.168274    5.        
 0.94805098 -3.269238    0.32861301  2.        
 3.19802094 11.27111816 -1.54086304  4.        
0.77088898 0.203247   0.392456   2.        
 5.66467285 12.99947357 -3.05401611  4.        
11.4822464  13.55298615 -1.54617298  4.        
 9.87507629 13.7427063  -0.628052    4.        
 1.17938995  9.60326385 -0.384399    5.        
  0.41239199 -13.77003098   1.27688599   2.        
 0.042862   -7.92793989  1.68167102  2.        
-12.32224274  10.26422882  -1.31579602   3.        
-2.8255229   9.496521    0.29797399  3.        
0.95844299 4.77141619 0.088196   2.        
-6.05024719 11.00964355 -0.57711798  3.        
 0.96687299 -0.45539099  0.79730201  2.        
 3.63607001 11.47033691  1.68579102  4.        
-13.70104218   8.90937805   2.33566308   3.        
 0.80679297  4.42403412 -0.355286    2.        
-7.09190416 10.19898224 -2.36184692  3.        
 7.78267717 12.59344482  2.6282959   4.        
-11.16560364  10.51739502  -1.64697301   3.        
 0.40328199 -8.29219818  0.41586301  2.        
12.47247314 13.20723724 -2.10296607  4.        
-2.11213708  8.35057831 -0.70971698  2.        
 2.52326989 10.70682526 -2.02273607  4.        
 0.34633601 -6.23639679  0.69692999  2.        
-4.79701996 10.48036194  1.21197498  3.        
 0.83817297 -0.91072798  0.26397699  2.        
14.35083008 12.9228363  -0.71160901  4.        
-0.180344    2.32230401 -0.235992    2.        
 1.02453601 -2.11975908  0.63973999  2.        
 1.95083594  9.75293732 -0.37741101  4.        
16.52163696 10.46039581 -1.09786999  4.        
 8.34167004e-01  4.46148682e+00 -2.56299996e-03  2.00000000e+00
-5.22960711 10.56267548  0.893341    3.        
14.43858337 12.76953125 -1.35797095  4.        
-6.79505205 10.48439026 -2.66049194  3.        
-0.37056699  9.22823334  0.71908599  5.        
15.27410889 11.86428833  0.264954    4.        
 -0.090622   -12.18310547   0.94409198   2.        
0.056389   0.53498799 0.142883   2.        
-16.12225342   8.05686188  -0.86114502   3.        
0.073967 1.598122 0.216034 2.      
0.93840802 0.82774401 0.562195   2.        
-0.81713098  5.52796221  0.195251    2.        
 9.41282558 13.58293247  1.44528198  4.        
 1.82787299 10.02278137 -1.17199695  4.        
-5.24099684 10.70993042  0.22287001  3.        
 0.184723   -3.59510398  0.686005    2.        
-0.52570301  9.95381927  0.037292    5.        
 -0.42397299 -13.74875259   1.70715296   2.        
 -0.39707899 -12.69538879   2.01122999   2.        
 7.27435303 13.07257843  1.68090796  4.        
 5.35349989 12.59518433 -0.24673501  4.        
12.66996765 13.50287628 -1.08017004  4.        
10.42151642 13.70036316 -2.53341699  4.        
-4.19719696 10.26802826  1.21389794  3.        
0.086143   6.24889421 1.11398304 5.        
 4.74788713 11.68105316  2.32446289  4.        
-0.035942   -5.72963715  0.969055    2.        
-5.17726088 10.52355957 -1.28796399  3.        
-10.04147339  10.78488159   1.66592395   3.        
-4.1775279  10.35107422  1.873016    3.        
 9.14308929 13.61240387 -2.896667    4.        
 0.25556901 -4.1411438   0.31994599  2.        
0.50746202 0.97705102 0.018738   2.        
16.06097412 11.91230774 -0.44467199  4.        
-14.92988586   9.03952026  -1.38616896   3.        
1.57154095 8.42430115 0.19210801 2.        
-3.78929901 10.02272797 -0.61611903  3.        
 2.29044294 10.42810059 -0.66784698  4.        
 0.28956601 -2.10906601  1.02728295  2.        
 9.97518158 13.70949554  1.13922095  4.        
-0.53459197  6.82321215  0.53207397  5.        
 0.83258802 -7.54080582  1.67355299  2.        
-10.54567719  10.07965946   2.34231591   3.        
 2.7928009  10.8225174   1.12219203  4.        
 2.22827101 10.59312439 -1.39425695  4.        
-6.97161102 10.68030453  2.06103492  3.        
-2.84468102  9.73854828  1.01785302  3.        
-1.45410204  7.32754517 -0.34075901  2.        
1.34732795 7.87902117 0.20544399 2.        
12.16735077 13.37236023  1.91378796  4.        
 6.23906708 12.62915039  1.88696301  4.        
-6.16525984 10.56989288 -2.02661109  3.        
 0.40838599 -7.06876707  0.25585899  2.        
-6.73844194 10.72053528  1.40057397  3.        
-8.60194397 11.03753662  0.99826002  3.        
13.40252686 13.10338593 -1.26239002  4.        
-0.07029     3.39366889 -0.031067    2.        
 5.56862593 12.67017365 -2.83178711  4.        
-6.89906311 10.98156738  1.901245    3.        
-5.51273394 10.47710419  0.103149    3.        
-11.82971954   9.80767822   2.081177     3.        
13.93361664 12.96427155 -1.61352503  4.        
 0.68920898 -6.33618593  1.24139404  2.        
-14.03825378   9.63964081   1.05172706   3.        
 6.04939985 13.29579163 -2.02554297  4.        
0.95925099 4.10117292 0.433411   2.        
-8.19309235 11.13584137 -0.396667    3.        
-11.22187805   9.966362     2.1560359    3.        
-3.59033203  9.87127686  0.189117    3.        
 6.87317705 13.27796173 -2.86554003  4.        
-3.78156996 10.24963379  0.77993798  3.        
-9.11206818 10.53818512 -1.78561401  3.        
 2.13803101  8.65285492 -0.11792     2.        
-13.24237061   9.40851593   2.63821411   3.        
 0.622078   -4.53747606  0.192993    2.        
-13.93811035   9.63718414  -1.18243396   3.        
 -0.425201   -11.78165054   0.91601598   2.        
14.85227966 12.56972504 -1.22692895  4.        
-14.38128662   9.38231659  -1.48690796   3.        
-0.191811    7.97212219  0.035919    5.        
-6.49728394 11.01418304  1.20236194  3.        
11.51690674 13.58031464  1.76708996  4.        
 8.74817657 13.73078918 -1.922943    4.        
-6.45131683 10.78980255  2.79476905  3.        
10.81400299 13.6709671   0.47119099  4.        
10.75517273 13.47937775  2.28338599  4.        
 3.62912011 11.05030823 -0.439758    4.        
-9.65592194 10.84376526  0.41705301  3.        
 6.40791321 12.88394165  1.15005505  4.        
-15.75513458   8.19023132   1.47195399   3.        
 3.15753198 11.01889038 -0.89767498  4.        
0.64817798 0.61389202 0.53402698 2.        
 7.79882812 13.41867828  0.48962399  4.        
-0.79649401  6.52183485  0.180328    2.        
 4.92442322 12.41645813  0.28225699  4.        
-6.90525818 10.65486145  0.199219    3.        
 -0.362427   -12.87633896   1.11062598   2.        
 7.98889923 13.64884853 -1.20068395  4.        
 0.74656701 -8.09015656  1.04467797  2.        
-9.6620636  10.92077637  1.24810803  3.        
-5.90943909 10.46286011 -2.19461107  3.        
0.563492   4.59667206 0.276703   2.        
 3.67727709 11.7544632  -2.45553589  4.        
10.2963028  13.83291626  0.45401001  4.        
-8.56400299 10.73213196 -2.07751489  3.        
 0.71518701  5.82936907 -0.02066     2.        
 0.86992598 -4.96623182  1.15316796  2.        
 0.109863   -6.62655592  1.28637695  2.        
 6.32877302 13.03942871  0.25488299  4.        
-0.14758299 -3.23974991  0.807495    2.        
