0.74181402 4.43564606 2.71307397 2.        
15.68302917  7.15135193 -7.97640991  4.        
-16.00486755   6.07236481   7.12582397   3.        
 1.39254797 -9.38311386  5.0310359   2.        
-8.17998505  9.30102539  1.38510096  3.        
 6.25408888  8.20822906 -4.87936401  4.        
 0.021797   -2.56106591  3.68280005  2.        
5.84255981 9.15104675 1.96438599 4.        
-3.06475091  9.05903625  5.7711792   3.        
-9.66774845  8.00673676  7.78192091  3.        
12.04385376  6.46463823 -2.78869605  4.        
 2.04790497  7.71865082 -1.582672    4.        
-2.99604011  7.66634417  0.82385302  3.        
-12.4525528    7.19071198   3.55837989   3.        
10.73535919  8.61273193 -6.9899292   4.        
 8.48468018  8.29850769 -1.27786195  4.        
-7.05280304  9.24725342  5.14215088  3.        
 1.94379401 -5.81603193  3.92239404  2.        
2.30751801 7.80593109 2.17105103 4.        
-0.238213    0.86506701  2.53253198  2.        
-13.15719604   8.42359161   6.85635424   3.        
13.89868927  8.34090424 -5.19055223  4.        
-0.87647998  7.81978607  3.42343092  2.        
 5.21883392  8.65867615 -1.65246606  4.        
10.28397369  8.81673431 -3.90014601  4.        
-5.14007616  9.08158112  2.67434692  3.        
-10.05837154   8.79104614   4.70501709   3.        
-15.00675964   6.28936005   4.53964186   3.        
13.37906647  8.52791595 -7.70852709  4.        
-10.12814331   7.98529005   2.2558589    3.        
-5.24502611  9.01805878  6.97512817  3.        
 8.51700592  8.23538208 -5.84963989  4.        
3.61676788 8.47216797 0.20382699 4.        
10.32234955  6.56253815 -1.07666004  4.        
15.6116333   6.67832994 -5.48898315  4.        
8.03108978 8.58483124 1.00030506 4.        
0.64859003 6.39823914 1.32077003 2.        
 8.00993443  8.90184784 -3.54345703  4.        
-7.44676208  8.46919346  7.32888794  3.        
 3.7934649   7.91469622 -3.28585792  4.        
-3.00974989  8.79412842  3.51373291  3.        
 1.26803601 -0.68680602  3.10031104  2.        
13.98855591  6.4837718  -3.87060499  4.        
-6.18096209  8.49888611  0.90566999  3.        
 0.99235499 -7.75590086  3.72143602  2.        
 0.70092797 -4.26918793  4.7208252   2.        
11.92786407  9.00450134 -5.18008423  4.        
-0.89827001  5.72753906  2.5309751   2.        
-4.84235382  9.24906158  4.72820997  3.        
-8.38700867  9.18907928  3.56753492  3.        
-11.67986298   7.56882477   7.93096924   3.        
-0.22489201  2.81149292  3.35266089  2.        
-13.65210724   7.6303792    5.10800219   3.        
5.91343689 8.26305389 0.21084601 4.        
-11.85917664   8.3719101    5.32940722   3.        
1.63315594 7.78819323 0.32119799 4.        
3.98584795 8.83235931 2.465698   4.        
-14.40212154   7.18818712   7.69064283   3.        
-8.85393524  8.91414642  6.14758301  3.        
12.74094391  7.8551712  -3.83752394  4.        
14.95526886  8.28516388 -6.68612719  4.        
10.50807953  7.7105031  -2.48568702  4.        
 6.27165985  8.72089386 -3.12066698  4.        
-1.50423396  7.22416687  1.74917603  3.        
 1.57305896 -7.02088594  5.21411085  2.        
-6.86589003  9.38291931  2.56408691  3.        
-1.71346295  8.74224854  4.68606615  3.        
9.31892395 7.65992022 0.078613   4.        
-10.51858521   8.64511108   6.37860107   3.        
0.60366797 6.41229296 3.01769996 2.        
-15.04254246   7.02269697   6.11297607   3.        
 6.85154009  8.65010071 -1.19229102  4.        
-4.51042223  8.40649414  1.31488001  3.        
10.04586792  8.88160706 -5.5307622   4.        
-11.02115631   7.95671797   3.67108202   3.        
 1.54530299 -3.07004499  3.53250098  2.        
 3.65401506  8.34835052 -1.45364404  4.        
12.1847229   9.10053158 -6.78134203  4.        
-0.016846    0.086494    3.83026099  2.        
 9.22059631  8.52984619 -2.7250669   4.        
-6.11740112  9.19978333  3.9382019   3.        
-3.16282606  8.49947357  2.05682397  3.        
 2.54317498 -8.74623871  4.33288622  2.        
 5.12822008  8.20009613 -3.92495704  4.        
-0.57688099  3.88864899  2.39587402  2.        
-15.92113495   5.93460894   5.62274218   3.        
0.76203901 1.67258406 3.19525099 2.        
4.74250793 8.89730835 1.06884801 4.        
 1.11272395 -4.70124817  3.43319702  2.        
 8.98834991  8.86849213 -4.54562378  4.        
11.42272854  8.1414032  -3.44100904  4.        
 0.71673602 -1.44991302  4.14398193  2.        
-13.6636734    6.69275713   4.01580811   3.        
 0.065109   -1.44876099  2.86911011  2.        
13.70056915  8.92243195 -6.41995192  4.        
 0.92989302 -5.86182404  4.85342407  2.        
-6.49843597  9.07736206  6.49539185  3.        
-9.060112    8.96037292  2.43176293  3.        
-2.01996589  8.03562164  2.67614698  3.        
15.93477631  7.30281782 -6.62442017  4.        
-11.7321167    8.29788971   6.81372118   3.        
 7.60873413  8.71588135 -2.28167701  4.        
-0.25587499  6.98861694  2.13342309  2.        
-13.14503479   7.55240583   7.89477491   3.        
-8.44792938  9.10693359  4.88626099  3.        
 7.7564702   8.49211884 -4.80459595  4.        
-4.42761993  9.31577301  5.97250414  3.        
14.63683319  7.34628296 -4.61651611  4.        
 9.59391785  7.6276021  -1.35842896  4.        
3.23605394 8.55615997 1.43988001 4.        
6.76191711 8.85147095 1.11709595 4.        
 7.84132385  7.93713379 -0.23168901  4.        
 2.26936293 -7.43326616  4.22393799  2.        
-11.28243256   6.76371002   3.27038598   3.        
 4.71410418  8.61949921 -0.43160999  4.        
 2.6109159   8.13652802 -0.52279699  4.        
1.05814397 5.53665209 2.14627099 2.        
0.22242001 2.42386603 2.24093699 2.        
-9.94190216  8.55551147  3.43301392  3.        
10.97362518  6.39788103 -2.12737989  4.        
-0.020271    4.91201782  1.85156202  2.        
-4.23298597  9.00761414  3.56561303  3.        
1.45960999 6.90722704 2.19518995 2.        
-14.08468628   7.74128008   6.46655321   3.        
 0.48971599 -3.67150092  3.47232103  2.        
-0.32431     4.77912092  3.15414405  2.        
 2.81877899  7.8266139  -2.49130297  4.        
-5.76170397  9.26288605  5.49331713  3.        
 1.779549   -4.04334307  4.16662598  2.        
-8.70122528  8.48783112  7.24160814  3.        
 1.01507604 -6.53819323  3.853333    2.        
 0.85002899 -2.9980011   4.47836304  2.        
 1.59261298 -8.23435211  4.79272509  2.        
15.14419556  7.82047987 -5.62817383  4.        
-7.01596785  9.32376099  1.29180896  3.        
-3.12033105  9.16778564  4.61923218  3.        
-0.75476098  6.70152998  3.15206909  2.        
13.01556396  6.87085009 -3.29620409  4.        
 9.62002563  8.41144562 -6.49539185  4.        
 0.53398901 -0.030121    2.50097704  2.        
-12.55713654   7.83963823   4.50494385   3.        
11.09754944  9.07819366 -6.00060987  4.        
 4.91838789  8.38693237 -2.81012011  4.        
-7.71994019  8.91818237  6.26968384  3.        
 1.02042401 -2.09159088  3.25286889  2.        
0.954193   0.57414198 3.42749    2.        
 6.94548798  8.66901398 -0.04895     4.        
-7.24857283  9.28362274  3.96411109  3.        
 1.35740697  7.3948822  -0.70257598  4.        
12.86813354  8.51529694 -4.76858521  4.        
-12.89122009   8.08695984   5.79452515   3.        
14.56687927  8.14300537 -7.7208252   4.        
0.66573298 7.4593811  1.64236498 2.        
-5.98775482  9.17081547  1.934448    3.        
-7.96114397  9.34272766  2.57003808  3.        
-10.84403992   8.1644516    7.43676805   3.        
15.70570374  6.39181519 -7.1994319   4.        
0.41189599 3.40478492 2.66705298 2.        
-1.94675398  8.56429958  3.61749291  3.        
10.9328537   8.99414062 -4.75854492  4.        
-0.189247    1.29548597  3.5375371   2.        
-4.18551588  8.76230621  2.28933692  3.        
 6.96168518  8.54682159 -4.09057617  4.        
-2.30638099  7.91690111  1.63220203  3.        
2.33123803 8.07026672 1.14291406 4.        
 6.2448349   8.7780304  -2.06182909  4.        
 5.7901001   8.69291687 -0.74719203  4.        
12.77950287  8.97375488 -5.91363478  4.        
-4.06561279  7.68964386  0.687195    3.        
 1.60455298 -4.99400282  4.5779109   2.        
13.72024536  7.5788269  -4.17984009  4.        
11.94199371  8.43106079 -4.31515503  4.        
-15.21395111   6.73080397   7.20401001   3.        
11.42469788  7.27819109 -2.6655581   4.        
-11.08772278   8.45443726   4.66805983   3.        
-14.46260834   7.01900482   5.11044312   3.        
0.13028    5.69679308 2.48196411 2.        
-9.25569916  9.00162506  4.01016188  3.        
5.77698517 8.98096466 0.87762499 4.        
4.88825989 8.90117741 2.07733202 4.        
-0.43939999  1.98415399  2.87704492  2.        
 1.70395696 -9.27353668  4.11187696  2.        
 4.01561689  8.25288391 -2.40026903  4.        
-9.66634369  8.92067719  5.58666992  3.        
-10.78561401   7.38310194   2.71264601   3.        
1.393875   6.9641881  1.08410597 4.        
-9.55627441  8.54447937  6.82275391  3.        
-12.40045166   7.98412323   7.41744995   3.        
3.08706689 8.37652588 2.36389208 4.        
 8.99461365  8.91652679 -3.59460402  4.        
 0.86282301 -5.50452423  3.87936401  2.        
-5.19690704  9.12376404  3.74545288  3.        
-0.25390601  3.79274702  3.27630591  2.        
 0.169205   -0.79445601  3.56198096  2.        
 8.85271358  7.48908186 -0.799591    4.        
14.99760437  6.48111677 -4.63470507  4.        
15.48988342  7.83302307 -7.30511522  4.        
-1.48538995  7.23449707  2.67974901  3.        
-5.40764618  8.67236328  1.39285302  3.        
-6.51557922  8.8894577   7.4057622   3.        
8.5434866  8.15129089 0.33395401 4.        
-3.68553013e-01  2.05200003e-03  2.97735596e+00  2.00000000e+00
 6.31826019  9.40664673 -1.22659302  4.        
12.25351048  7.40192413 -3.19390893  4.        
 7.13513994  8.05500031 -5.33194017  4.        
 9.62373447  7.05060577 -0.54495198  4.        
10.10305786  8.33686829 -3.02700806  4.        
-10.95268154   8.72870636   5.53182983   3.        
0.294388   4.0536418  2.01370192 2.        
 1.74629998 -6.52276611  4.46694994  2.        
-1.08318305  6.44085693  1.99661195  3.        
 0.94814301 -8.79115677  4.47757006  2.        
5.03093004 8.25086212 0.50216699 4.        
14.37321472  8.51747894 -5.97195387  4.        
-3.62772393  8.25214386  1.25112903  3.        
 6.04415894  8.43540192 -3.93914795  4.        
-15.19735718   6.50442505   5.40222216   3.        
10.44508362  7.10979509 -1.77090394  4.        
 7.21655989  8.8673172  -3.06893897  4.        
0.64740002 0.87119299 2.63201904 2.        
-2.25182295  8.93294525  5.36981201  3.        
-5.95033979  9.25646973  2.99459791  3.        
 1.18515003 -7.25529099  4.42974806  2.        
-4.02627611  9.20888519  5.07696486  3.        
-13.73132324   7.81477404   7.28411913   3.        
14.26857758  8.68248844 -7.08517504  4.        
 8.47821808  8.54434967 -2.24527001  4.        
-15.78244019   6.425179     6.34854078   3.        
-11.8481369    7.70464277   4.00274706   3.        
 1.52909803 -8.42903519  3.85116601  2.        
4.0429759  8.8398056  1.60476696 4.        
2.60813904 8.18308258 0.33471701 4.        
 9.20742035  8.70083618 -5.54892015  4.        
0.75989503 6.40575409 2.17422509 2.        
 3.89247894  8.48700714 -0.64401197  4.        
 9.7516098   8.02381897 -2.26031494  4.        
0.58260298 2.69410706 3.1191411  2.        
 7.74387407  8.52501678 -0.93331897  4.        
0.30903599 1.58275604 2.234375   2.        
-15.8956604    5.45171404   6.31304884   3.        
 2.81931305  8.11698055 -1.700562    4.        
1.68180895 7.64604187 1.48080397 4.        
-0.423271    3.02063704  2.56588793  2.        
12.92841339  8.99250793 -7.15185499  4.        
-2.42644501  8.90514374  4.23019409  3.        
-14.73110199   7.42020416   6.88629103   3.        
-9.55337524  8.55583858  1.89486694  3.        
-13.24285889   7.39444017   4.35354614   3.        
-12.87391663   6.50379181   3.75018311   3.        
-12.19152832   8.41454315   6.13958693   3.        
-6.16000414  9.27603912  4.75683594  3.        
-5.28518677  9.2673111   6.16308594  3.        
 0.71308899 -2.9110949   3.26574707  2.        
 9.79232788  8.8860321  -4.69674683  4.        
-9.26776886  8.97278595  4.87673998  3.        
11.54826355  8.76504517 -7.16476393  4.        
-3.48584008  8.7702713   2.85440111  3.        
 0.64946002 -0.92159998  2.64221191  2.        
 4.47922516  8.58916473 -1.34432995  4.        
 0.71404999 -2.28184509  4.14230299  2.        
11.13090515  8.57343292 -4.05065918  4.        
-7.90761614  9.1743927   5.4718318   3.        
-14.42804718   6.77931976   4.29007006   3.        
 1.11128998 -3.6469121   3.985291    2.        
 5.62354279  8.64361572 -2.53976393  4.        
-10.49442291   8.45271301   4.0004878    3.        
-2.76766205  8.44622803  2.74905396  3.        
-6.72508192  9.32889557  3.34405494  3.        
0.13799299 2.05708289 3.49121094 2.        
0.133636   0.61727899 3.26480103 2.        
-3.92331696  9.17211914  4.271698    3.        
-0.13214099  6.15796709  3.1403501   2.        
7.69824982 8.52098846 0.289215   4.        
-7.58784485  9.47579193  1.87304699  3.        
 9.1342392   8.16842747 -1.79428101  4.        
11.96340942  9.02674866 -5.96530104  4.        
 8.47024536  8.5809021  -5.14794922  4.        
-9.12103271  8.94786072  3.240906    3.        
-0.58566999  5.62484694  1.824615    2.        
-7.00053406  9.07649994  5.90127611  3.        
 1.57304394 -7.24514008  3.64028907  2.        
-10.45123291   7.99550581   3.05532789   3.        
-1.33875299  8.20845795  3.94470191  3.        
-9.01113129  9.14845276  1.68228102  3.        
10.39533997  8.82471466 -6.33038282  4.        
4.01908922 8.66952515 0.85461402 4.        
-7.75041199  9.18751526  4.57180786  3.        
15.93248653  6.61989594 -6.184937    4.        
-7.68154907  9.32000732  3.29742408  3.        
0.68233502 5.58371019 1.48269701 2.        
 5.37711287  8.72994232 -0.06839     4.        
 2.091537   -9.15734863  4.79144287  2.        
 0.57674402 -5.15765381  4.49639893  2.        
 0.69849402 -0.207214    3.25961304  2.        
-4.9077611   8.78675079  1.95523095  3.        
15.20224762  7.24151611 -5.1439209   4.        
 0.37504601 -1.83850896  3.59167504  2.        
 8.50297546  8.78607178 -2.9615171   4.        
 1.93698895  7.95416307 -0.87371802  4.        
-14.32413483   7.36864519   5.85751295   3.        
0.77375001 4.76511383 2.04150391 2.        
 5.53709412  8.16162109 -4.55096388  4.        
-0.46408099  5.10749006  2.49661207  2.        
13.48889923  8.71940613 -5.68789721  4.        
-13.56502533   7.7662282    5.83688307   3.        
-3.75398993  9.09624481  6.19934082  3.        
 7.82197618  8.00530243 -5.72567701  4.        
 4.48705292  8.15462494 -3.39849901  4.        
 0.954849   -1.357849    3.18148804  2.        
 8.16780758  8.71605682 -4.23635912  4.        
 8.47727966  8.12918091 -0.56362897  4.        
 5.52774811  8.44332123 -3.36309791  4.        
14.56925964  7.88154602 -5.10934401  4.        
5.31503296 9.12317657 1.46051002 4.        
-11.8015976    8.18887329   4.62631178   3.        
 9.6926651   8.76260376 -3.45584106  4.        
 4.66938019  8.43419743 -2.12799096  4.        
1.10963404 7.31356812 0.49124101 4.        
-11.49466705   8.57419586   5.9864502    3.        
 0.72529602 -4.25741577  3.94467211  2.        
-9.72053528  8.51654816  2.74578905  3.        
-0.459084    6.41336823  2.55334496  2.        
2.63551307 8.31336975 1.750458   4.        
-4.80858612  8.02433777  0.785797    3.        
-12.44001007   7.44831896   7.94561815   3.        
-1.46630096  8.22842407  3.21279907  3.        
15.61808014  7.22372389 -5.97567701  4.        
-8.07550812  8.66807556  6.95373487  3.        
-0.06855    -0.64035797  2.91070604  2.        
-12.54650116   8.15153503   5.177948     3.        
-2.92597198  8.16068268  1.39022803  3.        
13.5575943   7.02716112 -3.72650099  4.        
0.072617   3.06455994 1.97872901 2.        
-5.56086016  9.26306057  4.36978197  3.        
 0.93784302 -9.48966599  4.36999512  2.        
0.36668399 5.02899218 2.55481005 2.        
 7.01585388  8.68380737 -1.87680101  4.        
 2.13015008 -5.88169098  4.59835815  2.        
0.059059   4.22757721 2.82055712 2.        
6.29109907 9.29885864 1.384583   4.        
15.46062469  7.77124786 -6.38592482  4.        
-5.93765306  8.93096924  6.90969896  3.        
-13.97062683   7.1944809    4.62002611   3.        
13.23075867  8.0321579  -4.39056396  4.        
-7.10878801  8.8860321   6.77536011  3.        
-5.066185    9.29650116  5.45465088  3.        
-4.46585083  9.02563477  2.86978197  3.        
11.03236389  7.82701111 -2.92782593  4.        
-6.39571381  9.02134705  1.37969995  3.        
10.73925018  8.35124207 -3.30786109  4.        
-10.22187042   8.43254757   6.98568678   3.        
-0.78855097  7.15605879  2.62884498  2.        
 6.13459015  8.6383667  -1.34625196  4.        
-8.47057343  9.20834255  2.11151099  3.        
 1.46346295 -5.78439283  4.42254591  2.        
 1.06560504 -6.59241486  4.57754517  2.        
12.20092773  8.90260315 -7.44125414  4.        
 8.03829956  8.59476471 -1.71051002  4.        
12.09539795  7.96986389 -3.62872291  4.        
6.42862701 8.82578278 0.37625101 4.        
-4.67675018  9.10260773  6.57647705  3.        
-11.56575012   7.36531115   3.4437871    3.        
 6.30181885  8.69881439 -0.28781101  4.        
-6.78813219  9.25794983  4.48156691  3.        
-8.61386871  9.14398956  4.21307421  3.        
 3.23564911  8.3087616  -0.912628    4.        
-1.81092095  7.75157213  2.07302904  3.        
 2.02131701 -8.12827682  4.27151489  2.        
 5.13279009  8.6519928  -0.97006202  4.        
 1.83536506 -7.58509111  4.72869921  2.        
-8.09586334  8.31607056  7.53820801  3.        
-11.52487183   8.0454483    7.41229296   3.        
-10.85322571   7.6834178    7.9130249    3.        
-0.53350103  4.55300903  2.115448    2.        
-2.85772705  8.67307281  5.22128296  3.        
 3.40111494  8.10939789 -2.1595459   4.        
-9.85466003  8.74671936  6.21127319  3.        
-8.74594116  9.09085846  5.50604296  3.        
15.86238861  7.0328598  -7.33386183  4.        
-12.52088165   8.21359253   6.79019213   3.        
 6.67878723  8.79242706 -2.57595897  4.        
7.37487793 8.6931839  0.89428699 4.        
 8.96636963  8.29761505 -6.39736891  4.        
 6.96092987  8.3194809  -4.74206495  4.        
1.42268395 6.24369812 2.24050903 2.        
4.29800415 8.62963104 0.25201401 4.        
 1.06370497 -8.0412674   4.3164978   2.        
10.55095673  9.38905334 -4.3885498   4.        
14.25460815  7.10204315 -4.13442993  4.        
-13.06759644   7.95287323   7.37432909   3.        
-9.00411224  8.14561462  7.71920776  3.        
11.29723358  9.08106232 -5.36279297  4.        
-8.52875519  9.16464233  2.92263794  3.        
-6.4850769   9.16272736  5.49755907  3.        
3.15925598 8.3859787  0.67208898 4.        
 1.46024299 -5.0998311   3.94247389  2.        
-10.29355621   8.82198334   5.40878296   3.        
13.63303375  8.82982635 -7.17776489  4.        
15.07722473  8.34472656 -7.34634399  4.        
0.496948   2.12685394 2.75808692 2.        
 9.50417328  8.92782593 -4.10965014  4.        
 2.0517199   7.98730516 -0.139099    4.        
10.89671326  7.11920214 -2.2416079   4.        
 0.55084997 -2.43080091  2.85525489  2.        
-11.90353394   6.66733599   3.44482398   3.        
12.65556335  6.4053421  -3.00637794  4.        
-9.89385223  8.791008    4.03854418  3.        
 1.09206402 -2.67269897  3.77883911  2.        
 7.871346    8.90907288 -2.84365797  4.        
 1.24126399 -4.52204895  4.32217407  2.        
 1.41183496 -4.12726593  3.46011305  2.        
-4.55367994  9.18656921  4.1312871   3.        
 1.07125795 -5.09793091  4.92687988  2.        
12.59465027  8.81787109 -5.269104    4.        
-13.45571136   8.00562286   6.46585083   3.        
0.98327601 6.90921783 1.75442505 2.        
11.3897171   8.95370483 -6.56869507  4.        
10.65376282  9.05236816 -5.39187622  4.        
11.55410767  6.19539595 -2.47027612  4.        
 9.93840027  7.14002991 -1.11910999  4.        
-0.541161    5.378685    3.07800293  2.        
 3.16150689  8.39600372 -0.241089    4.        
 1.15060401 -7.77627611  4.89334106  2.        
 3.42915297  7.84747314 -2.743469    4.        
-3.96839094  8.44442654  1.75695801  3.        
-11.02256012   8.43772125   6.71212816   3.        
-3.59972405  9.0279007   3.6217041   3.        
-0.171883    1.39080095  2.88003492  2.        
1.71369898 7.4777298  2.10504198 4.        
 0.57849902 -3.56694794  4.49963379  2.        
 7.56943512  8.72731781 -4.03817701  4.        
3.63369012 8.38832092 1.89694202 4.        
-3.32324195  9.22616577  5.22604418  3.        
10.64854431  6.52773285 -1.60931396  4.        
14.12342834  7.79727888 -4.60211182  4.        
-6.84625196  9.33348846  1.88992298  3.        
12.55053711  8.32730103 -4.24926805  4.        
-10.29274654   8.05037689   7.69818115   3.        
14.01785278  8.41571808 -7.62609911  4.        
 0.65638697 -3.14204407  3.83856201  2.        
-2.59816003  8.21032715  2.09256005  3.        
5.24143982 8.85801697 0.59356701 4.        
14.44545746  6.55432892 -4.34820604  4.        
 1.24410999  7.53367615 -0.0849      4.        
10.0473938   7.57648516 -1.82607996  4.        
-5.89327192  9.17464447  6.16168213  3.        
-2.51815009  9.08274841  4.81045485  3.        
 1.59458899 -6.313591    3.83798194  2.        
 1.05473304 -3.42681909  3.41546607  2.        
-13.10744476   7.84358978   4.92306519   3.        
13.21196747  6.2901082  -3.28616309  4.        
-15.36086273   6.89707184   6.62142897   3.        
-2.10048699  7.43436384  2.58932495  3.        
12.98671722  9.06269836 -6.54647779  4.        
 7.127388    8.59877014 -0.65008497  4.        
 9.04951477  7.9729228  -1.22323596  4.        
1.485039   7.57776594 0.908234   4.        
-1.10951996  7.68517303  2.87713599  3.        
7.27769518 8.92508698 1.44839501 4.        
-13.54593658   7.28427076   7.52557421   3.        
-7.85048723  9.2312851   3.91595507  3.        
-2.4350431   8.60022736  3.22860694  3.        
 1.23057604 -1.05797601  3.62661695  2.        
 2.45094299  8.06911469 -1.16558802  4.        
1.069893   5.99399614 1.690521   2.        
11.58156586  8.76179504 -4.66397095  4.        
 0.94718897 -6.02841187  4.16039991  2.        
-1.89955103  7.53618622  1.41268897  3.        
0.15717299 6.37220812 2.62167406 2.        
14.91474915  8.15633392 -6.06652784  4.        
 6.8552928   8.64836884 -3.51547194  4.        
0.26545   6.704422  2.0380249 2.       
-1.55617499  6.75125885  2.17370605  3.        
0.35987899 1.16302502 3.28207397 2.        
-8.98479462  8.66597843  6.73931885  3.        
-7.5698781   9.13577271  1.22882104  3.        
 1.63068402 -7.70622587  4.00067091  2.        
 7.65630293  8.48736572 -0.32287601  4.        
12.79864502  8.60784912 -7.57617188  4.        
1.63403296 7.07518005 1.60818505 4.        
 1.95758796 -8.73804855  4.30984497  2.        
 1.46888006 -8.79249859  4.92098999  2.        
-13.12863922   7.02893114   3.91159105   3.        
0.55299401 5.8769908  2.03634596 2.        
0.61293799 3.91244507 2.93737793 2.        
 0.0952     -0.17869601  3.28018188  2.        
 1.395226   -6.26065111  4.92446899  2.        
11.41064453  6.76891279 -2.3843689   4.        
-15.43202209   6.63674212   5.91772509   3.        
 0.83000898 -1.59331501  2.66470289  2.        
 9.75506592  8.67765808 -5.99725294  4.        
-14.2694397    7.6084671    7.21487379   3.        
 1.56596398 -3.18981194  4.10006714  2.        
-0.02668     3.63447595  2.36419702  2.        
 0.177635   -1.18540204  3.98886108  2.        
15.27910614  7.53895617 -7.75701904  4.        
 0.71010602 -4.89305115  3.80190992  2.        
-0.56934398  6.16709089  2.02529907  2.        
-1.86000097  8.47110844  4.17791796  3.        
-1.67483497  7.72601318  3.01525903  3.        
 8.69332886  7.79292297 -0.08902     4.        
 1.02621496 -7.14216995  4.96978807  2.        
 0.468925   -0.40490001  3.85586596  2.        
-10.69178772   8.6619873    5.02664185   3.        
-4.84287977  9.08512115  3.29803491  3.        
-5.5106349   9.28662109  4.98132277  3.        
13.12662506  7.44261217 -3.75576806  4.        
13.41401672  8.36667633 -4.84280396  4.        
-0.015305    2.40043592  3.018677    2.        
14.24388885  8.7689209  -6.49395704  4.        
-0.081032   -1.29441094  3.45483398  2.        
 9.41950989  7.53337908 -0.81839001  4.        
 0.91129303 -5.98822784  3.5844121   2.        
-9.46838379  8.35260773  7.3503418   3.        
 6.52280378  8.32408905 -4.37417603  4.        
-2.49533105  7.67020416  1.15689099  3.        
-1.09269702  7.13135481  2.12881494  3.        
-5.67902422  9.14865112  2.40905809  3.        
0.247566   2.86405206 2.62966895 2.        
-3.5298841   7.85240889  0.76821899  3.        
-3.82906294  9.26469421  5.60412598  3.        
-5.42328596  9.1831131   3.18405104  3.        
 0.781578   -0.80606103  3.35903907  2.        
 1.13525403 -5.25914812  4.39105177  2.        
-0.015961    3.30377197  3.13049293  2.        
-2.99489594  8.96873474  4.04830885  3.        
-14.75082397   7.08236694   5.62994385   3.        
 1.75766003 -7.01954317  4.20513916  2.        
-10.24235535   7.60408783   2.712677     3.        
-0.343124    1.77376604  2.36679101  2.        
-12.88961792   8.21266937   6.36846924   3.        
-8.33512878  8.9935379   5.95401001  3.        
6.79881287 8.50182343 0.641541   4.        
 1.42026496 -5.73512316  3.74462891  2.        
 1.22698998 -2.14548492  3.90527296  2.        
 5.70900679  8.75086212 -1.90625     4.        
-14.84030914   7.13148499   7.35110521   3.        
-15.47396088   6.12651777   5.10147095   3.        
0.235374   4.60009003 3.19458008 2.        
0.34034699 5.28459215 2.0531311  2.        
-8.47137356  8.77374268  6.55447388  3.        
 4.19171906  8.12740326 -2.92800903  4.        
-12.39609528   7.51854706   4.08047485   3.        
1.18616498 7.4040451  1.41052198 4.        
-11.21664429   8.16106415   4.14892578   3.        
0.918823   5.08267212 2.55798292 2.        
-7.41599321  9.41825104  2.50076294  3.        
-11.08201599   7.44377899   3.18768311   3.        
12.28024292  8.66624355 -4.68341112  4.        
15.83334446  6.66046095 -6.73422194  4.        
 6.44766998  8.67755127 -0.81707799  4.        
 0.96972698 -7.19012403  3.92907691  2.        
6.72761488 9.11418247 1.66064501 4.        
-1.91265094  7.99949694  3.43341088  3.        
0.242714   0.40853101 2.65203905 2.        
-5.2441411   8.32316589  0.93081701  3.        
6.08411407 8.52581787 0.67782599 4.        
-15.65375519   6.52806091   6.94915819   3.        
1.95366704 7.88126421 0.75393701 4.        
-0.69709003  7.24021196  3.22375488  2.        
4.64874983 9.05567169 1.58316004 4.        
4.83717299 8.71430206 0.237976   4.        
 7.98999023  8.37187195 -5.30044603  4.        
 1.05540502 -3.97806597  4.4258728   2.        
0.77990699 4.12078905 2.26977491 2.        
 6.62166595  7.94207001 -5.18075609  4.        
 0.52334601 -2.34924293  3.47744703  2.        
10.35688019  8.93756866 -4.95144701  4.        
 9.33101654  8.85771942 -4.98178101  4.        
-3.65224504  8.66745758  2.32583594  3.        
-16.04315186   5.95907593   6.44543505   3.        
 8.64256287  8.85601044 -4.01440382  4.        
 5.1748662   8.64264679 -2.19262695  4.        
 7.38083696  8.56383514 -1.33355701  4.        
2.22995806 7.68078613 1.65005505 4.        
10.69900513  8.83069611 -4.25122118  4.        
-0.377487    4.57648516  2.65566993  2.        
15.32194519  6.49588013 -5.06692505  4.        
-5.45910597  8.91866302  1.87088001  3.        
11.88655853  7.03520203 -2.8026731   4.        
 0.91930401 -1.71437097  3.62283301  2.        
-0.44416001  2.48523688  2.60757494  2.        
-5.78610992  8.26925659  1.18588305  3.        
5.84369707 8.92679596 1.40582299 4.        
 0.44283301 -1.203987    3.16003394  2.        
-4.54230499  9.29283142  5.3465271   3.        
-0.336914    5.91172791  2.71273804  2.        
11.66352844  7.74019623 -3.18386793  4.        
11.59156036  8.31639099 -3.92935205  4.        
8.06061554 8.14611816 0.69809002 4.        
-5.89012194  8.93452454  1.23556495  3.        
 4.62003279  8.04131317 -3.91168189  4.        
 2.48707604  7.88407087 -2.04519606  4.        
 1.460976   -8.53073883  4.3710022   2.        
-1.12088001  6.74723005  2.5562129   3.        
-2.50503492  8.82289124  3.70547509  3.        
0.41729    4.48857117 1.73532104 2.        
-6.78149414  8.84845734  1.05874598  3.        
 4.11388397  8.34487057 -1.88693202  4.        
-14.69094086   6.65400696   4.75979614   3.        
0.031654   4.54176283 2.22698998 2.        
-14.53266907   7.39494324   6.34384203   3.        
 0.77973902 -4.10684204  3.39315796  2.        
-11.29354858   8.49581909   5.15365601   3.        
12.46549988  6.94621277 -3.03417993  4.        
4.32236481 8.9150238  2.0682981  4.        
-9.5852356   8.9373703   4.43954515  3.        
1.42223406 6.60036516 1.68817103 2.        
 7.49563599  8.79086304 -3.50787401  4.        
-0.31028     0.91564202  3.05471802  2.        
 6.13013506  8.7689209  -2.59539795  4.        
12.41850281  9.03076935 -6.31695604  4.        
6.39050293 8.75210571 1.48623705 4.        
-6.66311693  9.26342773  3.86038208  3.        
14.57666016  8.1450119  -5.66574097  4.        
 9.11714935  7.73615313 -0.42211899  4.        
13.26318359  9.00418758 -6.10784912  4.        
-7.21458387  9.35665131  2.977844    3.        
-3.91369605  8.91905975  3.16299391  3.        
-11.01599884   8.59729767   6.1907959    3.        
 8.6709137   8.4033432  -1.78347802  4.        
 5.57496595  8.63300323 -1.24047899  4.        
7.164505   8.35095215 0.29693601 4.        
 1.92827594 -5.27921295  4.07357788  2.        
 1.61382306  7.74175978 -0.38192701  4.        
-10.57810974   8.59893799   4.52560377   3.        
0.56748998 0.36608899 3.13961792 2.        
-6.39100599  9.30931091  2.37597704  3.        
-14.07558441   7.35661316   5.21646118   3.        
-7.59131622  9.25193024  5.07339478  3.        
-7.85588121  9.06280518  1.72616601  3.        
0.37523699 0.47552499 3.69503808 2.        
 1.76296997  7.55553389 -1.18923998  4.        
 8.21542358  8.26172638 -0.100433    4.        
-12.82309723   7.31989288   7.57177687   3.        
-13.96847534   7.53049517   7.67376709   3.        
 1.318138   -5.54342604  4.96780396  2.        
1.75419605 7.98406219 2.04968309 4.        
12.33386993  9.08907318 -5.61422682  4.        
-14.11096191   6.38129377   4.25079393   3.        
-0.29199201  5.53157806  2.24810791  2.        
0.47534901 1.38040197 2.83572412 2.        
-9.29995728  7.8633728   7.41522217  3.        
-7.40947723  9.15315247  5.56976318  3.        
 8.97702026  8.45482635 -2.212708    4.        
 1.59862494 -3.63196611  4.40029907  2.        
0.84125501 6.82241821 1.12329102 2.        
5.39878893 8.70765686 1.18521094 4.        
1.00222802 0.13460501 3.02716088 2.        
2.87414598 8.31348419 1.08276403 4.        
-15.90448761   5.65530396   6.85949707   3.        
 2.0923841  -6.39266205  4.12344408  2.        
 0.520935   -1.90585303  2.91107202  2.        
 0.29519701 -1.72460902  4.16049194  2.        
 0.606857   -1.20001197  3.63552904  2.        
-12.38056183   6.51742506   3.65359497   3.        
 4.23877001  8.49855042 -0.229614    4.        
3.47661591 8.68036556 2.27676392 4.        
10.24099731  8.96124268 -4.46603394  4.        
-12.26142883   8.29179382   5.61437988   3.        
0.92989302 0.111603   3.61337304 2.        
13.55097961  6.57431793 -3.51824999  4.        
0.613083   5.0845871  1.68698096 2.        
13.10359955  8.80309296 -5.38330078  4.        
 1.566383   -7.06381178  4.68572998  2.        
-13.17132568   7.90818787   5.41201782   3.        
-10.10006714   8.18029022   2.75555396   3.        
10.17622375  8.52702332 -6.66305494  4.        
 2.44371009 -9.25865173  4.45538282  2.        
-9.38330078  8.73126984  6.36859083  3.        
 5.04155016  8.38122559 -3.44122291  4.        
5.54759979 8.46788025 0.602997   4.        
15.31664276  7.98870897 -6.86767578  4.        
-7.59645081  8.79832458  6.77801514  3.        
10.25859833  8.57959843 -3.42993212  4.        
 1.02198005 -9.090065    4.88345289  2.        
 6.00941515  8.25872803 -4.44052076  4.        
-7.0088582   8.69662476  7.34393311  3.        
-0.26107001  3.7476809   2.7849431   2.        
-5.08052111  9.23084259  4.26260424  3.        
-4.27898407  7.9576869   1.04165602  3.        
-9.55115509  8.81355286  3.58590698  3.        
 0.53040302 -2.76918793  4.13439894  2.        
2.82002997 7.86053514 1.79760695 4.        
3.69662499 8.66538239 1.22494495 4.        
15.48117828  6.58478498 -5.99502611  4.        
-0.90612     6.22920179  2.4685359   2.        
10.51080322  8.09771729 -2.89736891  4.        
15.68813324  7.50762177 -6.99459791  4.        
2.67614698 8.11315918 2.33486891 4.        
-8.77857208  8.78249359  2.07403588  3.        
 0.494324   -0.52960199  2.95645094  2.        
 6.34581804  8.55163574 -3.57446289  4.        
-9.65278625  8.18000793  2.40029907  3.        
 1.09498596 -2.61132789  3.22927904  2.        
-13.43431091   8.014328     6.95397902   3.        
 8.51075745  8.69174194 -4.67584181  4.        
5.90667009 8.71863556 0.040375   4.        
-4.4143219   8.60528564  1.86605799  3.        
-4.90487719  8.65322876  1.48754895  3.        
 9.27591705  8.48573303 -6.07296705  4.        
15.79007721  7.43453217 -7.59707594  4.        
-6.39840698  9.1104126   5.97195387  3.        
 9.6576376   8.51873016 -2.96716309  4.        
0.19197799 1.604828   3.17852807 2.        
-8.85174561  9.09785461  3.66311693  3.        
-6.60257006  9.2479248   4.96722412  3.        
 7.20649719  8.82841492 -2.52316308  4.        
-1.60484302  7.7266922   2.50814795  3.        
15.06067657  6.93162489 -4.79370117  4.        
10.90869904  8.94690704 -6.54272509  4.        
-9.95147705  8.25065613  7.42425489  3.        
-4.62375593  8.90936279  2.41946411  3.        
 7.32508802  8.43247986 -4.4501338   4.        
-11.19916534   8.23549557   7.1152339    3.        
15.77259827  6.58733416 -7.63205004  4.        
-12.10066223   7.89119005   4.36785889   3.        
-6.08272505  9.24742889  3.46261597  3.        
 6.57845306  8.68560791 -1.68255603  4.        
1.02676404 7.09819794 2.26190209 2.        
-9.2125473   8.99725342  5.71463013  3.        
 8.08636475  8.7258606  -2.44778395  4.        
 4.3283391   8.58581543 -0.80923498  4.        
-12.02754974   8.12269592   7.14297485   3.        
0.64074701 5.44869995 2.43612695 2.        
 8.74645996  8.53650665 -5.56246901  4.        
 9.36765289  7.33922577 -0.26779199  4.        
14.65313721  8.54360962 -6.41131592  4.        
-12.00708771   7.3141861    3.66287208   3.        
10.56633759  8.99560547 -5.92385912  4.        
13.66438293  8.05466461 -4.57611084  4.        
11.53116608  9.02220917 -5.76767015  4.        
13.89146423  8.74909973 -5.93041992  4.        
 8.50672913  8.91991425 -3.41290307  4.        
-9.37108612  8.82292938  2.81924391  3.        
 6.75461578  8.76184845 -3.03872705  4.        
0.071869   1.98017895 2.44152808 2.        
-14.83184814   6.7625432    5.26104689   3.        
 0.85054803 -4.77801514  4.50549316  2.        
-0.226227    4.32520294  3.20156908  2.        
-5.57566118  9.03676605  6.63510084  3.        
 8.9535141   8.75710297 -3.15917993  4.        
8.95670319 7.9641571  0.436066   4.        
-3.26493096  7.96608686  1.13235497  3.        
-15.48976898   6.19480896   5.586761     3.        
4.45670319 8.69966888 0.682495   4.        
0.14666    1.10059404 2.64001489 2.        
-12.01839447   7.84074402   7.63778687   3.        
-2.81014991  9.13043976  5.28140306  3.        
-10.8224411    7.06078291   3.043823     3.        
-4.15543413  9.20478058  6.40356398  3.        
 0.64764398 -3.73821998  3.90258789  2.        
 8.90543365  8.73564911 -5.1739502   4.        
5.28160906 9.14125824 2.03897095 4.        
-12.83548737   7.3768158    4.1063838    3.        
-3.97793603  8.90805817  2.675354    3.        
-9.69405365  8.90452576  5.04074097  3.        
0.225334   7.15321302 1.93780506 2.        
14.69734955  8.48262787 -7.12335205  4.        
-6.47845507  9.30763245  2.828583    3.        
-2.12185693  8.70974731  4.98889208  3.        
12.65740967  7.35154676 -3.40862989  4.        
-9.24185181  8.87677765  2.003021    3.        
 0.28780401 -2.64749908  3.218292    2.        
0.95282    6.01168108 2.31176805 2.        
4.92827606 8.47344971 0.89117402 4.        
 5.54224396  8.39867401 -3.90185499  4.        
 9.63117981  8.81156158 -5.34573412  4.        
7.48917389 8.1227951  0.065369   4.        
-8.00975037  9.39463806  2.03390503  3.        
-10.23036957   8.78562164   5.95114088   3.        
 1.13706994 -4.42211914  3.79623389  2.        
-5.65278578  9.16956329  3.75692797  3.        
-0.54680598  4.99323988  1.99105799  2.        
0.404663   3.98184991 2.49179101 2.        
-0.06459     0.90967602  3.74850512  2.        
0.53064001 6.14106798 2.46719408 2.        
-11.26074982   7.85617781   7.73297119   3.        
 7.44949293  8.29198456 -5.07672119  4.        
15.45623779  7.11328888 -5.5         4.        
11.15357971  8.80587769 -6.94091797  4.        
0.122253   3.51355696 1.92044103 2.        
-8.11066437  9.17424774  4.29470778  3.        
 1.56610894 -6.76642179  3.86709595  2.        
-0.25999501  5.46412706  2.72918701  2.        
-1.41710699  8.54311371  4.40527296  3.        
-7.16017914  9.31738281  3.51998901  3.        
-3.400383    9.12718201  4.17700195  3.        
14.89403534  7.57118988 -5.04711914  4.        
 1.11335695 -7.58766603  4.1247859   2.        
-6.98017883  9.01195526  6.34948683  3.        
 1.33644903 -6.75149202  4.93780518  2.        
0.57502699 6.01505995 1.60583496 2.        
 4.5128479   8.28466034 -2.63745093  4.        
-13.85262299   7.58213806   5.54022217   3.        
 8.10474396  8.3625946  -0.66970801  4.        
-0.48096499  3.443115    2.41619897  2.        
-4.23945618  9.2099762   4.59237719  3.        
-7.31533003  9.21852112  4.40618896  3.        
-1.99304199  8.88169861  4.35562086  3.        
10.37471771  7.46788788 -2.11791992  4.        
 2.887779    8.20118713 -1.26235998  4.        
-0.045517    4.96360016  2.72512794  2.        
-2.19411492  8.02697659  2.26074195  3.        
-2.30653405  8.28623962  2.91650391  3.        
6.42989397 8.93766022 0.81234699 4.        
-9.08176422  9.05539703  4.42175293  3.        
-3.33324409  8.28610992  1.70074499  3.        
3.88878608 8.80174255 2.02905297 4.        
13.41957855  8.49053192 -5.27349806  4.        
-0.75712597  6.72807312  2.29513597  2.        
14.92242432  7.8090291  -7.73925781  4.        
 1.95327795 -8.67258835  4.75271606  2.        
-0.62164301  6.28209686  3.07052588  2.        
 1.62663996 -4.3300252   4.47403002  2.        
-0.553505    6.80083513  2.76312304  2.        
-15.06184387   7.13080597   6.96380615   3.        
 0.84930402 -5.46408081  4.66992188  2.        
-13.49568939   7.71106005   7.67092896   3.        
0.015213   3.2010119  2.45501709 2.        
-7.1244278   9.0963974   0.92184401  3.        
3.00447798 8.31658173 0.167053   4.        
-6.41101122  9.27462006  1.82418799  3.        
 9.61710358  8.29760742 -2.58285499  4.        
-8.00907898  9.19516754  4.93527222  3.        
-13.97974396   6.88552094   4.26025391   3.        
0.52751899 0.81182897 3.05435205 2.        
-13.47311401   7.51318407   4.72042799   3.        
-11.39793396   7.72078705   3.64712501   3.        
14.1150589   8.33602142 -5.57644701  4.        
-3.23689294  8.58602905  2.48425293  3.        
-10.28368378   8.27945042   3.38192797   3.        
0.44482401 1.16052997 2.31900001 2.        
3.02198005 8.5120163  1.82986403 4.        
 2.33664703  8.0759964  -1.67700195  4.        
 5.45690918  8.57096863 -2.94162011  4.        
-1.00894201  6.79071808  1.73852503  3.        
0.53941298 2.04665399 3.2658999  2.        
-4.11020708  8.23493958  1.38372803  3.        
10.89241791  7.50483704 -2.54623389  4.        
-0.223267    2.76490808  2.88656592  2.        
11.00402832  8.47327423 -3.63729906  4.        
10.32980347  6.87698412 -1.38397205  4.        
5.64160919 8.83764553 0.370361   4.        
 1.50332606 -3.79783607  3.85580397  2.        
14.63780975  6.93877411 -4.45190382  4.        
2.18800402 8.05567932 0.32330301 4.        
 8.79203033  8.60466003 -2.66671705  4.        
8.39102936 8.44486237 0.79245001 4.        
-0.14872     1.74466705  3.60061693  2.        
13.25108337  7.71391296 -4.09130907  4.        
-0.057472    6.58133698  3.06332397  2.        
 1.56284297 -5.33914185  4.30435181  2.        
10.12722015  8.90336609 -5.96713305  4.        
-6.08792114  9.23356628  5.1845088   3.        
-9.48904419  8.60260773  2.387604    3.        
-0.227966    4.1483922   2.39550805  2.        
-12.72687531   7.83582306   7.66326904   3.        
-6.37135315  8.91202641  6.900177    3.        
-0.205467    0.355286    3.19482398  2.        
-15.05934906   6.15757799   4.977386     3.        
 7.53030396  8.66272736 -1.72866797  4.        
-10.61789703   8.21178436   3.66174293   3.        
-8.92962646  9.01987457  2.84457397  3.        
0.222969   6.28864288 2.15115404 2.        
1.10313404 7.25288391 0.91979998 4.        
 1.18715703 -8.42589569  4.68945312  2.        
3.53793311 8.53701019 0.816742   4.        
-5.40864611  9.28600311  5.74917603  3.        
-8.7563858   8.06164455  7.28768921  3.        
15.49191284  7.6286931  -5.89346313  4.        
-12.10181427   8.12216187   4.92968798   3.        
1.33109295 7.30578613 1.81213403 4.        
 4.06664324  8.50225067 -1.25238001  4.        
-3.78606391  9.20710659  4.71957397  3.        
-7.37377214  9.45529175  1.49127197  3.        
-11.8196106    8.41815853   6.35540819   3.        
0.30304    3.58579302 3.07098389 2.        
-10.8056488    7.81245422   3.2150569    3.        
0.254913   1.74020398 2.75469995 2.        
-11.40388489   8.59033203   5.56680298   3.        
 9.9562149   6.74880981 -0.94247401  4.        
0.77793902 1.07906306 3.32983398 2.        
-2.481812    8.23468018  2.50476098  3.        
-3.47347999  9.16005707  5.85317993  3.        
 1.10080695 -2.99182892  3.43017602  2.        
-3.02393293  8.59127808  3.06069994  3.        
10.17480469  8.06180573 -2.634094    4.        
11.30780029  8.93078613 -4.95553589  4.        
-10.22010803   8.68973541   4.29656982   3.        
0.72312897 3.42140198 2.96020508 2.        
-1.42600298  7.4593811   2.09774804  3.        
-4.90904188  9.3446579   5.97512817  3.        
 4.71375322  8.54788208 -1.71850598  4.        
-0.197166    6.84117079  2.53106689  2.        
-14.93313599   7.16697693   6.49960279   3.        
 6.569839    8.43747711 -3.96466088  4.        
-7.8443222   9.04248047  5.87145996  3.        
-8.58128357  9.17927456  1.45696998  3.        
13.40220642  8.95980072 -6.84533691  4.        
 0.67149401 -1.95392597  3.87313795  2.        
0.384323   3.16246009 3.11633301 2.        
-14.58979797   6.3393712    4.47671509   3.        
0.72995001 5.43847704 1.89578199 2.        
-11.90979767   8.44940186   5.82430983   3.        
-7.22068024  9.39393616  2.07806396  3.        
12.40628815  7.65839386 -3.55679297  4.        
 0.98316997 -3.37792206  4.34789991  2.        
 5.45710802  8.64881897 -0.47567701  4.        
11.70728302  9.1236496  -6.28747606  4.        
-1.90638006  8.41885376  3.22280908  3.        
1.13562799 6.63987017 2.14938307 2.        
10.76706696  6.86119795 -1.88479602  4.        
-10.62963867   8.75796509   5.81625414   3.        
-13.99643707   7.79157305   6.95019484   3.        
4.21615601 8.79206753 1.22308302 4.        
 3.50602007  8.44797516 -0.480194    4.        
-12.99448395   7.67926788   4.53997803   3.        
0.368866   3.38050795 2.23489404 2.        
-0.72371697  5.42242384  2.16714501  2.        
-1.75196099  8.25231171  3.83471704  3.        
 9.46920013  7.91765594 -1.74700904  4.        
 0.215469   -0.66162902  2.60116601  2.        
 2.43454003  8.13266754 -0.045654    4.        
 1.73436701 -6.07997894  4.29791307  2.        
-8.30786896  9.1536026   5.34835815  3.        
-5.99772596  9.25176239  4.33654785  3.        
-10.05835724   8.58152771   6.53811693   3.        
-0.21558399  2.27892303  3.45492506  2.        
-7.79165697  9.42971802  1.50088501  3.        
 6.6829071   8.64035797 -0.451294    4.        
-12.58706665   8.27290344   6.01394701   3.        
-13.17997742   8.04933929   6.09518385   3.        
 3.22601295  8.20735931 -1.66055298  4.        
 1.07303596 -4.92693281  4.00711107  2.        
2.30762506 8.1020813  1.59939599 4.        
-10.6432724    8.34671783   7.11880493   3.        
0.50311297 2.54169512 2.7029109  2.        
12.16564941  8.27613831 -3.99822998  4.        
 3.79175591  8.04262543 -2.84426904  4.        
-15.07263184   6.82118177   5.74877882   3.        
-0.729752    5.89662886  2.87319994  2.        
12.63843536  8.98786926 -6.85201979  4.        
1.04715705 6.3483429  1.47210705 2.        
 8.10652924  8.47119904 -1.24981701  4.        
 0.40906501 -3.32113695  3.26208496  2.        
-0.14929999  0.275635    2.60900903  2.        
-14.40707397   7.59431505   6.69168091   3.        
-0.223656    3.32926202  2.77096605  2.        
 1.36166406 -6.30590105  4.51251221  2.        
 0.92106599 -2.90886688  4.0751338   2.        
14.25326538  8.12158203 -5.23156691  4.        
11.1390152   8.79593658 -4.45828295  4.        
-8.92256927  9.04696655  5.09417677  3.        
0.19339    4.62475586 2.71984911 2.        
 2.02219391 -9.25483322  4.37603807  2.        
 9.38457489  8.213974   -2.23846412  4.        
 2.0190351  -7.72557116  4.37631178  2.        
-9.62327576  8.66443634  3.11978197  3.        
2.37595391 8.08679962 0.73199499 4.        
-11.69955444   7.98320007   4.27002001   3.        
-8.18327332  9.21052456  3.20840406  3.        
16.05968475  7.07719421 -6.94741821  4.        
7.32407379 8.68783569 0.48431399 4.        
0.31060001 0.110214   3.51342797 2.        
 1.38496399 -4.16181993  4.01095581  2.        
10.61990356  8.61949921 -3.67306495  4.        
 0.065529   -1.04776001  2.96511793  2.        
-15.95198059   6.07438707   6.06024218   3.        
13.27861786  8.79748535 -7.413239    4.        
 1.24831402 -6.93326187  4.18038893  2.        
 1.36707306 -6.00795698  4.04849195  2.        
15.06149292  7.93347883 -7.35348511  4.        
 0.155846   -0.13456     2.62548804  2.        
 1.472633   -8.13837147  4.24755907  2.        
 9.8319397   8.87539673 -3.82617211  4.        
 0.080734   -1.900352    3.31127906  2.        
2.00599694 7.90883589 1.33563197 4.        
-3.87194109  7.90656281  1.01754797  3.        
-12.81298065   8.11665344   7.06219482   3.        
-8.36031342  9.23191833  2.55416894  3.        
13.91860962  8.76379395 -6.88641405  4.        
-6.78258514  8.80303192  7.00967407  3.        
-0.1091      0.62770098  2.84344506  2.        
 4.72570801  8.62290192 -1.00701904  4.        
15.94358826  7.02343798 -6.25497389  4.        
 2.89176893  7.94753313 -2.0662539   4.        
 8.88996887  7.9198761  -0.70864898  4.        
 3.83249688  8.46959686 -0.192505    4.        
-8.03986359  8.79334259  6.56616211  3.        
 6.64518023  8.79810333 -2.14013696  4.        
-6.44303894  9.24507904  4.26373291  3.        
 0.146477   -2.17822289  3.6152339   2.        
 4.91080523  8.64080048 -1.374542    4.        
0.746216   6.50524902 1.70117199 2.        
6.30927277 8.43516541 0.35119599 4.        
-1.20731294  7.47985077  2.51272607  3.        
 1.11463904 -3.98141503  3.75454712  2.        
 5.94178009  8.52146912 -3.543854    4.        
10.09521484  7.31309509 -1.52047706  4.        
-15.64619446   6.22840881   7.23559618   3.        
15.73603821  7.51439714 -6.2350769   4.        
-9.83569336  8.30696869  2.04586792  3.        
-8.63420868  8.27437592  7.61557007  3.        
-13.93196869   7.63835907   5.95153809   3.        
-13.24060822   6.44016981   3.91009498   3.        
 5.86248779  8.67468262 -2.88400292  4.        
15.14054871  8.01866913 -6.37652588  4.        
-9.2118988   8.49034119  7.06936693  3.        
11.85596466  8.92469788 -6.93847704  4.        
-0.062263    2.7010119   2.31680298  2.        
 0.97030598 -2.33819604  3.58773804  2.        
 7.22853804  8.71739197 -3.80157495  4.        
-0.120911    4.91943407  2.24231005  2.        
-6.89685822  9.16002655  5.52035522  3.        
-9.36079407  8.98523712  5.33194017  3.        
-14.25091553   6.94162798   4.76086378   3.        
-5.05953979  9.20789337  6.64465284  3.        
-3.47165704  8.77983093  3.25674391  3.        
-12.64241028   6.85163879   3.66336107   3.        
4.60685682 9.05544281 2.32028198 4.        
0.166878   1.465065   3.61755395 2.        
-2.11128211  8.74184418  3.93896508  3.        
2.10742903 7.4196701  1.36962903 4.        
-7.60359907  9.35969543  2.85125709  3.        
-6.00174713  9.12057495  6.54473877  3.        
8.1618576  8.29064178 0.29644799 4.        
 0.50036597 -3.15130591  4.25375414  2.        
0.65775299 0.48828101 2.75207496 2.        
-8.35142517  9.33800507  1.74615502  3.        
6.3322072  9.14144897 1.75140405 4.        
11.05211639  8.12248993 -3.20437598  4.        
 8.16392517  8.54492188 -4.81387281  4.        
0.52599299 0.018814   2.94348097 2.        
 1.39299798 -7.64735794  4.60113478  2.        
-12.11527348   8.27185059   6.69961596   3.        
-8.71547699  9.1003418   3.27099609  3.        
-2.90865302  8.23303986  1.84085095  3.        
-10.92282104   8.38800144   4.29776001   3.        
 9.97525024  8.90235138 -5.0657649   4.        
-5.558815    9.17789459  2.78936791  3.        
3.88412499 8.57085419 0.49139401 4.        
5.12875414 8.94520569 0.97723401 4.        
0.09301    4.06542206 3.184448   2.        
 5.90891981  8.69853973 -0.36557001  4.        
-0.159035    1.85432398  3.130615    2.        
 8.16887665  8.91278076 -3.17697096  4.        
 1.20137    -1.65133703  3.29449511  2.        
-2.68258691  8.9977951   5.67196703  3.        
13.92448425  6.9932251  -3.93740797  4.        
11.7769928   7.38717604 -2.95663404  4.        
6.20790911 8.74111176 1.07998705 4.        
-11.49864197   8.39417267   4.78613281   3.        
 3.7623899   8.21664429 -2.02761793  4.        
-3.93348694  9.12587738  3.81768799  3.        
-0.33770001  6.03102112  2.32046509  2.        
 9.87567902  8.88717747 -4.30651903  4.        
 1.45323896  7.71155596 -0.99246198  4.        
 0.43947601 -0.88706201  3.95132494  2.        
 7.75233507  8.90895081 -3.22677588  4.        
 9.93486786  8.65639496 -6.37359619  4.        
11.5553894   8.51998138 -4.27978516  4.        
-4.80835676  9.11721802  3.83309889  3.        
 0.103226   -0.274773    3.71392798  2.        
 1.36781299 -3.4601059   3.65905809  2.        
-7.26847076  9.26454926  4.80801392  3.        
 7.6727829   8.62502956 -4.42892504  4.        
-11.41349792   8.39102936   6.59417677   3.        
 2.22749305  8.032547   -0.50009203  4.        
-3.63308692  8.49623871  1.96447802  3.        
10.98030853  9.0847168  -5.62069702  4.        
-2.898422   8.4186554  2.359833   3.       
-7.3840332   9.02036285  5.98907518  3.        
7.32769012 8.60866642 0.041656   4.        
-5.00406694  8.96479797  2.3192749   3.        
 0.321365   -1.47373199  3.73889208  2.        
-0.00753     5.7068181   2.91577101  2.        
6.81577301 8.76359558 0.31390399 4.        
-8.51626587  8.64740658  6.92898607  3.        
5.00153303 9.12852478 1.74884105 4.        
 1.03999305 -3.29529595  3.81652808  2.        
6.56003618 8.73879242 0.01178    4.        
-0.110725    5.262321    2.01342797  2.        
-2.269104    7.52233124  1.63629198  3.        
 1.45306396 -7.33834505  5.00952101  2.        
 9.20360565  7.20181322 -0.83438098  4.        
-4.88326979  8.30992889  1.22366297  3.        
-8.71323395  9.06062317  4.59628296  3.        
 2.79969811  8.24964142 -0.176056    4.        
7.60761976 8.87349701 1.23617601 4.        
-4.40159607  9.24487305  4.95147705  3.        
 1.07446301 -5.64055586  4.3088069   2.        
-8.37391663  8.19384766  7.28622389  3.        
 1.02460504 -6.21807098  4.71286011  2.        
0.490356   4.44688416 2.12045288 2.        
0.21286801 2.78405809 3.01638794 2.        
-11.83061981   7.05258179   3.40469408   3.        
0.89684302 4.49177599 2.3318789  2.        
 0.78346997 -4.61355591  4.15399218  2.        
 9.34405518  8.74692535 -3.20715308  4.        
-15.04959869   6.54634905   4.91711378   3.        
0.119858   2.32665205 2.62145996 2.        
14.039505    8.03751373 -4.91247606  4.        
 4.99560499  8.65817261 -0.128601    4.        
 0.50221997 -1.51644897  3.3929441   2.        
 8.65155029  8.12812805 -6.2026062   4.        
-0.749367    5.83859205  2.18524194  2.        
 1.90834796 -7.3062439   4.46252394  2.        
 4.17828417  7.91229296 -3.361938    4.        
 2.18526506 -8.46442795  4.47451782  2.        
-2.67841291  7.68537092  1.50244105  3.        
-4.22553205  9.29141998  5.5748601   3.        
7.74665785 8.73031616 0.77606201 4.        
 1.72628796 -8.78252411  3.99893188  2.        
0.75472999 5.16381788 2.19537401 2.        
-6.13643694  9.18700409  5.69345093  3.        
0.29621899 4.88660383 2.07754493 2.        
 0.91540498 -0.78653699  2.96786499  2.        
-13.55222321   7.15904188   4.36688185   3.        
-2.7560041   9.07941437  4.50283813  3.        
-5.78603411  8.60758209  0.99444598  3.        
-7.98580217  9.24687958  3.55215406  3.        
 2.79476905  8.15901947 -0.88784802  4.        
0.011017   0.40373999 3.58227491 2.        
-14.41500092   7.21329498   5.48706102   3.        
 0.80593902 -3.74122596  3.2593689   2.        
 0.56286597 -0.47470099  2.57901001  2.        
-1.19464099  8.03569031  3.46774292  3.        
3.67352295 8.74089813 1.66250598 4.        
 0.415764   -2.30084205  3.86413598  2.        
 1.35257697 -2.91072798  3.93652296  2.        
-9.52135468  8.88519287  5.94293213  3.        
 1.00220501 -1.37562597  3.78820801  2.        
-13.70059967   7.84575701   6.18914795   3.        
-10.59333038   8.50040436   6.72793579   3.        
 1.37576306 -4.70602417  3.91735792  2.        
 7.76838684  8.57572937 -1.40213001  4.        
14.44106293  8.40046692 -7.46380615  4.        
 0.61587501 -1.51148999  2.97308302  2.        
-8.32833862  9.20134735  3.96255493  3.        
 1.30932605 -6.54869795  4.09994507  2.        
13.71181488  8.60687256 -7.49529982  4.        
-15.84871674   6.17900085   6.79226685   3.        
15.2171402   7.91050005 -5.99362183  4.        
15.71308899  6.85147905 -5.84671021  4.        
14.57763672  7.69013977 -4.77459717  4.        
-14.87120056   6.77935791   7.49853516   3.        
 1.86122894 -8.42477417  4.09011793  2.        
6.8816452  9.19036865 1.31875598 4.        
 8.34630585  8.90352631 -3.77752709  4.        
 5.08064985  8.59681702 -0.59576398  4.        
 7.47826385  8.06669617 -5.57214403  4.        
11.73855591  6.75095415 -2.57751489  4.        
-7.71823883  8.61443329  7.10528612  3.        
1.18557703 6.6875     1.37066698 2.        
 0.98618299 -4.54810286  4.77557421  2.        
-13.30722809   7.20935106   7.8873601    3.        
 8.29712677  8.35002136 -5.56231689  4.        
 1.14472997 -4.33013916  3.28512597  2.        
 0.51571703 -0.604927    3.53820801  2.        
-15.84921265   5.71456194   6.00637817   3.        
 1.30901301 -8.01499176  4.61898804  2.        
15.35449982  6.90136719 -5.20388794  4.        
10.58496857  8.93349457 -4.62612915  4.        
2.02410889 7.36167097 1.92657495 4.        
14.12666321  7.43938494 -4.241364    4.        
-0.97610497  7.46015215  3.3752439   3.        
-10.32497406   8.73878479   4.9970088    3.        
-10.1394577    8.59516907   3.83212304   3.        
7.01602888 8.80440521 0.68984997 4.        
-1.44131505  7.98988295  2.88601708  3.        
-7.72072601  8.30840302  7.54510498  3.        
15.30989838  7.45848799 -5.49194288  4.        
 3.5874331   8.34770966 -1.08480799  4.        
 1.232849   -6.95272112  3.80679297  2.        
-1.118294    7.18155718  2.80389404  3.        
-1.81111097  7.46692705  1.83227503  3.        
 6.03139496  8.70947266 -1.72372401  4.        
12.84989929  8.22914886 -4.44851685  4.        
-0.003174    1.12067401  3.103302    2.        
0.784805   6.54358721 2.5189209  2.        
1.35715497 7.64624786 0.56607097 4.        
 1.87127697 -6.89334917  4.53536987  2.        
6.03510284 8.88348389 0.59231597 4.        
 8.3603754   8.25911713 -0.93060303  4.        
14.55743408  8.62929535 -6.81323195  4.        
11.04315853  6.79813385 -2.12936401  4.        
-1.48031604  8.33784485  3.56607103  3.        
 6.61385393  8.19397736 -4.71694994  4.        
-8.18297577  9.03982544  1.89688098  3.        
 1.73948705 -9.26358414  5.07519484  2.        
 7.472229    8.90646362 -2.76733398  4.        
 3.223984    7.95849609 -2.45794702  4.        
6.90614319 8.8531189  1.465271   4.        
0.62274897 4.76387787 2.59527612 2.        
 1.56744397 -4.69457197  4.36645508  2.        
10.13313293  7.84195709 -2.34216309  4.        
-5.41849518  9.2784729   5.35076904  3.        
-2.99970293  9.19190979  4.97259521  3.        
 1.93394494 -8.23819256  4.61846924  2.        
13.10059357  8.59593201 -5.07980299  4.        
-2.17478204  9.00442505  4.70635986  3.        
0.210159   5.91866302 2.16015601 2.        
-4.04561615  9.23840332  5.89898682  3.        
 0.491943   -2.81778693  3.54269409  2.        
1.91632795 7.83862305 1.75436401 4.        
-15.44753265   6.69358778   6.32977295   3.        
-12.69477844   7.9594121    4.82199097   3.        
 0.96654499 -0.56999999  3.5683589   2.        
-6.02530718  9.10851288  1.52743495  3.        
 1.00809503 -3.16192603  3.12002611  2.        
 1.58387804 -7.34651613  4.04586792  2.        
 5.44123793  8.21140957 -4.19747877  4.        
-1.55893695  8.54802704  3.92376709  3.        
 0.70425397 -2.60646796  3.85907006  2.        
 2.14058709  7.90748596 -1.93261695  4.        
0.40856901 5.4906311  1.73510695 2.        
 1.70222497 -5.64645386  4.13339186  2.        
0.14515699 2.04748511 3.0935359  2.        
-9.050354    8.36669922  7.36908007  3.        
15.59116364  7.74938202 -6.74316406  4.        
-7.33422089  8.91608429  6.49395704  3.        
-12.15956116   6.97635603   3.53399706   3.        
-0.19000199  4.63458204  1.69375598  2.        
-3.66627502  9.23707581  5.09033203  3.        
-0.42213401  6.6052022   3.25427198  2.        
 0.84437603 -2.62782311  4.288239    2.        
-0.39186099  4.94078112  2.83868408  2.        
-15.66104889   6.30761719   5.88342285   3.        
-10.57318878   7.63471985   2.858459     3.        
-6.61914778  9.28307343  1.48547399  3.        
-11.48823547   7.92276001   3.98489404   3.        
-0.27803001  2.07547808  2.56906104  2.        
-13.78643799   7.89729309   6.59219408   3.        
5.47244978 9.05669403 1.142609   4.        
 4.82969713  8.15660858 -3.64376807  4.        
 0.84903002 -2.27996802  2.98687696  2.        
13.79292297  8.49433136 -5.56600904  4.        
0.413353   2.38582611 3.04727197 2.        
 0.83831799 -1.78302002  3.236938    2.        
 0.97016901 -4.29219103  4.27615404  2.        
13.66083527  7.35852098 -3.90374804  4.        
-14.54978943   7.39332581   7.27255201   3.        
 0.98963898 -6.4459691   4.22289991  2.        
 4.72794294  8.27711487 -3.16470289  4.        
-0.066605   -0.28041801  2.86395311  2.        
2.5872879  8.2199173  1.34204102 4.        
 5.85254717  8.74899292 -2.28677392  4.        
 0.27993    -0.84181201  3.1625371   2.        
-2.88619995  7.88000488  1.17352295  3.        
-5.66908979  8.87394047  1.52713001  3.        
0.25959    0.756805   2.82595897 2.        
-12.84869385   8.04264069   5.34292603   3.        
 8.95632935  8.39263153 -5.9466548   4.        
2.38667297 8.10583496 1.996521   4.        
-11.37839508   7.10078382   3.2089839    3.        
 1.278023   -4.91901398  4.45846605  2.        
-11.66130829   7.80816603   7.63940382   3.        
-10.31963253   8.24849701   7.40405321   3.        
1.81320906 7.73909807 1.089661   4.        
 1.740448   -8.03380203  3.91787696  2.        
5.53716278 9.10995483 1.78762805 4.        
-10.70209503   7.94348097   7.72403002   3.        
12.58291626  8.95723724 -7.22439623  4.        
-9.95728302  7.80731201  2.65521193  3.        
-8.61050415  8.99968719  1.84964001  3.        
4.9823842  9.06011963 1.35507202 4.        
1.21925294 5.15820312 2.38565111 2.        
12.08148956  7.68274689 -3.41751099  4.        
-0.190781    1.73479497  2.79827905  2.        
 9.40535736  8.85735321 -3.63858008  4.        
-8.72092438  9.12636566  2.34661889  3.        
 0.75103003 -3.86833906  4.28469896  2.        
11.76059723  8.07624817 -3.66033912  4.        
-6.32409716  9.26819611  3.14303589  3.        
-13.78327942   7.39218903   4.84371901   3.        
12.87678528  7.98171186 -4.13708496  4.        
12.3078537   8.85198975 -4.98144484  4.        
 0.95561999 -6.85207415  4.3586731   2.        
 9.67590332  7.31977797 -0.92999297  4.        
-12.5905304    8.1603241    5.62731886   3.        
14.86024475  7.98446703 -5.50116014  4.        
 1.99868     7.81693316 -1.24890101  4.        
 9.33714294  7.73520708 -1.09384203  4.        
 1.23259699 -5.36588287  3.91787696  2.        
 9.08930969  7.34434509 -0.481567    4.        
 7.47631788  8.56450653 -0.63735998  4.        
 9.53316498  8.92066193 -4.46301317  4.        
-1.465523    6.86688995  2.49209595  3.        
0.43853    0.56200403 2.40506005 2.        
-4.46477509  7.98573303  0.73016399  3.        
 1.54795802  7.83163404 -0.015564    4.        
-3.27776289  9.0194931   3.75808692  3.        
3.3446579  8.63700104 1.88055396 4.        
12.60306454  8.62550354 -4.96795607  4.        
13.18486023  7.05815077 -3.53747606  4.        
 1.33517504 -6.00243378  4.68283081  2.        
0.28567499 3.88227105 2.82003808 2.        
-5.09473419  9.14420319  3.01443505  3.        
 1.41937995 -3.89614892  4.23352098  2.        
-11.75389099   7.55200195   3.68640089   3.        
-9.97639465  8.84721375  5.23620605  3.        
12.46111298  8.03173828 -3.94482398  4.        
-6.17640686  8.83519745  1.06484997  3.        
-12.55654907   8.29882812   6.41873217   3.        
 1.37323797 -6.75266695  4.55587816  2.        
-5.76082611  9.2121048   4.08450317  3.        
 8.16278839  8.58960724 -2.10699511  4.        
-4.58529711  9.26099396  6.27700806  3.        
 1.25396705 -5.55818176  4.59442091  2.        
-2.54154992  8.92184544  5.17877197  3.        
 0.57079297 -3.95543694  4.64898682  2.        
0.39076999 4.27410889 2.72946191 2.        
 2.09800005 -5.64667511  4.18322802  2.        
-6.9492259   9.22518158  4.17593384  3.        
 1.27038598 -3.36753893  4.13851881  2.        
-0.57119     5.55238295  2.45315504  2.        
 0.96818501 -8.71625519  4.8157649   2.        
5.67758894 8.64035797 0.99005097 4.        
-0.287231    3.26485395  3.34295607  2.        
 0.856094   -5.24137878  4.18695116  2.        
-0.22913399  1.33207703  2.54379296  2.        
7.9332962  8.48886108 0.61334199 4.        
15.96521759  6.73603106 -7.18927002  4.        
0.20485701 2.95943403 2.27996802 2.        
7.85945892 8.15033722 0.20620701 4.        
1.01820397 7.02008104 1.34405506 2.        
6.54825592 9.08770847 1.29293799 4.        
-13.42893219   6.96392107   4.06829786   3.        
0.653503   6.18456316 1.91790795 2.        
 2.20491004 -8.80072403  4.54696703  2.        
6.04428911 9.07219696 1.16677904 4.        
 1.069206   -0.98893702  3.31365991  2.        
-1.23768604  6.80287218  2.05487108  3.        
11.30724335  7.62219191 -2.90152001  4.        
11.62555695  8.98138428 -5.38366699  4.        
13.22528839  8.95401001 -5.76992798  4.        
-5.305336    9.02467442  2.16598511  3.        
15.70802307  7.09788513 -7.63345289  4.        
-0.13272101  0.93771398  3.36288404  2.        
 1.66746497 -6.57138777  4.13021803  2.        
11.79243469  8.98791504 -6.60778809  4.        
 0.032806   -0.603737    3.23580909  2.        
-12.64772797   7.11516619   3.88195801   3.        
 3.60748291  8.05477142 -2.53833008  4.        
-8.02376556  8.47569275  7.23123217  3.        
-9.17221832  8.99235535  3.60971093  3.        
0.66284901 6.79674482 1.85821497 2.        
 7.04686022  8.81959534 -2.22155809  4.        
 0.45625299 -1.15470099  2.82254004  2.        
-1.14004505  7.81530809  3.20663404  3.        
-7.766922    9.38546753  2.27352905  3.        
-0.54259503  6.94709015  3.30459595  2.        
 0.90427399 -4.45437622  3.54928589  2.        
 9.8996048   7.79680586 -2.05349708  4.        
3.37312293 8.20778656 1.77185094 4.        
 7.97561693  8.3401947  -0.32949799  4.        
1.23571002 7.53242493 0.26303101 4.        
-13.55464172   7.71672821   5.42215014   3.        
10.27101898  8.98925018 -5.2999568   4.        
 6.46497297  8.6789856  -1.27761805  4.        
-13.15049744   8.10788727   6.57449293   3.        
-0.062355    0.14707901  2.95370507  2.        
-11.07858276   7.72260284   3.43212891   3.        
 6.92650604  8.37052155 -4.40850782  4.        
-6.7923131   9.34339142  2.95202589  3.        
-7.61156511  9.20526123  4.24191284  3.        
-9.83544922  8.39589691  7.14086914  3.        
12.2124176   6.74658203 -2.87014794  4.        
-5.45737505  8.19053745  1.17227197  3.        
-9.95710659  8.42654419  3.12075806  3.        
-9.56853485  8.89466858  3.91372705  3.        
 7.96077013  8.81381226 -3.98843408  4.        
-6.79528809  9.34720612  2.23602295  3.        
15.34597015  8.1478653  -7.39904785  4.        
4.57406616 8.6071701  0.056335   4.        
-13.63006592   8.20741272   6.67205811   3.        
14.47863007  7.28209686 -4.31057692  4.        
11.20817566  7.12380981 -2.45846605  4.        
 1.86446404 -5.13000488  4.41201782  2.        
10.92651367  8.97761536 -5.2089839   4.        
 1.23735797 -3.75111389  3.54199195  2.        
0.66032398 0.25439501 3.47149706 2.        
 1.64456904  7.6244812  -0.69561797  4.        
 8.6965332   8.12130737 -1.08599901  4.        
-5.23551178  9.28074646  4.78808594  3.        
-5.15135193  8.84814453  1.73217797  3.        
5.19558001 8.73777771 0.21417201 4.        
 0.38276699 -2.1765821   4.17434692  2.        
-7.61350298  9.30062103  3.68859911  3.        
10.62147522  8.79717255 -6.63064623  4.        
-5.83679199  9.27651978  4.84649706  3.        
 0.829956   -3.60159302  3.59259009  2.        
12.35955811  9.11949158 -5.94695997  4.        
 8.23477936  8.05606842 -5.82797194  4.        
14.78995514  8.23034668 -7.48657179  4.        
-7.10227203  9.35614014  1.675385    3.        
0.784477   5.81868696 1.80191004 2.        
0.57457    0.638466   3.33612108 2.        
0.117844   5.44520617 2.24377394 2.        
12.00689697  9.09369659 -5.54608107  4.        
-0.13987     1.46774304  3.2557981   2.        
 7.66004896  8.17825317 -5.31539917  4.        
 1.34278905 -5.1026082   3.63024902  2.        
14.26948547  6.76940203 -4.11627197  4.        
 1.28130305 -2.2491231   3.50765991  2.        
-1.00702703  6.13604021  1.88577294  3.        
-5.71404314  9.2064209   3.34481812  3.        
-2.67293501  8.93711853  3.97085595  3.        
 9.68946838  8.76331329 -5.66964722  4.        
-11.16869354   8.09509277   7.45440722   3.        
12.75082397  6.68683577 -3.15506005  4.        
0.40338901 2.00192308 2.43576097 2.        
 9.17001343  8.92273045 -3.87652612  4.        
4.36457777 8.96678162 1.73019397 4.        
-5.98665619  9.26062012  2.66503906  3.        
12.53527832  8.45452881 -4.68200684  4.        
-12.14751434   7.57846785   7.85977221   3.        
 9.84288025  7.52484894 -1.556427    4.        
 4.35355377  8.364151   -2.19879198  4.        
13.21446991  6.61817217 -3.3752749   4.        
-11.44187927   8.26675415   4.48583984   3.        
-4.53394318  9.02233887  3.39831495  3.        
7.08698988 8.82701111 1.06131005 4.        
0.023689   1.59059894 2.40133691 2.        
-5.18204498  9.28209686  5.11971998  3.        
7.70199585 8.5943222  1.08636498 4.        
-14.75827026   7.18566895   6.06933594   3.        
1.96825397 7.68775177 2.1191709  4.        
 9.02783966  7.67787886 -0.109528    4.        
-1.98227704  7.76425219  1.79122901  3.        
-14.19033146   7.21123505   4.94116211   3.        
3.16806006 8.55968475 2.62567091 4.        
 4.96731615  8.48948669 -2.39755297  4.        
10.70059967  7.40129089 -2.29922509  4.        
-12.67472839   7.62526703   4.28442383   3.        
2.73596907 8.23363495 0.633789   4.        
 3.9372859   8.40927887 -1.61700404  4.        
-0.413086    4.73895979  2.37200904  2.        
 0.79408997 -1.25721002  2.86489892  2.        
15.13768768  8.22388458 -7.01168823  4.        
-4.70482588  9.24523926  4.41723585  3.        
0.39587399 5.61779785 2.16336107 2.        
 0.65183997 -0.97158802  3.05865502  2.        
-1.23443604  7.03761292  1.76391602  3.        
 0.82073998 -0.53179902  3.18304396  2.        
 4.34451294  8.49595642 -1.70913696  4.        
0.247665   3.71034193 2.20111108 2.        
13.5470047   7.88388109 -4.32189894  4.        
 6.93947601  8.86106873 -2.76251197  4.        
14.63233852  8.31723022 -5.93893385  4.        
 0.98621398 -9.29904938  4.63369799  2.        
-4.75871992  9.28966522  5.59237719  3.        
-2.62845612  8.0238266   1.396698    3.        
5.31013489 8.59606171 0.89032    4.        
 0.30937999 -1.08718896  3.51901293  2.        
 1.13228595 -6.90663099  4.71502686  2.        
10.73766327  7.84162903 -2.78640795  4.        
 8.68372345  8.92571259 -3.69497705  4.        
 6.07897902  9.23402405 -1.08627295  4.        
1.28780401 6.07076979 1.99835205 2.        
 0.754906   -2.45616889  3.24536109  2.        
13.26742554  8.93540955 -6.42715502  4.        
-10.20359802   8.67332458   6.26031494   3.        
10.65574646  7.19415283 -2.03436303  4.        
-0.72133601  6.99585676  2.96402001  2.        
3.35706306 8.42352295 0.41525301 4.        
6.62656403 8.64429474 0.90435803 4.        
-3.31234002  9.21268463  4.8815608   3.        
-11.01828766   8.59832764   5.01165819   3.        
16.01128387  6.89021301 -6.54467821  4.        
 8.88014984  8.12926483 -1.45367396  4.        
-0.004807    4.50237989  2.9836731   2.        
0.96421802 7.2268219  1.68545496 2.        
 0.18968999 -1.40599799  3.18942308  2.        
0.50220501 6.20330811 2.79043603 2.        
 3.23674011  8.21284485 -1.22311401  4.        
-11.35992432   7.58084106   7.8754878    3.        
12.1510849   8.89492798 -7.07064819  4.        
0.033997   6.12268114 2.45443702 2.        
 8.9210968   8.77610016 -4.84945679  4.        
-4.58822584  8.24145508  1.04653895  3.        
 1.34937298 -2.72889709  3.58975196  2.        
0.62760901 1.08710504 2.915344   2.        
14.88548279  8.32579803 -6.35226393  4.        
-3.31590295  9.18442535  5.54715014  3.        
5.46202803 8.92218781 0.821747   4.        
-11.73105621   8.35697937   5.00845289   3.        
-2.80893707  8.72676086  3.2688899   3.        
-13.29402161   6.75223494   3.84313989   3.        
 0.69594598 -2.07157111  3.27011108  2.        
14.07654572  8.77108002 -6.21725512  4.        
 8.20121002  7.94043016 -0.067444    4.        
0.96317297 5.44093323 2.45770311 2.        
-12.40948486   7.79450178   7.70730591   3.        
 1.66716003 -7.94208097  4.67712402  2.        
 0.55859399 -1.17606294  4.03253222  2.        
-12.82923889   7.51520491   7.95077515   3.        
-15.30577946   6.92120409   6.93847704   3.        
-0.498505    5.69039917  2.96252394  2.        
 1.82729304  7.92652082 -0.53714001  4.        
-0.91179699  7.36096191  3.01620507  3.        
-10.92964935   8.15837097   3.90493798   3.        
0.030968   1.18270099 2.35092211 2.        
 1.63834405 -6.19680786  4.63598585  2.        
1.58938599 7.49169207 1.76504505 4.        
-2.59432197  8.62451172  5.04312086  3.        
1.47603595 7.23226213 2.08972192 4.        
12.26944733  9.00753021 -5.26034498  4.        
-5.13441515  8.1037674   1.13882399  3.        
6.04575396 8.97856903 1.650635   4.        
-0.79914099  6.62206316  2.65826392  2.        
-1.38100004e-03  3.53523993e+00  2.87753296e+00  2.00000000e+00
-7.30120087  8.76855469  7.00402784  3.        
10.84391022  8.59727478 -3.90890503  4.        
-10.14878845   7.95298815   7.96801805   3.        
-9.27002716  8.61476898  1.75674403  3.        
11.87167358  8.74910736 -4.7998662   4.        
-14.31757355   7.46266222   7.49591112   3.        
 9.79485321  7.00233507 -0.832214    4.        
-6.16424608  8.88105774  7.14218092  3.        
0.47002399 1.64382195 3.02508497 2.        
10.69646454  8.94010162 -6.30367994  4.        
8.79759979 8.02095795 0.164612   4.        
13.84777832  7.75362396 -4.41519213  4.        
12.70776367  7.0003891  -3.23562598  4.        
 8.02254486  8.66239166 -4.51593018  4.        
1.15034497 6.40243483 1.76953101 2.        
-1.514557    7.98368788  3.412292    3.        
0.34426901 1.48019397 2.53475904 2.        
2.76073503 8.36559296 2.15850806 4.        
 7.23067522  8.60515594 -0.95211798  4.        
 1.27070606 -2.51911211  3.99383497  2.        
-4.23556519  9.19725037  4.15161085  3.        
7.6014328  8.42600155 0.57782    4.        
-15.54446411   6.594841     7.24117994   3.        
-4.76325989  9.25881195  5.11926317  3.        
 0.102737   -1.59946406  3.42730689  2.        
13.78524017  6.69304705 -3.74264503  4.        
0.30045301 3.6890111  2.56115699 2.        
 0.71253997 -1.63378894  3.88406396  2.        
 7.30729723  8.68770599 -2.00482202  4.        
 0.75372303 -4.467659    4.43524218  2.        
 5.2252202   8.41360474 -3.09271193  4.        
-7.87496185  9.34631443  1.20529199  3.        
-4.05975294  8.72110844  2.00009203  3.        
-1.21522498  6.4912262   2.39279199  3.        
0.43761399 5.85044098 2.3787539  2.        
 6.84577894  8.1397934  -4.97735596  4.        
 1.86245704 -5.74203491  4.49966383  2.        
 0.59505498 -3.43990302  3.99780297  2.        
15.93656921  7.33786011 -7.28778076  4.        
 7.11461592  8.61680603 -1.49777198  4.        
 8.37236786  8.7197504  -2.58492994  4.        
13.93630981  8.74003601 -7.20236206  4.        
0.237755   1.88694799 2.18029809 2.        
-3.11805701  8.72116089  5.39572096  3.        
 5.88999891  8.54128265 -3.23175001  4.        
 7.21291304  8.62874603 -0.34634399  4.        
 6.40313005  8.79686737 -2.752563    4.        
0.42175299 6.43366194 2.41680908 2.        
12.90971375  6.26329803 -3.19738793  4.        
 8.69710541  8.81671906 -4.32309008  4.        
-4.21077013  8.96461487  3.06570411  3.        
11.28061676  8.3381958  -3.70812988  4.        
 1.24686396 -6.46858978  5.11022902  2.        
 6.20855713  8.40475464 -4.20706177  4.        
 0.90911901 -3.72895002  4.55331421  2.        
-13.189888     7.78520203   7.64514208   3.        
0.150185   0.793648   3.52581811 2.        
-5.19015503  8.58865356  1.18069506  3.        
-13.2537384    7.8890152    5.71542406   3.        
-14.17583466   6.78422499   4.48495483   3.        
11.33882904  8.98769379 -6.25997877  4.        
12.76293945  9.00406742 -5.60086107  4.        
7.95311689 8.39596558 0.009796   4.        
-15.79530334   5.84100294   7.08846998   3.        
-0.60588098  6.0119319   2.48330688  2.        
-2.570961    8.06144714  1.72064197  3.        
-12.26533508   8.0555191    4.67007494   3.        
 8.5368576   8.05947876 -0.034241    4.        
-6.37922716  9.26709843  3.72702003  3.        
 5.69319916  8.72580719 -1.59402502  4.        
-14.18291473   7.41698503   5.54156494   3.        
 6.54356384  8.73733521 -3.27554297  4.        
-8.04917908  8.87809753  6.26483107  3.        
 0.84947997 -3.27024102  4.06509399  2.        
-0.82385302  6.79099989  1.99581897  2.        
 0.64055598 -0.284821    2.82723999  2.        
-5.35223389  9.19322968  6.48156691  3.        
15.52596283  7.72579193 -7.71102905  4.        
10.45129395  8.62522888 -6.8288269   4.        
0.62093401 1.31428504 3.19656396 2.        
-3.62806702  9.10067654  3.92425489  3.        
3.702209   8.79058075 2.58993506 4.        
-8.40563965  9.08197021  4.54568481  3.        
-8.01968384  9.27352142  2.94992089  3.        
 7.87334394  8.60270691 -1.97555494  4.        
15.80675507  7.62164307 -7.34762621  4.        
-0.352005    2.37197089  2.88348389  2.        
-11.15188599   8.65133667   5.75900316   3.        
-5.98815203  9.1842041   2.36273193  3.        
 6.06373596  8.64143372 -0.88748199  4.        
 1.59376502 -7.55346298  3.68130493  2.        
-6.85558319  9.27845764  4.7877202   3.        
-14.27810669   6.81455183   4.019104     3.        
-0.135361    1.08714294  2.82061791  2.        
-10.64247131   8.06454468   3.38836694   3.        
-10.33345032   8.40802765   3.67608595   3.        
-8.61157227  9.04933167  5.783813    3.        
-2.64013696  8.46632385  3.03234911  3.        
-3.93238091  8.95031738  3.50863695  3.        
4.42392683 8.91909027 1.41690099 4.        
-2.27182007  9.01183319  5.00192308  3.        
-13.43244934   7.89408922   7.31832886   3.        
4.02969408 8.55815125 0.111847   4.        
 0.39621001 -0.184944    3.56091309  2.        
 9.0025177   8.89526367 -4.23620605  4.        
15.13204956  6.74102783 -5.04553223  4.        
 1.304443    7.41951799 -0.39739999  4.        
 2.40081     8.08907318 -0.85961902  4.        
 9.92597961  8.23923492 -2.68972802  4.        
-12.43901062   8.14332581   7.08145094   3.        
 9.55560303  8.51677704 -6.20425415  4.        
 9.47846985  8.63991642 -5.86138916  4.        
-12.13314819   8.25011444   5.21081495   3.        
0.33088699 0.115463   2.70306396 2.        
-1.13455999  6.2302022   2.218292    3.        
-0.43346399  4.09503222  3.18923903  2.        
-3.22706604  8.23179626  1.37133801  3.        
-13.144104     8.10961056   6.90145922   3.        
 5.31653595  8.61241913 -2.56841993  4.        
1.83980596 7.95491791 0.161377   4.        
-9.67731476  8.64200592  6.44271803  3.        
0.045799   3.81079102 1.87869298 2.        
-5.65838623  9.04439545  6.98077393  3.        
12.3586731   8.49786377 -4.42242384  4.        
0.94106299 7.05203295 0.74883997 4.        
-0.24817701  4.19697618  2.84252906  2.        
-0.28384399  3.84772491  2.48678589  2.        
-9.30718231  8.12828064  7.65878296  3.        
 1.11243403 -7.99154282  3.88198805  2.        
12.98445892  9.06468201 -6.22726393  4.        
0.85216498 6.71051788 2.26788306 2.        
-0.22161099  6.4138031   2.75088501  2.        
 8.77940369  7.95305586 -0.42218     4.        
 0.1119     -0.65576202  3.83190894  2.        
4.56577301 8.69374847 0.39370701 4.        
-10.29594421   7.9416728    2.75945997   3.        
-4.75868988  9.0318222   2.77249193  3.        
-3.44082594  9.11343384  4.48266602  3.        
-1.80901301  7.33388519  2.60263109  3.        
-7.34311724  9.22425079  5.25463915  3.        
 3.11908007  7.82144213 -2.71365404  4.        
 5.38212585  8.42599487 -3.63442993  4.        
13.69373322  8.91043091 -6.7348938   4.        
12.85585022  7.47231293 -3.61105394  4.        
1.19299304 6.97923279 1.96899402 2.        
15.01605988  7.2299881  -4.85604906  4.        
 5.721313    8.25154877 -4.31930494  4.        
-16.05968475   5.93936205   6.75237989   3.        
 6.2797389   9.10418701 -1.280334    4.        
-1.86036694  7.84808397  2.36120605  3.        
-4.98849487  9.20044708  6.34518385  3.        
0.460136   2.30050707 2.48428297 2.        
-0.20895401  2.6837461   2.58654809  2.        
14.41679382  7.53623199 -4.47232103  4.        
 7.21534681  8.755867   -3.38647509  4.        
-5.36380005  9.21607971  4.13900805  3.        
-1.82663     8.14699459  2.88711596  3.        
-4.36746979  8.89767456  2.60858202  3.        
 8.40633392  8.45170593 -1.63540602  4.        
 0.70094299 -3.34826708  3.35336304  2.        
3.28164697 8.37064362 0.046875   4.        
 1.14895594 -5.79229021  4.03979492  2.        
-11.53372192   8.23268127   7.03851318   3.        
-7.11114502  9.40911102  2.38180494  3.        
 5.53180695  8.62194824 -0.937042    4.        
 9.36846924  7.83134508 -1.399261    4.        
-8.98346043  9.01084137  4.76864576  3.        
 6.30822802  8.23481846 -4.57400513  4.        
 0.289177   -0.007507    3.79550195  2.        
-3.58315301  9.22231293  5.4022522   3.        
 1.844414   -8.89920044  4.92776489  2.        
 9.95900726  8.57015991 -3.36737108  4.        
0.132164   4.25257111 2.22729492 2.        
 9.21479034  8.41031742 -2.44326806  4.        
-14.02820587   7.68029785   7.38916016   3.        
-9.94798279  8.86814117  5.69455004  3.        
 0.91813701 -2.037781    3.56143188  2.        
 1.64119005 -7.05750704  3.92428589  2.        
 1.13291895 -7.78895187  4.51159716  2.        
-9.98820496  8.05299377  7.72763109  3.        
-0.177193    5.71310377  2.46588111  2.        
-5.58801985  9.22566223  6.16876221  3.        
 1.25832403 -7.26967192  4.7842412   2.        
 1.32240295 -9.06033325  4.93399096  2.        
-0.46872699  6.89395094  2.40142798  2.        
11.82602692  8.66670227 -4.50738478  4.        
-3.56234002  7.9595108   1.06338501  3.        
-1.83409095  8.7638092   4.09487915  3.        
13.52680969  8.91708374 -5.98095703  4.        
-5.66721296  9.03540802  2.06112695  3.        
 1.411484   -8.15351868  3.79434204  2.        
-9.63668823  8.90988922  4.73880005  3.        
12.96782684  9.04063416 -6.85348511  4.        
 0.9515     -5.06269121  4.54562378  2.        
 5.44407701  8.71537018 -2.05245996  4.        
 0.56107301 -0.90174103  3.58969092  2.        
-4.31212616  8.49871826  1.52694702  3.        
 1.06610894 -8.40199661  4.41095018  2.        
 1.48364997 -3.57355499  4.0690608   2.        
10.63251495  8.98023224 -5.07339478  4.        
12.68173981  9.09947205 -6.17266893  4.        
10.44852448  8.39762115 -3.23178101  4.        
-0.004593   0.38472    3.8883059  2.       
11.80833435  6.27246904 -2.79428101  4.        
0.488823   4.26129103 2.40722704 2.        
10.38477325  8.99910736 -5.68038893  4.        
0.95800799 4.87748718 2.25506592 2.        
-10.4491806    7.92775679   7.93191481   3.        
-4.28478193  9.10809326  3.84725904  3.        
-7.30671692  9.32717133  1.20498705  3.        
5.24161482 8.80443573 1.42602503 4.        
-4.6470952   8.54834843  1.67996204  3.        
-6.28489685  9.14860535  6.29202318  3.        
12.36506653  6.36680603 -2.927917    4.        
 7.60820007  8.50849056 -0.015411    4.        
 8.93139553  8.34970856 -1.92922997  4.        
 0.87695301 -1.45454395  3.45815992  2.        
-11.67819977   8.46131897   5.55856323   3.        
 6.3951869   8.80872345 -2.44973707  4.        
-0.495354    4.28745985  2.25659204  2.        
-9.27919006  8.80076599  2.29498291  3.        
 0.372284   -1.86065698  3.90084791  2.        
 3.07073998  8.34094238 -0.52496302  4.        
-0.26341999  4.48317719  2.30905104  2.        
 3.53227997  8.38201904 -0.77459699  4.        
 1.76683795 -7.49580002  4.23538208  2.        
-6.78473711  9.08209991  1.33102405  3.        
-10.58126068   8.7884903    5.51898193   3.        
6.49875593 8.46343231 0.65164202 4.        
-9.90032196  8.84227657  4.45205688  3.        
-2.20388007  8.64414978  3.47937012  3.        
 9.29145813  8.80345058 -5.27661085  4.        
-4.62293196  8.8002243   2.13748193  3.        
-12.77073669   7.99868822   7.34137011   3.        
-1.39642298  7.46155596  2.85815406  3.        
0.83255798 6.71320295 1.40487695 2.        
-14.10868073   7.27164507   7.74157715   3.        
-6.91073608  9.30115509  3.68948388  3.        
 8.43915558  8.50876617 -1.94796801  4.        
-8.53565979  8.8772583   6.27819777  3.        
 4.99247694  8.58822632 -1.83941698  4.        
10.72764587  9.26221466 -4.59789991  4.        
 0.67832899 -4.48621416  3.7467649   2.        
1.46277595 7.47589111 1.19140601 4.        
-1.91398597  8.89880371  4.84835815  3.        
14.56271362  8.04663086 -5.38082886  4.        
4.09406281 8.63926697 2.17892504 4.        
8.55806732 8.23768616 0.65051299 4.        
0.15325899 0.32007599 3.31216407 2.        
-7.1675868   9.39492035  2.68249512  3.        
-6.55521393  9.28494263  4.67102098  3.        
0.007057   3.29453301 2.16220093 2.        
-0.47211501  5.23500109  2.82235694  2.        
-12.26607513   7.34511614   3.81353807   3.        
11.5971756   8.92125702 -5.08993483  4.        
 5.6467061   8.72444057 -0.219818    4.        
 5.2865448   8.70039368 -1.36209095  4.        
-9.09080505  8.79920959  6.34771681  3.        
 6.73625994  8.61302185 -0.76113898  4.        
-4.54458618  9.0690918   3.69644189  3.        
-0.41371199  3.66320801  2.22229004  2.        
 0.21566001 -0.423958    3.40618896  2.        
-8.11774445  9.1321106   4.66189623  3.        
 7.2649231   8.29653931 -4.71169996  4.        
 2.18384504  7.98904419 -1.05264294  4.        
 9.11682892  7.80270386 -0.86761498  4.        
6.69051409 8.88415527 0.67215002 4.        
 5.82256317  8.62467194 -1.06622303  4.        
-12.23947144   8.35394955   6.43844604   3.        
0.06395    6.71030378 2.26101708 2.        
 4.45600891  8.21285343 -3.04281592  4.        
 0.960724   -5.83377123  4.55581713  2.        
-8.91682434  9.0424118   5.74822998  3.        
 1.009323   -2.99838996  3.78323388  2.        
-6.77606201  9.0612793   6.13485718  3.        
-8.7354126   9.13292694  3.93765306  3.        
-9.04122162  9.0446167   5.47280884  3.        
0.42866501 0.26398501 2.43890405 2.        
-8.90937042  9.09729767  4.17971802  3.        
-6.46652985  8.83785343  0.98849499  3.        
13.08992004  8.37338257 -4.62481689  4.        
3.41134596 8.57710266 1.19699097 4.        
12.17330933  9.02205658 -6.49212694  4.        
0.30229899 6.37161303 2.9375     2.        
 1.59924304 -7.359478    4.72338915  2.        
2.96607995 8.45583344 1.52297997 4.        
0.26297    5.31400299 2.47076392 2.        
 1.77705395 -7.92452621  4.194489    2.        
0.55129999 4.79355621 1.72259498 2.        
-2.74214196  7.65658617  0.98757899  3.        
 0.90551001 -0.27971601  3.52621508  2.        
-9.55852509  8.37984467  2.13726807  3.        
-0.036804    3.007828    3.17193604  2.        
 0.84734303 -4.82067919  3.50412011  2.        
0.11322    1.08338904 3.4598999  2.        
1.67269897 7.82295179 0.66876203 4.        
-6.19152117  9.25914001  2.15628004  3.        
 0.86071002 -3.12739611  3.54632592  2.        
 9.77706909  7.39781189 -1.20044005  4.        
-8.92077637  8.55430603  7.04650879  3.        
 8.71546936  8.50619507 -2.06744409  4.        
10.51365662  6.85667419 -1.61859095  4.        
 0.54115301 -3.35683393  3.665833    2.        
 8.21632385  8.7898407  -2.82961988  4.        
13.92153931  7.30213881 -4.0378418   4.        
12.1913147   7.13716888 -3.07086205  4.        
-13.37154388   7.70654297   4.94671583   3.        
 1.58116901 -5.38527679  4.01010084  2.        
-1.76406097  8.68386841  4.39798021  3.        
-7.97241211  9.44797516  1.74292004  3.        
-11.35141754   8.51343536   6.24075317   3.        
0.63454401 0.19281    2.72006202 2.        
-6.81811523  8.94571686  6.7505188   3.        
 1.14616394 -5.84641314  3.71096802  2.        
-0.47791299  6.30895996  2.27533007  2.        
-8.22499847  9.09477997  5.6968689   3.        
-5.59971619  8.80744171  1.21029699  3.        
-14.4811554    7.54836988   6.98370409   3.        
 0.82325    -2.30994391  3.86721802  2.        
-0.18042     2.14913201  3.16143799  2.        
 2.24403405  7.93275404 -1.37002599  4.        
 0.97603601 -2.72999501  3.49383497  2.        
0.92149401 6.67827606 1.94326794 2.        
1.08305395 5.84627485 2.10238695 2.        
 1.10811603 -9.38113022  4.89169312  2.        
2.97273993 8.28012943 0.46084601 4.        
-3.32020593  8.92603302  5.69918823  3.        
 1.62222302 -6.82744598  4.38845778  2.        
0.54180902 2.86724091 2.66610694 2.        
-1.48334503  6.9023819   1.92205799  3.        
 1.96078503 -6.6182251   4.28604078  2.        
0.33304599 2.59833503 2.45327806 2.        
0.821365   5.89713287 1.49105799 2.        
 0.94038397 -0.15474699  3.02990699  2.        
-0.27372     3.42919898  3.05712891  2.        
11.44043732  6.46373701 -2.41928101  4.        
 0.57663    -3.88923597  3.652771    2.        
 1.13268304 -4.83297682  4.81054688  2.        
11.48246002  7.00278521 -2.57458496  4.        
 1.258636   -4.1759572   4.34252882  2.        
-11.86576843   7.99288893   7.4354248    3.        
14.81311035  6.74259901 -4.58669996  4.        
15.51023865  7.36003923 -7.71298218  4.        
 1.08072698 -4.33919477  4.58935499  2.        
11.69160461  7.95900679 -3.39813209  4.        
-13.73737335   7.46305799   7.84472704   3.        
14.92679596  7.74523878 -5.28329515  4.        
-0.701401    6.53371382  2.07293701  2.        
-3.09024096  9.10256958  4.29351807  3.        
-15.46635437   6.48555803   5.63137817   3.        
-1.65138996  8.24781036  4.11206102  3.        
-15.79076385   6.56722307   6.69091797   3.        
-0.437141    6.228302    2.82870507  2.        
4.97192383 8.84872437 0.74719203 4.        
-15.19766235   6.91734314   6.3400569    3.        
-14.17677307   7.5246892    6.0690918    3.        
-10.8060379    8.58723354   6.4041748    3.        
14.10637665  8.4960022  -5.84966993  4.        
-2.21707106  8.41004181  3.17495704  3.        
-10.34389496   8.69924927   4.67266893   3.        
 1.43871295 -4.36016893  3.63769507  2.        
13.35870361  7.24219513 -3.75222802  4.        
 1.35062397 -5.44563293  3.66070604  2.        
0.41038501 1.93356299 2.96194506 2.        
-5.72209215  9.26770782  5.20217896  3.        
-10.30212402   8.52737427   6.70300293   3.        
 1.86427295 -8.98148727  4.16455078  2.        
13.41761017  6.85070801 -3.53857398  4.        
0.461945   7.30465698 2.0214839  2.        
 1.69776905 -8.50786972  4.79925489  2.        
14.27828979  8.75444794 -6.80142212  4.        
-8.68266296  8.92342377  1.55715895  3.        
 1.70682502 -5.04989576  4.17867994  2.        
 7.63680983  8.8243103  -3.76199293  4.        
1.73241401 7.348701   2.36691308 4.        
-9.3793869   8.85715485  3.34368896  3.        
15.72262573  6.77872515 -7.37078905  4.        
-0.436005    5.27926588  2.21536207  2.        
-15.95586395   6.25519609   6.53121901   3.        
 9.90164948  8.42913055 -6.64199781  4.        
11.27545929  7.94221497 -3.14990211  4.        
14.97511292  8.02493286 -5.8127141   4.        
 9.34976959  7.51351881 -0.50146502  4.        
-5.10342407  9.32926941  5.74246216  3.        
10.13876343  6.80261183 -1.16393995  4.        
10.10690308  8.72315979 -3.63397193  4.        
 1.38394904 -7.39267302  3.83819604  2.        
 9.70623779  7.73960876 -1.69915795  4.        
 1.97560894 -6.30618286  4.37649488  2.        
-1.79976702  7.2959671   1.54482996  3.        
0.31613901 0.84452099 3.25756788 2.        
 1.04431903 -6.19777679  4.42269897  2.        
-0.93281603  6.99638414  2.33172607  3.        
-3.57498193  8.36769104  1.51333594  3.        
0.72139001 5.81871796 2.32147193 2.        
-8.5428772   9.13088989  5.16046095  3.        
-11.56704712   6.72042799   3.31372094   3.        
-5.20705414  9.12941742  3.45459008  3.        
-0.23525999  3.0655899   2.89331102  2.        
0.017677   2.71065497 3.21914697 2.        
10.23618317  7.31155396 -1.78616297  4.        
-7.40546417  9.31229401  3.2063601   3.        
 1.30730402 -7.37100983  4.19259596  2.        
-7.63783979  9.20601654  5.36804199  3.        
-14.45083618   6.69136095   4.6005249    3.        
10.98280334  9.02677917 -6.27343798  4.        
-12.76858521   8.23474121   6.6314702    3.        
0.67499501 4.16691589 2.799438   2.        
-5.55042315  8.49484253  1.21334803  3.        
-12.32521057   8.33003998   5.89697313   3.        
-12.87459564   8.18629456   6.08056593   3.        
7.34291792 8.94722843 1.12246704 4.        
 2.59153008 -9.01781464  4.51602221  2.        
10.89488983  6.3662262  -1.85113502  4.        
 0.85769701 -3.56436205  4.0965271   2.        
-9.26822662  8.61206818  6.72406006  3.        
15.75845337  7.5619812  -6.519104    4.        
-1.94777703  7.69171906  2.92776489  3.        
 0.35718501 -0.32544699  2.79077101  2.        
 0.42869601 -1.680511    2.7562561   2.        
-9.92243958  8.26246643  2.340698    3.        
-11.30462646   8.31861877   6.85080004   3.        
11.56324005  8.93147278 -6.7973938   4.        
 0.86810303 -1.84871697  2.95840406  2.        
-5.27200010e-03  6.99008179e+00  1.99212599e+00  2.00000000e+00
 1.30165899 -8.01648712  4.94039917  2.        
-6.64411211  9.19725037  5.26040697  3.        
10.12518311  8.87415314 -4.13293505  4.        
-12.07009888   7.52835894   3.95461988   3.        
 1.30270398 -5.28156281  4.65557909  2.        
15.96530914  7.36125183 -7.00280809  4.        
0.50441003 5.75905609 1.77163696 2.        
 3.55563307  8.41906738 -0.071869    4.        
12.46401978  9.01836395 -6.62579393  4.        
 0.98128498 -6.19895887  3.76651001  2.        
 8.66323853  8.07550144 -0.790649    4.        
-15.05342865   6.74575806   5.46029711   3.        
-3.16663408  8.72369385  3.28411889  3.        
 9.35695744  8.30282593 -6.46063185  4.        
-4.13354492  8.2022934   1.07409704  3.        
10.88514709  8.80239868 -6.78878784  4.        
 0.13736001 -0.43798801  3.02710009  2.        
-0.071297    5.25893402  2.66406202  2.        
0.45771801 1.08421302 2.6851809  2.        
 4.85015917  7.94222307 -4.04968309  4.        
13.98365021  8.85599518 -6.62356615  4.        
-9.98877716  8.51149845  6.80630493  3.        
-9.56964874  8.16684723  7.55252123  3.        
-13.7354126    7.90143585   6.98803711   3.        
-0.26859999  3.54691291  2.57659888  2.        
-8.73253632  9.09204102  2.62991309  3.        
0.130814   0.61024499 2.483917   2.        
 0.91414601 -3.86056495  3.49499512  2.        
4.73534393 9.0331192  1.85409498 4.        
-11.10282135   7.01652479   3.07266212   3.        
 1.64025903 -6.07462311  3.98657203  2.        
-13.75776672   7.68283081   7.55779982   3.        
12.81024933  8.82859039 -7.39685106  4.        
-3.86724091  8.42601013  1.49163795  3.        
 6.78529406  8.54681396 -3.771698    4.        
11.75662994  6.47385406 -2.51629591  4.        
-12.97815704   7.49446106   4.3222661    3.        
 2.67021894  8.13903809 -1.43435705  4.        
 1.03882599 -0.85023499  3.59942603  2.        
-7.88750505  9.23898315  5.18814087  3.        
-14.77185822   6.35706282   4.69384813   3.        
 5.16222382  8.19252014 -4.24258423  4.        
13.35553741  8.18093872 -4.63723803  4.        
-15.25295258   6.864151     5.96264601   3.        
-6.4549408   8.77241516  7.13165283  3.        
-8.3278656   8.57182312  7.12597704  3.        
11.15652466  7.36628008 -2.64846802  4.        
-4.42719984  7.73132277  0.84747303  3.        
-5.61260986  9.28448486  4.64679003  3.        
 1.29807305 -6.30834198  3.95172095  2.        
 8.85295868  7.6450038  -0.32907099  4.        
10.72200012  8.97146606 -5.68978882  4.        
5.7974472  9.15446472 1.56561303 4.        
0.43927801 0.31700099 2.8934629  2.        
 6.83498383  8.64674377 -1.51477098  4.        
13.69677734  6.42365313 -3.7064209   4.        
9.01324463 7.71841383 0.168823   4.        
 7.24224806  8.5533371  -4.11395311  4.        
0.99675    5.71044207 2.38342309 2.        
12.38991547  7.90622711 -3.68902612  4.        
 8.52791595  7.76643419 -0.31503299  4.        
-0.81754303  6.27502394  2.10177588  2.        
-1.40010095  7.76218414  3.11416602  3.        
-0.038925    3.751266    3.05322289  2.        
 0.68886602 -0.67604798  2.77294898  2.        
 5.79855299  8.33236694 -4.06161499  4.        
13.36672974  8.91207123 -7.14321899  4.        
12.05175018  9.13751221 -6.20758104  4.        
-10.80177307   7.59883118   3.01705909   3.        
0.91840398 7.52599287 1.54043603 2.        
-0.32811001  4.94918108  1.82110596  2.        
 4.68972778  8.58521271 -0.70880097  4.        
0.148453   3.95377398 2.29855394 2.        
-2.89066291  8.92583466  3.7306211   3.        
 6.29087782  8.64167023 -0.56198102  4.        
1.21075404 7.16511488 1.55471802 4.        
-2.86194611  8.37519073  2.07736206  3.        
 8.81741333  8.8653183  -3.37844896  4.        
 8.71637726  7.63343811 -0.602539    4.        
 3.23454309  8.15371704 -1.93493605  4.        
1.53026605 6.82843018 1.52752697 4.        
5.56988478 8.88698578 1.36691296 4.        
-3.8819499   8.82391357  2.35269189  3.        
11.24846554  9.00958347 -5.64025879  4.        
 7.72488403  8.86521053 -2.61013794  4.        
 4.31742907  7.96431017 -3.59808302  4.        
-4.47729492  9.01269531  6.34402514  3.        
-10.62366486   7.57375288   2.58944702   3.        
2.17680407 7.95330095 0.94259602 4.        
 6.93100691  8.73231506 -3.26098609  4.        
 8.23053741  8.27096558 -0.41751099  4.        
-15.71929169   6.02767897   5.7904048    3.        
11.89537811  8.33987427 -3.97888207  4.        
 6.02011919  8.16862488 -4.7338872   4.        
0.61983502 0.072243   3.20001197 2.        
-0.221466    2.51567793  3.309021    2.        
 0.65739399 -4.15854597  3.63726807  2.        
2.64333296 8.17049408 1.02435303 4.        
 3.59338403  8.2159729  -1.80731201  4.        
-0.54987299  2.23371911  2.65838599  2.        
-4.03045607  9.07848358  6.18606615  3.        
-14.95153046   7.28193712   6.7591548    3.        
15.6669693   7.37741089 -7.33908081  4.        
-8.70963287  8.69867706  6.73510695  3.        
14.36957645  7.89641619 -4.91793823  4.        
 0.747284   -4.10029602  4.43566895  2.        
-13.35858154   7.78773499   5.21093798   3.        
0.43705001 1.78352404 3.26156592 2.        
 0.49498001 -0.27559701  2.37979102  2.        
-13.36146545   8.25222778   6.71984911   3.        
