 3.656914   -2.45204902  4.96142578  2.        
-18.92176056   4.98765612   4.75888109   4.        
17.45065308  9.79210663 -6.04833984  3.        
-4.66584015 10.20433044  0.36404401  4.        
 8.13121796 13.26561737  2.79193091  3.        
  6.11209917 -13.66152954   5.89880419   2.        
-11.3302536    9.6434021    6.48315382   4.        
 9.46865082 12.75043488 -5.50274706  3.        
1.81037104 5.53629303 3.13311791 2.        
-13.76467896   7.34356689  -0.121429     4.        
 2.28959703 11.48436737 -1.11569202  3.        
14.91256714 12.52671146  0.115692    3.        
 5.2773509  -7.90906477  6.11105299  2.        
-5.64746094 10.43156433  5.94494581  4.        
-9.63534546  9.85786438  1.62594604  4.        
 3.68218207 11.53310394  3.48037696  3.        
-15.52761078   8.30914307   4.35199022   4.        
 6.68089294 13.14235687 -1.77163696  3.        
13.95153046 12.38864136 -4.58752394  3.        
-1.29763806  8.94891357  3.14059496  4.        
1.94495404 1.14373004 3.20016503 2.        
11.03006744 13.23069    -1.54351795  3.        
17.70905113  9.94507599 -1.82312     3.        
-16.87898445   5.20851088   1.39703405   4.        
18.83689117  6.62150621 -4.37765503  3.        
1.658867   9.21279144 1.48074305 3.        
-12.83730316   9.16287994   2.56698608   4.        
11.87185669 13.18877411  1.66741896  3.        
 3.60140204 -5.66075087  4.39907789  2.        
-8.62179565 10.42449188  4.66757202  4.        
 5.52867079 12.52693176  1.10461402  3.        
  4.92668915 -10.88995361   5.02383423   2.        
-7.58092499 10.23673153 -0.650635    4.        
-3.88706994 10.43243408  3.44186401  4.        
-11.27891541   8.88892365  -0.73245198   4.        
-6.71622515 10.40961456  2.43753004  4.        
-17.20388794   6.84067488   6.13711596   4.        
15.91213226 11.99337769 -2.44442797  3.        
14.92262268 10.7928772  -6.6681819   3.        
 4.15550184 12.66362    -2.74304199  3.        
 8.96862793 13.19013977  0.234863    3.        
-13.74654388   8.53910065   6.45416307   4.        
 7.07788897 13.04169464 -4.43447924  3.        
-18.35966492   3.19724989   2.97689795   4.        
-15.6105957    7.41164398   1.85025001   4.        
6.51599979e-03 7.09920502e+00 1.93783605e+00 2.00000000e+00
13.54398346 13.03432465 -1.98001099  3.        
-17.33595276   6.58628893   3.53698707   4.        
11.87026978 12.18769836 -6.06106615  3.        
18.81842041  9.05725861 -3.87344408  3.        
-10.91706753   9.92415619   3.9412539    4.        
 9.11604309 13.25390625 -3.0965879   3.        
 3.24907708 11.03356934  1.06634498  3.        
-2.75548506  8.99663544  1.17904699  4.        
11.64230347 13.0879364  -3.89376807  3.        
16.15856171 11.1439209  -4.63870192  3.        
1.57852197 3.34123993 3.83560205 2.        
 3.60558295 -0.30408499  4.10565186  2.        
 5.95667315 12.91307831  3.33786011  3.        
 1.89082301 -2.25478411  3.70758104  2.        
-18.47748566   2.9184339    5.09530592   4.        
 4.29206085 12.24958801 -0.60064697  3.        
-12.97096252   9.4131546    4.65982103   4.        
18.1800766   7.74190521 -6.02874804  3.        
12.72238159 13.38994598 -0.16540501  3.        
-9.00730133 10.19291687  6.63424683  4.        
-9.56934357 10.00041199 -0.49294999  4.        
 9.94228363 13.28720093  1.97406006  3.        
-15.34387207   6.06961823   0.45794699   4.        
 4.63699293 -4.04750776  4.44796705  2.        
-12.57013702   8.8192749    0.71102899   4.        
-6.62217712 10.68251801  4.33132887  4.        
-15.45394897   7.57673597   6.20864916   4.        
 2.2172699  10.52197266  2.83947802  3.        
1.71523297 7.51577806 2.60452294 2.        
 7.02993011 12.96649933  0.069916    3.        
16.33344269 11.36927032 -0.74691802  3.        
-18.32711029   5.05118608   2.94735694   4.        
 4.87547302 -7.23057604  4.43652296  2.        
-3.92329407 10.37046814  5.28421021  4.        
17.50948334 10.45581818 -3.56634498  3.        
-7.40105391 10.78311157  6.08194017  4.        
-14.35129547   8.24185181   2.83834791   4.        
-7.92825317 10.40167236  1.14919996  4.        
 5.51454878 -9.63434601  6.37206984  2.        
10.90310669 13.42235565  0.19625901  3.        
 1.82927704 10.45378876  0.227051    3.        
 8.55362701 13.1051712  -1.45144701  3.        
  6.19680023 -11.96118927   5.55358887   2.        
-11.34103394   9.57031155   1.70962501   4.        
-8.53959656 10.27294159  2.94461107  4.        
13.66995239 11.92537689 -6.29892015  3.        
-4.96797895 10.44799042  2.04028296  4.        
 5.90956879 12.63320923 -3.20239305  3.        
-6.3034358  10.52571106  0.59747303  4.        
-2.48300195  9.84113312  4.13830614  4.        
 5.12619019 -8.9573822   4.81622314  2.        
 4.97792006 -6.17005205  5.721313    2.        
-10.26383209  10.38500977   5.45574903   4.        
 3.60002089 -4.56183577  5.62976122  2.        
 4.16549683 12.091362    1.90481603  3.        
 6.94515991 13.19820404  1.68463099  3.        
0.39113599 6.27121019 3.37087989 2.        
2.88794708 2.4498291  3.55114698 2.        
-17.89812469   5.41805983   5.91677904   4.        
1.833794   4.13694    2.40069604 2.        
-14.06999207   7.8529129    1.33728004   4.        
-2.5952301   9.83300018  2.4941411   4.        
14.50859833 12.22067261 -3.07302904  3.        
-16.85924339   7.49893188   4.69833422   4.        
-15.81195831   7.13592482   3.39242506   4.        
  5.01911879 -12.69721222   6.38723803   2.        
-0.81731403  8.3781662   1.79019201  2.        
 3.42870307 -1.74266803  3.64480591  2.        
2.37136793 0.52461201 4.51275587 2.        
-5.11483002 10.5668869   4.32208204  4.        
13.0725174  12.69129944 -3.37002611  3.        
14.93005371 12.75001526 -1.47045898  3.        
-14.26559353   8.72446442   5.04644823   4.        
 5.71338701 12.69965363 -0.63214099  3.        
 7.50276995 13.11798096 -3.01419091  3.        
10.16526794 13.12699127 -4.13299608  3.        
14.98529053 11.76234436 -5.43597412  3.        
 3.04380012 -3.30275011  3.92901611  2.        
-16.58150482   6.35911608   2.29864502   4.        
16.31023407 10.69109344 -6.09991503  3.        
18.38247681  8.94982243 -5.26046705  3.        
-3.66201806 10.08599091  1.45959496  4.        
-17.64985657   4.11192322   2.09594703   4.        
 8.56539917 13.07231903 -4.43588305  3.        
19.0297699   7.79673815 -3.22299194  3.        
-17.94678497   6.44944811   4.82406616   4.        
  5.22322083 -11.01515961   6.55447388   2.        
-10.68270111   9.6350708    0.318207     4.        
-0.355194    7.90036011  3.05398607  2.        
1.33780706 6.28990889 2.01965308 2.        
16.9750824  11.11643219 -2.15237403  3.        
13.86010742 13.1728363   0.775177    3.        
12.57190704 12.72934723 -4.98281908  3.        
 3.4868319  11.93154907 -1.77734399  3.        
19.11979675  7.94126081 -4.67031908  3.        
-9.85186768  9.85562897  3.04116797  4.        
-12.74728394   9.42299557   6.11453295   4.        
12.09706879 13.00667572 -2.45388794  3.        
 2.93557692 -1.28555298  4.84399414  2.        
0.67291999 8.29921722 1.98745704 2.        
-19.08938599   3.76857805   3.9872129    4.        
 5.20472002 12.89363098 -1.89218104  3.        
-11.70148468   9.88378143   5.05810499   4.        
 4.65870714 12.53609467  3.14804101  3.        
11.02456665 12.76365662 -5.15850782  3.        
 9.80761719 13.25428009 -0.93576002  3.        
-12.60995483   8.0581131   -0.41494799   4.        
 2.35617805 -0.910721    3.67446899  2.        
 8.35173035 13.3477478   1.45690894  3.        
-3.71528602  9.27718258  0.28311199  4.        
18.49397278  9.13347626 -2.52468896  3.        
10.64920807 13.24011993 -2.8125      3.        
17.24082947 10.34210968 -4.86319017  3.        
 3.18787408 11.64407253 -0.103516    3.        
1.52792394 9.1072998  2.78720093 2.        
  4.90605211 -12.22283173   5.17041016   2.        
13.93286133 13.20892334 -0.62582397  3.        
-18.39675903   4.11660814   5.59628296   4.        
 3.05843401 11.39247131  2.30099511  3.        
-12.05775547   9.36873627   3.69638109   4.        
0.80031598 4.81174517 2.78247094 2.        
 2.04847693 10.49652863  1.49856603  3.        
3.23728204 1.22490704 3.75167894 2.        
15.53088379 11.76908112 -3.69747901  3.        
-13.51301575   8.8548584    3.60671997   4.        
 4.26352692 11.94521332  0.62933302  3.        
-5.64976501 10.12784576 -0.400024    4.        
 3.28855896 -4.45483398  4.3526001   2.        
1.92899299 2.00810194 4.20828295 2.        
 4.74699402 -5.32426405  4.74661303  2.        
-1.71208203  9.28088379  1.77462804  4.        
-14.81506348   7.27619886   0.51873797   4.        
-5.74488783 10.48451233  3.17422509  4.        
-9.79010773 10.33093262  4.32452393  4.        
 3.9096911  -6.65892792  5.01989698  2.        
16.54245758 11.20006561 -3.3404541   3.        
-8.54608917 10.26803589  0.081879    4.        
-18.13833618   5.5448842    4.04196215   4.        
-16.21180725   6.44587708   1.17367601   4.        
 6.77121687 13.67346954  2.75735497  3.        
12.35542297 13.15194702 -1.30544996  3.        
-7.64853716 10.52857971  3.76174903  4.        
 4.44573212 -8.00999355  5.27456713  2.        
 5.86663103 12.98215485  2.15988207  3.        
-11.07909393   9.46572876   2.87448096   4.        
2.23750305 3.13768005 2.85324097 2.        
1.51505303 2.20245409 3.11355591 2.        
17.69981384  8.72247314 -6.36419678  3.        
-13.15943146   8.54889679   1.66418505   4.        
-17.53303528   5.57448578   2.32290697   4.        
18.31543732  6.80278778 -5.36999512  3.        
 3.85952806 -3.54827905  5.18862915  2.        
-15.38700104   8.44373322   5.48034716   4.        
18.0771637   9.72512817 -4.41610718  3.        
 9.96019745 13.40979004  0.85568202  3.        
-8.48638916 10.75919342  5.73098803  4.        
 9.74429321 13.24845123 -2.05627394  3.        
1.34824395 4.4563899  3.69277906 2.        
 7.55214691 12.8846283  -0.91378802  3.        
 4.10411119 -2.97571611  3.9997561   2.        
 4.83535814 -9.89844513  5.51782179  2.        
15.66242981 12.26942444 -0.78948998  3.        
-10.27059937  10.00344086   6.49731398   4.        
 4.02602386 -5.59151506  5.54257202  2.        
-16.5032959    7.71916199   5.72250414   4.        
2.44917297 0.17306501 3.47366309 2.        
  4.74845886 -13.40618896   5.59762621   2.        
12.67170715 13.23644257  0.91674799  3.        
 4.73351288 -8.87431335  5.88113403  2.        
-6.54502106 10.76373291  5.41012621  4.        
16.44805908  9.67582703 -6.45223999  3.        
-7.58630419 10.60797882  4.91265917  4.        
-11.69441223   9.21037292   0.22174101   4.        
-13.46279907   8.2586441    0.49835199   4.        
 6.05844116 -9.05157471  5.33795214  2.        
  5.72878981 -10.47354889   5.74047899   2.        
1.48783898 6.55496216 3.07934594 2.        
-5.95593977 10.46495056  1.64309704  4.        
-9.63298798  9.81775665  0.54501301  4.        
0.60849798 7.189888   2.79785204 2.        
10.92716217 13.47431183  1.26797497  3.        
 5.06841993 -6.20132494  4.26944017  2.        
-14.48887634   8.48706818   4.05105591   4.        
 5.10297394 12.33155823  0.13177501  3.        
1.22797406 3.41725206 2.856323   2.        
-3.60118103 10.11766815  2.49294996  4.        
 5.31922197 -7.1831131   5.37545776  2.        
-3.37227607 10.44274139  4.33889818  4.        
-15.36402893   7.99467516   3.03237891   4.        
2.45819092 4.09746599 3.22119093 2.        
-7.73148394 10.37546539  2.16024804  4.        
-8.74897003 10.28179169  1.93109095  4.        
-4.83249712 10.83052063  5.42498779  4.        
 3.99749804 -1.52139997  4.46966505  2.        
-12.22840881   9.02770233   1.75308204   4.        
  5.67182922 -12.88782501   5.29949903   2.        
18.10057068 10.0278244  -2.85067797  3.        
-13.31350708   8.75020599   5.41668701   4.        
11.57629395 13.41983795 -0.56787097  3.        
1.04990399 8.20918274 2.93258691 2.        
 7.6700902  13.13796997 -1.982849    3.        
-1.92288196  9.75808716  3.23983788  4.        
 4.29013109 12.59972382 -1.59432995  3.        
 9.06465912 13.41871643  2.44665504  3.        
-14.72274017   8.30157471   6.22122192   4.        
1.59378803 9.95025635 2.20556593 3.        
 6.65775299 13.2275238  -3.5445559   3.        
-6.93169403 10.41018677  1.445099    4.        
-2.89865899 10.26563263  3.3369751   4.        
 2.45720696 11.18845367  0.45678699  3.        
-18.43821526   4.62027693   3.84729004   4.        
 7.96864319 13.03226471  0.599365    3.        
0.402931   6.21085405 2.334656   2.        
12.83499908 12.35787201 -5.93344116  3.        
-10.46839142   9.87728119   2.2210691    4.        
 6.08386993 12.54852295  0.291962    3.        
-7.25452423 10.49421692  0.362854    4.        
 2.73793793 -2.12707496  4.21908617  2.        
1.52143896 5.20521593 2.25372291 2.        
10.40406799 12.66049957 -5.90084791  3.        
14.75000763 11.94281769 -4.28912306  3.        
-6.77945709 10.35409546  3.38781691  4.        
1.22208405 7.49491882 1.79104602 2.        
 5.10919905 12.99202728 -2.83468604  3.        
-6.57423401 10.3425293  -0.45913699  4.        
  5.34503222 -11.87756348   5.96795607   2.        
11.75122833 13.45789337  0.624268    3.        
-18.56613159   4.13157701   2.97167993   4.        
-4.80246687 10.35823822  3.20913696  4.        
2.76635695 1.59716797 3.02032495 2.        
16.89407349 10.802742   -1.25570703  3.        
-18.11180878   5.5341258    4.99127197   4.        
-14.70223999   7.859375     2.03698707   4.        
 8.27176666 13.19980621 -3.55065894  3.        
 4.41908979 -7.11211395  5.66754103  2.        
-10.44210052   9.4858017   -0.57611102   4.        
 5.97155809 13.10920715 -2.39727807  3.        
16.27027893 11.75404358 -1.61196899  3.        
 5.01291704 12.48950958  1.89279199  3.        
-9.00994873 10.40455627  3.81332397  4.        
15.49794006 11.11315155 -5.87298584  3.        
-10.52033997   9.79724121   1.29089403   4.        
1.42278302 9.96772766 0.98251301 3.        
 2.35397291 10.76826477 -0.518372    3.        
 2.64543891 -0.47888201  4.4750371   2.        
-13.69860077   8.74044037   2.39764404   4.        
15.69319916 10.27567291 -6.7095952   3.        
 8.51062775 13.2572403  -2.39227295  3.        
-17.58852386   5.67762804   3.30609107   4.        
-6.54444122 10.53906345  6.33123779  4.        
-18.70168304   2.9407649    3.79705811   4.        
 8.32045746 13.10810089 -0.44992101  3.        
 2.93344903 10.99117279  3.17587304  3.        
-16.62997437   7.049438     2.98486304   4.        
 6.57301283 12.89920807 -0.88479602  3.        
-16.31853485   6.99584198   6.32012892   4.        
13.71365356 12.31324005 -5.47015381  3.        
15.07215118 12.33325195 -2.32382202  3.        
16.82006836 10.69898224 -4.13522291  3.        
-1.51682305  8.53656769  2.35525489  4.        
 5.69899702 -8.207901    5.35845995  2.        
-16.19772339   7.79767609   4.00198412   4.        
-9.35635376 10.507164    5.63281202  4.        
1.56359899 8.35147095 2.1625669  2.        
-2.38502502  8.85031891  2.203583    4.        
-5.23487806 10.37301636  1.04901099  4.        
-17.85675812   6.32600403   5.7814641    4.        
-10.87252808  10.1633606    4.81088305   4.        
-5.64569092 10.70905304  5.03305006  4.        
-18.76463318   3.77942705   4.8225708    4.        
-15.37597656   6.79659319   1.24298096   4.        
-16.02479553   7.80478716   4.97238207   4.        
 4.14543915 -4.80967712  4.3343811   2.        
 3.17783403 11.98417664 -0.94293201  3.        
-11.06934357  10.08322144   5.6845088    4.        
-17.09777832   6.81804705   5.25405884   4.        
14.49291229 11.61135101 -6.21948195  3.        
-0.73444402  7.56602478  2.32910204  2.        
-16.19763947   5.60208082   0.91143799   4.        
 9.43315887 13.00388336 -4.61083984  3.        
  5.58496094 -11.47086334   5.1496892    2.        
 3.85101295 12.02157593  2.7719121   3.        
13.21357727 12.70759583 -4.23791504  3.        
-11.96990967   9.26063538   2.63357496   4.        
 6.37290907 12.7518158   1.10287499  3.        
-17.15421295   6.66480303   4.3873601    4.        
 9.24671173 13.45166016  1.35711706  3.        
0.915672   5.59641314 3.54464698 2.        
13.65580654 12.59971619 -2.72720289  3.        
 3.37094903 -0.83440399  3.45678711  2.        
 9.92284393 13.34551239 -0.078705    3.        
16.67442322 10.82015228 -5.31616211  3.        
-2.871521    9.78444672  1.65359497  4.        
-4.25573683 10.53546906  4.36093092  4.        
14.35772705 12.7958374  -2.12106299  3.        
13.92307281 12.34439087 -3.72955298  3.        
-8.88100433 10.23266602  0.872253    4.        
-12.03466034   8.99944305   6.33743286   4.        
 4.99876404 12.5920639  -1.11209095  3.        
-11.97375488   9.76388645   5.93179321   4.        
-18.52108765   4.97451019   5.53253222   4.        
-8.1199646  10.40174103  6.41598511  4.        
19.23348999  7.32024384 -4.08810377  3.        
10.61730194 13.36968994 -0.69796801  3.        
  5.39357805 -13.53126907   6.33651686   2.        
-8.75089264  9.99681759 -0.72470099  4.        
18.70593262  8.03557587 -5.40512085  3.        
11.49165344 13.05864716 -3.03930712  3.        
17.8445282   9.74360657 -5.30450392  3.        
10.74704742 13.20451355  2.20959496  3.        
17.47929382 10.65926361 -2.64807105  3.        
13.19125366 13.20401764 -1.21951306  3.        
2.35401893 1.28899395 3.921417   2.        
14.73986053 12.93141174 -0.600739    3.        
-13.77249908   9.12057495   4.35971117   4.        
15.49690247 11.64311981 -4.77136183  3.        
-12.05989075   8.76078796  -0.38357499   4.        
 3.5736239  11.72546387  1.43804896  3.        
10.20417023 12.88835144 -5.04247999  3.        
-0.327896    8.48719788  2.46163893  2.        
 5.9316411  12.97274017 -1.41268897  3.        
2.02902198 2.65996599 3.66973901 2.        
 3.74066901 -3.69050598  4.22662306  2.        
1.89444005 4.71523285 3.02536011 2.        
 9.92379761 13.27117157 -3.28344703  3.        
18.98753357  7.26769304 -5.13494921  3.        
 2.65831804 11.04940796  1.64740002  3.        
-12.42192841   9.3830719    5.27737379   4.        
18.80023193  8.58221436 -3.10501099  3.        
 7.69460297 13.35022736  1.99865699  3.        
11.79062653 12.92603302 -4.69015503  3.        
-14.03871918   8.97044373   5.81307983   4.        
18.30188751  9.83483887 -3.62890601  3.        
-4.43224287 10.32781219  1.28717005  4.        
-16.57045746   7.07384491   3.87979102   4.        
-14.84993744   8.19664001   4.8088069    4.        
-11.26411438   9.32102203   0.912018     4.        
12.31175995 12.98801422 -3.31561303  3.        
  5.78352404 -12.67344666   6.08126783   2.        
3.13387299 0.33189401 3.91662598 2.        
-9.42985535 10.10507965  2.37033105  4.        
2.32492089 2.33238196 2.97994995 2.        
 5.33585405 12.94577026  2.82195997  3.        
19.14832306  8.32395935 -3.9307251   3.        
-4.91445923  9.80059147 -0.357941    4.        
-12.11777496   9.47226715   4.50482178   4.        
12.42368317 12.82931519 -4.13821411  3.        
 2.75805712 10.40248108  0.97116101  3.        
 5.1463089  -7.97975922  4.81939697  2.        
-14.73138428   7.39624023   1.31372094   4.        
-17.09580231   6.14427185   2.87683105   4.        
2.243469   9.61527157 1.85430896 3.        
-12.8653183    9.32305241   3.55432105   4.        
 4.11842299 -2.07364702  3.87979102  2.        
 3.5129931  11.6572876   0.64352399  3.        
-15.88511658   7.1621089    2.59912109   4.        
-3.99920702  9.912323    0.68853801  4.        
 2.99157691 -2.02383399  5.1385498   2.        
10.85047913 13.10238647 -3.57040405  3.        
 7.1052928  12.99996185  0.86019897  3.        
 4.26859999 -6.00390577  4.66049194  2.        
15.65501404 12.25079346 -1.68798804  3.        
-16.82711029   5.97158003   1.60916102   4.        
-7.58338213 10.20774841  2.92114305  4.        
 6.73861694 13.21685791 -2.75598097  3.        
0.86890399 5.5966568  2.70874    2.        
-14.11597443   7.813591     0.46188399   4.        
-0.20598599  7.09448195  2.69860792  2.        
1.05715895 9.072258   1.97232103 2.        
-17.71055603   4.81520081   2.51574707   4.        
 4.70310211 12.28104401  1.19039905  3.        
 9.16551971 13.17836761 -3.89288306  3.        
18.81401825  8.71083832 -4.5783391   3.        
 9.06239319 13.26260376 -0.65560901  3.        
 5.14466906 -8.73169708  6.53341722  2.        
 8.76869965 12.88231659 -5.16876221  3.        
-5.9573822  10.49237823  3.96777296  4.        
-4.41075087 10.23588562  2.5440979   4.        
-3.25511193  9.51650238  0.88058501  4.        
-15.33109283   7.69070387   3.75015306   4.        
11.13693237 12.3990097  -5.90505981  3.        
-12.98563385   8.66513062   6.35501099   4.        
  5.06921387 -11.06767273   5.79544115   2.        
 3.86315894 -5.02063799  5.04278612  2.        
 5.02087402 -6.57938385  4.9437561   2.        
 3.36444092 -2.51985192  3.99282789  2.        
14.28278446 12.99272156  0.15411399  3.        
 5.58252716 -9.72264862  5.44915819  2.        
14.0661087  13.01184845 -1.358307    3.        
-7.00037384 10.17241669  5.8346858   4.        
 3.35999298 -3.11769891  4.72262621  2.        
 3.83561707 -4.25783491  4.84725904  2.        
-1.85504901  9.48596859  2.49511695  4.        
 6.01312304 13.05716705 -3.91430712  3.        
 4.38162184 -3.16156793  4.68179321  2.        
-5.61473083 10.3990097   2.43252611  4.        
 3.4283371  -1.09485602  4.16534424  2.        
  5.13925886 -10.29881287   6.32653809   2.        
1.84272802 0.55116999 3.72070289 2.        
17.97276306  9.24692535 -5.89471388  3.        
-18.9753952    3.12944794   4.47470093   4.        
11.29802704 13.1258316  -2.24011207  3.        
12.88239288 13.00170898 -2.33917189  3.        
-17.85975647   6.3141942    4.08856201   4.        
2.65939307 0.86177099 3.14077806 2.        
13.59831238 13.31904602  0.038025    3.        
-5.44377899 10.45761871  0.24292     4.        
16.46386719 11.51380157 -2.61483788  3.        
-14.81028748   6.55454302   0.250092     4.        
14.38243103 11.99832916 -5.05835009  3.        
16.95146179 10.24352264 -5.7224431   3.        
15.38271332 11.97940826 -2.9719851   3.        
 5.48596191 -8.85554504  5.77520704  2.        
 7.44316101 13.23249817 -3.74862695  3.        
 4.21131897 -6.40051985  5.72930908  2.        
  5.01426697 -10.21222687   4.7311101    2.        
10.97638702 13.02671146 -4.46542406  3.        
17.0460434   9.24295807 -6.40011597  3.        
-17.38592529   4.89652205   1.85693395   4.        
 2.73967695 -2.67478895  3.63140893  2.        
-10.54239655   9.93276978   3.30578589   4.        
18.29161835  8.46017456 -5.90789795  3.        
 7.42363691 13.12580872  2.64923096  3.        
-15.59488678   6.75944519   0.453491     4.        
 4.30027819 -7.37094879  4.9498601   2.        
-11.97785854   9.18997955   1.00228906   4.        
1.299667   6.94515181 2.34109497 2.        
 4.82874298 -4.46969604  5.01257277  2.        
-4.26120806  9.69257259  0.03598     4.        
 3.8392179  11.96302795 -0.029358    3.        
 7.80441284 13.05488586 -4.4911499   3.        
11.88467407 12.68571472 -5.52966309  3.        
-12.89011383   8.49423218   0.117645     4.        
-16.16711426   6.83748579   1.78213501   4.        
2.59072089 3.382828   3.436584   2.        
 2.82647705 11.49499512 -1.60034204  3.        
2.78431702 1.85361505 4.05996704 2.        
1.12444305 4.12823486 3.08987498 2.        
-0.99202698  9.01660156  2.478302    4.        
-14.16114807   8.31642246   1.90515101   4.        
-14.7928772    8.38867188   3.38772607   4.        
14.00675201 11.28327179 -6.63690186  3.        
10.23525238 13.26763153 -1.514557    3.        
 2.78073096 -1.39960504  4.14596605  2.        
-18.98416901   4.37819719   4.38998413   4.        
16.12384796 11.20088196 -3.92785597  3.        
 6.62159014 13.0687027   3.13586402  3.        
 2.58881402 11.43637753 -0.444031    3.        
 9.32501221 13.10590363 -1.435516    3.        
17.30317688 10.5820694  -1.79165602  3.        
16.01480103 11.07508945 -5.36880493  3.        
  5.10186815 -12.71644592   5.68399096   2.        
 4.61515808 12.03952026  2.64605689  3.        
 3.3292079  -1.85839796  4.49529982  2.        
 3.8517909  12.42769623 -2.15133691  3.        
1.29366302 5.01790619 3.24264503 2.        
-9.05472565  9.61714172 -0.202576    4.        
 5.38237    13.02892303 -3.48260498  3.        
-9.35855865 10.30449677  4.8780818   4.        
-9.94036865 10.49457645  6.0692749   4.        
-9.26113129 10.21707916  3.15576196  4.        
-11.50357056   9.59606171   4.18978882   4.        
 4.38398695 -8.81980133  5.27578688  2.        
18.233284    6.51234388 -4.71340895  3.        
-8.30005741 10.30199432  3.653229    4.        
 2.97139001 -0.32811701  3.721771    2.        
-18.88148499   3.51929498   3.30807495   4.        
 4.33519697 12.05983734  3.54043603  3.        
18.62001801  9.24386597 -3.22256494  3.        
 7.71373701 13.00647736 -0.125305    3.        
-8.04373932  9.8259964  -0.107513    4.        
-10.03496647   9.72618866  -0.014618     4.        
 2.49990106 10.98658752  2.3808589   3.        
 5.29086304 12.62446594  3.43627906  3.        
-18.04857635   3.77465796   2.553406     4.        
17.51931763 10.14230347 -4.25982714  3.        
 1.99929094 10.74523163  0.83129901  3.        
-0.95589399  8.18552399  2.55789208  2.        
-14.18430328   8.71823883   3.474365     4.        
-18.89878845   4.40666199   5.21865797   4.        
-19.01541901   4.34448195   3.58660889   4.        
12.9223938  11.92726898 -6.46621704  3.        
-11.43525696   9.71212006   3.41235399   4.        
11.80178833 13.14479065 -1.71810901  3.        
 7.65004683 13.20702362  1.23007202  3.        
 3.67726111 -4.97976685  3.85980201  2.        
1.83720398 1.73519897 3.53326392 2.        
0.66007203 7.70149994 2.32586694 2.        
16.00676727 11.59851074 -3.18014503  3.        
  5.75362396 -11.24952698   5.77676392   2.        
1.43817902 6.02081299 2.65191698 2.        
-7.89686584 10.26693726  0.42898601  4.        
10.45845032 13.18250275 -2.15765405  3.        
-15.87577057   8.0738678    5.78436279   4.        
1.72489905 3.88423204 3.44607496 2.        
-13.22749329   7.81901503   0.03241      4.        
-5.24066877 10.28935242  5.41400194  4.        
-11.10074615   9.40197659  -0.32687399   4.        
-13.37324524   9.22414398   5.89633179   4.        
 3.77558899 12.31723785 -1.25903296  3.        
1.73922002 9.19754791 2.15212989 3.        
1.64070106 2.85994005 3.02487206 2.        
-14.65991211   8.76062012   5.59320116   4.        
-7.83922577 10.8503952   5.56280518  4.        
-0.050659    7.64102221  2.33569288  2.        
 2.19553399 10.39089203  2.17886305  3.        
 6.51158905 13.20956421  2.1998291   3.        
13.30698395 12.49086761 -4.86862183  3.        
1.34998298 8.51945496 1.546875   2.        
 8.45037842 13.46142578  2.11178589  3.        
-13.6442337    9.19285583   5.03543091   4.        
14.88053131 12.0613327  -3.64236403  3.        
-15.37698364   7.83536482   2.38192797   4.        
 4.51425219 12.81236267 -2.1877439   3.        
 4.63039398 -5.77611494  5.22485399  2.        
-9.89346313 10.20845795  3.67617798  4.        
-8.13326263 10.60900879  4.22088623  4.        
  5.59578705 -12.17492676   5.36358595   2.        
  5.65324402 -10.75611115   5.14364576   2.        
-14.15343475   7.05935717   0.33663899   4.        
  4.92069197 -11.51821136   5.23333693   2.        
-2.93856812 10.02639771  4.61642504  4.        
-10.15848541  10.13954163   4.83990479   4.        
 4.98225403 -8.24440765  5.62313795  2.        
 4.50531816 -5.63459015  4.16577101  2.        
-4.13425398 10.22426605  1.90060401  4.        
 6.37535906 12.64136505 -0.29037499  3.        
-7.31090498 10.66545105  4.31930494  4.        
-5.27831984 10.56543732  3.68652296  4.        
 3.29434204 11.52910614  2.89755297  3.        
17.13427734 10.92402554 -3.2814939   3.        
0.98191798 6.10334778 3.11474609 2.        
 9.04972839 13.16685486 -2.03253198  3.        
0.131721   6.54990387 2.83911109 2.        
 4.44255114 12.20238495  0.046692    3.        
-8.21490479 10.31185913 -0.509399    4.        
 4.10037184 -2.54274011  4.49121094  2.        
18.08971405  9.56259155 -2.24468994  3.        
-16.69107056   6.58292389   3.43759203   4.        
18.55165863  7.31701708 -5.69271803  3.        
 3.23832703 -3.78800988  4.62841797  2.        
-13.08643341   8.8636322    3.08819604   4.        
-18.24479675   5.84222412   5.54516602   4.        
 3.22842407 -5.0982132   4.31829786  2.        
-17.95855522   5.18961287   3.5340271    4.        
11.99040985 13.39561462  0.028839    3.        
 8.68713379 13.24983978  0.91513097  3.        
-13.07730103   8.43688965   0.98269701   4.        
-6.97603607 10.80940247  4.87591505  4.        
-15.12417603   7.93349504   5.78982496   4.        
-2.25759101  9.3843689   1.45547497  4.        
-18.58040619   5.55068207   4.50521803   4.        
 3.52549696 -6.14110613  4.81472778  2.        
14.32658386 11.96491241 -5.71398878  3.        
-4.53263903 10.36997223  5.09793091  4.        
 9.67015076 13.29454803 -2.68716407  3.        
2.76409888 0.820602   4.08996582 2.        
-9.63484192 10.111763    6.56411695  4.        
-16.26122284   7.40548706   4.50274706   4.        
-11.40415955   9.65193176   2.36102295   4.        
-13.67481232   8.58713531   3.01379395   4.        
-8.28952789 10.73979187  5.10745192  4.        
13.25467682 13.01725769  0.66476399  3.        
1.06567395 9.52922058 1.26696801 3.        
-18.50370789   3.49430799   5.35617113   4.        
1.96475995 9.8250351  1.32653797 3.        
 3.61432695 11.81771088  2.22232103  3.        
 4.64856005 -7.88726807  6.05233812  2.        
-12.64487457   9.227211     4.13751221   4.        
-13.70643616   8.36719513   1.32186902   4.        
10.64505005 12.31163788 -5.3782959   3.        
18.30431366  9.16107941 -4.6725769   3.        
10.32079315 13.49208832  1.435974    3.        
1.24817705 7.18415785 2.92007494 2.        
 4.89674377 12.3999176  -0.51965302  3.        
 5.09797716 -5.93534088  4.83798218  2.        
16.93553925 10.04935455 -6.31841993  3.        
-13.03882599   9.34801483   5.37924194   4.        
-12.42968845   9.33237457   3.05227709   4.        
16.09796143 11.88472652 -1.02502406  3.        
12.43282318 11.88526917 -6.01122999  3.        
 6.94796705 12.76605225 -3.85095191  3.        
 8.14050293 13.17173004 -2.94039893  3.        
-8.99069977 10.60849762  6.1686101   4.        
 3.95980811 -2.84685493  5.33786011  2.        
-1.26487005  8.85743046  1.87442005  4.        
-13.26901245   9.28580475   4.03060913   4.        
-17.05475616   7.32023621   5.62066603   4.        
 6.0297699  13.20137024  2.71990991  3.        
-7.23819017 10.66957092  5.49133301  4.        
-14.12762547   8.26092529   6.04373217   4.        
-16.2256546    6.21807098   1.76946998   4.        
-10.56759644  10.30480957   6.04211378   4.        
11.53536224 13.32036591 -1.18539405  3.        
 2.05239105 10.12430573  0.70355201  3.        
 2.39745307 -0.152031    3.99993896  2.        
-2.40551805  9.43672943  3.02175903  4.        
-10.3854599   10.01185608   4.24151611   4.        
-10.72900391   9.64040375   6.30804396   4.        
-17.07358551   5.41926622   1.94030797   4.        
18.82492065  6.62793684 -5.07489014  3.        
-6.27157593 10.67783356  4.83340502  4.        
-18.16414642   4.3972702    2.5939641    4.        
-12.75046539   8.88512421   1.35730004   4.        
12.51278687 13.23769379 -0.71746802  3.        
 4.88847303 -7.56234694  5.5813899   2.        
-2.87106299  9.73619843  3.63751197  4.        
-0.767281    8.54764557  3.00973511  4.        
-17.53898048   6.91598511   4.84677076   4.        
 4.60476685 -6.61178589  4.50137281  2.        
15.20636654 12.58198547 -0.42776501  3.        
 7.20240784 13.01429653 -1.39361596  3.        
12.89997101 13.13247681 -1.74670398  3.        
-15.65300846   7.71606398   4.33566284   4.        
-14.70704746   8.73906708   4.55734205   4.        
 3.24822998 11.25667572  1.64227295  3.        
-7.15214491 10.40757847 -0.25781199  4.        
 6.12084198 13.19618988 -3.12863207  3.        
2.33173394 3.73056793 2.75705004 2.        
-15.84918213   7.79575396   3.45657396   4.        
12.08218384 13.37786865  1.123016    3.        
-9.08836365 10.04638672  1.45449805  4.        
 4.96797895 12.57118988  2.48883104  3.        
-2.259727    9.60016632  2.05041504  4.        
 6.19112396 12.93660736  1.65380895  3.        
-7.34413099 10.38040924  0.94787598  4.        
-16.49468231   7.45586395   5.18078613   4.        
-5.83604383 10.49687958  0.97583002  4.        
16.92871284 11.15929413 -2.75656104  3.        
-6.25143385 10.38591003  2.81851196  4.        
-6.3155818  10.36141205  5.79330397  4.        
 7.83500719 13.08210754 -1.40597498  3.        
 9.33110809 13.30879211  0.77957201  3.        
-6.67076111 10.47311401  0.125       4.        
13.19233704 13.20888519 -0.618958    3.        
 5.1028142  -9.36203766  6.03021193  2.        
  5.58939409 -13.50345612   5.6496582    2.        
 5.53957415 12.71962738  1.72033703  3.        
 4.09969282 11.95698547  1.26684594  3.        
  5.35497999 -10.25795746   5.30447388   2.        
0.66107202 6.75666809 2.3873291  2.        
15.03970337 11.33644104 -6.18765306  3.        
 4.02741194 11.3531723   0.67968798  3.        
-15.43538666   7.96166992   5.13082886   4.        
1.34213996 4.51576996 2.69250488 2.        
-3.74716997 10.19313812  4.74328613  4.        
-15.05462646   8.1646347    3.98129296   4.        
-12.58983612   9.02626038   6.60925293   4.        
 2.99207306 11.46468353  0.43801901  3.        
-10.1461792    9.866745     0.83447301   4.        
10.58157253 13.46918488  0.68991101  3.        
-2.44116998 10.02545166  3.04782104  4.        
15.58631897 11.47987366 -5.34258986  3.        
-17.43804932   5.96318817   3.7997129    4.        
-17.02207947   5.91441393   2.33920288   4.        
-4.41138506 10.41728973  3.71038795  4.        
-8.82460785 10.53702545  5.24487305  4.        
1.19560206 8.64767456 2.56851196 2.        
-15.66005707   6.33647203   0.87490797   4.        
11.24477386 13.21229553  1.898651    3.        
-16.33307648   7.44171095   3.48910499   4.        
12.37360382 13.47455597  0.47106901  3.        
 4.73886919 -9.28626156  5.29702806  2.        
 8.33302307 13.11754608  0.148285    3.        
-3.28730011 10.02515411  1.98925805  4.        
-3.3877871  10.3918457   3.74591088  4.        
-8.25948334 10.18310547  1.62554896  4.        
 4.86435699 12.49036407 -2.65884399  3.        
 7.09278107 13.40697479  2.25705004  3.        
-9.22494507 10.08917236  0.097687    4.        
0.17095201 7.92763519 2.80233788 2.        
15.79110718 10.76377106 -6.35665894  3.        
 4.25034285 -4.29032087  4.0844121   2.        
1.85685694 4.72519684 2.44308496 2.        
 7.08927107 13.18891144 -2.29168701  3.        
 3.17263794 -2.47423506  4.63909912  2.        
-8.86657047 10.03579712  2.49981689  4.        
12.71974945 12.85949707 -2.87954712  3.        
-10.51825047   9.67964172   2.766083     4.        
1.43701899 9.75618744 1.65209997 3.        
-16.19788361   7.6119771    6.20440722   4.        
12.45256805 12.56197357 -5.54858398  3.        
-17.08289337   4.64067078   1.434937     4.        
-18.46274567   4.90525103   4.41616821   4.        
 3.92294312 -5.5790329   4.9031682   2.        
16.73531342 11.24234772 -1.64163196  3.        
-14.87899017   8.19315338   2.60809302   4.        
-18.51831818   5.22544098   3.67193604   4.        
-12.27507019   9.15327454   5.83532715   4.        
17.83499146 10.14821625 -2.35235596  3.        
-16.42861176   6.99235487   2.4468689    4.        
1.21130395 5.74829912 2.17230201 2.        
-18.23755646   6.04152679   4.53884888   4.        
3.08857703 0.53629303 3.34610009 2.        
 2.09307098 10.93226624  0.048676    3.        
-5.05777693 10.38307953  2.69540405  4.        
1.78064001 3.49305701 2.98873901 2.        
-17.26307678   6.28626299   6.00631714   4.        
-6.05388594 10.36582184 -0.071411    4.        
11.17572021 13.49065399  0.75265503  3.        
 6.56864214 12.77677155  0.49182099  3.        
-17.74099731   6.66466522   5.31793213   4.        
-18.10014343   5.55991411   3.08169603   4.        
-18.69164276   4.76100922   3.27691698   4.        
 9.01120758 13.49050903  1.88308704  3.        
 4.93248701 12.21917725  0.66455102  3.        
-18.48765564   2.76485395   4.29495192   4.        
2.43150306 2.10882592 3.6933291  2.        
 4.17999315 11.71681976  2.421417    3.        
-17.82349396   6.03866577   5.19741821   4.        
 5.53437805 12.4342041   0.54437298  3.        
 3.18406701 -0.60909998  4.35421705  2.        
 4.334373   -6.27546692  5.1914978   2.        
-5.04595184 10.70040131  4.91769409  4.        
-7.07917023 10.41782379  3.86233497  4.        
-13.90263367   8.5511322    5.46057081   4.        
0.40780601 5.88858795 2.85232496 2.        
-0.37391701  8.04582977  2.11257911  2.        
-1.14100695  7.99919081  2.05361891  2.        
  4.97586823 -10.51487732   5.63317919   2.        
 3.51019311 11.96949005 -0.48812899  3.        
0.80577099 6.67173004 2.92507911 2.        
 3.55071306 -1.74871099  5.00122118  2.        
1.34126306 2.86364007 3.50073195 2.        
-5.39527082 10.46044159  1.60293603  4.        
 4.41999817 -4.82717896  4.8694458   2.        
11.53260803 13.41236115  1.23138404  3.        
-17.13873291   6.95893908   3.9100039    4.        
 4.09924316 -3.78327894  4.70690918  2.        
-8.02407074 10.1475296   2.58087206  4.        
 3.56967211 -3.15718794  4.05093384  2.        
14.47412872 10.996315   -6.40365601  3.        
14.88609314 11.83269501 -4.88134813  3.        
-14.98457336   8.65666199   5.09628296   4.        
13.063797   13.40132904  0.30746499  3.        
 9.71565247 13.26382446 -3.80117798  3.        
 4.84870911 -6.82027388  5.46395922  2.        
1.97969103 4.3924098  3.47207594 2.        
 5.05661011 -8.71479034  5.33319092  2.        
18.5996151   8.35805511 -4.96325684  3.        
-18.66086578   5.41156006   5.03872681   4.        
19.14497375  7.02429199 -4.60732985  3.        
16.71970367 10.87999725 -4.65096998  3.        
 4.62645006 12.84690094 -3.06860399  3.        
-5.25810194 10.81558228  5.84869385  4.        
 5.64916992 12.50395966 -0.049957    3.        
  4.9704442  -13.2592392    6.08422899   2.        
-5.65670776 10.71318817  4.37786913  4.        
  5.84317017 -13.23720646   6.13214111   2.        
-7.07887983 10.39671326  6.35949707  4.        
-3.43507409 10.25896454  3.00189209  4.        
 7.0802989  12.84476471 -0.46664399  3.        
-12.40842438   8.8160553    0.183411     4.        
-2.92044806 10.19558716  3.96350098  4.        
-11.35884857   9.98002625   4.62628222   4.        
-6.73679399 10.41602325  0.92935199  4.        
2.07454705 1.38479602 4.38632202 2.        
-2.31135607  9.99074459  3.58190894  4.        
-17.55479431   5.33319092   2.81741309   4.        
 2.47369409 11.02105713  0.98080403  3.        
-12.94017029   8.7749939    2.11468506   4.        
17.41436005 10.0834198  -5.34408617  3.        
 5.64414978 13.11598969 -2.85665894  3.        
16.24812317 10.318573   -6.49838305  3.        
12.96022034 12.41697693 -5.28778076  3.        
13.61123657 12.58544159 -3.27356005  3.        
 9.36948395 13.20595646 -0.205139    3.        
12.40746307 13.12796021 -1.98684704  3.        
 8.17379761 12.93455505 -4.87713623  3.        
-9.75991821 10.32308197  5.25073195  4.        
15.3568573  12.55228424 -1.19079602  3.        
 5.57718706 -9.20326233  5.12637281  2.        
-5.86940002 10.78384399  5.59011793  4.        
 2.37624407 10.94473267 -1.12493896  3.        
 3.70292711 -2.29978895  3.6060791   2.        
-6.39840698 10.41791534  1.96017504  4.        
 5.11097002 -7.38913012  4.91430712  2.        
-16.60533905   6.49384308   2.90551805   4.        
1.34606194 7.93235779 2.56664991 2.        
-6.25234985 10.42555237  3.51144409  4.        
 9.73475647 13.46707916  2.44598389  3.        
-5.15727186 10.32804871 -0.28128099  4.        
 2.89629412 -0.038734    4.23684692  2.        
-9.95797729  9.80879211  2.397156    4.        
15.72678375 11.43952179 -4.21273804  3.        
-15.22997284   7.15723419   0.86303699   4.        
  5.78080702 -10.07745361   6.10913086   2.        
13.38178253 12.14038086 -5.86416578  3.        
-10.75212097   9.5005188    0.886536     4.        
-9.65303802  9.8806839   1.083588    4.        
-14.50888824   7.70030212   0.818115     4.        
-1.60115004  8.9618988   2.68048096  4.        
-17.63174438   5.9718399    2.85299706   4.        
2.07684302 3.31896996 3.62377906 2.        
-11.85521698   9.53614044   6.56399488   4.        
-13.995224     8.70885468   4.02911377   4.        
 5.41597795 13.02773952 -2.37353492  3.        
2.31118011 0.40487701 3.94958496 2.        
 9.12097168 13.29806519 -2.55694604  3.        
-11.79995728   9.38356781   3.18463111   4.        
-6.79169512 10.82542419  5.94445801  4.        
17.87434387 10.08920288 -3.84149194  3.        
-13.587883     8.36647797   1.939484     4.        
-7.66400909 10.35263062 -0.092102    4.        
 3.86303711 -0.77653497  4.21008301  2.        
14.40765381 12.13050079 -3.89462304  3.        
 3.09581804 -2.88140893  4.29241896  2.        
 9.78208923 13.45175934  1.43182397  3.        
18.43813324  9.32286835 -4.17489576  3.        
 5.41269684 12.80947113 -1.382568    3.        
 4.44920397 12.4916153  -1.08963001  3.        
-14.66403961   8.2443161    5.43780518   4.        
 5.16841078 -9.92154694  5.94116211  2.        
3.05776191 1.686813   3.53939795 2.        
-9.847229    9.61584473 -0.74710101  4.        
-7.61532593 10.29637146  1.57412696  4.        
-7.18195295 10.29607391  2.19323707  4.        
 4.0845871  -4.09992218  5.29696703  2.        
 2.12748694 -0.25325     3.53558302  2.        
-13.34117889   8.68051147   5.95236206   4.        
-16.17465973   7.43984985   2.95645094   4.        
-8.5681076  10.23443604  6.17156982  4.        
19.09503937  7.75369978 -3.80261207  3.        
-3.26086402  9.11425018  0.51855499  4.        
-17.56543732   5.85115099   5.91882277   4.        
 6.49694109 13.17105865 -2.27419996  3.        
17.70187378  9.97005463 -4.73318481  3.        
0.909325   6.11911821 2.48178101 2.        
1.399979   3.9100039  3.87017798 2.        
-4.21971893 10.40686035  3.01336694  4.        
 8.07940674 12.96972656 -0.93533301  3.        
 7.72943115 13.57379913  2.48269606  3.        
-7.65270996 10.3119278   6.06997681  4.        
-9.18952179 10.26612091  4.296875    4.        
  5.10913086 -11.47747803   6.2303772    2.        
 7.09977722 13.30211639  3.09951806  3.        
-11.47091675   9.73869324   5.51623487   4.        
-15.08854675   7.47666883   1.92172205   4.        
11.43305969 13.45063019  0.186707    3.        
 2.4884491  10.65946198  0.482483    3.        
1.77512395 2.67360711 4.13519287 2.        
 3.63540697 -4.86070299  4.59146118  2.        
13.30233765 11.55457306 -6.20761108  3.        
-3.01429009 10.06843567  2.71688795  4.        
-12.79714966   9.02368927   5.77020311   4.        
 4.31060791 -5.30797577  5.1411128   2.        
 4.23225403 -7.60752106  5.67156982  2.        
-15.04988861   7.88547516   6.35391188   4.        
 8.02435303 13.16606903 -4.01675415  3.        
-3.85074592 10.50209808  3.97592211  4.        
 5.76341295 12.97502136 -1.91375697  3.        
 2.5737381  10.54753113  1.47036695  3.        
-16.64572144   7.52931213   4.16213989   4.        
-0.43894199  7.05706787  2.21771193  2.        
1.49349999 3.89500403 2.79367089 2.        
2.54190803 2.83466291 3.4502871  2.        
1.061432   9.02422333 1.41708398 2.        
0.133209   6.65154314 2.23443604 2.        
17.74310303 10.32949066 -3.09188795  3.        
 9.66384888 13.24164581  0.37741101  3.        
-2.27375793  8.86082458  1.33990502  4.        
16.55145264 11.45929718 -2.09966993  3.        
-15.3981781    8.43109131   4.86422682   4.        
1.41203296 9.52388763 2.4906621  3.        
-11.57413483   9.00771332  -0.31634501   4.        
0.83579302 7.73132277 2.934479   2.        
 3.68678999 -1.74200404  4.11071777  2.        
 5.2925868  -7.83846998  5.30163622  2.        
 7.89749193 13.15524292 -2.45260596  3.        
 2.931427   -1.01188695  3.83035302  2.        
-11.86116791   9.43945312   2.15524292   4.        
1.20967901 5.20118713 2.7098999  2.        
 3.47653198 11.06249237  0.59750402  3.        
-17.97489166   5.95044708   3.73297095   4.        
-6.94716597 10.26152802  2.90286207  4.        
2.23976111 0.871086   3.61447096 2.        
 3.84860992 -2.99214196  4.5965271   2.        
13.48661804 12.62677765 -3.77661109  3.        
-11.93132782   9.52842045   5.39785814   4.        
15.25350189 12.54516602 -1.83669996  3.        
-15.88793945   6.8344121    1.31845105   4.        
11.55773926 12.82970428 -5.15374804  3.        
 5.37451887 12.55188847 -2.90252709  3.        
2.24963403 3.85540009 3.62936401 2.        
-13.73851776   7.98871613   0.963135     4.        
15.70168304 11.93884277 -0.39309701  3.        
10.35080719 13.37680054  0.210144    3.        
-16.36430359   5.95703888   1.34518397   4.        
 2.774719   11.65436554 -1.06066895  3.        
 8.31697845 13.16374207 -1.90692103  3.        
17.61686707  9.31855774 -6.26177979  3.        
14.45277405 12.85221863 -1.02221704  3.        
-15.66701508   7.49143219   3.02987695   4.        
18.40135956  9.54004669 -2.827667    3.        
 1.71312702 10.39260864  1.07443202  3.        
-1.46104395  9.40658569  2.96987891  4.        
 5.97567701 12.60505676  0.80969203  3.        
-8.49103642 10.34640503  1.19610596  4.        
-11.13987732   9.86941528   5.1376338    4.        
-4.73840284 10.37677765  0.84320098  4.        
2.37352705 1.73444402 3.34655809 2.        
-14.38533783   8.70215607   6.09484911   4.        
-16.38487244   5.44164324   1.36184704   4.        
 3.26023889 -2.60989404  5.24655104  2.        
-15.82164764   7.44618988   3.8314209    4.        
  5.40821791 -10.71744537   6.05819702   2.        
-7.34192705 10.31283569  3.41244507  4.        
-11.78809357   9.18294525   1.47799695   4.        
 2.99365997 10.8225708   0.67614698  3.        
-17.20572662   7.17281294   4.41684008   4.        
-16.27339172   6.87517595   3.47882104   4.        
-10.25174713   9.90249634   1.75884998   4.        
 6.69822693 13.14801788 -4.08099413  3.        
-16.68031311   7.06030321   5.96508789   4.        
-15.65045929   6.90650177   1.76428199   4.        
 3.69183302 -2.20294905  4.39495897  2.        
 3.75009203 -4.22296095  4.34552002  2.        
 9.42346859 13.21072388  2.13397193  3.        
 1.72041297 10.17169189  1.76422095  3.        
10.13205719 13.39497375 -0.538513    3.        
 4.39575195 -6.87333679  5.22052002  2.        
1.47186303 5.97972918 3.15701294 2.        
-17.65052795   6.22097015   3.3808291    4.        
-11.02368164  10.04896545   6.26062012   4.        
 7.51827192 13.04343414  0.33963001  3.        
 4.2224431  -5.33102417  4.45452881  2.        
-3.59684706  9.87122345  0.99313402  4.        
12.01695347 13.26422882 -0.94842499  3.        
18.17195892  9.39753723 -5.09802198  3.        
-12.43769073   9.25986481   2.2749331    4.        
-16.09709167   6.92767286   2.99142504   4.        
 3.51560211 -1.38059998  4.57034302  2.        
 4.23124695 12.24446106  3.084198    3.        
-11.9912262    8.90589905   0.48953199   4.        
 4.56742907 12.28662109  2.13360596  3.        
15.99835968  9.89778137 -6.38690186  3.        
-6.45434618 10.53199768  1.34948695  4.        
10.72805786 13.39111328  1.720734    3.        
-10.93716431   9.59224701   2.00598097   4.        
-14.01073456   8.35331726   2.46060205   4.        
-15.94487762   7.68207502   5.47958422   4.        
 5.0586009  -9.6222229   5.10726881  2.        
 1.93386805 10.55459595 -0.252197    3.        
-16.8158493    7.01596117   4.82128906   4.        
 4.62460279 -8.60482788  4.89364576  2.        
 7.04237413 13.18227386 -3.2280879   3.        
14.66661072 12.57662964 -2.48513794  3.        
-4.10844421 10.65998077  4.92193604  4.        
 9.96772766 12.75261688 -5.5151372   3.        
-4.8733902  10.33901978  1.52032495  4.        
-7.95337677 10.7772522   6.13320923  4.        
2.92591906 0.039673   3.38821411 2.        
 5.34352922 -7.59525299  4.52444506  2.        
-15.98002625   8.04831696   4.51208496   4.        
 3.08303094 -1.78060901  4.03756714  2.        
-10.79656219  10.24946594   5.30227709   4.        
15.35450745 10.55214691 -6.47119093  3.        
-9.56777954  9.52352142 -0.34582499  4.        
-1.50776696  9.20498657  2.25643897  4.        
-7.99002123 10.38563538  3.14553809  4.        
17.2891922  10.63287354 -3.98611403  3.        
  5.34000397 -11.86540985   4.97479296   2.        
0.83850902 7.23862505 2.32568407 2.        
 3.63205695 11.34741211  1.09539795  3.        
 2.41436791 -2.30462599  3.67993212  2.        
-17.1475296   6.1278758   3.368927    4.       
-18.52588654   4.89208984   5.04443407   4.        
14.76889801 12.59583282 -1.92092896  3.        
1.62100995 6.57185411 2.38327003 2.        
-17.74357605   6.05345201   4.53384399   4.        
1.34198797 7.94085693 2.00009203 2.        
-8.40410614 10.3127594   2.31207299  4.        
2.84570289 0.91475701 3.6122129  2.        
 4.32111406 -4.31723022  4.78274488  2.        
 5.6084981  -9.27492523  6.00427198  2.        
1.39124298 3.53568292 3.34365797 2.        
 8.68198395 13.19416046 -2.87075806  3.        
16.91277313  9.66859436 -6.63061523  3.        
13.21191406 12.77130127 -2.85549903  3.        
2.01170301 4.16207123 3.02297902 2.        
10.15271759 13.24449158 -2.60168505  3.        
 3.21128893 -1.30004895  3.44094896  2.        
-15.84619141   8.18418884   5.28591919   4.        
-19.06098175   3.2176671    3.98699999   4.        
-0.159256    7.15683699  3.18399096  2.        
-18.81548309   3.60791802   4.36178589   4.        
 8.81437683 13.20955658 -3.48138404  3.        
10.40164185 13.16378021 -3.24981689  3.        
-10.91598511   9.52879333   1.46758997   4.        
15.54496002 12.30323792 -2.19586205  3.        
1.75585902 2.219666   3.53991699 2.        
11.14655304 13.41594696 -0.80166602  3.        
 1.87235999 10.28639984  2.52996802  3.        
-11.65140533   8.60044861  -0.60394299   4.        
-11.44789124   9.95610809   5.96536303   4.        
0.26159701 7.14403486 2.45758104 2.        
-15.24832153   7.93190813   4.50119019   4.        
-18.76283264   3.30070496   4.91293287   4.        
  5.36244202 -13.020401     6.24737597   2.        
 5.42739916 -8.28327942  5.83792114  2.        
17.90109253  8.13955688 -6.00112915  3.        
-11.14072418   9.47303009   0.29547101   4.        
-13.72322845   8.99577332   6.18234205   4.        
14.98132324 12.29404354 -2.98706102  3.        
  5.05003405 -11.87851715   5.58227491   2.        
11.14627838 13.11606598 -2.703125    3.        
-9.03007507 10.15062714 -0.34255999  4.        
16.50727844 11.49175262 -1.27947998  3.        
12.81937408 12.88938141 -3.86398292  3.        
 3.606354   -5.41443586  5.37616014  2.        
 7.79264784 13.19649506 -3.39492798  3.        
 9.26197147 12.75215054 -5.06433105  3.        
-18.205513     4.59189606   3.04281592   4.        
 4.83843184 -7.129776    5.90960693  2.        
11.07765961 13.43370056 -0.255371    3.        
-14.85380554   7.78487396   1.575104     4.        
-4.62426805 10.69064331  4.68020582  4.        
-8.48654175 10.17559814  0.597839    4.        
 4.26397705 -3.80674696  4.07803297  2.        
-9.24375916 10.16916656  1.92855799  4.        
-17.18579102   6.35405016   3.93215895   4.        
 4.75808001 -7.71359205  4.96154785  2.        
-12.42098236   8.47944641  -0.235535     4.        
-12.49482727   9.60146332   4.85525513   4.        
15.98594666 11.95153809 -1.94564795  3.        
 5.37748718 12.72865295  2.29217505  3.        
-18.34942055   5.39311981   5.69241285   4.        
15.36747742 11.7566452  -4.19201708  3.        
 8.5255127  13.13905334 -0.88693202  3.        
 1.56992304 10.1693573   0.57302898  3.        
12.10443878 13.04257202 -3.77410889  3.        
-12.43743896   9.60372162   5.7026372    4.        
 5.33461809 -6.59800005  5.30560303  2.        
 2.28642297 10.78210354  1.91754198  3.        
-10.93791962   9.83873844   4.41186523   4.        
-2.89988708  9.56269073  1.23043799  4.        
14.47575378 12.17500305 -4.60467482  3.        
 2.45211792 -0.042656    4.50564623  2.        
 3.61650109 -4.24215698  5.27475023  2.        
16.59207153 10.2741394  -6.07388306  3.        
-11.60958099   9.56011963   2.78243995   4.        
-18.75992584   3.95752001   3.4725039    4.        
-15.74345398   8.05802155   3.84112501   4.        
 3.69867706 -2.81563592  3.74377394  2.        
 4.56233215 12.21057129  1.640625    3.        
10.87799835 12.72615814 -5.61074781  3.        
10.53085327 12.98614502 -4.70947313  3.        
  5.42450714 -12.33728027   5.87142897   2.        
 2.835953   10.92784882  2.71408105  3.        
 6.39868879 12.83781433 -3.63067603  3.        
-18.2049408    4.73141479   5.79193115   4.        
  5.77593184 -11.74050903   5.5751338    2.        
16.34295654 10.8943634  -5.66177416  3.        
-15.03057861   8.45438385   5.89254808   4.        
-17.09826088   7.34261322   5.07809401   4.        
-11.80496979   9.81988525   4.58859205   4.        
14.01869965 12.3616333  -3.17721605  3.        
11.17588043 13.02683258 -3.95785499  3.        
-15.81091309   5.81920624   0.74206501   4.        
-5.29093885 10.3417511   3.10684204  4.        
 4.50266981 12.50007629  2.70117211  3.        
-18.0912323    5.50733185   4.51782179   4.        
  5.27555084 -12.51273346   5.23791504   2.        
 4.70567322 -5.95153809  4.4564209   2.        
-0.75456202  8.60031891  2.28872705  2.        
-17.43169403   6.93247223   5.57049608   4.        
-17.00228119   6.74370623   3.11865211   4.        
-9.42385864 10.42013454  6.1404109   4.        
12.23567963 12.78131104 -4.62075806  3.        
 2.88583302 11.30812836  0.87164301  3.        
-11.52657318   9.235672     6.34545898   4.        
-17.69715881   4.59749603   2.09634399   4.        
 3.92859602 -6.31598711  4.55853319  2.        
16.42173004 10.98213196 -4.28121901  3.        
15.18357754 11.40481567 -5.67526197  3.        
18.95572662  8.61794281 -3.61554003  3.        
-17.45475006   6.44084215   4.67419386   4.        
-14.61280823   7.8402791    6.18276978   4.        
  5.31139421 -11.03388214   5.31167603   2.        
-3.79074097 10.60031891  4.50994921  4.        
12.29689026 12.38528442 -6.03207397  3.        
 3.06336999 11.87056732 -1.44335902  3.        
-15.43063354   8.1529007    6.0718689    4.        
 3.35700202 -3.43888903  5.06661987  2.        
-14.27335358   8.91854858   4.52557421   4.        
0.62520599 5.43186188 3.07574511 2.        
 2.5693891  -0.72370899  4.08126783  2.        
-14.90769196   7.99552917   3.15753198   4.        
-13.63637543   7.73303986   0.245239     4.        
17.52554321 10.47142792 -2.21228004  3.        
 4.90628099 12.70709991 -1.55621302  3.        
 5.225739   -8.51618195  4.94506788  2.        
10.52015686 13.36002254 -0.240692    3.        
-1.62113905  9.21391296  3.36444092  4.        
1.09143102 8.32521057 2.24667406 2.        
11.91493225 12.91036987 -4.22891188  3.        
 2.58184099 -1.68171704  3.8313899   2.        
-2.10935998  9.77028656  2.81191993  4.        
-2.467659    9.19602966  2.62677002  4.        
-13.61759853   9.17192078   5.50085402   4.        
1.56371295 8.83200073 1.81951904 2.        
 5.32524109 -7.63631392  5.73583984  2.        
2.51027703 2.75966597 2.96118212 2.        
-13.26032257   8.97393036   2.51641798   4.        
-14.45496368   8.10827637   2.34326196   4.        
17.11216736 10.56377411 -4.47164917  3.        
18.88156891  6.91262817 -4.01715088  3.        
-15.78452301   7.49584198   2.27362108   4.        
 3.69296288 12.62960052 -2.53927588  3.        
-13.25330353   9.09127045   4.45281982   4.        
-4.64517212 10.50070953  4.10934401  4.        
17.15783691 10.47933197 -5.29931593  3.        
18.9887085   8.31182098 -4.41708422  3.        
-11.04319763   8.94135284  -0.312042     4.        
 4.55635118 -7.00637817  4.80566406  2.        
-15.04449463   6.78359985   0.65914899   4.        
-12.27490997   8.85108185   1.11364698   4.        
 4.12019396 12.20380402  2.440552    3.        
13.56538391 13.10451508 -1.52179003  3.        
  5.87081194 -10.78240967   6.0562129    2.        
13.55605316 13.10346222 -0.88678002  3.        
-0.314354    7.54415894  2.73214698  2.        
-6.12531996 10.61297607  4.39834595  4.        
  5.9255681  -12.29997253   5.71637011   2.        
 2.31580305 11.19732666 -0.731628    3.        
 5.07969713 12.39546967  1.43408203  3.        
-13.14904785   9.14427853   6.29324293   4.        
-9.46484375 10.15726471  3.84274292  4.        
-17.315979     5.14752197   2.23910499   4.        
-3.28331804  9.83529663  1.37322998  4.        
1.20284295 5.60435486 3.15658593 2.        
15.86440277 11.27914429 -4.96758986  3.        
-1.12340605  8.65090179  2.72711205  4.        
-18.90878487   4.66567183   3.89965796   4.        
12.03001404 12.6824646  -5.09243822  3.        
 8.82157135 13.18193054 -0.27127099  3.        
-16.79923248   6.9306488    4.26309204   4.        
-17.60691071   6.72709703   4.33126783   4.        
-18.47911835   3.69957709   3.10470605   4.        
-4.06860399 10.07405853  1.16464198  4.        
-16.34291077   7.89569807   5.29190111   4.        
-2.03305793  9.00025177  2.45883203  4.        
 2.5605011  -0.80381     4.78903198  2.        
18.99304199  7.45773315 -4.62796021  3.        
11.66288757 12.99811554 -2.60412598  3.        
16.55435181 11.00666809 -3.75711107  3.        
  4.94513702 -12.99919891   5.35769701   2.        
-16.8928833    6.98998308   3.50414991   4.        
0.361404   6.70088196 3.21173096 2.        
19.2379303   7.86578417 -4.23324585  3.        
13.5803833  11.58099365 -6.58846998  3.        
-15.12168121   8.52098846   4.32382202   4.        
14.27198792 13.11977386 -0.330414    3.        
2.68849206 1.43485999 3.64096093 2.        
 6.23732805 12.86818695  2.9563899   3.        
 8.92449856 12.96689606 -4.70031691  3.        
18.62931252  8.48644257 -5.42800903  3.        
-17.0013504    6.81230211   5.70156908   4.        
1.33202398 7.47034502 2.23477197 2.        
18.03878021 10.14398956 -3.41766405  3.        
 3.87283301 11.97112274  3.22607398  3.        
13.80846405 12.84420013 -2.37326097  3.        
-3.65126801  9.62999725  0.60171503  4.        
 9.35691833 13.26416016 -1.00677502  3.        
-18.15465546   5.08158922   3.93133497   4.        
1.33453405 9.43643188 1.96060205 3.        
1.96294403 2.47274804 3.2189641  2.        
10.69664764 13.05540466 -4.10656691  3.        
-12.23738098   9.50197601   6.31826782   4.        
  5.90767717 -10.01488495   5.57745409   2.        
14.48210907 12.53738403 -0.033142    3.        
-15.36838531   7.26459503   1.28350794   4.        
 3.84293389 11.72780609  0.96044898  3.        
 3.46275306 12.36351013 -1.63571203  3.        
-16.64063263   6.38975477   1.84301805   4.        
10.69667816 13.32322693 -1.143646    3.        
16.70393372 10.62569427 -5.72958422  3.        
11.38069916 12.59308624 -5.57354689  3.        
 4.06339312 -4.54555511  5.1156621   2.        
 9.78710938 13.13954926 -1.61709595  3.        
17.68171692  9.5947876  -5.71035814  3.        
-10.04599762   9.93713379   1.30453503   4.        
-1.40006304  8.43645477  1.77011096  4.        
 6.8259201  12.96618652  1.31274402  3.        
1.62486994 5.05676317 2.82418799 2.        
 4.85794115 -8.22132874  5.07354689  2.        
19.0497818   8.17355442 -3.51391602  3.        
0.68216699 8.82943726 1.89221203 2.        
-10.51589966   9.56012726  -0.13507099   4.        
-17.00893402   6.48236084   2.587677     4.        
-14.45593262   7.99759722   1.53152502   4.        
 4.79412079 -6.18349504  5.11260986  2.        
13.89581299 11.94419098 -5.85275316  3.        
-8.20806122 10.67262268  4.66299391  4.        
15.70256042 11.75730133 -0.80798298  3.        
 3.43782806 -0.131584    3.7220459   2.        
 8.65522003 13.30400085  2.60189795  3.        
1.70702398 1.74790204 3.10018897 2.        
-16.4864502    7.74011993   4.78250122   4.        
2.2245791  0.92182201 4.35534716 2.        
 6.12862396 12.81812286 -0.76461798  3.        
-15.86401367   7.52023315   5.91449022   4.        
 2.9956131  -1.07888806  4.44702101  2.        
-18.55557251   3.06346893   3.36059594   4.        
 4.07621813 12.25604153 -2.56698608  3.        
-5.07341814 10.43956757  0.548096    4.        
 9.43154144 13.2723999  -3.45159888  3.        
10.25489807 13.15261078  2.26913404  3.        
12.1950531  12.89201355 -2.87811303  3.        
12.87814331 11.73062897 -6.06378222  3.        
-9.36546326  9.90811157  2.76983595  4.        
-14.0619278    8.40026855   3.1469121    4.        
-5.85180712 10.52250671  0.42102101  4.        
 3.73211694 -3.52436805  4.72583008  2.        
10.55764008 12.76979828 -5.29843092  3.        
-6.567276   10.56503296  3.90118408  4.        
13.72299957 12.30661774 -4.96520996  3.        
 2.32814002 10.34479523  1.08685303  3.        
1.09542799 8.63101196 1.89923096 2.        
-12.29347229   9.5270462    4.04312086   4.        
18.43628693  8.89240265 -4.29953003  3.        
-8.74796295 10.33873653  4.17089796  4.        
-18.79095459   4.08988905   4.07946777   4.        
 2.73368096 11.43612671  0.073425    3.        
-13.75901794   8.52258301   5.92272902   4.        
 6.55967712 13.28273773  2.70364404  3.        
-10.48235321  10.03998566   3.80563307   4.        
-8.98833466 10.05374908  0.475555    4.        
 3.35442305 11.60945129  1.923859    3.        
1.60402703 4.65689802 3.3600769  2.        
1.04321301 4.59985399 3.09137011 2.        
 9.87535095 13.03569794 -4.66095018  3.        
1.09140003 5.15817308 3.61440992 2.        
11.32600403 13.15860653 -3.44094896  3.        
-17.38687897   4.46979523   1.71258497   4.        
17.41375732 10.63059235 -3.09597802  3.        
14.09840393 11.68392944 -6.41268921  3.        
 5.29602098 12.54277039 -0.65484601  3.        
 4.54701996 -7.38049316  5.33657789  2.        
 5.59583282 -9.73225403  5.89846802  2.        
10.2772522  13.36594391 -0.98379499  3.        
-6.05283403 10.33408356  2.41271996  4.        
1.67714703 6.82582092 2.78393602 2.        
15.86827946 12.13925934 -1.30563295  3.        
 9.71328735 13.25363159 -0.480286    3.        
 8.17546844 13.18804169  0.958435    3.        
18.00868225  9.42572784 -2.65872192  3.        
-5.05727386 10.25545502  0.14672901  4.        
-18.35328674   5.89945221   5.04919386   4.        
 7.83680677 13.09970856  2.49523902  3.        
10.85270691 13.17070007 -2.35586596  3.        
-14.08080292   9.01995087   5.31738281   4.        
-18.50660706   4.53479004   5.49777222   4.        
 2.89379096 10.81204224  1.32171595  3.        
10.27702332 13.1993103  -3.71255493  3.        
15.41639709 10.99583435 -6.34161377  3.        
-18.67826843   3.38109589   3.79498291   4.        
 7.9212718  13.40415955  1.53396595  3.        
0.192856   7.0290761  2.95205688 2.        
18.97650146  7.86721802 -5.08017015  3.        
16.14481354 11.50092316 -3.60620093  3.        
2.26627398 3.60984802 3.24423194 2.        
 3.86496711 -1.25608099  4.14468384  2.        
1.59699297 9.60667419 1.16348302 3.        
-18.90864563   4.19493914   4.82821703   4.        
 9.62587738 13.11223602 -4.20349121  3.        
16.36637878 11.06240082 -5.10635424  3.        
 3.81034088 -4.92222595  5.49423218  2.        
-5.49451494 10.52120972  0.70217901  4.        
1.97739398 1.21814001 3.665802   2.        
14.74799347 11.66165161 -5.86697388  3.        
-17.79528046   5.2226491    2.37951708   4.        
-10.27111053   9.65050507   0.466003     4.        
-11.02047729   9.82810974   3.48937988   4.        
-0.55422199  8.24240112  2.77993703  2.        
13.81143188 12.34095001 -4.1758728   3.        
16.94313049 10.68276215 -4.97701979  3.        
18.52841949  9.37310028 -3.75        3.        
 2.91932702 11.6990509  -0.55792201  3.        
14.43980408 12.75261688 -1.679443    3.        
-14.4981308    6.77799177   0.45932001   4.        
  4.99635315 -12.37249756   6.09536695   2.        
-14.20478058   8.07764435   6.43286085   4.        
-4.54142809 10.38188934  1.88311803  4.        
14.32830048 12.30970001 -3.48086596  3.        
-18.28515625   4.76048994   3.43765306   4.        
 3.29750109 -0.54753101  3.91149902  2.        
-16.21383667   6.58512878   2.36291504   4.        
  5.4227519  -11.17901611   6.17642212   2.        
-9.22411346  9.97727966  0.95687902  4.        
2.29016089 1.72933197 3.85430908 2.        
 9.53787231 13.52383423  1.78512597  3.        
 2.5853579  -0.472565    3.58184791  2.        
18.34766388  8.12471008 -5.63562012  3.        
 6.36480713 12.98099518 -1.45050001  3.        
10.63098907 13.22415161 -1.76065099  3.        
0.117485   7.49539995 2.71780396 2.        
 4.97770691 12.71426392  2.91268897  3.        
1.27809095 9.08856201 2.34579492 2.        
-5.66511488 10.44493103  1.96490502  4.        
2.54123712 2.49692512 3.85382104 2.        
-4.14628601 10.2279129   4.93331909  4.        
16.98639679 10.88080597 -3.77829003  3.        
-16.80464935   6.66587114   6.09494019   4.        
14.98106384 12.70919037 -0.88412499  3.        
-7.10799408 10.17390442 -0.61965901  4.        
 5.99302721 12.94659424 -3.48928809  3.        
-2.960289    9.94261169  2.28872705  4.        
-19.2379303    3.47284698   4.45300293   4.        
 3.76171899 -2.58147407  4.19732714  2.        
-13.37260437   8.78952026   2.11206102   4.        
-3.31626105 10.20225525  4.78018188  4.        
2.47110796 1.19577003 3.35348511 2.        
 2.93501306 -2.4858551   4.07995605  2.        
 3.89280701 11.86907196  0.42056301  3.        
18.22208405  8.87733459 -5.81961107  3.        
  5.78372192 -13.11896515   5.68158007   2.        
 4.97077894 12.95697784 -2.24951196  3.        
 4.83618879 12.31858063  3.47595191  3.        
-15.82077026   7.02710676   2.19433594   4.        
 4.90382385 -9.46605682  5.65292406  2.        
11.53030396 12.46199799 -6.06985521  3.        
-6.83757019 10.5112381   0.52130097  4.        
-18.56399536   5.32741499   4.1373291    4.        
-18.27372742   5.57327986   3.60455298   4.        
-17.72811127   5.88186693   4.10723877   4.        
-4.31351519  9.94542694  0.39648399  4.        
 9.14100647 13.12936401 -4.32095289  3.        
 8.98829746 13.10826874 -1.16769397  3.        
-16.07944489   6.01412201   1.01593006   4.        
-3.70044708 10.1289444   1.93005395  4.        
 5.05727386 -6.88409424  4.64251709  2.        
11.29666138 12.86025238 -4.69848585  3.        
 7.38620806 13.04246521 -4.13528395  3.        
-15.42288971   8.1121521    3.56027198   4.        
-3.99314904 10.25193024  2.38052392  4.        
-4.94750214 10.54494476  5.7281189   4.        
-1.69680798  8.8177948   2.08581495  4.        
 9.67855835 12.8425827  -5.112854    3.        
-0.191513    8.01226807  2.58938599  2.        
 5.49449921 -8.78421021  5.16326904  2.        
 3.84406304 12.55049896 -1.74072301  3.        
 3.57869697 -3.91898298  4.90066481  2.        
-15.80873871   7.84594679   6.18737793   4.        
 4.02713823 -3.36451006  4.45965576  2.        
-14.10072327   7.46514082   0.210205     4.        
-12.04357147   8.99116516  -0.023132     4.        
0.885185   6.08282518 3.53118896 2.        
-5.44836378 10.74225616  5.41110182  4.        
-13.82569122   8.10946655   1.64160204   4.        
-8.88130188 10.30981445  3.32864404  4.        
-4.77450609  9.93130493  0.024078    4.        
-4.34988403 10.20053101  0.82476801  4.        
12.62737274 12.17264557 -6.25994921  3.        
 3.16251397 11.41292572  1.254547    3.        
 3.21661401 -3.54567695  4.23397779  2.        
 3.51914191 11.47303772  2.45446801  3.        
 8.56591797 13.19403076 -4.02749586  3.        
 7.44907379 13.18219757 -2.5189209   3.        
 4.68779802 -8.51114655  5.39343309  2.        
2.02731299 5.0908742  3.17446899 2.        
19.00859833  7.37038422 -3.63998389  3.        
11.51738739 13.02519226 -4.32693481  3.        
1.52916706 5.48078203 2.73312402 2.        
-17.37607574   6.42313385   3.12765503   4.        
11.72976685 13.09992218 -2.19754004  3.        
-16.37417603   7.31599379   5.69558716   4.        
-18.66532135   3.99582696   5.17340088   4.        
2.66132307 0.358513   4.1838069  2.        
 3.391541   -2.06758904  3.99221802  2.        
-17.71070099   5.62155914   3.77242994   4.        
14.09533691 12.18561554 -5.33828688  3.        
 6.33173418 13.10951996 -2.71020508  3.        
17.04122925 10.91557312 -1.78582799  3.        
 6.77654982 13.03684998 -1.37106299  3.        
18.95871544  8.75041962 -4.18316603  3.        
-3.01837897  8.83229828  0.892151    4.        
-15.95772552   7.19271803   6.22299194   4.        
 5.55256701 12.86919403  3.21298194  3.        
-18.73596191   4.60912323   4.77697802   4.        
-7.51662397 10.21495056  2.50451708  4.        
 2.11713409 10.05954742  1.67446899  3.        
17.96144867  8.97451019 -5.26666307  3.        
-18.54852486   4.40588379   3.50131202   4.        
1.34779406 7.6097641  2.83822608 2.        
-5.69985199 10.44195557  3.63775611  4.        
 7.20258284 13.15128326  1.35269201  3.        
14.842453   12.79364777 -0.202911    3.        
 4.22512102 -6.03452301  5.51940918  2.        
-17.43224335   6.45864916   5.51654005   4.        
-4.88227797 10.43442535  3.63031006  4.        
 5.192451   -8.26491642  6.31915283  2.        
18.68509674  7.0714488  -5.35171509  3.        
 3.87473297 12.06469727 -1.870911    3.        
1.82444799 2.99923706 3.87402296 2.        
-15.41474247   7.44445801   3.42004395   4.        
17.28632355 10.18502045 -2.0193789   3.        
15.89613342 11.00745392 -5.95352221  3.        
1.77509296 8.69619846 2.27383399 2.        
-6.10186005 10.74990082  5.24267578  4.        
2.55709791 0.62081099 3.50241089 2.        
-9.15630341  9.89256954 -0.74987799  4.        
-16.99918365   5.58205414   1.54452503   4.        
14.01793671 12.93064117 -1.91644299  3.        
12.24575806 13.17824554  1.45294201  3.        
-13.24143982   9.08673096   4.99481201   4.        
 3.75150299 -3.10558295  5.08435106  2.        
-18.01644135   4.13881683   2.29446411   4.        
 7.78298998 13.00764465 -0.58822602  3.        
 4.22598314 -5.79963684  5.12393188  2.        
-7.70812178 10.63110447  4.19555712  4.        
3.3255229  0.70037103 3.87518311 2.        
 3.71333289 -5.30912781  4.59408617  2.        
11.79493713 13.02989197 -3.49450707  3.        
-17.91549683   5.12398481   2.83175707   4.        
-8.08002472 10.36447144 -0.06723     4.        
-9.02787781 10.50022125  4.61151123  4.        
 6.75441694 12.74084473 -0.146759    3.        
 4.74181414 -8.42442322  5.91204786  2.        
-11.02343845   9.73590946   2.50738502   4.        
 3.32980394 11.35405731  3.27356005  3.        
-8.90720367 10.71128082  5.61355591  4.        
 2.33715796 11.1708374  -0.189209    3.        
 1.57543194 10.06861877  1.35614002  3.        
-10.63613892  10.09009647   5.65145922   4.        
15.14027405 11.92093658 -3.30438209  3.        
-11.54798126   9.15289307   0.606354     4.        
-17.45404053   6.28477478   4.24182081   4.        
-12.45858002   9.26081753   3.67843604   4.        
1.78328705 6.38435411 2.84252906 2.        
 2.70165992 11.18943787  2.08013892  3.        
  4.89919996 -10.29503632   5.12115479   2.        
 5.78128099 12.70669556  1.38327003  3.        
 3.43939209 11.67636108  0.22466999  3.        
-13.34372711   8.66725922   6.56332397   4.        
 3.99201202 11.83841705  3.60586596  3.        
-15.6102066    8.01429653   4.69403076   4.        
-14.26029968   8.60529327   5.71276903   4.        
13.9161377  13.17541504  0.26013201  3.        
2.54512    2.3766861  3.33248901 2.        
 4.05449677 12.32398224 -0.95471197  3.        
  4.71761322 -10.63669586   5.27334595   2.        
-10.25076294   9.93405247   2.97241211   4.        
2.04450202 2.03970289 3.30697608 2.        
1.080917   6.60331678 2.41079712 2.        
-17.24269867   5.78224182   2.74688697   4.        
  4.89811707 -12.31917572   5.57052612   2.        
 3.99279809 -6.10066223  4.94998217  2.        
11.41896057 13.28954315 -1.67700195  3.        
 7.03376818 13.19923401 -3.77026391  3.        
 3.51513696 -1.07131195  3.76022291  2.        
 5.63546705 12.76800537 -1.02990699  3.        
 4.27848816 -6.54280806  4.88110399  2.        
-9.56555939 10.01917267  3.34777808  4.        
-8.4081192  10.64393616  6.11734009  4.        
-16.94300079   6.2267909    2.08459496   4.        
-17.47451019   6.45505524   5.08407593   4.        
-10.11078644   9.80477142  -0.410339     4.        
0.034645   6.32363892 2.47656202 2.        
14.83899689 11.1579361  -6.49954224  3.        
0.85381299 7.97531891 2.60501099 2.        
 2.66969299 11.21157837 -1.22885096  3.        
12.69924164 13.28504181 -1.07943702  3.        
-15.780159     7.64395905   2.66662598   4.        
 4.04770708 -3.38156104  3.98959303  2.        
-14.41825104   7.33945513   0.64654499   4.        
1.87013996 9.58997345 1.64846802 3.        
-12.88288879   8.09938145  -0.112305     4.        
15.64322662 11.88038635 -3.31964111  3.        
 7.50557709 13.30609894  3.044312    3.        
 4.66606092 -5.15724182  4.3815918   2.        
2.94439697 1.14475298 3.22021508 2.        
-12.7564621    9.04110718   3.25311303   4.        
  5.07343292 -11.47809601   5.66333008   2.        
-8.55535889 10.17707062 -0.32681301  4.        
 7.06996918 13.37110901  2.6973269   3.        
13.23682404 13.27053833 -0.14721701  3.        
-9.22937012 10.09118652  6.28622389  4.        
 7.33117723 13.24679565  1.84256005  3.        
 2.19168091 10.69371033  2.46939111  3.        
18.62670898  8.81987762 -2.75082397  3.        
-14.87712097   8.03811646   4.36712694   4.        
 5.69667006 -9.20874786  5.51699781  2.        
-14.06554413   8.63513184   2.8127749    4.        
 3.83451104 11.61724854  2.71661401  3.        
-18.33248138   5.25469208   4.72900391   4.        
-14.18618774   7.92947388   0.91693097   4.        
 3.33618903 12.14047241 -1.28482103  3.        
0.94166601 7.93172407 2.14123511 2.        
 8.84520721 13.44877625  1.42849696  3.        
 7.00922394 12.89646053 -0.86471599  3.        
-13.68661499   9.09990692   3.96176195   4.        
16.15769196 11.70254517 -0.59204102  3.        
-14.06214142   9.04643154   4.90213013   4.        
15.14835358 11.78274536 -3.83599901  3.        
 5.26357317 12.47951508 -0.21121199  3.        
-11.65821838   9.44358826   3.69531202   4.        
-1.95815301  9.11056519  1.47897303  4.        
-14.35102844   7.59240723   1.17672706   4.        
-2.64226508  9.78923798  1.98910499  4.        
-18.62251282   4.49253893   4.24435377   4.        
 4.61134291 12.09687042  0.44824201  3.        
-9.98474121 10.28731537  6.4155879   4.        
-16.57189941   5.2062068    1.08959997   4.        
16.26291656 11.68901062 -2.3092041   3.        
1.070732   3.78375196 3.35852098 2.        
-14.92995453   7.848526     2.37237501   4.        
-9.00377655  9.99459076  2.9351809   4.        
 3.13229394 -1.49061596  4.49737597  2.        
-1.96633101  9.26912689  2.81890893  4.        
-6.06789398 10.51682281  6.07382202  4.        
 9.55104065 13.21092224 -3.06530809  3.        
-13.50500488   8.36636353   0.97042799   4.        
 8.48195744 13.13217163  0.586456    3.        
 2.51709795 10.77049255  2.95025611  3.        
 3.14679694 -2.92593408  3.82257104  2.        
-7.86235809 10.66617584  5.20303297  4.        
15.96588898 11.85475159 -2.86941504  3.        
10.82089996 13.14971161 -3.16775489  3.        
1.95107996 4.44605303 2.7285769  2.        
2.83030701 2.05846405 3.64804101 2.        
-14.78476715   8.53184509   3.77905297   4.        
15.36927795 12.15532684 -0.47158799  3.        
-13.07750702   8.33966064   0.589966     4.        
-13.10866547   9.0100174    3.47567797   4.        
-9.74885559 10.2014389   4.86047411  4.        
 2.22557092 10.7665329   1.17282104  3.        
18.78929138  8.92999268 -3.41238403  3.        
-9.57750702  9.9833374  -0.068451    4.        
 7.14714003 13.10247803 -1.78363001  3.        
17.94085693  9.68637943 -4.91677904  3.        
-0.39273801  7.50370789  3.12594604  2.        
1.93734705 9.74515533 2.25793505 3.        
-14.46488953   8.34020233   5.10028076   4.        
 7.51748705 13.05709076  0.87976098  3.        
18.25758362  9.62386322 -3.97601295  3.        
-14.73280334   7.28790998   0.91348302   4.        
 3.90199304 12.06464386 -0.49572799  3.        
-12.67782593   8.50138092   0.460388     4.        
 6.54168701 13.2390213  -3.10711694  3.        
  5.64987898 -11.61369324   5.96807909   2.        
-13.69356537   8.93687439   4.72799683   4.        
18.5148468   8.875      -4.88720703  3.        
10.11978912 13.16005707 -1.88540602  3.        
  5.42083693 -13.16375732   5.512146     2.        
1.406914   4.28169298 3.33285499 2.        
-15.14486694   8.079422     5.38382006   4.        
-16.77751923   5.74955702   1.94155896   4.        
1.21695697 7.10435486 1.88781703 2.        
 3.02253699 -1.84446704  4.75537109  2.        
-12.61789703   9.07600403   1.84106505   4.        
-17.99345398   5.52843523   5.53475904   4.        
1.96724701 3.89911604 2.7219851  2.        
18.75826454  7.58942413 -5.48101807  3.        
 4.57029009 12.08493805  0.84841901  3.        
12.20941162 13.32313538 -0.46795699  3.        
17.25803375 10.45811462 -1.41207898  3.        
 2.99867296 11.30514526  2.74301195  3.        
-15.05718994   7.32977295   1.53924596   4.        
-15.61291504   6.81330919   0.851044     4.        
15.58569336 12.1499176  -2.6182251   3.        
17.23415375  8.90584564 -6.28949022  3.        
16.34436035 11.45278168 -3.01870704  3.        
-18.84726715   4.87618303   4.30419922   4.        
  5.44109297 -11.79832458   5.36129808   2.        
16.64021301 11.0446701  -1.06048596  3.        
-15.24276733   6.44818115   0.54470801   4.        
-17.29250336   5.74095201   2.04830909   4.        
-11.98720646   9.54901886   5.00109911   4.        
-0.146843    7.49060822  1.97641003  2.        
-8.74570465 10.30712891  1.50341797  4.        
-16.26759338   7.25600386   4.0690608    4.        
-15.48530579   7.75988817   5.7810359    4.        
-18.50085449   2.92298102   4.69540405   4.        
2.15260291 0.38121    3.30279493 2.        
-4.78936005 10.37537384  2.39816308  4.        
-18.07927513   6.21041918   5.45309401   4.        
-12.84927368   9.42579746   5.72305298   4.        
-16.75421143   7.44246721   5.86611891   4.        
-15.02294159   8.61786556   5.49267578   4.        
2.22055006 4.59338379 3.22216797 2.        
 4.78810883 12.91144562 -2.60226393  3.        
-5.47029114 10.63395691  4.03317308  4.        
15.3110733  11.67312622 -5.12396193  3.        
-11.64668274   9.31691742   1.82693505   4.        
 3.53492689 -4.77066803  4.16918898  2.        
-18.06259918   4.77246904   2.71139503   4.        
-19.05639648   3.9852519    4.38513184   4.        
-6.91469622 10.82295227  5.27084303  4.        
14.35318756 12.39736176 -2.75036597  3.        
-6.39724016 10.77545166  5.90719604  4.        
-17.81008911   5.89450788   5.60626221   4.        
-10.04946136  10.05484009   4.0100708    4.        
-10.54950714  10.31038666   4.99462891   4.        
15.17611694 11.69058228 -4.53854418  3.        
13.05480194 13.32549953  0.82095301  3.        
-17.58408356   6.43448591   3.81027198   4.        
 3.10022712 -1.39693403  3.90698195  2.        
15.22060394 12.31999969 -0.127197    3.        
 3.28839111 -4.03292084  4.31759596  2.        
 6.5668788  13.07312012  1.66586304  3.        
-15.14283752   7.80401611   2.70666504   4.        
 3.85205102 11.90458679  1.74386597  3.        
 6.18138885 13.09564972 -2.04244995  3.        
-8.1112442  10.23418427  0.76345801  4.        
10.30758667 13.44646454  1.96640003  3.        
 9.56910706 13.41716766  1.09674096  3.        
-9.93018341 10.5019989   5.63940382  4.        
-15.96759796   7.49594116   4.19876099   4.        
-18.89886475   4.80168104   5.16696215   4.        
-16.81472778   7.06838179   5.38024902   4.        
-11.87872314   9.46329498   4.17190599   4.        
17.30912781 10.10463047 -5.82894897  3.        
1.25746202 9.36187744 1.57727098 2.        
-9.74506378  9.84866333  2.06326294  4.        
-13.30353546   8.42129517   1.31591797   4.        
-15.00833893   7.11817217   1.198578     4.        
-12.86758423   9.22179413   5.01129103   4.        
 2.13493395 10.94169617  0.44418299  3.        
13.36361694 12.88189697 -2.50476098  3.        
 3.09229994 11.13949585  1.98898304  3.        
 5.03907824 -7.01435089  5.02651978  2.        
13.50672913 12.47594547 -4.52511597  3.        
 4.55673981 -6.6701808   5.68829393  2.        
 4.3360672  -7.7660141   4.92309618  2.        
-6.24426985 10.51812744  0.99050897  4.        
-7.06110382 10.3457489   1.81533802  4.        
18.03092957  8.70536041 -6.12268114  3.        
 6.73072815 12.86592865  0.84356701  3.        
-11.57756042   9.23144531   1.14446998   4.        
-15.43532562   8.28272343   3.95236206   4.        
-12.18261719   9.16617584   1.34182703   4.        
-17.55522156   6.55766296   5.89605713   4.        
  6.22328901 -12.31872559   5.38275194   2.        
16.75148773 11.31008053 -2.43203712  3.        
-10.21013641  10.06713867   3.48281908   4.        
 8.48432922 13.21186066 -3.21554589  3.        
-16.28914642   7.82499695   4.40194702   4.        
 5.96088409 12.6014328  -0.27542099  3.        
1.75434899 6.20153809 2.33315992 2.        
17.28269958 10.82589722 -2.34646606  3.        
-5.82327318 10.42024231  2.79070997  4.        
1.58062005 2.55820489 3.41921997 2.        
-11.6717453    9.77000427   6.30160522   4.        
 3.54171705 11.71060181  3.14859009  3.        
12.91680908 12.57368469 -4.86486816  3.        
-18.2226944    3.5428009    2.82351708   4.        
12.80888367 12.84050846 -4.25705004  3.        
  5.7424469  -12.65263367   5.68789721   2.        
 6.93669891 12.92214966  0.50781202  3.        
-16.43720245   6.42073107   1.503021     4.        
-3.80202508 10.30869293  2.86181593  4.        
 4.20974684 -3.427742    4.91906691  2.        
10.08035278 13.31002045  0.490906    3.        
-10.89159393   9.77122498   3.12005591   4.        
-7.72955322 10.32704926  6.45721388  4.        
 4.62188721 -6.54464722  5.29476881  2.        
2.30013299 2.99224091 3.71990991 2.        
-13.22587585   8.29472256   0.17395      4.        
 5.31459093 -8.25802612  5.22994995  2.        
-0.61706501  7.78623199  2.63464403  2.        
 3.56871796 12.14311218 -0.96630901  3.        
-18.47264099   5.57691193   5.34320116   4.        
-14.63420868   8.81811523   5.20407104   4.        
17.63556671 10.39280701 -3.93441796  3.        
18.27676392  9.08747864 -3.10836792  3.        
0.41446701 6.30692291 2.97924805 2.        
 4.4335022  -8.24435425  4.95834303  2.        
-13.45405579   8.92645264   2.962677     4.        
-16.72224426   6.71662903   2.45446801   4.        
-4.33496094 10.47972107  5.41986084  4.        
13.41657257 12.47747803 -5.24612379  3.        
  4.90210676 -10.61231995   6.32058716   2.        
-1.26798296  9.16545105  2.7250371   4.        
 2.55315399 -1.135849    3.92898607  2.        
-1.54525805  9.0174942   1.53601098  4.        
17.74762726 10.31934357 -2.69467211  3.        
10.4181366  13.45639801  1.04647803  3.        
-0.70255297  8.78127289  2.63305712  2.        
 4.25652313 -7.16557312  4.60900879  2.        
2.03005195 2.85884094 3.07247901 2.        
 8.92958069 13.09160614 -1.56124902  3.        
0.90742499 5.16173506 3.04888892 2.        
11.28926754 13.412117    1.56484997  3.        
1.1437     4.84925795 2.55218506 2.        
 8.19164276 13.41121674  1.81668103  3.        
-5.63176012 10.27819061  5.58538818  4.        
-10.52039337  10.06244659   4.67398119   4.        
17.94103241  9.35938263 -5.52313185  3.        
  5.76956892 -10.87827301   5.66082811   2.        
-7.59139299 10.41390991  0.64910901  4.        
 4.78788805 12.84753418 -1.91320801  3.        
-5.21536303  9.96310425 -0.15933201  4.        
  4.95674896 -11.16499329   5.40341187   2.        
11.48090363 13.37963867 -0.19284099  3.        
13.54551697 13.28253937  0.57440197  3.        
-4.00143385  9.72173309  0.33444199  4.        
-10.07488346   9.41828918  -0.431427     4.        
-17.36161804   6.13562822   2.5935359    4.        
13.13585663 12.41867065 -5.63409424  3.        
1.82015204 9.99812317 1.01068103 3.        
-7.29990387 10.82113647  5.13964796  4.        
 2.19717407 -2.09135389  3.92025805  2.        
-17.74546814   5.34963179   3.17172194   4.        
18.43479919  9.59114838 -3.35833693  3.        
-6.43242693 10.36869812  3.16082811  4.        
 5.29740906 -8.60525513  6.16793823  2.        
3.26548791e+00 2.11300002e-03 4.06985521e+00 2.00000000e+00
-18.0450592    4.99457502   3.2115171    4.        
14.89073944 12.38082123 -0.33065799  3.        
 4.53162384 -7.43536377  5.84707594  2.        
-12.45198822   9.08785343   2.62023902   4.        
14.24127197 12.17067719 -4.29818678  3.        
-16.90823364   6.67775679   3.78073096   4.        
 4.12114716 12.62361908 -2.34603906  3.        
18.45665741  6.68887281 -4.977386    3.        
0.55610698 7.58256483 2.71441698 2.        
-14.43228912   8.35236359   3.51965308   4.        
 3.53901696 -2.74641395  4.74200392  2.        
-13.78874207   8.06296539   0.56195098   4.        
13.30625916 11.89550018 -6.45223999  3.        
12.46353912 12.94727325 -2.60531592  3.        
 5.09068298 -8.91897583  5.7434392   2.        
 3.77258301 -1.89347804  3.76690698  2.        
1.11726403 4.67024183 3.46273804 2.        
11.91197205 12.9787674  -3.12417603  3.        
15.81303406 11.43510437 -3.78991699  3.        
 8.11274719 13.48608398  2.47711205  3.        
  5.73451185 -11.99227142   5.86276197   2.        
 3.25412011 11.45569611  0.88375902  3.        
 4.45522308 -5.64580488  4.54663086  2.        
17.10555267  9.6548233  -6.29849195  3.        
-10.18415833  10.295784     5.84060717   4.        
18.94786835  8.22444057 -4.87210083  3.        
 6.2853241  13.28290558  2.99462891  3.        
-6.58857012 10.80709076  5.00720215  4.        
-6.10944414 10.22303009 -0.42327899  4.        
 4.63073015 -5.11123705  5.06362915  2.        
 5.16573286 12.38767242  0.91781598  3.        
 6.39349413 12.71468353  0.139893    3.        
16.19717407  9.95781708 -6.70819092  3.        
-18.17860413   5.92390394   4.07302904   4.        
10.3000412  12.56511688 -5.53317308  3.        
13.11817169 12.94080353 -2.04495192  3.        
-11.04983521   9.18052673  -0.64123499   4.        
14.15122986 12.26759338 -4.91775513  3.        
-4.0801239   9.32820129  0.18335     4.        
 4.15823412 12.57411957 -1.96972704  3.        
1.12435901 6.44632721 3.028198   2.        
  5.45747423 -10.17661953   5.93316603   2.        
12.39085388 13.34947968  0.018402    3.        
13.64546967 13.28770447 -0.38867199  3.        
-7.08273315 10.55388641  6.01269484  4.        
14.43872833 11.37966919 -6.51666307  3.        
1.96093798 0.77873999 3.37231398 2.        
-13.54847717   7.87101698  -0.16442899   4.        
15.67826843 10.14723969 -6.35253906  3.        
17.88417053 10.03753662 -4.25106812  3.        
 9.39510345 13.21930695 -2.30786109  3.        
10.98345947 13.12708282 -1.90460205  3.        
 2.57331896 10.67764282  2.58764601  3.        
10.74572754 12.45088196 -5.83337402  3.        
14.16700745 13.07376862  0.57824701  3.        
-7.23587799 10.61135864  4.68606615  4.        
-1.09173203e+01  9.55477142e+00  1.98399997e-03  4.00000000e+00
12.90995026 13.07090759  1.15872204  3.        
 1.97483099 10.08868408  2.10531592  3.        
1.40781403 8.27735901 2.70758104 2.        
-11.24243927   9.60205841   3.71774292   4.        
-7.1823349  10.34868622  2.62075806  4.        
 4.241539   11.90996647  2.91015601  3.        
 4.80700684 -6.21910095  4.7373662   2.        
1.33326006 3.07737708 3.04159594 2.        
18.49252319  7.80673981 -5.77694702  3.        
14.72163391 11.96990204 -5.22015381  3.        
18.22839355  8.19507599 -6.17947388  3.        
11.1153717  13.31443024 -1.16311705  3.        
  5.26167297 -12.99783325   5.88516188   2.        
-0.19441199  6.81702423  2.44436693  2.        
2.63485003 1.98938799 3.25515795 2.        
15.8093338  11.36842346 -4.60620117  3.        
-11.48415375   9.29727173  -0.077942     4.        
12.64604187 12.81247711 -3.24542189  3.        
-11.02101135   9.63409424   1.11291504   4.        
 4.58643293 -7.78611803  5.57214403  2.        
-17.82876587   5.94584703   3.1968081    4.        
 7.17301893 13.10166168 -2.8344419   3.        
-10.20233154   9.72703457   6.25213623   4.        
-4.8165741  10.4492569   5.38937378  4.        
 5.61834717 12.93016815  2.49774194  3.        
 4.88860321 -8.98630524  5.10491896  2.        
-16.39123535   6.79447222   2.80081201   4.        
-1.77197301  9.61008358  2.840729    4.        
-13.46898746   8.64768982   2.67867994   4.        
-2.92315698  9.20817566  0.92025799  4.        
 2.95480394 -1.84924304  4.38205004  2.        
 8.07539368 13.1569519  -0.119843    3.        
-10.11782837  10.30905914   4.50262403   4.        
-5.85214996 10.76526642  4.727386    4.        
 9.03315735 13.37123108  1.06195104  3.        
-10.73065186   9.76641941   1.74881005   4.        
 5.11940002 -6.15447187  5.29254103  2.        
-13.93345642   8.90526581   3.71832299   4.        
 5.82418108 13.00204468  2.95861793  3.        
-16.64111328   7.23449707   4.41009521   4.        
2.12789202 2.2953341  3.8027041  2.        
-4.61695099 10.76579285  5.1280818   4.        
-1.34886897  8.20504761  2.28411889  4.        
 7.43598223 13.02343845 -4.53530884  3.        
-13.5970459    8.83708858   5.73208618   4.        
13.5594101  12.89517212  0.48950201  3.        
-15.05486298   8.06948853   3.59158301   4.        
-0.51164198  7.31161499  2.52002001  2.        
 8.90702057 13.2436676   0.59674102  3.        
1.43665302 6.4177022  2.71524096 2.        
17.25760651 10.86942291 -2.85818505  3.        
-15.75610447   6.49025011   1.27850294   4.        
-17.3581543    7.08036804   5.22610521   4.        
1.63195801 1.42766595 3.50863695 2.        
-18.56513214   4.53862      2.97134399   4.        
 5.47770691 12.78446198 -3.17169189  3.        
 4.67375994 -5.80596209  4.79892015  2.        
-8.44036865 10.37016296  3.31787109  4.        
 5.41715193 -9.89408875  5.16641188  2.        
 5.1674118  -8.56597137  5.82418823  2.        
-3.10528588 10.03637695  4.24099684  4.        
 4.10215807 -4.04226685  4.31466722  2.        
-7.52822113 10.6991272   5.74542189  4.        
-13.6612854    7.29897308   0.230377     4.        
-16.70917511   5.70529222   1.351807     4.        
-17.66496277   5.00000811   2.0753479    4.        
 7.39655304 13.00542355 -0.31411701  3.        
 3.75293708 -4.61052704  4.92755079  2.        
 3.80371094 -5.85405016  4.63900805  2.        
 4.75688219 -8.87654877  5.47348022  2.        
-2.65630293 10.19490814  3.60519409  4.        
-14.80095673   8.10929871   5.78546095   4.        
1.64827704 4.22175598 2.86135888 2.        
-9.80059814  9.91712189  0.216309    4.        
  5.08290911 -10.59442139   5.27706909   2.        
14.26606846 12.97724247 -0.73114002  3.        
11.18309021 12.21717834 -5.58898878  3.        
-7.82755995 10.3055954   3.5310061   4.        
-18.27018738   4.00816393   2.73034692   4.        
-18.44746399   3.41448212   3.36642504   4.        
 2.67797899 10.84591675  1.952209    3.        
 4.62583208 12.3128891  -0.28784201  3.        
-17.97796631   6.00770617   4.8125       4.        
  5.81799316 -11.03369141   5.31820679   2.        
2.4108429  0.84800702 3.99493408 2.        
-0.62848699  8.066185    1.82473695  2.        
-18.07676697   5.07363892   5.81564283   4.        
18.92980957  6.97875214 -4.91815186  3.        
-17.15721893   5.20738983   1.63439906   4.        
-8.02001953 10.21108246  2.00711107  4.        
 2.47918701 -1.65348804  4.1812129   2.        
-1.793419    9.38828278  2.12051392  4.        
-13.44458771   7.52095795  -0.14862099   4.        
-14.34833527   6.89238024   0.076538     4.        
-18.8075943    4.36985016   3.24621606   4.        
 2.93013    11.05420685  2.35177588  3.        
 8.53436279 12.97546387 -4.83624315  3.        
 8.162323   13.01643372 -4.42993212  3.        
-18.3542099    5.33479309   3.21563697   4.        
-12.49517822   9.19761658   6.25167799   4.        
-15.3225708    7.49534607   2.26138306   4.        
0.78575897 5.75870514 3.05367994 2.        
-14.48078918   8.45957184   3.10070801   4.        
-7.04296112 10.57849121  0.078003    4.        
-11.91419983   9.24833679   6.1000371    4.        
-12.80383301   8.72489929   1.68008399   4.        
18.29554749  8.59661102 -5.52334595  3.        
-5.29593706 10.73929596  4.6557622   4.        
-5.97138214 10.24800873  5.763062    4.        
-8.63168335 10.42997742  3.72970605  4.        
12.84470367 13.24344635 -0.518646    3.        
1.54519701 5.28012896 3.23446703 2.        
-8.14862823 10.68036747  5.83904982  4.        
1.12283301 6.84040785 2.97894311 2.        
 2.72892809 11.12741089  1.21615601  3.        
-3.56955004  9.12783813  0.709198    4.        
11.85342407 12.44039917 -5.79516602  3.        
 2.89446998 -0.72094703  4.67419386  2.        
-12.08625031   9.15996647   2.10220289   4.        
 4.050179   -1.87470996  4.53237915  2.        
 3.41544294 -0.963669    4.50311279  2.        
12.46936035 12.97916412 -3.81146193  3.        
16.15022278 11.47888947 -1.03958094  3.        
-10.69152069   9.25123596  -0.458527     4.        
-13.91964722   8.51525879   2.15026903   4.        
-0.93309802  8.2846384   2.21093798  2.        
-0.109253    7.28522491  2.3101809   2.        
 5.23023987 -9.17735291  5.22427416  2.        
1.69879901 8.19420624 2.45846605 2.        
-2.57691193  9.30675507  1.22863805  4.        
-9.5185318  10.20581818  4.52710009  4.        
-2.07077003  9.50619507  1.75732398  4.        
1.24284399 5.73022509 2.56436205 2.        
-6.05590105 10.50090027  2.037323    4.        
-17.22107697   6.69329786   4.78277588   4.        
-17.41537476   5.97952986   3.17855811   4.        
1.57962799 3.25225806 3.462677   2.        
-15.45399475   8.06463623   5.591187     4.        
-12.77700806   8.95724487   2.8565979    4.        
-9.46065521 10.54465485  5.29034424  4.        
14.77516174 12.02365112 -3.30050707  3.        
 4.87394714 -7.91973877  5.77395582  2.        
-7.59720612 10.52790833  4.52154493  4.        
-7.265625   10.38655853  3.06909204  4.        
 8.00254059 13.12220764 -1.73803699  3.        
1.54456306 7.82006121 2.28906202 2.        
-12.94072723   8.58178711   1.32913196   4.        
-5.66384888 10.2794342  -0.07486     4.        
 3.5382309  -1.43405199  4.00116014  2.        
-14.0867691    8.57898045   6.34664917   4.        
 3.179878   -2.76591492  4.84802198  2.        
15.22827053 12.15815735 -2.64843798  3.        
-2.17491889  9.64568329  2.47015405  4.        
-14.49679565   8.384552     5.9559021    4.        
 5.1084671  13.00839233 -3.2528379   3.        
-5.13267517 10.63729858  5.27877808  4.        
-16.79830742   6.12377214   2.52407789   4.        
-18.74934387   3.11078596   4.19824219   4.        
18.78224945  8.46286011 -3.88699293  3.        
 9.46885681 13.19039917 -1.83593798  3.        
-18.30063629   5.1864171    5.34768677   4.        
14.55737305 11.79954529 -5.487854    3.        
-11.80601501   9.81403446   5.61444092   4.        
 2.59120893 10.93673706 -0.725555    3.        
-11.4512558    9.38806057   3.05242896   4.        
-17.21612549   7.07718706   5.86999512   4.        
 4.42659807 -4.92660522  4.52047682  2.        
 8.37033844 13.19963837  2.41424608  3.        
-18.22941589   5.24365187   4.3216548    4.        
-9.41401672 10.11449432  1.32644701  4.        
-17.86521149   6.46242523   4.47732496   4.        
-6.58429718 10.25902557  2.80938697  4.        
 8.04982758 13.22898865 -2.13311791  3.        
 5.20999908 -7.22866106  4.55798292  2.        
 6.77755022 12.9543457   2.83712792  3.        
 4.41406202 -4.49829912  4.4909668   2.        
12.32634735 13.40589142  0.81683302  3.        
-9.82420254 10.00815582  2.6595149   4.        
2.37140703 3.14434099 3.29003906 2.        
 3.09796906 -0.61614197  3.52179003  2.        
-12.15455627   8.4208746   -0.463043     4.        
-11.225914     9.87677002   4.11010695   4.        
-11.94726562   9.5958252    3.44692993   4.        
-19.06136322   4.31012678   4.0135498    4.        
13.88018799 11.35144043 -6.31246901  3.        
-7.55995893 10.43449402  1.22424304  4.        
18.2355423   9.11461639 -5.55639601  3.        
-13.04004669   7.69799805  -0.243073     4.        
-5.44631195 10.29919434  2.79122901  4.        
  5.89466095 -13.66323471   5.56713915   2.        
 3.46668196 -2.06828308  4.74542189  2.        
 6.33112288 12.95397186  3.30304003  3.        
-12.77345276   8.79213715   1.01635695   4.        
-0.416527    7.66496277  2.12558007  2.        
 3.5598371  -4.41284895  4.57626295  2.        
13.20288086 12.15791321 -6.1690979   3.        
 4.07111406 -4.45291901  4.34197998  2.        
-17.93611145   5.83986712   5.93188477   4.        
 6.59890795 12.72914124 -0.57626301  3.        
-16.50204468   7.37281799   4.7588501    4.        
 3.52290297 11.78247833  2.70163012  3.        
 4.93132782 -9.94716644  5.05541992  2.        
-6.64000702 10.47055817  5.87875414  4.        
1.03923798 4.30199385 2.79495192 2.        
 5.18289995 -7.50102997  5.306427    2.        
-5.2962718  10.38276672  2.15148902  4.        
-2.60869598  9.60919189  1.49691796  4.        
  5.10253096 -11.91168976   5.2311101    2.        
 6.34586287 12.66535187  0.76239002  3.        
-9.23395538 10.30984497  3.49456811  4.        
-2.44921088  9.63053894  3.3127141   4.        
 6.36012316 13.10548401 -3.99279809  3.        
-4.73429918 10.2671814   2.77172899  4.        
 5.38742781 -9.51289368  5.16711378  2.        
1.57482898 4.13511705 3.64147902 2.        
15.29605103 12.57355499 -0.76763898  3.        
 2.35994697 10.8276062   1.49191296  3.        
 3.04625702 -2.16619897  4.52670288  2.        
10.28739929 13.03298187 -4.46044922  3.        
-12.53182983   8.4861908    0.097412     4.        
-7.94078112 10.15284729 -0.66018701  4.        
10.82597446 12.86273193 -4.85327101  3.        
 2.57977295 -0.056801    3.704041    2.        
13.14661407 12.6786499  -3.84497094  3.        
13.76730347 13.10551453 -1.20107996  3.        
 5.44606781 -8.5821228   5.55978394  2.        
12.78183746 13.43561554  0.631073    3.        
1.99253094 1.97653997 3.75192308 2.        
18.26276398  7.12030792 -5.71017504  3.        
 1.71315002 10.48383331  0.62738001  3.        
-12.54627991   9.48956299   4.34677076   4.        
 2.337708   10.45944214  1.79287696  3.        
0.482445   6.84103394 2.89782691 2.        
-15.12342834   7.60871887   6.10028076   4.        
-4.2457118  10.54745483  3.98880005  4.        
-15.1183548    8.3364563    5.05868483   4.        
2.24977112 0.107239   3.7780149  2.        
