17.24489594 10.77961731 -6.88296509  3.        
-21.88492584   7.23391724   4.81881714   4.        
  4.37654877 -13.86116028   7.40408278   2.        
-1.05694604 11.03647614  3.84344506  2.        
 3.40875196 -1.14823902  4.89755201  2.        
11.00636292 13.97989655  3.21084595  3.        
-12.36729431  12.92964172  -0.26589999   4.        
-8.61219025 13.66176605  7.79095507  4.        
 9.55628967 13.70397186 -4.92727709  3.        
-16.16683197  11.89033508   7.33712816   4.        
21.40228271  4.5149312  -6.30789185  3.        
17.53716278 12.3073349   0.21264599  3.        
4.61102295e+00 1.27079544e+01 5.09600015e-03 3.00000000e+00
1.97277105 5.15833282 3.51025391 2.        
 2.97541094 -7.61073303  6.06146193  2.        
-5.9963069  13.20017242  0.42721599  4.        
-17.79694366  10.09495544   1.06164598   4.        
20.67138672  8.55865479 -2.6000371   3.        
14.28835297 12.92285156 -3.450073    3.        
-12.1936264   13.08184814   4.57632494   4.        
-4.22939301 12.98874664  6.54470778  4.        
 6.55664778 13.06415558  4.13745117  3.        
3.03955793 9.75861359 3.04620409 2.        
 9.01782227 13.38098907 -0.597565    3.        
-19.4653244   10.59602356   4.98257494   4.        
-8.27443695 13.32038879  3.73031592  4.        
19.7011261   7.74253082 -7.8843379   3.        
13.76126099 13.32855225  0.46273801  3.        
-15.71600342  12.1504364    3.46575904   4.        
17.9962616  11.21067047 -3.29049706  3.        
13.73345947 12.4753952  -7.02429199  3.        
  5.09815979 -10.44030762   6.87228394   2.        
1.69666302 2.09692407 5.23800707 2.        
 6.31267595 13.73487854 -2.90142798  3.        
-12.62986755  12.69303894   7.991364     4.        
 3.54806495 -4.52767897  4.47598314  2.        
-3.99552202 12.67958832  3.11560106  4.        
0.017372   7.88312483 3.65869093 2.        
-9.22873688 13.56555176  0.38632199  4.        
-20.25884247   8.3395462    2.23864698   4.        
-15.17050934  11.71500397   0.215942     4.        
19.51255035  9.4288559  -5.31231689  3.        
11.74974823 13.44158173 -1.87771595  3.        
21.56668091  7.16664886 -5.06884813  3.        
 8.42596436 13.59583282  2.11743212  3.        
 4.25213623 12.17739105  2.69268799  3.        
-11.08823395  13.0812149    2.18261695   4.        
-6.73353577 13.33873653  5.8946228   4.        
12.13440704 13.34275055 -5.01742506  3.        
19.38736725 10.52114868 -1.22714198  3.        
-13.58319855  12.55351257   2.07305908   4.        
-14.47431946  12.70549774   5.64553785   4.        
-3.8280561  11.80644226  0.75351     4.        
15.71343994 12.09342194 -5.38879395  3.        
11.28353119 13.60198975  0.72494501  3.        
-9.94971466 13.46138763  5.61297607  4.        
 2.96440911 -4.6938858   6.89343309  2.        
 1.65722704 -2.91086602  4.73083496  2.        
16.13664246 12.46228027 -1.83816504  3.        
-20.7252655    8.80883026   6.33575392   4.        
  4.59031677 -12.52848053   5.34020996   2.        
-18.43489075  10.4419632    7.19766188   4.        
-17.8144455   10.99855042   3.31085205   4.        
 6.89115095 13.13729858  0.38855001  3.        
2.30141401 7.54024506 3.28869605 2.        
 8.63485718 13.8818512  -2.82376099  3.        
-2.67414904 11.81278992  5.34939623  4.        
-6.17655182 13.1818924   2.80084205  4.        
-17.0952301   11.82169342   5.31356812   4.        
-20.91539764   9.1709137    4.17230177   4.        
1.88796198 0.207497   4.09976196 2.        
 2.72412109 11.14054108  1.40536499  3.        
18.1100769   9.16292572 -7.97061205  3.        
-2.1584239  11.18138885  2.03360009  4.        
-10.77485657  13.64173126   7.54867506   4.        
 3.65825605 -9.55485535  5.60842896  2.        
15.63648224 12.95098114  1.32870495  3.        
13.10426331 13.56220245  2.41528296  3.        
21.01951599  6.47139692 -6.92932081  3.        
2.22879791 3.10722303 3.55197096 2.        
13.70330048 13.28152466 -1.52914405  3.        
15.39141083 11.40964508 -7.30236816  3.        
-16.38461304  11.32099915   1.73849499   4.        
  3.35772705 -11.43685913   6.42611694   2.        
 4.62317705 -6.57180023  5.78994799  2.        
-5.15282393 12.93359375  4.8057251   4.        
-19.44839668  10.02449036   2.81979394   4.        
 6.12223816 12.95523834  2.23452806  3.        
-7.66846514 13.55082703  1.56198096  4.        
19.6073761  10.14163208 -3.13336205  3.        
 3.5707469  -2.99916101  5.65725708  2.        
-0.373283    9.60843658  2.77578712  2.        
18.05280304 10.65610504 -5.15963697  3.        
 4.43642378 -8.49811554  6.95114088  2.        
 4.93408203 13.13699341 -1.79437304  3.        
-14.3837204   12.0635376    7.85699511   4.        
18.04061127 11.83557892 -1.51889002  3.        
10.97310638 13.64170837 -3.549927    3.        
20.44851685  8.10748291 -6.24038696  3.        
16.28845978 12.01866913 -3.64910889  3.        
-13.89217377  12.4786377    3.86682105   4.        
-10.2917099   13.0778656    3.87914991   4.        
 7.36621094 13.56053925 -1.44213903  3.        
1.275635   6.63095093 4.45831299 2.        
-12.82229614  13.13890839   6.259552     4.        
13.89093781 12.84672546 -5.27801514  3.        
-9.31394196 13.28492737  2.259552    4.        
21.65441895  5.43444777 -4.65661621  3.        
 9.24053192 13.92906189  3.66412401  3.        
1.32600403 9.1736908  3.05917406 2.        
-6.88748884 13.06417847  7.63864088  4.        
 3.03344703 -5.81623793  5.54089403  2.        
20.53967285  8.41172028 -4.37405396  3.        
-2.49159193 12.00647736  3.61334205  4.        
15.15857697 12.93958282 -0.51623499  3.        
10.07202053 13.64007568 -1.99859595  3.        
-21.12010956   7.24182892   3.14755297   4.        
 1.74969494 -1.036659    5.19390917  2.        
1.55362701 3.96015191 4.80795288 2.        
-4.82710981 12.97763062  1.58471704  4.        
2.99481201 1.81030297 4.24841309 2.        
-10.87191772  13.36264801   0.325775     4.        
  4.26499224 -11.77571869   7.74484205   2.        
-8.35361481 13.43538666  5.97253418  4.        
 9.6764679  13.51194     0.90447998  3.        
19.19637299  8.91898346 -6.82287598  3.        
-13.75488281  12.43698883   0.33203101   4.        
21.35536957  7.37564087 -3.4065249   3.        
12.76319122 13.37340546 -3.09289598  3.        
12.47160339 13.45310211 -0.44058201  3.        
-19.04412079   9.20439053   1.53201306   4.        
2.614151   0.39985701 5.48593092 2.        
-6.76282501 13.14311218  4.33587694  4.        
 3.29783607 -9.52199459  7.15505981  2.        
-12.39337921  13.06023407   3.00512695   4.        
-19.61759949   9.88878632   6.37661695   4.        
 4.11167097 -4.50878906  5.89267015  2.        
-7.76799011 13.45728302 -0.03656     4.        
-15.00136566  12.00120544   2.12786889   4.        
  4.25895691 -13.97220612   5.90292406   2.        
-12.26705933  12.93656158   1.25186205   4.        
 5.33058214 12.21525574  3.91339111  3.        
10.62597656 13.5214386  -0.609375    3.        
 3.43721795 11.20870209  3.47366309  3.        
 4.42878008 -8.33865356  5.25570679  2.        
-5.50957489 13.39199066  7.21963501  4.        
 7.79319    13.73574066  3.44012499  3.        
 3.76002502 12.16059875  1.07516503  3.        
-18.33285522  11.24393463   5.86346388   4.        
-3.73125505 12.61598969  4.63610792  4.        
-11.36427307  13.28401947   6.22650194   4.        
 6.03308105 13.31730747 -0.84771699  3.        
-16.74629974  10.82582855   0.357544     4.        
-15.70030975  12.01418304   4.92550707   4.        
0.66359699 6.6218338  3.15212989 2.        
12.56730747 13.01068115 -6.33483887  3.        
16.93942451 11.50023746 -4.87881517  3.        
 2.79045892 -1.85372901  5.98883104  2.        
18.49146271 10.09791565 -6.38513184  3.        
  3.97961402 -12.73066711   6.66140795   2.        
 9.81488037 13.91975403  2.24603295  3.        
-3.28163195 12.06363678  2.07446289  4.        
10.83592987 13.50267792 -5.5186162   3.        
 3.42108202 -6.50053406  6.78106689  2.        
 2.56694007 -3.89604998  5.2408452   2.        
 7.53466797 13.88047028 -3.67074609  3.        
 8.33474731 13.26908112  0.65566999  3.        
1.72923994 1.63162994 3.71679711 2.        
 5.15528917 12.59005737  1.31716895  3.        
-17.35152435  11.36193085   6.86242723   4.        
12.61885834 13.63162994  1.14096105  3.        
14.26927853 13.36386871  1.717834    3.        
17.18118286 11.99346924 -2.55444288  3.        
14.8822403  12.88327026 -2.09457397  3.        
20.03279877  9.49911499 -1.90359497  3.        
-18.24674225  10.94685364   4.56918287   4.        
-21.4545517    8.57051086   5.22839403   4.        
-16.87495422  11.71929932   4.01303101   4.        
16.28634644 12.83395386  0.183319    3.        
-20.5691433    9.70472717   5.32607985   4.        
21.61118317  5.89933777 -5.90060377  3.        
11.81720734 13.89211273  2.14749193  3.        
-15.69364929  12.35428619   6.19100904   4.        
-9.60507202 13.72394562  6.84484911  4.        
-0.057312    9.15605164  3.95648193  2.        
  4.64902496 -11.60339355   6.44583082   2.        
14.86588287 12.24744415 -6.42340088  3.        
 2.39419603 10.83774567  2.70947289  3.        
19.00418854 10.25731659 -4.36630201  3.        
 3.79145789 11.0032196   2.13595605  3.        
1.45655799 8.46414948 4.12933397 2.        
-18.43515778  10.52629948   2.19958496   4.        
18.784729   11.11042023 -2.27911401  3.        
-2.22480011 10.80058289  3.29247999  4.        
0.53682703 8.46651459 2.34927392 2.        
-13.65294647  12.91327667   7.18689013   4.        
15.24742889 12.460495   -4.21643114  3.        
16.35539246 11.53794861 -6.32592821  3.        
-5.16379499 12.92764282  3.54266405  4.        
-13.32409668  12.8883667    5.10244799   4.        
 7.22720289 13.24014282  1.70343006  3.        
1.29022205 4.01533508 3.57974195 2.        
1.44809699 5.37709093 4.63131714 2.        
-21.68375397   8.21102142   3.92520094   4.        
 2.78070807 -2.2948761   4.81512403  2.        
-11.01247406  13.14756775   5.03933716   4.        
16.92989159 12.47971344 -0.87905902  3.        
-1.16690803 10.70766354  2.61291504  4.        
-7.39408922 13.37577057  2.84924293  4.        
-4.78515577 12.51761627  0.43881199  4.        
-19.97412872   9.95632935   4.04180908   4.        
 9.80076599 13.78476048 -3.20193505  3.        
-9.09161377 13.27274323  4.75311279  4.        
-10.19049835  13.3935318    1.42355299   4.        
16.40062714 10.77467346 -7.75692701  3.        
13.12908936 13.22903442 -4.331604    3.        
2.46103692 8.72866058 3.45843506 2.        
-20.46063232   9.24034119   3.01986694   4.        
-5.48167419 13.15485382  5.94503784  4.        
-7.85230303 13.24795532  4.89181519  4.        
-11.94081116  13.41607666   7.27676392   4.        
20.04238892  9.4678421  -4.07766724  3.        
 8.68994141 13.75895691 -4.09689283  3.        
 4.1761632  12.35528564 -1.054901    3.        
  4.12399292 -10.56145477   6.14227295   2.        
-6.11251116 13.40868378  1.59417701  4.        
-3.37638092 12.6690979   5.77276611  4.        
-16.62217712  11.71594238   2.83688307   4.        
 4.14073181 -7.64494324  6.1963501   2.        
 5.72218323 12.93422699  0.303314    3.        
18.62854004 11.38782501 -0.61206102  3.        
20.72524261  5.3446269  -6.94229078  3.        
2.58147407 4.17139387 3.84371996 2.        
  3.76449609 -10.78600311   7.41802979   2.        
1.11623394 7.74539185 3.04193091 2.        
1.88379705 6.40813494 3.50152612 2.        
15.34295654 12.40633392 -3.032166    3.        
-1.840675   11.59120178  4.47161913  4.        
 8.48592377 13.67095184 -1.706177    3.        
-18.94930458  10.60359192   3.67483497   4.        
-7.49086809 13.46868134  6.75414991  4.        
-11.41716003  13.14015961   3.69818091   4.        
17.31952858  9.93617153 -7.69576979  3.        
-14.7607193   12.51576233   6.82180786   4.        
 4.54566193 -9.48581696  6.40066481  2.        
 2.84446001 -0.41923499  4.23940992  2.        
 7.89476824 13.40422058 -0.45397899  3.        
1.94251299 1.078758   4.8215642  2.        
21.62957764  6.48172808 -4.17810106  3.        
 3.77928901 11.95989227 -0.068787    3.        
 7.55581713 13.84001923 -2.52673292  3.        
 2.49340796 -6.59555817  6.16183519  2.        
-17.39134979  10.9156723    2.13058496   4.        
 3.56868696 -8.64566803  6.24179077  2.        
-9.3416748  13.34695435  3.37008691  4.        
20.57034302  7.46897888 -7.13513184  3.        
 3.65976691 -6.83294678  5.31845093  2.        
-14.43515015  12.32010746   1.24035597   4.        
10.81403446 13.90034485  1.713135    3.        
 3.24482012 -3.81392694  6.30700684  2.        
 3.22415209 11.93203735  2.06793189  3.        
-14.99399567  12.4653244    4.22842407   4.        
 5.276299   12.68287659  2.86560106  3.        
 4.04189301 -5.71863604  6.13861084  2.        
2.00814104 9.82978821 2.52380395 2.        
21.01951599  7.19178009 -6.11230516  3.        
1.60739899 2.79367089 4.38348389 2.        
0.84738898 5.81533003 3.8495791  2.        
 2.57386804 -4.91041613  5.91354418  2.        
2.6531601  3.22172499 4.53295898 2.        
-14.58860016  12.50498199   3.05059791   4.        
-0.317444   10.27871704  3.669312    2.        
18.82154083  8.40737915 -7.68286085  3.        
 6.26122999 13.66265869 -1.83087206  3.        
14.81761932 13.24280453  0.57284498  3.        
12.13999939 13.45053864 -3.95217896  3.        
-10.23127747  13.14442444   2.82302904   4.        
17.21980476 11.07369232 -5.80734205  3.        
 7.00485992 13.36924744  2.83676195  3.        
20.91187286  8.03778839 -5.29199219  3.        
-6.89785004 13.58982086  0.838745    4.        
-9.79688263 13.53565979  7.92977905  4.        
13.62927246 13.08029175 -2.56134009  3.        
20.25971985  6.5957489  -7.64788818  3.        
-21.04666901   8.302948     2.927948     4.        
14.16841125 13.25736237 -0.54824799  3.        
 3.41523695 -3.0204699   4.42401123  2.        
 6.28082323 12.93780518  1.20962501  3.        
-15.48103333  11.68844604   1.26425195   4.        
2.58580804 0.958588   3.82943702 2.        
-8.67689514 13.40019989  1.40182495  4.        
11.20120239 13.67419434 -4.55520582  3.        
 2.14502692 -1.33313     4.29382277  2.        
19.97186279  8.44573975 -5.25784302  3.        
-16.62815857  11.98383331   6.34252882   4.        
 3.71572089 -1.93051898  5.46041918  2.        
17.13896751 11.49930573 -3.79092407  3.        
-6.06496382 13.20581818  5.12527514  4.        
21.2093277   4.67680407 -5.33654785  3.        
12.71364594 13.39344788 -1.62469494  3.        
10.92566681 13.66310883 -2.51367211  3.        
-4.86752319 12.96587372  2.57873511  4.        
-12.98164368  12.87451935   3.89096093   4.        
-19.63813019   9.17263031   2.3465271    4.        
20.13596344  9.28118134 -3.10894799  3.        
-15.73138428  10.99269104   0.60510302   4.        
-3.06861901 11.26634979  1.52896094  4.        
-19.17014313  10.74088287   6.01577806   4.        
-6.43176985 13.50898743  6.88324022  4.        
19.9189682   8.30598354 -7.09719896  3.        
11.60061646 13.49497986 -0.90179402  3.        
-8.36466217 13.41657257  2.68243408  4.        
18.79483795 10.64797211 -3.40133691  3.        
17.8635025  10.90670776 -4.2311101   3.        
-13.51290131  12.81225586   3.02804589   4.        
11.67606354 13.05828857 -5.93341112  3.        
19.65743256 10.38209534 -2.15509009  3.        
-1.14330995  9.68954468  3.36978197  2.        
10.16565704 13.80130768 -4.10473585  3.        
21.35057068  7.80661011 -4.36908007  3.        
-9.92169189 13.36442566 -0.26452601  4.        
-11.19036865  13.18267822   1.22509801   4.        
-0.19828799  8.5748291   3.019104    2.        
 3.77428389 -5.38242292  5.09948683  2.        
14.90112305 12.55563354 -5.11196899  3.        
-21.51597595   6.89439392   3.99777198   4.        
-4.55843306 12.88716888  5.64675903  4.        
18.74326324 10.05342865 -5.44815111  3.        
 3.51947808 -3.91560411  5.36080885  2.        
11.84017944 13.57830811 -2.92697096  3.        
 2.57753801 -0.55384803  5.16403198  2.        
0.850151   7.32791901 3.86010695 2.        
  4.82302904 -12.98318481   6.29107714   2.        
18.49719238  9.64444733 -7.22561693  3.        
 5.11254883 13.06864166 -0.79556298  3.        
-13.26386261  12.77993774   1.07516503   4.        
-15.30027008  11.8152771    7.77700806   4.        
13.01222229 13.14291382 -5.49426317  3.        
-2.721802   12.32221985  4.47949219  4.        
-12.67698669  12.80622864   2.13952589   4.        
10.06504822 13.75226593  3.13964796  3.        
-8.4197464  13.73429108  6.86199903  4.        
14.37718964 12.8391571  -4.38256788  3.        
-4.06388092 12.43069458  1.57263196  4.        
 3.35337806 -5.56547499  6.8001709   2.        
-10.54666138  13.58296204   6.57363892   4.        
-14.25603485  12.75046539   4.73083496   4.        
-2.49224901 11.81864166  2.69918799  4.        
16.03092957 12.6657486  -0.71716303  3.        
 2.77529097 -3.01715112  6.21035814  2.        
 6.98315382 13.26638794 -0.56915301  3.        
-21.28309631   7.76083422   5.6497798    4.        
-17.29174805  10.90258789   1.10485804   4.        
 6.14071703 13.0409317   3.15847802  3.        
21.02393341  8.24149323 -3.43087792  3.        
19.82102966  8.93301392 -6.02331495  3.        
-13.76171112  12.65037537   6.22067308   4.        
-6.06156206 12.98355865  3.7154851   4.        
-12.0380249   13.21905518   5.46749878   4.        
0.64242601 8.71738434 3.46023607 2.        
18.04125977 11.63898468 -2.41195703  3.        
 4.45505524 12.25708771  1.80117798  3.        
2.05418396 8.22257996 2.73312402 2.        
17.86273193 12.06040192 -0.60437     3.        
 9.04026794 13.9098587   2.7749939   3.        
 9.74983978 13.49080658 -0.067322    3.        
2.70141602 0.433456   4.5630188  2.        
13.52580261 12.84237671 -6.22116089  3.        
 3.17858911 10.31546783  2.34838891  3.        
 2.11827111 -2.03537798  5.37042189  2.        
-11.29018402  12.90857697   7.64096117   4.        
-18.6133194   10.04134369   1.43753099   4.        
-11.85430908  13.22008514   0.50808698   4.        
1.77838898 4.55937195 4.18127394 2.        
16.20668793 12.32559967 -2.80960107  3.        
-3.27672601 12.40350342  3.78424096  4.        
1.10735297 4.97123003 3.40731812 2.        
21.7100296   6.28846693 -5.04605103  3.        
-13.52780914  12.42385864   7.91915894   4.        
10.88202667 13.42829132 -1.45584095  3.        
-15.87055969  11.86763      2.25945997   4.        
 9.69642639 13.50832367 -1.15515101  3.        
-6.95407104 13.30501556  2.0253911   4.        
-7.57416487 13.62394047  7.6532588   4.        
15.45638275 12.81578827 -1.39416504  3.        
 4.30373383 11.8481369   3.51242089  3.        
16.15622711 12.01811981 -4.6277771   3.        
  4.33480787 -11.68518066   5.39068604   2.        
 3.43001604 -7.40452623  6.78854418  2.        
2.29215193 2.23279595 4.56704712 2.        
-4.27493286 12.77003479  3.94393897  4.        
 2.35102105 10.20254517  3.3630681   2.        
 9.14070129 13.57788086  1.60968006  3.        
  4.23066711 -10.13191986   6.90286303   2.        
-7.35598803 13.10249329  3.69244409  4.        
14.66439819 11.89766693 -7.29437304  3.        
-9.96655273 13.38748932  4.62942505  4.        
-1.72255695 11.50254822  3.52978492  4.        
19.22120667  9.53823853 -6.19659424  3.        
-8.06788635 13.64907074  0.756378    4.        
12.05805969 13.56635284  0.33254999  3.        
 3.41923499 -5.07988024  6.08380079  2.        
13.34368896 13.42525482 -0.291473    3.        
17.16221619 12.17282867 -1.65643299  3.        
 2.61203003 -2.98037004  5.31799316  2.        
 2.35855103 10.45637512  1.93386805  2.        
13.38664246 13.52552032  1.60214198  3.        
  3.91089606 -13.64835358   6.71221924   2.        
 3.34844208 -8.33194733  5.47168016  2.        
2.334656   9.04503632 2.65228295 2.        
-12.81229401  13.16741943   7.29925489   4.        
-5.1209259  12.79668427  6.62805223  4.        
10.46981812 13.55075836  0.480957    3.        
-6.86817884 13.31083679  0.035706    4.        
 3.3868711  -8.6011734   7.07098389  2.        
2.8678441  1.20417798 4.87893677 2.        
12.37966919 13.85566711  2.78234911  3.        
-21.21983147   7.7372508    4.66226196   4.        
17.87194824 10.61878967 -6.10226393  3.        
2.22126007 5.681427   4.12890577 2.        
14.58260345 13.08076477 -1.26565599  3.        
-17.58930969  11.62985992   5.97473097   4.        
-18.16149139  11.13150024   6.79852295   4.        
-17.43253326  11.43320465   4.64685106   4.        
16.26535797 11.33335876 -7.14254808  3.        
18.79351807 11.3571701  -1.47518897  3.        
 3.19361091 -4.68633318  5.28768921  2.        
 2.39421105 -1.13951099  5.79659986  2.        
-3.28030396 12.30821228  2.87353492  4.        
-9.27208042 13.4566803   6.10049391  4.        
-11.47588253  13.08853054  -0.223877     4.        
-5.47435808 13.23503876  1.07366896  4.        
-19.84550476  10.27635193   5.64886522   4.        
16.85795593 12.63565063  0.75296003  3.        
2.28702497 2.2953949  3.73980689 2.        
17.84715271 10.21760559 -6.98071289  3.        
13.47939301 13.18243408 -3.46392798  3.        
 9.26761627 13.76677704 -2.15200806  3.        
-12.94775391  12.54142761   0.178284     4.        
 3.31502509 -9.94590759  6.25103807  2.        
-14.30094147  11.82833099   0.45251501   4.        
  3.74610901 -12.19829559   7.26022291   2.        
-7.53622389 13.37812805  5.71554613  4.        
-18.96514893   9.80268097   2.13946509   4.        
21.40973663  5.36417389 -6.49032593  3.        
 1.76647902 -0.225464    5.08007812  2.        
1.76461804 6.70661879 2.74847388 2.        
 3.28047204 -6.84765577  6.05374193  2.        
 5.62941694 13.29397583 -2.19494605  3.        
1.69647205 7.134552   3.82424903 2.        
-11.52728271  13.18101501   2.86279297   4.        
10.58113098 14.03601837  2.49548292  3.        
 7.80157518 13.5562973   2.64620996  3.        
  4.55715179 -13.12989044   7.09594679   2.        
-11.88478088  12.99477386   2.04092407   4.        
-15.09538269  12.51187134   5.13864088   4.        
-16.17023468  12.04199982   4.25393677   4.        
 4.27819109 -8.89510345  5.82702589  2.        
-16.38217163  12.12347412   5.55661011   4.        
  4.09492493 -11.4031601    7.00781202   2.        
1.43647003 3.20078301 3.69583106 2.        
15.58889008 11.81977081 -6.63165283  3.        
-5.51037598 13.10380554  2.0401001   4.        
 3.08029199 11.22397614  2.52484107  3.        
-19.80879974   9.10453796   6.34820604   4.        
 3.24037194 11.49681854  0.89828497  3.        
21.81960487  5.18139601 -5.48937988  3.        
-9.97103882 13.0616684   0.48016399  4.        
-1.76886797 11.3082428   2.72610497  4.        
-8.64330292 13.41405487 -0.143158    4.        
11.25567627 13.55018616 -0.111084    3.        
-18.71297455  10.83374786   5.21182299   4.        
11.84382629 13.75360107  1.30252099  3.        
-21.20485687   6.81578112   4.88235521   4.        
12.85372162 13.43629456  0.40106201  3.        
20.64245605  8.88912964 -3.70172095  3.        
-16.77565765  11.38396454   7.44296312   4.        
 9.05889893 13.37276459  0.309753    3.        
 8.03501892 13.39284515  1.45544398  3.        
 4.45623016 12.48730469  0.87362701  3.        
14.36886597 12.57154846 -5.85028076  3.        
-12.19911194  13.02391815   3.77536011   4.        
-16.4373703   11.28932953   0.92291301   4.        
 5.37307692 12.70377254  2.06961107  3.        
15.52713776 13.01551819  0.27002001  3.        
10.36031342 13.60784912 -4.9031682   3.        
16.40760803 11.73295593 -5.43057299  3.        
 4.53548384 -9.94843292  5.76965284  2.        
 3.9565351  -7.55649614  5.31219482  2.        
-6.84311724 13.27352905  5.11209106  4.        
21.59086609  6.66664124 -5.75796509  3.        
20.65193939  4.55873919 -6.09832811  3.        
-19.29186249  10.20774078   4.32434082   4.        
-14.30362701  12.25354004   2.369385     4.        
12.3609314  13.38656616 -2.37951708  3.        
 6.32911682 13.11480713 -0.157166    3.        
 4.01899719 11.46426392  2.89587402  3.        
-1.42807806 10.41091919  3.39837599  2.        
-20.87870789   8.99401093   5.59811401   4.        
-19.12123108  10.17539978   6.95608521   4.        
-15.40048981  12.08106232   6.86669922   4.        
-20.32820892   9.6631012    6.16674805   4.        
  4.74948883 -13.9225769    6.72833204   2.        
 8.55153656 13.58861542  3.41213989  3.        
  3.88812995 -12.02606201   6.35873413   2.        
14.3675766  12.86990356 -2.66827393  3.        
1.61348701 1.87852502 4.43743896 2.        
2.11948395 3.72852302 4.30606079 2.        
20.13526154  9.12290955 -4.75964403  3.        
-17.32157135  11.39560699   2.856354     4.        
-21.07200623   8.64881134   3.61291504   4.        
 7.1772542  13.42236328  3.86282396  3.        
 2.10468292 -0.56201202  4.38122606  2.        
-4.00141096 12.59890747  2.35513306  4.        
 3.36810303 -3.78656793  4.5275569   2.        
 8.26348877 14.01213837 -3.47897291  3.        
-10.71312714  13.3980484    5.69412184   4.        
2.17828393 9.44972992 3.27871704 2.        
14.83274841 12.89537811  1.25006104  3.        
-18.75366211  10.28002167   2.99105811   4.        
2.018852   4.308815   3.35382104 2.        
-4.00351715 12.30491638  5.99420214  4.        
1.74280596 7.89307404 3.65872192 2.        
-15.24612427  11.98007202   2.84414697   4.        
-17.95910072  10.69432831   1.63839698   4.        
19.47614288  9.63835144 -4.58822584  3.        
-17.86954308  11.24047947   5.26934814   4.        
 7.07068586 13.69103241 -3.1100769   3.        
-12.0630188   13.31739044   6.49795485   4.        
 5.51877594 13.44731903 -1.44116199  3.        
1.51245105 2.34836602 3.74188209 2.        
-10.88515472  13.24347687   4.30877686   4.        
-21.09642029   9.22595215   4.89523315   4.        
-20.00249481   9.91043758   4.88510084   4.        
  4.72695923 -10.98372746   6.01702881   2.        
 7.44567919 13.18050385  0.99234003  3.        
 3.96150994 -6.56053209  6.14294386  2.        
0.576042   6.63757277 3.89630103 2.        
 9.41731262 13.90435791 -4.14572096  3.        
1.05652595 4.79816389 4.12823486 2.        
 3.75650001 -9.32110596  6.48733521  2.        
-17.85307312  11.27882385   4.03628492   4.        
-21.28601074   8.50379181   4.47763109   4.        
1.82534802 0.976089   4.04785204 2.        
-9.47264862 13.50713253  1.28848302  4.        
 3.02984595 -1.66860998  5.31487989  2.        
0.063789   9.6569519  3.36685205 2.        
-14.9972229   12.2852478    5.96252394   4.        
 3.05511498e+00 -4.57999995e-04  5.04028320e+00  2.00000000e+00
-0.64536297 10.26374817  3.01107788  2.        
19.48291016  9.96389771 -3.89352393  3.        
12.42019653 13.39107513  2.21145606  3.        
  3.974365   -11.11327362   5.68307495   2.        
-4.41333008 12.82885742  4.79849195  4.        
 5.83759308 12.73043823  3.79437304  3.        
 8.78282928 13.44595337 -3.44198608  3.        
 3.04458594 -2.40778303  5.4873662   2.        
-19.89828491   9.64169312   3.25588989   4.        
 2.31494093 -3.28640008  4.72555494  2.        
 3.34526801 -5.99089003  6.20901489  2.        
 7.70716095 13.22171021  0.225464    3.        
 6.87309313 13.71125031 -2.22079492  3.        
 2.9047389  10.65235138  3.22586107  3.        
 2.76982903 -1.72570002  4.36712694  2.        
15.84358978 12.57249546  0.74780297  3.        
-10.76925659  13.24908447   3.36352491   4.        
-12.58963013  12.85749054   5.17282104   4.        
-8.94512177 13.31970215  3.99859595  4.        
20.59715271  5.87728882 -7.41021681  3.        
0.25950599 7.28045607 3.35269189 2.        
-3.52617693 11.84076691  1.40267897  4.        
1.28413403 8.37553406 2.74468994 2.        
11.63922119 13.68187046  2.809021    3.        
 1.77806902 -1.71269202  4.7782588   2.        
12.99785614 13.3742981  -0.91973901  3.        
-16.26673126  11.69432831   3.48254395   4.        
  4.56729078 -12.18972778   6.04574585   2.        
1.56223297 6.08052778 4.04907179 2.        
-19.41943932  10.07299042   3.56439209   4.        
 3.07835388 -9.10189056  6.53665209  2.        
 3.97454095 -3.60860395  5.81726122  2.        
10.32157135 13.70709991  1.23516798  3.        
-8.51152802 13.35821533  5.28280592  4.        
  4.2625432  -13.04328918   5.70608521   2.        
-13.56088257  12.65687561   4.47073412   4.        
16.9443512  12.54864502 -0.17193601  3.        
20.00048065  9.80399323 -2.64886498  3.        
-11.28894043  13.50310516   7.01138306   4.        
-10.40299988  13.03865147   7.56387281   4.        
17.41697693 11.58860016 -3.13659692  3.        
 2.98240709 -3.49514794  5.73031616  2.        
-3.35613298 12.01361084  5.50500488  4.        
15.50035095 12.56371307 -2.2246089   3.        
-6.01374006 13.04654694  4.41870117  4.        
 3.99854302 -9.43040466  7.18780518  2.        
-18.83178711  10.88018799   6.62091112   4.        
 2.73524499 -5.3191452   5.13644409  2.        
  4.48181915 -12.2416687    6.74548292   2.        
19.43166351  8.69688416 -7.47973585  3.        
21.48316193  7.16371107 -4.07669115  3.        
 4.77130079 12.33243561  3.30377197  3.        
 4.35832977 -8.3135004   6.240448    2.        
-21.77907562   7.60731506   3.57592797   4.        
-0.59038502  9.17194366  3.28344703  2.        
-17.90413666  10.78953648   2.64556909   4.        
1.08980596 3.87297797 4.23819017 2.        
 3.22750092 -7.44603682  5.42654419  2.        
 3.3964541  11.29727173  1.55261195  3.        
1.73292506 5.83394623 3.128021   2.        
-10.09832764  13.23133087   2.09909105   4.        
 3.6961441  -6.03380585  5.34512281  2.        
 3.79260993 -8.0397644   6.6583252   2.        
-9.20957184 13.5888443   7.4067688   4.        
2.12055993 2.7898941  4.95513916 2.        
1.29669201 1.29982805 4.67312622 2.        
-14.31153107  12.66583347   7.33392286   4.        
-2.73117805 11.57831573  2.056427    4.        
-5.89496613 13.29190063  6.49517822  4.        
 6.67976379 13.4553299  -1.16757202  3.        
  4.47660112 -10.88271332   6.74981689   2.        
-5.49437714 13.17977905  2.93365502  4.        
-20.87316132   8.28018188   5.86221313   4.        
2.34597802 1.57120502 4.1809082  2.        
11.51378632 13.51647186 -5.27160597  3.        
-12.51441193  13.01235962   0.53869599   4.        
-16.73130035  11.93466854   4.65512085   4.        
-16.8893795   11.41686153   2.20165992   4.        
20.35553741  9.18466187 -2.46032691  3.        
-5.37368011 12.91243744  0.343079    4.        
-7.73689985 13.32633972  2.21185303  4.        
 2.90201592 -4.17507887  5.82150316  2.        
 8.12754059 13.53044128 -1.13268995  3.        
18.38768768 10.49259853 -4.56671095  3.        
0.86171699 8.00539398 3.627563   2.        
-8.40651703 13.38961029  4.42279005  4.        
-6.83700609 13.16638947  3.24356103  4.        
-4.43905592 12.65674591  1.01788294  4.        
13.9016571  13.40222168  1.13784802  3.        
-20.35203552   9.414505     4.48223877   4.        
-11.97480774  12.89888      7.95584106   4.        
19.73871613  9.95032501 -1.47750795  3.        
1.72204602 0.37677801 4.74429321 2.        
14.88775635 12.65364075 -3.66452003  3.        
17.5568161  11.07580566 -4.94000196  3.        
1.73051405 8.84562683 3.50445604 2.        
  3.63055396 -10.84873962   6.64746094   2.        
-9.17230988 13.49106598  5.40331984  4.        
14.2197876  12.45555115 -6.51272583  3.        
-17.08838844  10.2844162    0.89614898   4.        
14.12711334 12.98210144 -2.03948998  3.        
-14.90402222  11.95185947   0.79736298   4.        
12.04891205 13.58561707 -5.71469116  3.        
13.06340027 13.23095703 -2.21273804  3.        
-20.34915924   9.32478333   3.68609595   4.        
-2.2319181  11.31008911  3.99087501  4.        
-14.92875671  12.33291626   7.45538282   4.        
-8.38550568 13.14026642  7.42001295  4.        
1.38603997 6.8242569  3.29922509 2.        
-2.97757006 12.42549896  5.09927416  4.        
-17.54342651  10.91592407   7.33590698   4.        
-20.57550812   7.89746094   2.65820289   4.        
 3.83540297 11.96485138  1.77780199  3.        
13.72789001 13.40995026  2.2008059   3.        
-6.24898481 12.93961334  7.4563899   4.        
14.65925598 13.12638855 -0.073395    3.        
13.76377106 12.96685028 -4.13131714  3.        
-4.91516113 12.9070816   4.16915894  4.        
18.75067902  9.10247803 -7.53567505  3.        
16.62352753 12.23152161 -2.26394606  3.        
 8.43309784 13.28804016 -0.069702    3.        
12.23422241 13.51368713 -1.17013502  3.        
-11.53646088  13.17339325   4.4562068    4.        
21.28955841  6.35325623 -6.27648878  3.        
 3.099792   -6.46683502  5.27554321  2.        
16.82875824 11.90885925 -3.12210107  3.        
 8.90129089 13.38011932  0.99484301  3.        
 5.64313507 13.05445099 -0.35046399  3.        
-7.62352705 13.05905914  7.29748487  4.        
  3.64982605 -13.98266602   6.19586182   2.        
19.24046326 10.61883545 -2.84478807  3.        
-18.96827507  10.79116821   4.58200121   4.        
17.08516693 10.54730225 -7.56671095  3.        
-4.0034709  12.72109222  5.31744385  4.        
19.02496338 10.77271271 -1.72619605  3.        
15.33804321 12.15480804 -5.93505907  3.        
-14.74918365  12.22756958   3.65731812   4.        
-7.49559784 13.29063416  4.33215284  4.        
 4.7818222  12.48444366  2.4342649   3.        
 3.17804694 -3.2475431   5.09552002  2.        
 2.41357398 -1.49857295  4.87939501  2.        
-8.58084106 13.51268005  2.04867506  4.        
 3.88826704 -3.3932879   5.18512011  2.        
-2.2046361  12.05797577  4.9529109   4.        
 4.02165222 12.43231964  0.32492101  3.        
10.43720245 13.67111206 -3.06427002  3.        
 6.59096479 13.08110046  1.78317297  3.        
 4.57070923 12.86023712 -1.21228004  3.        
-13.2392807   12.78533936   5.84103394   4.        
-14.40753937  12.41355896   6.23336792   4.        
12.76367188 13.37076569 -3.75222802  3.        
-13.13047791  12.81916809   6.74621582   4.        
 2.88119507 10.85168457  2.00155592  3.        
-1.33050501 11.0268631   3.18765306  4.        
-20.47009277   8.60468292   2.82959008   4.        
-16.932724    11.44567108   3.38497901   4.        
17.95355225  9.79177856 -7.59542799  3.        
-10.1198349   13.58392334   7.22994995   4.        
16.60645294 11.77980804 -4.21237183  3.        
-15.53655243  11.96804047   4.09725904   4.        
-13.7572403   12.433815     1.45153797   4.        
-13.84011078  12.54253387   5.31460619   4.        
-15.61296082  12.34802246   5.53985596   4.        
13.30979156 13.54502869  0.893646    3.        
-19.69293976   8.58785343   2.01895094   4.        
 5.68366194 12.79173279  0.98229998  3.        
-18.43755341  10.93113708   3.92065406   4.        
 2.8939209  -1.06842804  4.50094604  2.        
-12.89138031  12.81546021   4.59335279   4.        
-9.56822205 13.16599274  4.12689209  4.        
-14.1635437   12.22510529  -0.13262901   4.        
15.48903656 12.31599426 -4.81652784  3.        
20.6277771   8.5535202  -5.00534105  3.        
18.61502838 11.12281036 -2.90896606  3.        
-21.71550751   7.63274384   4.25213623   4.        
 8.17008972 13.79077911 -2.3183291   3.        
19.92989159  7.28013611 -7.48919678  3.        
12.51140594 13.44121647 -4.49789381  3.        
 3.59623694 -2.51155901  5.16507006  2.        
 8.92865658 13.56464386 -1.248016    3.        
-16.79170227  11.85198212   6.99813795   4.        
20.91665649  7.34486389 -5.49465895  3.        
 6.63707018 13.37117767  3.51748705  3.        
-11.40461731  13.22187805   5.57455397   4.        
 4.02619219 -7.090271    5.78616285  2.        
 2.6740191  -5.99140882  6.04400587  2.        
1.98375702 3.72266412 3.67984009 2.        
-6.24867201 13.46865082  0.97286999  4.        
 2.60395002 10.06791687  2.47744703  2.        
18.46121979 10.804245   -3.92315698  3.        
 3.53245497 -8.92961884  5.62365723  2.        
16.40468597 12.51028442 -1.23953199  3.        
11.65479279 13.56384277 -3.55429101  3.        
 3.15225196 -0.69028503  5.40042114  2.        
18.96498871  9.42359924 -4.89987183  3.        
 3.93243408 -8.09757996  5.80197096  2.        
1.74214196 3.35373712 4.79247999 2.        
-19.51850891   9.65901184   6.96044922   4.        
 3.45607805 -4.48132277  5.8710022   2.        
11.2128067  14.00949097  2.4398191   3.        
-9.93036556 13.47038269  6.36254883  4.        
-10.55491638  13.40509796   0.90515101   4.        
18.10939026 12.0686264   0.087708    3.        
2.63201904 2.8368299  4.03241014 2.        
19.86379242  8.8219986  -6.64309692  3.        
-0.292274    8.66368866  3.63940406  2.        
 9.75512695 13.69574738  1.53692603  3.        
 9.20513916 13.90995789 -3.49523902  3.        
16.64814758 10.65937042 -7.04293823  3.        
2.36024499 8.13613892 3.64489698 2.        
-16.10598755  12.10512543   6.67068481   4.        
-7.48733521 13.53891754  0.51892102  4.        
-6.05214691 13.33418274  5.73925781  4.        
2.1174159  1.66940296 4.93927002 2.        
20.56381226  7.51412201 -6.50967407  3.        
13.27764893 13.10101318 -4.92797899  3.        
 3.71737695 11.82021332  2.47863793  3.        
 2.73017097 -4.41559601  4.93261719  2.        
-4.53557587 12.47159576  6.2779541   4.        
21.22691345  5.8466258  -6.84338379  3.        
17.51994324 12.15862274 -1.11767602  3.        
2.60127306 0.073502   3.94204712 2.        
1.86568403 7.39885712 2.86401391 2.        
13.0942688  12.79214478 -6.66976881  3.        
-4.9018712  13.33892822  7.08703613  4.        
15.70903778 12.22787476 -3.55004907  3.        
-13.18132019  12.85258484   2.50213599   4.        
 1.80448198 -2.56284308  5.27365112  2.        
  3.98714399 -13.29956818   6.20397902   2.        
-0.81703901 10.34202576  4.03247118  2.        
 4.17488098 12.48799133 -0.44900501  3.        
-10.55589294  13.4709549   -0.196747     4.        
 5.82493591 12.86146545  1.67623901  3.        
-15.98225403  11.73435211   2.85257006   4.        
 3.18518806 -0.58265698  4.7877202   2.        
 3.81592607 -4.82714081  5.36737108  2.        
-12.87184906  12.7848587    3.29043603   4.        
21.08264923  8.29214478 -4.09863281  3.        
1.32366896 5.42326403 4.02929688 2.        
2.38331604 0.091309   4.96487379 2.        
 9.26127625 13.81694794 -2.766083    3.        
-8.68344116 13.63661194  0.76315302  4.        
-4.64035797 12.85785675  3.22695899  4.        
12.27852631 13.75769043  1.73773205  3.        
-13.45992279  12.65457153  -0.16168199   4.        
 3.85808611 -4.77394915  6.38632202  2.        
 7.72914124 13.36029053  2.03607202  3.        
0.354828   8.22121429 3.24215698 2.        
-10.01651001  13.30767059   3.37402296   4.        
 8.42487335 13.79248047  2.84847999  3.        
 2.26934791 -2.63108802  4.82177687  2.        
20.88085175  4.84587908 -6.58779907  3.        
-1.85636902 12.08271027  3.39355493  4.        
-15.03131866  12.0667038    1.42672706   4.        
-9.02951813 13.24834442  2.85583496  4.        
21.86470795  5.76715088 -5.31924391  3.        
20.40196991  8.37607574 -5.68234205  3.        
-12.95539856  12.88633728   1.58785999   4.        
-7.81148481 13.19718933  3.25225806  4.        
  3.94741797 -11.34489441   6.24313307   2.        
-6.68182421 13.35520172  1.39343297  4.        
13.6428833  13.28086853 -0.84845001  3.        
 3.62793708 11.83812714  0.50363201  3.        
-4.95386505 12.94688416  0.89221197  4.        
-6.94791412 13.52705383  6.42712402  4.        
-21.44869232   8.17218781   3.35882592   4.        
1.17092097 6.18224287 3.49603295 2.        
17.55307007 11.92652893 -2.08435106  3.        
  3.70461988 -10.15202332   5.67764282   2.        
-10.33039093  13.23574066   5.08526611   4.        
-10.7131958   13.18840027   1.72338903   4.        
18.8743515   9.64199066 -6.67797899  3.        
 4.38166809 -8.89432526  6.50091505  2.        
 6.83161879 13.05740356  0.98184198  3.        
 8.12931061 13.67669678  3.93530297  3.        
-18.3147049   10.65187836   3.40387011   4.        
 7.66139221 13.70415497 -1.94198596  3.        
-14.00071716  12.44497681   2.96084595   4.        
2.06280494 0.65766901 5.22802687 2.        
 3.97413611 -5.14614916  5.87316895  2.        
2.2465899  4.69290209 3.76489305 2.        
-17.08094025  11.12402344   1.66519201   4.        
20.62747955  6.89448595 -7.28646803  3.        
-16.271492    10.74878693   0.70867902   4.        
-13.26644135  12.91255188   7.70141602   4.        
 6.27356005 13.01355743  0.51342797  3.        
-8.11306763 13.74346924  7.43038893  4.        
-4.75350189 13.10610962  6.16439819  4.        
-13.95272064  12.37775421   0.88983202   4.        
-14.12103271  12.77336884   6.67819214   4.        
 7.48432922 13.3734436  -0.88281202  3.        
-16.7921524   11.73701477   5.82797194   4.        
20.96172333  7.13485718 -6.73095703  3.        
-2.21697998 11.98155212  4.13778687  4.        
 7.80353498 13.87203217 -3.13403296  3.        
-6.2347641  13.34071445  2.23379493  4.        
20.38065338  8.96459198 -4.23599195  3.        
-21.26618195   7.43356323   3.92355394   4.        
-6.44980621 13.49519253  7.4752202   4.        
15.9078064  11.91851044 -5.918396    3.        
-16.26193237  11.12420654   0.200104     4.        
0.23020899 9.03658295 3.18347192 2.        
16.49526215 12.29090881  0.282013    3.        
16.86685944 11.24681854 -6.28625488  3.        
18.39768219 11.71837616 -1.06454504  3.        
-7.0511632  13.57980347  7.38543701  4.        
  4.55732012 -13.50843811   6.30908203   2.        
19.01329041 10.87317657 -0.94000202  3.        
 3.73324609 -7.09854078  6.38787794  2.        
19.67385101  9.62698364 -3.40957594  3.        
-14.54573822  12.36540222   1.81539905   4.        
-0.43424201  9.61071014  3.67453003  2.        
10.31951904 13.42144012 -1.09939599  3.        
  4.34317017 -12.62580872   7.30392504   2.        
11.77288818 13.56162262 -4.49728394  3.        
15.75000763 12.9115448  -0.26074201  3.        
-14.4413681   12.59499359   4.08709717   4.        
 5.04119921 12.78093719  0.39382899  3.        
19.37563324  8.25361633 -7.85626221  3.        
-18.21443176   9.63890839   1.29589796   4.        
-21.46618652   7.496521     5.16238403   4.        
18.21404266 10.39569092 -5.65634203  3.        
 8.04896545 13.97831726 -4.02038622  3.        
10.73178101 13.68669891 -4.17929077  3.        
21.1919632   7.59793091 -4.95626783  3.        
 3.38428497 -8.0408783   6.24331713  2.        
-6.7492981  13.37680817  2.565521    4.        
16.86989594 11.38179016 -5.46026611  3.        
 3.56066895 -3.35362196  6.14773607  2.        
21.69330597  5.99330091 -4.50680494  3.        
20.7673111   8.76435947 -3.14941406  3.        
-19.21408081  10.49205017   5.49386597   4.        
-11.56510925  13.39328003   7.7973628    4.        
11.81903839 13.5018158  -0.23452801  3.        
2.42249298 4.52504015 4.28964186 2.        
-15.85710144  11.50188446   7.63253784   4.        
1.93958294 7.00545502 3.28094506 2.        
-17.81455994  11.22029877   6.3145752    4.        
20.74713135  7.83886719 -5.82492113  3.        
-7.83851624 13.46076965  6.23199511  4.        
-3.98400903 12.87751007  5.92336988  4.        
-4.62496185 12.73940277  6.91754103  4.        
  4.412323   -10.0422821    6.32836914   2.        
-15.20087433  11.24961853   0.554169     4.        
-9.64855194 13.27983093  5.09759521  4.        
-16.04548645  11.60403442   1.34262097   4.        
 6.5227809  13.11745453  2.61538696  3.        
21.04203033  8.21856689 -4.76129103  3.        
 9.21115875 13.77503967  2.24249291  3.        
-15.66046143  11.62210846   0.72213697   4.        
1.50689697 3.39388299 4.23260498 2.        
15.9109726  11.245224   -7.58627319  3.        
 9.49693298 14.03390503  3.16064501  3.        
-9.89620209 13.47599792  0.901398    4.        
-12.37028503  13.21104431   7.67981005   4.        
20.18652344  7.82039595 -7.37817383  3.        
-12.22845459  13.04968262   6.01800489   4.        
-9.63881683 13.38813019  2.72116089  4.        
  4.33148193 -12.71150208   6.17590284   2.        
11.16243744 13.70926666  1.27447498  3.        
10.07443237 13.38565063 -0.53692597  3.        
1.63367498 4.67790985 3.6403501  2.        
1.32357001 5.9763341  4.5585022  2.        
1.153      8.49675655 3.59869409 2.        
-10.91127777  13.15409088   7.99139404   4.        
-5.02701616 13.04374695  5.35201979  4.        
0.256226   8.46192932 3.79434204 2.        
17.71852875 10.87747192 -5.61148119  3.        
-4.23254395 12.24571991  0.68121302  4.        
-17.16169739  11.57310486   6.34713697   4.        
 3.8843081  -8.92935181  6.94268799  2.        
18.73925018 10.13240814 -4.85455322  3.        
-8.66703796 13.21323395  3.29348707  4.        
17.73963165 11.28072357 -3.79367089  3.        
 6.97518921 13.21671295  2.28524804  3.        
-20.30132294   8.95508575   2.41461205   4.        
 4.21211195 -9.45956421  5.83929396  2.        
13.72937012 13.08496857  1.70974696  3.        
-0.75348699 10.6618576   3.54235792  2.        
14.50614166 13.3234787   1.06832898  3.        
21.43087006  5.02327013 -6.0368042   3.        
12.25228119 13.40762329 -3.39730811  3.        
0.49227899 7.73769379 4.02224684 2.        
-19.5882473    9.04516602   1.504547     4.        
-2.17220306 11.64981079  3.20748901  4.        
 9.00498199 13.80490112 -4.56607103  3.        
1.88375795 5.20564985 4.06820679 2.        
-15.1978302   12.32946014   3.32400489   4.        
18.37796783 11.84750366 -0.397064    3.        
-17.31105804  11.27240753   3.87463403   4.        
17.38289642 10.81401825 -6.30786085  3.        
10.08322144 13.70269012 -2.62466407  3.        
-19.81563568   9.60084534   2.69824195   4.        
-1.39010596 11.36457062  4.16082811  4.        
1.17750597 5.53179216 3.40673804 2.        
 6.45792389 12.75695038  3.67379808  3.        
 5.06802416 12.60006046 -1.10671997  3.        
14.84165955 12.66518402 -3.03265405  3.        
-10.28822327  13.51677704   0.29776001   4.        
18.43190002 11.45227814 -1.89742994  3.        
1.99730694 5.8707962  3.64736891 2.        
-0.61777502 10.03977966  2.49441504  2.        
17.24926758 11.33917999 -4.32009888  3.        
13.90062046 12.93418121 -4.67709303  3.        
 6.52609205 13.26839447 -2.20272803  3.        
-8.88905334 13.53800964  6.62225294  4.        
 8.58442688 13.4719162   1.54547095  3.        
-5.76495409 12.80687046  6.74816895  4.        
 8.45834255 13.46185303 -0.68350202  3.        
-3.94497705 12.50444031  6.5256958   4.        
14.38390446 12.7048111  -4.95062304  3.        
  3.82933807 -10.06864929   6.44131517   2.        
-2.9834981  12.07794189  3.35125709  4.        
11.40878296 13.88780975  1.74633801  3.        
-2.905792   11.04679871  2.10317993  4.        
  4.90979815 -12.08291626   5.45889282   2.        
-19.36161804   9.58013916   1.80160499   4.        
1.56971002 8.22407532 3.20223999 2.        
1.64141095 9.63629246 3.07699609 2.        
 5.25609589 12.57687378  3.44012499  3.        
 2.82435608 -1.15378594  5.23776197  2.        
-16.09104156  11.97943878   6.07009888   4.        
-11.59023285  13.00896454   5.09280396   4.        
12.82276917 13.64231873  1.78332496  3.        
21.17449188  7.81575012 -3.82269311  3.        
-12.27973938  13.08430481   6.9562068    4.        
-10.77300262  13.23796082   2.72879004   4.        
15.36859894 13.13585663  0.87600702  3.        
 4.28845215 -7.1063838   6.34924316  2.        
 2.40615106 -0.141533    5.49545288  2.        
 2.15855408 -0.88871002  4.84750414  2.        
-4.47957611 12.80758667  2.16381788  4.        
-7.3875351  13.45454407  1.062958    4.        
2.79583001 1.09375    4.3253479  2.        
-5.48324585 12.95165253  4.28518677  4.        
 9.39922333 13.63547516 -1.60644495  3.        
15.96720886 12.16120052 -4.12588501  3.        
-6.60732317 13.14191437  3.80401611  4.        
 4.60434723 12.89537811 -0.51632702  3.        
15.19155884 11.9311142  -7.00146484  3.        
  4.28941393 -12.02792358   7.21878099   2.        
-14.21326447  12.64524078   3.43231201   4.        
 2.88257599 -4.67899323  6.34643602  2.        
14.2953186  12.26560211 -7.11044312  3.        
-15.36412811  12.35944366   4.62484694   4.        
12.4756012  13.27853394 -5.54556322  3.        
 8.72002411 13.76437378 -2.2224431   3.        
19.35235596  9.17449856 -5.775177    3.        
-20.85520172   9.13517761   3.46795702   4.        
20.34319305  8.00176239 -6.77166796  3.        
-14.0495224   12.58718109   7.84472704   4.        
13.88925934 13.25562286 -0.068787    3.        
 2.87793708 -6.76088715  5.68829393  2.        
0.97059602 7.18428802 3.32461596 2.        
-1.75052595 10.91923523  2.3374939   4.        
 2.24518609 10.31925201  2.81698608  2.        
1.16595495 6.89396715 3.98001099 2.        
-9.31070709 13.40365601 -0.132782    4.        
 3.19195604 -2.68524194  4.83578491  2.        
21.65725708  6.95535278 -4.55395508  3.        
-19.32141876  10.45854187   6.53070116   4.        
-11.80500031  13.16879272   1.43463099   4.        
  3.75915504 -12.64948273   6.16583204   2.        
-16.26906586  11.50635529   2.36178589   4.        
-5.2651062  13.32441711  6.60809278  4.        
19.94307709  8.96324158 -5.43383789  3.        
 3.25652289 11.8192749   1.46704102  3.        
 5.79849195 12.87178802  2.66763306  3.        
-1.83320606 10.93393707  3.6503911   4.        
-12.00279236  13.09467316   2.6065979    4.        
0.93871301 8.7514801  3.00189209 2.        
13.96221161 13.00450897 -3.00924706  3.        
 2.15090203 -2.08039904  4.62249804  2.        
-3.48074293 12.67100525  5.16693115  4.        
-12.67307281  12.95243073   5.71640015   4.        
-14.47913361  12.41136932   5.18563795   4.        
1.97457898 6.51971388 4.02810717 2.        
-16.22574615  11.86825562   4.90887403   4.        
 2.99542189 -5.16783905  5.6819458   2.        
-3.75582099 12.64309692  4.0534668   4.        
 3.5748899  10.65861511  2.49874902  3.        
10.67267609 13.5426178  -0.066772    3.        
17.34562683 12.36599731 -0.54559302  3.        
19.23574066 10.28206635 -3.50595093  3.        
 3.37700605 11.38679504  2.95111108  3.        
11.32930756 13.63092804 -3.10708594  3.        
 3.40455604 -1.95034003  5.01458693  2.        
-21.07982063   8.18622589   5.14401197   4.        
-9.67191315 13.29953003  1.76965296  4.        
 2.71068597 -2.5305481   5.97796583  2.        
 2.37941694 -0.085152    4.45132494  2.        
19.20223236  9.69364166 -5.67681885  3.        
2.59059906 1.79878998 4.69787598 2.        
1.56362903 4.82575989 4.60241699 2.        
-11.3366394   13.21421146   0.70355201   4.        
-4.36469316 12.77629948  2.71630907  4.        
 3.96630907 11.98347473 -0.577057    3.        
 4.64772797 -7.53512621  6.3535161   2.        
16.53913879 12.67608643 -0.50845301  3.        
12.73462677 13.31637573 -5.0625      3.        
-9.09644318 13.38404846  1.74359095  4.        
14.86239624 12.66905975 -4.58404493  3.        
-0.138245    9.12094116  2.78533912  2.        
-6.71958923 12.91217804  7.14730787  4.        
14.93914032 12.43909454 -5.63857985  3.        
13.05634308 13.03783417 -6.02276611  3.        
 2.37694597 -2.50591302  5.43276978  2.        
-20.33457184   9.14562988   6.49703979   4.        
 2.41898394 -1.57779706  5.48162794  2.        
 3.46169305 -7.79755402  5.76718092  2.        
-14.83314514  12.30874634   2.53890991   4.        
-19.00038147  10.24973297   2.51162696   4.        
 6.05735779 13.46811676 -2.47396803  3.        
 6.86219788 13.65904236 -1.63171399  3.        
2.59435296 9.49255371 2.90084791 2.        
18.53581238  8.73422241 -8.00161743  3.        
-8.2755127  13.59566498  0.26232901  4.        
11.29415131 13.65065765 -4.02554321  3.        
19.13234711 10.55345917 -2.20581102  3.        
13.25839233 13.27897644 -2.90451097  3.        
16.65209198 12.36868286 -1.71499705  3.        
2.34323907 3.29782104 4.07385302 2.        
19.43859291  9.05944824 -4.92822313  3.        
17.53263855 11.89891148 -0.211426    3.        
-18.59327698  10.84962463   6.12054396   4.        
16.73847198 11.14971924 -6.79836988  3.        
-21.00173187   7.76878405   2.95806909   4.        
11.41619873 13.3817749  -1.436005    3.        
-2.99941993 12.00501347  2.53237891  4.        
1.25819397 7.68014479 3.77905297 2.        
-5.5839839  13.08396912  5.32440186  4.        
-19.11599731   9.79980469   6.57641602   4.        
 3.76759291 -9.82763672  6.91625977  2.        
20.11889648  8.53672028 -6.2711792   3.        
-3.84256005 12.20864868  1.14276099  4.        
1.988258   2.77745104 3.89288306 2.        
-15.54438782  11.76029205   1.85345495   4.        
16.27075195 12.79478455  0.97122198  3.        
2.30483198 2.77039289 4.45794678 2.        
  4.24519396 -10.92874146   7.24465895   2.        
3.03108191 0.54310602 4.96395922 2.        
 3.05812097 -2.90872192  5.74801588  2.        
-11.93791962  12.96674347   3.25497389   4.        
-20.11896324   9.7672348    5.59371901   4.        
14.28579712 13.27671814  0.44946301  3.        
10.19790554 13.74777985 -3.5461731   3.        
-18.31402588  10.07519531   0.963745     4.        
 7.329422   13.53014374  3.29946899  3.        
15.06759644 12.97121429 -1.07519495  3.        
15.52337646 12.76367188 -0.87475598  3.        
-14.85306454  12.27160645   4.7380681    4.        
 4.76644897 12.05604553  3.75137305  3.        
-21.43293762   7.22186995   4.41958618   4.        
-18.31014252  10.47123718   2.74682593   4.        
 7.29911804 13.29039001 -0.149994    3.        
-15.64159393  11.89464569   7.32421923   4.        
-9.76735687 13.56824493  0.25195301  4.        
17.02942848 12.28762817  0.34423801  3.        
18.19074249  9.67542267 -6.80099487  3.        
1.66582501 4.05098677 4.24279785 2.        
 2.38536811 -3.47233605  5.49017286  2.        
-3.60216498 12.36624146  3.37518311  4.        
-12.40382385  12.64068604   0.16973899   4.        
-6.47722578 13.30544281  6.36468506  4.        
 3.09343696 -1.54739404  4.77523804  2.        
-20.62516785   9.24415588   6.06347704   4.        
-6.441154   13.46976471  0.37204     4.        
19.51048279  9.20941162 -6.48260498  3.        
-1.77545202 10.73770142  3.03268409  4.        
  3.48104095 -10.50417328   6.28378296   2.        
-19.72493744  10.30153656   4.60168505   4.        
 3.19761705 -6.37551117  5.84576416  2.        
13.60901642 13.04859924 -2.03167701  3.        
12.08463287 13.6109848   0.86181599  3.        
-13.29719543  12.73804474   0.55615199   4.        
-8.18854523 13.52510834  1.59491003  4.        
21.40537262  7.12706804 -5.59735107  3.        
-3.5289309  12.72520447  6.3024292   4.        
10.98332214 13.65900421 -5.04406691  3.        
 4.94706011 12.48391724  1.86837804  3.        
14.97119904 12.92543793 -1.58410597  3.        
14.6665802  13.10827637 -0.75360101  3.        
1.27460504 2.0228579  4.06961107 2.        
 3.14782    -3.83509111  4.99542189  2.        
20.34005737  9.00865173 -1.97207606  3.        
11.31976318 13.38659668 -5.73529005  3.        
21.0318222   8.07565308 -2.93936205  3.        
 3.82747602 11.60230255  3.35775805  3.        
 5.11384583 12.95448303 -0.289581    3.        
 4.17397308 -5.69821215  5.63748217  2.        
 3.10927606 -5.19641876  6.53082323  2.        
 2.64899397 -2.06958008  5.37103319  2.        
1.98715198 1.94623601 4.08535814 2.        
10.46829987 13.99035645  3.36068702  3.        
0.55036199 7.70756483 3.33648705 2.        
12.21396637 13.0656662  -5.96169996  3.        
-8.88400269 13.22496796  7.57592821  4.        
2.62387896 2.15832496 4.1583252  2.        
  3.9704361  -11.36426544   7.50720215   2.        
14.98771667 12.63353729 -2.53353906  3.        
 3.299263   -4.33992815  4.92095995  2.        
-3.42975593 11.40378571  1.14721704  4.        
 9.63903141 13.52603054 -4.41549683  3.        
 5.43689013 13.00881195 -1.69754004  3.        
-2.18560791 11.50187683  2.434479    4.        
-14.04090118  12.36790466   1.91165197   4.        
2.17532396 6.95259094 3.79190111 2.        
1.82323503 2.36508894 4.81976318 2.        
13.62145233 12.88951111 -5.71185303  3.        
-10.92892456  13.01506805   3.7910769    4.        
-17.99583435  10.71219635   7.20880079   4.        
-12.7538681   12.81958008   1.09243798   4.        
 4.50563812 -7.87361908  5.91992188  2.        
2.09313989 0.54427302 4.42483521 2.        
 3.79636407 -4.10115814  5.85906982  2.        
14.76995087 13.2151413   1.64242601  3.        
10.7358017 13.6316452  0.947357   3.       
19.32998848 10.18693542 -1.66812098  3.        
-0.77269697 10.05844116  3.61120605  2.        
-2.49858093 11.61161804  4.34408617  4.        
2.0754621  8.70077515 2.92230201 2.        
 8.82078457 13.99720001  3.27410889  3.        
-19.93450928   9.48222256   6.66445923   4.        
20.23532867  9.30236816 -3.60708594  3.        
 9.99247742 14.03060913  2.72174096  3.        
-10.85502625  13.31013489   6.17318678   4.        
-20.48631287   9.77702332   4.81265306   4.        
-17.73886871  10.6240921    1.18725598   4.        
10.53662872 13.54255676 -1.80816698  3.        
-20.9647522    8.77775574   3.12637305   4.        
-13.47356415  12.79057312   3.80728197   4.        
20.64499664  6.39034319 -7.32427979  3.        
-7.25022078 13.19322205  4.82278395  4.        
-17.43134308  11.46628571   5.44216919   4.        
-3.29067993 12.48558807  4.4255681   4.        
-18.06751251  11.34894562   4.81726122   4.        
15.89524078 12.61557007 -1.24377406  3.        
18.73721313  9.23070526 -6.93740797  3.        
 3.07893395 11.38344574  2.04605103  3.        
15.2161026  13.22640228  1.37283301  3.        
-7.92080688 13.53552246  7.01309204  4.        
1.61710405 7.713974   3.20434594 2.        
 2.78288293 10.21638489  2.92495704  3.        
19.57882881 10.25115967 -2.64199805  3.        
-3.34797692 12.21083069  5.98074293  4.        
10.02197266 13.67690277 -5.27023315  3.        
 9.51954746 13.38658905 -0.64303601  3.        
 3.5134201  -7.55529785  6.27844191  2.        
 4.14311218 12.11396027  2.16928101  3.        
20.43457031  8.10326385 -5.11715698  3.        
-17.40579987  10.74238586   1.62982202   4.        
-20.73008728   8.39421082   2.45474195   4.        
-3.52704597 12.35299683  2.40350294  4.        
20.19512177  8.46546936 -4.76837206  3.        
  3.93709612 -13.18466854   6.8999629    2.        
-3.67500305 12.30986023  1.86434901  4.        
-21.54593658   8.07580566   4.48696899   4.        
 3.91139197 -6.34920502  5.66900587  2.        
 2.25555396 -0.675583    5.52679396  2.        
-0.342033    9.93548584  3.23373389  2.        
2.3487699  8.28586578 3.13122606 2.        
 5.66947222 12.87908173  3.18277001  3.        
 9.90287018 13.52577972  0.460388    3.        
 3.33899689 -5.19038391  5.24871778  2.        
-18.41077423  10.1055603    1.93411195   4.        
  4.91184998 -11.59925842   6.86862183   2.        
18.82169342 10.46183777 -3.90200806  3.        
-6.04138184 13.43772125  7.19732714  4.        
-11.5009613   12.90733337   0.237946     4.        
-16.80236816  10.91244507   1.02029395   4.        
-13.63220978  12.56640625   2.61383104   4.        
-10.26467133  13.32330322   5.96963501   4.        
11.1674118  13.51454926 -0.66220099  3.        
  4.35423994 -13.54669952   6.90853882   2.        
-15.02758789  12.24986267   6.50009203   4.        
 3.41650391 -3.4382019   5.48950195  2.        
14.60690308 11.9524231  -6.72406006  3.        
0.82211298 8.2533884  3.08499193 2.        
 3.1201551  -5.56005907  6.12383986  2.        
1.33613598 4.50830793 3.28509498 2.        
-13.68148041  12.88856506   5.62854004   4.        
2.38142395 1.33266401 4.69387817 2.        
-12.46778107  12.86239624   4.23001099   4.        
 9.73404694 13.85507965 -3.7714231   3.        
  4.54659319 -12.74172974   6.61950684   2.        
-14.63997746  11.64618683   0.14523301   4.        
-13.30292511  13.03292084   6.26968384   4.        
13.19463253 13.33498383 -1.71160901  3.        
 9.18837738 13.47675323 -4.06222486  3.        
 4.07808685 -8.55745697  5.52252197  2.        
-14.44828796  12.25405121   0.753052     4.        
-19.33725739   9.58190918   2.37326097   4.        
-11.29888916  13.0699234    1.73870802   4.        
-13.64672947  12.65483093   6.7281189    4.        
 3.57994103 -9.2869873   6.03027296  2.        
-12.29854584  12.90689754   1.79132104   4.        
11.26602173 13.51885223 -1.91134596  3.        
 4.31575012 12.38402557  1.33200097  3.        
-17.91321564  10.60366058   2.11804199   4.        
 3.18302894 10.82027435  2.78332496  3.        
 3.24723101 11.78526306  2.61282396  3.        
-11.06516266  13.50886536   6.56872606   4.        
  4.02679396 -10.50193024   6.65481615   2.        
17.64933014 10.18257904 -7.42739916  3.        
20.99923515  4.525177   -5.75482178  3.        
  4.62559509 -10.37609863   6.61535597   2.        
-7.26931    13.44126129  2.3808291   4.        
21.18625641  6.7999649  -6.45407104  3.        
2.6204071  3.68326592 3.95669603 2.        
16.45746613 11.74051666 -4.94436693  3.        
-7.5272522  13.15798187  7.79296923  4.        
17.82299042 10.48857117 -6.57074022  3.        
 8.74588013 13.96237946 -3.65246606  3.        
-10.70777893  13.49615479   7.08798218   4.        
 3.02226305 11.12514496  3.21890306  3.        
 3.84243798 -9.72216797  6.09909105  2.        
15.84294891 11.55506897 -7.04525805  3.        
 1.81179798 -0.98060602  4.33523607  2.        
18.75641632  9.57950592 -6.05932617  3.        
 7.9275589 13.2701416  0.997437   3.       
-11.95894623  13.09918213   0.049072     4.        
  4.53189802 -11.58765411   5.97457886   2.        
17.57524109 11.72182465 -2.63662696  3.        
-11.82817841  12.90556335   4.06533813   4.        
2.44988298 0.575333   4.09719896 2.        
-11.71624756  13.2559433    6.83114576   4.        
-18.69487762  10.59606934   4.15820312   4.        
-18.34849548  11.24539948   5.34338379   4.        
-6.40753889 13.12166595  4.79324293  4.        
10.50724792 13.77902222  2.92654395  3.        
 4.53795624 -7.94249678  6.59137011  2.        
-7.08215284 13.29766083  5.53247118  4.        
10.41763306 13.90446472  1.99075305  3.        
-4.73332977 13.17788696  6.64221191  4.        
-1.10597205 10.13843536  3.16216993  2.        
11.9610672  13.51311493  2.41067505  3.        
-10.41555786  13.33227539   4.4593811    4.        
2.4735949  0.74158502 4.85739088 2.        
-11.20269775  13.07886505   3.23489404   4.        
1.10130298 6.37701416 3.93194604 2.        
19.54747009  8.56217957 -6.89703417  3.        
-8.13034821 13.49285889  5.54406691  4.        
 5.11062622 13.23789215 -1.29614305  3.        
21.43786621  5.82227278 -6.34640503  3.        
-1.86514997 11.70172119  3.94372606  4.        
-10.61485291  13.11220646   2.26116896   4.        
-5.72180891 12.98378754  3.375458    4.        
1.58397698 8.68555546 3.06906104 2.        
-19.72087097  10.31004333   6.11135912   4.        
1.84425294 9.08734131 3.10556006 2.        
19.14318848  9.79373932 -5.14819288  3.        
-16.38001251  11.67418671   4.02828979   4.        
11.39656067 13.61214447 -2.58975196  3.        
-10.44115353  13.00015259   0.40725699   4.        
1.93840802 8.3602829  3.47634912 2.        
19.21466064  7.86304522 -7.63015795  3.        
19.89304352  9.95166779 -1.975739    3.        
-15.69661713  12.10758209   2.94573998   4.        
-0.97258002 10.65154266  3.11657691  2.        
 6.03492022 13.49316406 -1.29321301  3.        
-19.70440674  10.18354797   5.14169312   4.        
21.57369995  6.22396088 -5.55062914  3.        
-21.28652954   8.78840637   4.09274292   4.        
18.94790649 11.35280609 -0.966766    3.        
-4.14136505 11.75617981  1.11126697  4.        
-15.56128693  11.37227631   0.264801     4.        
 3.58705091 -6.9461441   6.83166504  2.        
  4.06010389 -13.51705933   7.3059082    2.        
-4.70680189 12.23458099  0.81481898  4.        
-20.64901543   9.32140446   5.02654982   4.        
 6.94858599 13.84701538 -2.67065406  3.        
2.08250403 4.25319719 3.84359694 2.        
18.47245789 10.99749756 -3.40960693  3.        
-17.22138977  10.53193665   0.51275599   4.        
 7.69847918 13.49193573  3.85742211  3.        
14.143013   13.092453   -1.44577003  3.        
16.79132843 11.80908203 -3.58499193  3.        
0.988235   8.65441895 2.49996996 2.        
 9.70981598 13.76677704 -2.32293701  3.        
-0.122398    8.21511078  3.31680298  2.        
-6.93549299 13.40578461  6.88375807  4.        
-9.67198181 13.74489594  7.525177    4.        
16.50292206 11.57775879 -5.86630201  3.        
-5.31236315 12.96734619  7.15982103  4.        
-17.1344223   11.70928955   4.40704393   4.        
 2.78906989 -0.146431    4.67675781  2.        
-21.32154083   7.72200823   3.30456495   4.        
1.649719   6.36461592 3.09539795 2.        
 5.53853607 13.22780609 -0.91687     3.        
2.68576789 2.52526093 4.58505201 2.        
-5.06732178 12.95001984  2.0774231   4.        
10.41483307 13.40393829 -5.3336792   3.        
  4.01594496 -12.21128082   6.80209303   2.        
1.695328   2.346138   4.17510986 2.        
-20.73729706   9.10536194   4.60226393   4.        
20.736763    8.37047577 -3.79043603  3.        
1.52499402 3.75666809 3.89358497 2.        
-7.87495422 13.14682007  3.905792    4.        
1.30170405 4.34313202 3.9155879  2.        
-13.9981308   12.76216125   4.33673096   4.        
19.70696259  8.14723969 -7.54153395  3.        
-7.48917389 13.26744843  5.21966505  4.        
13.57524109 12.55674744 -6.59020996  3.        
-2.72937012 12.22727203  4.02014208  4.        
-18.30513763  10.39367676   1.46575904   4.        
-10.2622757   13.70570374   7.65942383   4.        
10.03096008 13.78594971 -4.55300903  3.        
 3.67916107 -5.48510695  5.54629517  2.        
-5.61322784 13.01869965  4.80615187  4.        
18.58924866 10.15953064 -5.87731886  3.        
-7.3365941  13.58614254  6.17318678  4.        
-8.38841248 13.65595245  6.383636    4.        
18.40541077 11.29869843 -2.47702003  3.        
-8.79102325 13.43373871  2.45828295  4.        
-11.16466522  13.39707947   7.46969604   4.        
2.52571893 9.48823643 2.43927002 2.        
-13.39079285  12.71922302   1.59790003   4.        
-6.44603682 13.34036255  5.48953295  4.        
1.40623498 2.81525397 3.95632911 2.        
-21.24985504   8.41428375   5.62295485   4.        
1.62657201 5.51167297 3.52825904 2.        
1.94664001 3.21017504 4.39990187 2.        
 8.95691681 13.68597412 -1.74179101  3.        
17.95761871 10.78998566 -4.67156982  3.        
20.18682861  7.03624678 -7.7904048   3.        
-11.33202362  13.34008026   0.249725     4.        
 1.857216   10.07601166  2.89602709  2.        
-9.53067017 13.24841309  7.67968798  4.        
-6.22220612 13.19876099  3.33660889  4.        
-12.13930511  12.91699982   5.0779109    4.        
-11.82669067  13.31469727   6.09866285   4.        
-18.76187897  10.45075226   6.85494995   4.        
21.58946228  5.23990583 -5.09127808  3.        
-15.96491241  11.80188847   3.81729102   4.        
-7.92292023 13.28265381  2.72094703  4.        
13.24698639 13.36850739  0.15789799  3.        
-20.57741547   9.49206543   4.05227709   4.        
18.17398834 11.4729538  -0.60174602  3.        
-8.32422638 13.56479645  1.15234399  4.        
 4.02439117 -8.60128784  6.512146    2.        
 2.41767907 -0.33336601  4.06338501  2.        
-18.60786438  11.07173157   4.83007812   4.        
12.75319672 13.33050537 -2.61682105  3.        
 3.38723707 -3.88700104  5.86288404  2.        
15.11881256 13.12219238 -0.036987    3.        
18.2723999   9.370224   -7.59234619  3.        
1.78900099 1.310974   4.45458984 2.        
-21.08437347   8.8446579    5.21423292   4.        
-19.8732605    9.8879776    5.99401903   4.        
12.26360321 13.30518341 -1.658813    3.        
 6.80296278 13.21429443 -0.14929201  3.        
10.09104919 13.55924988 -1.54635596  3.        
21.76074219  6.74497986 -5.06683397  3.        
  4.06969404 -11.10085297   6.66259813   2.        
12.46845245 13.46611023  0.018738    3.        
 2.81219506 10.37374115  3.57916307  3.        
  3.98899794 -11.63751221   6.59460402   2.        
 2.98837304 -4.63008118  5.69458008  2.        
-4.30462694 12.64685822  3.45776391  4.        
-17.06601715  11.03487396   7.50857496   4.        
 3.3939209  -6.44147491  6.27969408  2.        
16.72402191 12.68546295  0.23934899  3.        
-18.83170319   9.60242462   1.61111498   4.        
-12.80844879  13.14322662   6.7781682    4.        
 7.99189806 13.76828766  3.00466895  3.        
-5.73940277 13.15694427  2.43295288  4.        
-13.73812103  12.75653839   3.4225769    4.        
-19.28398132  10.28080654   3.16140795   4.        
-10.4737854   13.35316467   7.88867188   4.        
 4.27342987 -9.74082184  6.66461182  2.        
14.45046234 12.84106445 -3.869385    3.        
10.21925354 13.57014465 -0.017883    3.        
-12.62884521  12.98900604   2.62017798   4.        
  3.76753998 -10.84585571   6.11859083   2.        
 9.27816772 13.34822083 -0.089844    3.        
0.52341503 7.02869415 3.66833496 2.        
-8.62036133 13.28760529  4.8119812   4.        
17.91451263 11.46295166 -2.81246996  3.        
-15.89448547  11.99240112   5.49816895   4.        
16.71821594 10.91225433 -7.41513109  3.        
21.3692646   7.37151289 -4.5020752   3.        
-16.60971832  11.11521053   1.400635     4.        
0.96034199 7.04972792 4.35501099 2.        
 3.48501611 -3.49454498  4.86831713  2.        
17.9598465  11.70965576 -1.94821203  3.        
 2.15237403 -0.404892    4.92105103  2.        
-8.91239166 13.24095154  0.35638401  4.        
-8.25026703 13.3850708   3.23779297  4.        
-20.27031708  10.13204956   5.17736816   4.        
 2.72801208 10.45829773  2.28131104  3.        
17.61398315 11.95984554 -1.61212206  3.        
13.19451904 13.22451782 -3.81491089  3.        
-16.86537933  11.34906769   2.72592211   4.        
19.87914467  9.15945435 -4.36794996  3.        
14.37502289 12.63253784 -5.39843798  3.        
20.50578308  8.81964111 -4.65875196  3.        
21.74796295  6.49527693 -4.61578417  3.        
 6.20008087 12.78531647  4.06130981  3.        
14.14797211 13.14734554 -0.995758    3.        
-9.25303745 13.56896973  0.896698    4.        
-14.85282898  12.30841064   5.53338623   4.        
-7.4042592  13.50283813  1.92712402  4.        
 4.87628222 12.64664459  0.815521    3.        
  4.51966095 -10.71350098   6.33184814   2.        
 2.51191711 -1.93569899  4.94576979  2.        
12.47451019 13.53987122  0.62588501  3.        
-13.9888916   12.5371933    5.74227905   4.        
-16.91846466  11.41751862   6.98248291   4.        
16.06241608 12.442276   -2.39657593  3.        
-16.60316467  12.03392029   5.17184401   4.        
-10.77171326  13.33892059   1.29693604   4.        
10.74669647 13.65289307 -4.63037109  3.        
-5.72662306 13.17234039  1.58862305  4.        
 6.12104797 13.09482574  3.60733008  3.        
20.25710297  8.85317993 -5.10186815  3.        
-20.36829948   8.87255859   6.03887892   4.        
-20.56433868   9.3313446    5.58117723   4.        
10.48207092 13.63124084 -2.24822998  3.        
-15.33946991  12.28892517   3.84689307   4.        
-17.72009277  11.18214417   2.86450195   4.        
12.37677002 13.41143799 -2.85363793  3.        
-3.18245697 11.72226048  1.67120397  4.        
 9.474823   13.93593597  2.65408301  3.        
17.76689911  9.456604   -7.96179199  3.        
19.46456909 10.64100647 -1.83908105  3.        
-15.50336456  12.05097961   2.44735694   4.        
16.18327332 12.19301605 -3.24642897  3.        
1.92550695 3.22394609 3.87530494 2.        
-7.2593379  13.31285858  3.30371094  4.        
 2.67940497 -3.35506392  4.98211718  2.        
-19.59490204  10.22634125   3.95037794   4.        
18.01316071 11.94914246 -1.01803601  3.        
-7.29281616 13.53111267  0.112427    4.        
20.55747223  9.02404022 -2.84664893  3.        
1.72269404 0.80357403 4.54037523 2.        
1.47196996 5.00440979 4.10458422 2.        
15.72818756 12.35778046 -2.80346704  3.        
-8.77661896 13.59127808  7.28231812  4.        
 2.79608202 -6.1345439   5.29229689  2.        
-18.7933197   10.76842499   5.64993286   4.        
-4.66397905 12.79752254  3.71948195  4.        
-9.88333893 13.26999664  3.82299805  4.        
 8.75590515 13.71422577  2.39904809  3.        
17.30563354 11.17498016 -5.29946899  3.        
14.51516724 12.94895935 -1.81503296  3.        
-2.65110803 12.10965729  4.95483398  4.        
 4.05518293 11.92972565  3.14706397  3.        
12.85796356 13.40652466 -0.21637     3.        
-2.98761702 12.485466    5.90206909  4.        
15.94766235 12.91580963  0.478241    3.        
-8.78244781 13.42386627  5.84179688  4.        
10.16031647 13.54179382  0.82717901  3.        
-13.6177597   12.61925507   7.52319288   4.        
-7.98639679 13.68372345  6.59140015  4.        
 1.93550098 -0.075455    4.50939894  2.        
 4.06822205 -9.89308929  5.64444017  2.        
1.53279102 6.63917494 4.00924683 2.        
-21.51625824   8.16714478   4.92407179   4.        
18.22299957 10.16426086 -6.74465895  3.        
-6.48569489 13.27548218  1.800385    4.        
-7.22583818 13.37585354  1.47183204  4.        
-21.32723999   7.09404802   3.64010596   4.        
-19.36342621   8.82187653   1.819031     4.        
 3.57513404 -5.65142107  6.03277588  2.        
 2.41312408 -0.97357899  5.20397902  2.        
-0.81230903  9.818367    3.06036401  2.        
-1.21192896 10.63257599  3.7194519   2.        
-14.59333801  12.43645477   7.73049879   4.        
10.86592865 13.39201355 -0.966766    3.        
2.40986609 9.02939606 3.13360596 2.        
17.11530304 12.06658173 -2.08645606  3.        
 2.62468004 -0.71921498  4.56259203  2.        
-13.16276646  12.69126892   1.97909498   4.        
19.94541931  8.30515289 -6.65292406  3.        
-19.84857941   9.03443241   1.97994995   4.        
-17.86573029  11.16635895   7.15997314   4.        
-7.80419922 13.59603882  1.12469494  4.        
-2.83258104 11.9860611   2.94369507  4.        
 3.20280504 -2.14971209  4.67276001  2.        
20.66301727  8.14628601 -3.19021606  3.        
  4.02212477 -10.53105927   7.16174316   2.        
 8.15260315 13.90753174 -2.8626399   3.        
 3.45139289 -8.37715244  5.9090271   2.        
 3.28656793 -1.97307599  5.56225586  2.        
-7.18112898 13.03659821  7.29119921  4.        
21.49019623  6.962677   -3.68212891  3.        
19.09483337  9.17963409 -7.19351196  3.        
0.058739   8.74331665 2.66564894 2.        
 3.55879998 -4.35452986  5.39984083  2.        
 6.3874588  13.74925232 -2.38613892  3.        
  4.36408997 -11.19998169   6.21090698   2.        
-5.18465424 12.65385437  0.64813203  4.        
 2.90927911 -3.80844092  4.62405396  2.        
-5.59152222 13.17066193  0.65234399  4.        
-20.15481567   9.28644562   2.66702294   4.        
0.10923    8.90287781 3.63552904 2.        
 9.25422668 13.40492153  0.70407099  3.        
-17.13960457  11.80854034   6.73028612   4.        
-13.83802795  12.82134247   4.85250807   4.        
-5.01357317 12.88673401  2.98657203  4.        
-11.77879333  13.06348419   1.00793505   4.        
-17.66978455  11.57661438   5.06720018   4.        
 2.93721008 -4.27401018  5.29425097  2.        
1.93753099 7.38536787 3.55481005 2.        
18.47955132 10.29327393 -5.19033813  3.        
 5.29573107 12.7715683   0.77194202  3.        
 3.25987196 -1.11526501  5.36673021  2.        
 3.53913093 -7.10208082  5.64297485  2.        
20.9436264   6.10045624 -7.18630981  3.        
-14.00889587  12.57826996   2.390167     4.        
-14.14398193  12.23537445   0.32958999   4.        
-15.69098663  12.05964661   6.51534986   4.        
  4.05498505 -13.736763     6.21069288   2.        
 9.93364716 14.02224731  3.45819092  3.        
2.04239702 7.86473083 3.15029907 2.        
-17.86646271  11.17144012   4.47164917   4.        
-11.58946991  13.01843262   2.36245704   4.        
15.27477264 12.74806976  1.05477905  3.        
2.43476892 1.78456903 3.809937   2.        
 3.65570092 11.18445587  2.68203712  3.        
20.63938713  7.71787977 -5.41036987  3.        
-4.20926714 12.69223785  4.36831713  4.        
-8.00476074 13.33068848  7.51971388  4.        
11.86589146 13.369133   -1.46395898  3.        
-0.82372999 10.40226746  2.62118506  2.        
 3.41821289 11.88654327  0.97750902  3.        
-19.79679108   9.83909607   3.66159105   4.        
 3.42771196 11.57608795  2.22189307  3.        
0.25663799 7.49161482 3.75122094 2.        
-13.17370605  12.81832123   7.28668213   4.        
-16.01258087  11.5424881    2.00729394   4.        
-11.07608795  13.25800323  -0.231567     4.        
-7.06212616 13.10638428  4.01217604  4.        
-5.55068207 13.00547028  3.77377295  4.        
2.49892497 3.9372561  4.32849121 2.        
-7.50553083 13.66617584  7.22717285  4.        
-5.76240492 13.04434967  7.27664185  4.        
12.58764553 13.25028229 -2.03613305  3.        
0.42726901 8.05060577 3.72946191 2.        
-16.05853271  11.4966507    0.88742101   4.        
-17.61223602  11.54775238   6.57052612   4.        
  4.52558088 -13.17444611   6.03506517   2.        
-21.04589081   8.80906677   4.66989088   4.        
14.00627899 12.72579193 -6.03002882  3.        
2.19068909 0.31494099 5.51608276 2.        
-6.08660078 12.96141815  6.9932251   4.        
10.90009308 13.56965637  0.52688599  3.        
-5.28118086 13.02672577  2.46752906  4.        
 4.29441786 -7.45181322  5.84103394  2.        
15.23869324 12.34456635 -5.28067017  3.        
-1.26523602 10.865448    4.18139601  2.        
-9.72360992 13.38358307  5.97296095  4.        
-15.38332367  12.23801422   7.28030396   4.        
19.98703766  9.68489838 -3.07296705  3.        
 5.76343489 13.56455994 -1.88647497  3.        
19.07479095  8.78536987 -7.70574903  3.        
-12.85212708  12.8270874    7.61630201   4.        
-14.90208435  11.85314941   7.61535597   4.        
-4.52616882 12.89957428  5.20877123  4.        
 6.56487989 13.20066833  3.03652906  3.        
-16.49047852  11.75311279   6.67996216   4.        
  4.47758484 -11.60632324   6.84161377   2.        
-13.92004395  12.21323395   8.01589966   4.        
 4.74133301 12.79523468 -1.60278296  3.        
-9.49655247 13.20433044  4.55020094  4.        
 6.44381714 13.28630066 -0.72085601  3.        
2.24763489 1.03317297 4.11157179 2.        
 2.22861505 10.1445694   2.28048706  2.        
 4.61974287 -8.31996059  5.89819288  2.        
2.18386102 9.52449036 2.77154493 2.        
11.67521667 13.59463501  0.527435    3.        
1.69159698 5.63489485 4.10119581 2.        
 2.50775099 10.87405396  1.78875697  3.        
-18.26256561  10.97908783   6.40914917   4.        
 2.47203803 -3.92952704  4.82278395  2.        
 7.94283295 13.59209442 -1.63680995  3.        
  4.07007599 -10.11474609   6.07849121   2.        
 3.30422211 10.8307724   2.21319604  3.        
 8.21365356 13.61280823  2.49029493  3.        
-14.22188568  12.75507355   6.02954102   4.        
 4.64125776 12.63658142  0.45254499  3.        
-12.40483093  12.87734985   3.4286499    4.        
15.70334625 12.29920197 -4.43463087  3.        
-13.23512268  12.87654114   4.23666382   4.        
-14.83812046  12.57845306   6.30038404   4.        
-14.26143646  12.77489471   5.25033617   4.        
21.63645172  5.42520094 -5.79046583  3.        
 4.33091021 -9.15514374  6.16497803  2.        
21.33840179  6.84919024 -6.05682421  3.        
-13.13332367  13.00823212   5.49130201   4.        
-19.20701599  10.41056061   4.696136     4.        
  4.22426605 -11.83621216   6.17462206   2.        
13.89250946 12.98841858 -3.59805298  3.        
-18.62944031  10.08525753   2.30105591   4.        
1.63496399 4.35612488 4.66845703 2.        
-18.32015228  10.70111847   6.87747192   4.        
-19.15602112  10.52153015   4.06841993   4.        
16.06044769 12.00246429 -5.15707397  3.        
-14.64822388  12.65395355   4.86911011   4.        
 4.89306593 12.44899654  2.91174293  3.        
 4.14459181 -6.13132477  6.10708618  2.        
-19.66952324   9.99943542   3.18313599   4.        
-9.47178745 13.65557098  6.44604492  4.        
-11.28155518  13.15457916   4.11554003   4.        
-9.33475494 13.12539673  3.73355103  4.        
-4.53169298 12.69757843  1.460114    4.        
18.12368774 11.05168247 -3.84610009  3.        
-17.91093445  11.25421143   5.81030321   4.        
-15.03186798  12.20129395   7.04354906   4.        
12.23692322 13.82582092  2.16653395  3.        
-11.13952637  13.25984192   4.64923096   4.        
19.76185608  9.33499908 -4.94824219  3.        
1.02904499 8.04985046 2.64724708 2.        
-17.95797729  10.96202087   3.709167     4.        
-2.39080095 11.65872192  5.07269287  4.        
-10.16447353  13.6587677    6.74304199   4.        
-21.46626282   7.14967299   4.85653687   4.        
13.33299255 13.48451233  2.0632019   3.        
15.76712799 12.96160889  0.90005499  3.        
-14.38648987  12.41731262   4.50195312   4.        
 2.8982389  -3.60989404  6.17071486  2.        
 8.50099182 13.39293671  1.13507104  3.        
-5.21378279 13.12570953  1.67752099  4.        
-14.84310246  12.17700195   3.14801002   4.        
16.25760651 11.49828339 -6.75180006  3.        
-21.41672516   7.9733119    5.28839111   4.        
 3.7642591  12.21407318  0.643951    3.        
-1.31797004 11.23667145  3.57650805  4.        
-0.17577399  9.33083344  3.15139794  2.        
 2.8376689  -4.9088521   5.23156691  2.        
1.36791205 5.16638994 3.67807007 2.        
15.24449921 12.79225922 -1.89630103  3.        
 3.59725904 -4.61660814  5.03701782  2.        
-3.92283607 12.49667358  3.61779809  4.        
-9.57756805 13.19223785  0.287292    4.        
-20.23853111   9.84282684   4.35140991   4.        
14.73384857 12.40619659 -6.05517578  3.        
20.74318695  8.72162628 -4.07565308  3.        
-1.46089196 11.02013397  2.71655297  4.        
-17.17897034  11.83462524   5.96460009   4.        
  4.53327179 -13.98030853   6.22283888   2.        
 2.95755792 11.4154129   1.623474    3.        
-13.24983215  12.69960785   3.46191406   4.        
15.48104095 12.35131836 -3.88354492  3.        
20.28562927  7.17893982 -7.24505615  3.        
-1.67734504 11.30536747  3.13705397  4.        
11.86530304 13.30406189 -5.46154785  3.        
14.45713043 12.95901489  1.42697096  3.        
10.16015625 13.77070618  1.61877406  3.        
 3.78926802 -8.61457825  5.83319092  2.        
-15.45963287  11.52018738   7.37664795   4.        
-8.78370667 13.6459198   0.35583499  4.        
19.02102661  9.25469208 -6.43215895  3.        
 7.67956495 13.1672821   0.64022797  3.        
 2.77762604 10.9447937   2.3968811   3.        
  4.54206085 -12.60703278   5.74893188   2.        
1.58090198 8.35370636 3.6947329  2.        
12.59469604 13.48571777 -0.94076502  3.        
 4.71474504 12.44429016  1.52221704  3.        
16.992836   10.42508698 -7.08328295  3.        
-16.65254211  11.7844696    3.61715698   4.        
-14.0789032   12.03011322   7.57232714   4.        
-16.66251373  10.60085297   0.72317499   4.        
17.56530762 11.07551575 -4.47048998  3.        
1.64674401 9.40466309 3.42486596 2.        
2.00995588 1.33798206 5.16982985 2.        
21.50652313  4.93643188 -5.61727905  3.        
18.99253845  8.33850098 -8.0574646   3.        
-18.23923683  10.87463379   2.87930298   4.        
-15.74043274  12.22524261   4.50454712   4.        
 4.67306519 -9.52445221  6.79605103  2.        
-6.34070587 13.17791653  4.12277222  4.        
11.38172054 13.9404068   3.01104689  3.        
-15.92472839  12.27168274   5.8062439    4.        
-8.28540039 13.32323456  2.28390503  4.        
11.00090027 13.99133301  2.07449293  3.        
 2.65287805 -2.66807604  5.04498291  2.        
1.72040024e+01 1.20323868e+01 7.26300012e-03 3.00000000e+00
-9.21078491 13.7165451   6.97900391  4.        
17.05581665 12.34233093 -1.25146496  3.        
 3.81684089 -5.88848877  5.73559618  2.        
-17.16655731  11.57636261   4.98480177   4.        
 3.71669006 -8.57052612  6.81524706  2.        
18.65921021 11.02039337 -1.10107398  3.        
-21.60137939   7.50524092   4.68151903   4.        
21.11052704  5.19750214 -6.72595215  3.        
-6.96044922 13.53151703  0.37548801  4.        
 8.83934021 13.29544067 -0.15658601  3.        
 8.12445831 13.4522171   1.85650599  3.        
11.48956299 13.61027527 -4.84698486  3.        
13.03733826 13.31198883 -3.39840698  3.        
-14.09976959  12.50798035   6.99606323   4.        
 4.00795698 -7.95336103  5.42044115  2.        
-17.47978973  10.42040253   0.89550799   4.        
-16.36627197  11.42676544   7.49005079   4.        
 7.2530818  13.73206329 -2.0058291   3.        
-15.91733646  11.80269623   3.28839111   4.        
-17.38751221  11.19687653   3.21325707   4.        
-21.49716187   8.53807068   3.75454712   4.        
-19.4412384   10.33688354   5.80230713   4.        
 3.29140496 -7.38034821  5.92800903  2.        
 4.59482622 12.51786804 -0.98226899  3.        
20.02191162  8.506073   -5.77835083  3.        
14.50486755 12.86548615 -2.26122999  3.        
-14.68711853  11.96704865   0.406616     4.        
2.40040588 2.50528693 4.14752197 2.        
 1.907341   -1.35164595  4.93096924  2.        
12.20250702 13.51683044 -0.75872803  3.        
 4.40825701 12.13955688  3.23968506  3.        
-12.49904633  13.20310211   6.51205397   4.        
18.19915771  9.92488861 -7.17413282  3.        
20.47203827  8.78379822 -2.29147291  3.        
-16.0865097   11.24179077   0.55389398   4.        
-3.09424591 12.57555389  5.46469116  4.        
12.62164307 13.08312225 -5.90750122  3.        
13.06089783 13.60331726  1.21624804  3.        
10.84696198 13.65981293 -3.02722192  3.        
20.82514954  5.72605896 -7.05987597  3.        
-20.801651     8.91960907   3.81423903   4.        
12.68766785 13.64734554  2.60656691  3.        
 8.62502956 13.87286377  3.70016503  3.        
20.67041779  7.48724413 -6.11361694  3.        
-19.08757019  10.84270477   4.97192383   4.        
 7.29057312 13.12966156  0.51300001  3.        
-4.79287004 12.89552307  4.56130981  4.        
-5.09960222 13.06241608  5.82598877  4.        
10.59805298 13.72325134 -3.79287696  3.        
2.40167189 2.73550391 3.53375196 2.        
-20.03901672   9.79898834   6.42544603   4.        
 5.30429792 13.37245178 -1.83291602  3.        
2.02929711 4.25094604 4.28112793 2.        
  4.2808609  -13.03060913   6.73855591   2.        
19.16343689 10.22143555 -3.90475512  3.        
21.43076324  7.49607897 -3.82287598  3.        
-9.71556091 13.26136017  2.33669996  4.        
2.00011396 6.02751207 4.02551317 2.        
1.59912097 0.130013   4.39913893 2.        
19.15648651  9.89361572 -4.60089111  3.        
11.27677917 13.55321503  0.297333    3.        
-11.55318546  13.50603485   7.4032588    4.        
 8.59435272 13.9484787  -3.22518897  3.        
15.63408661 12.60495758 -1.69595301  3.        
19.117836   11.10910797 -1.45761096  3.        
 3.92481208 -9.0752182   5.97372389  2.        
-8.91843414 13.45465088  5.07540894  4.        
 8.97492981 13.89122009 -3.05004907  3.        
 4.23235321 12.55934143 -0.032715    3.        
 3.73221588 -6.068748    6.10375977  2.        
21.13670349  7.81118011 -3.23248291  3.        
-20.57537842   8.85198975   3.2246089    4.        
10.97889709 13.92453003  2.76358008  3.        
15.94905853 11.74142456 -6.28387403  3.        
-18.08956718  10.91378021   4.13308716   4.        
 3.05631995 -0.890091    5.03018188  2.        
-19.67224121   9.996521     4.31317091   4.        
 3.61663795 -9.26794434  7.14242506  2.        
-4.12251997 12.61533356  1.96609497  4.        
 7.38514709 13.92088318 -2.98959303  3.        
-5.85932922 13.366539    1.10021996  4.        
 2.80780005 -3.8404851   5.56491089  2.        
1.27669501 7.27648878 3.83148193 2.        
 9.27745819 13.51261139 -1.04391503  3.        
1.94989002 4.74314117 3.39181495 2.        
-10.01197147  13.33257294   4.20428514   4.        
14.02474976 12.99381256 -2.48675489  3.        
15.20197296 13.15127563  0.47506699  3.        
-11.96045685  13.29763031   7.80648804   4.        
19.674263    9.6727829  -4.10363817  3.        
15.11057281 11.6483078  -7.47454786  3.        
-3.68386102 12.33467102  6.24356079  4.        
14.104599   13.42018127  0.78619403  3.        
 3.44836402 -9.07543182  6.37072802  2.        
21.85159302  5.88939714 -4.8661499   3.        
 6.86576796 13.13179779  1.48855603  3.        
 8.5018158  13.59876347 -1.27456701  3.        
-9.10107422 13.68348694  7.78628492  4.        
0.90579998 6.53157806 3.46469092 2.        
 4.16871595 -9.22515869  6.59927416  2.        
 9.51287842 13.47106171  0.363525    3.        
19.73607635  8.78065491 -5.13677979  3.        
 3.34139991 -9.29170227  6.77963305  2.        
20.6173172   8.22054291 -4.77456713  3.        
-2.34197998 12.08181     4.50997877  4.        
-0.26640299  8.93521881  3.22790504  2.        
 2.73941803 11.22899628  2.74334693  3.        
18.18183899 10.35890198 -6.08349609  3.        
 3.90915704 -6.51551819  5.28863478  2.        
-9.4055481  13.36686707  5.70977783  4.        
-18.8486805   10.57887268   3.283813     4.        
12.87090302 13.54120636  0.83783001  3.        
-16.45108795  11.75114441   4.42889404   4.        
10.19288635 13.99118805  2.36996508  3.        
-20.12715912   8.70516205   2.128021     4.        
 1.76133704 -0.62437397  5.1439209   2.        
18.41889191  8.78939819 -7.61895704  3.        
 7.31091309 13.40035152  2.57504296  3.        
-20.75341797   9.50234985   4.67468309   4.        
21.23085785  4.94861603 -6.41461182  3.        
 3.897331   -3.79488397  5.28616285  2.        
 3.44200897 -6.51555586  5.55682421  2.        
-12.18175507  12.90488434   2.29861403   4.        
11.68769073 13.5736084  -3.95605493  3.        
20.53705597  9.05239868 -3.31240797  3.        
 3.24843597 -4.71981812  6.14486694  2.        
 3.3589251  -1.57650006  5.56552076  2.        
-20.88795471   8.67340946   5.94976807   4.        
-5.13895416 13.21723938  6.20205688  4.        
1.79546404 2.90373206 4.74615479 2.        
16.44373322 12.76654816  0.54797399  3.        
-15.19628906  11.72753906   0.63461298   4.        
13.39862823 13.01899719 -5.30319214  3.        
17.05075073 11.02584839 -6.56814623  3.        
-18.62815094  10.95864868   4.44100904   4.        
 3.27864099 11.07350922  1.88464403  3.        
-7.87609911 13.61649323  0.31692499  4.        
-12.57526398  13.0144043    4.74298096   4.        
-15.23934174  12.20800781   5.48504591   4.        
-5.97007799 13.18916321  1.97158802  4.        
 2.28775001 -3.65081811  5.08752394  2.        
-1.79214501 11.33501434  4.09124804  4.        
 8.17414093 13.84102631  3.36700392  3.        
 3.34336805 -2.89573693  5.19753981  2.        
 7.61917877 13.29605865  1.63507104  3.        
 3.23686194 -2.30257392  5.11029005  2.        
19.11709595  9.35851955 -6.82650805  3.        
-20.25756073   9.7127533    3.63684106   4.        
 4.66795397 -8.54452515  6.35012817  2.        
-10.33043671  13.11734772   3.21127295   4.        
 2.65204597 -2.200104    5.75073195  2.        
2.11057997 0.53628498 4.82583618 2.        
11.84778595 13.8068924   1.75640905  3.        
-9.93096161 13.22781372  7.70172119  4.        
 7.69986677 13.4952774  -1.22897303  3.        
-3.7200551  12.44095612  2.94772291  4.        
 5.47681379 12.68859863  1.53607202  3.        
-17.21253967  11.10263824   2.4372251    4.        
21.40969849  6.73455811 -5.40658617  3.        
 2.09974694 -2.32278395  5.01413012  2.        
15.34565735 12.39078522 -3.50286889  3.        
 3.54540992 -1.57700396  4.97528076  2.        
1.44889796 7.21455383 3.23275805 2.        
 8.73619843 13.32131195  0.63430798  3.        
-15.31760406  12.45637512   5.79309082   4.        
 5.30004883 12.68202972  2.4655149   3.        
-21.41088867   8.74720764   4.87142897   4.        
 2.78707099 10.845047    2.84753394  3.        
2.27036309 3.92236304 3.96856689 2.        
 3.63411689 12.02294922  1.43655396  3.        
-14.67624664  12.54050446   7.21237183   4.        
18.83901215 10.87546539 -2.68783593  3.        
13.24698639 13.27793884 -1.21771204  3.        
14.83925629 12.69029236 -4.18530321  3.        
 3.2286911  -4.235641    6.08978319  2.        
-13.10873413  12.56750488   7.82745409   4.        
-12.91056824  12.81177521   0.48690799   4.        
16.73480988 12.11056519 -2.62817407  3.        
-18.54363251  10.58633423   3.72448707   4.        
 6.02056885 12.91632843  0.806427    3.        
-2.97650909 12.13861847  5.37667799  4.        
 3.0266881  -0.39290601  5.10678101  2.        
-2.16126204 11.72183228  3.599823    4.        
1.27922106 8.0736618  3.71637011 2.        
-2.49191999 11.88600159  3.17334008  4.        
-16.52417755  11.5521698    2.05856299   4.        
-5.06264496 13.08363342  1.25079298  4.        
2.11560106 4.91371107 4.20983887 2.        
2.54180908 1.34572601 3.91412401 2.        
1.40946198 5.84680223 3.48370409 2.        
 6.42233992 13.54608154 -1.48535204  3.        
 4.48432207 12.31134033  2.22860694  3.        
-19.54252625  10.13181305   6.6835022    4.        
16.88343048 11.33733368 -5.89843798  3.        
-20.94516754   9.33581543   5.29290819   4.        
17.51326752 11.41333771 -3.481354    3.        
17.26296997 11.27519989 -4.71322584  3.        
13.59365082 13.14459991 -3.08407593  3.        
-18.7171936   10.50245667   2.63284302   4.        
-15.22382355  12.11740112   4.29373217   4.        
14.64570618 12.76683044 -3.368469    3.        
  4.24687195 -13.92566681   6.84954786   2.        
-12.52864838  12.79399109   3.79788208   4.        
-9.17131042 13.21614075  4.32067919  4.        
13.77348328 13.29838562 -0.47265601  3.        
-16.5813446   11.80078125   3.22573805   4.        
-16.45581818  12.11372375   5.94778395   4.        
-5.84179688 13.23265076  6.10507202  4.        
-8.77457428 13.15653229  3.67260695  4.        
 9.9240799  13.48645782 -4.79241896  3.        
 9.38900757 13.85873413 -3.14602709  3.        
-15.32373047  12.18712616   6.16778612   4.        
 6.02075195 13.1707077  -0.40240499  3.        
19.06691742  9.40473175 -5.28405809  3.        
 4.2549901  -8.94032288  5.43237305  2.        
  3.7417829  -10.37214661   6.00671387   2.        
18.56893158  9.87584686 -6.77862597  3.        
12.80239868 13.37030029 -4.15438795  3.        
1.66507006 3.6789701  4.54989576 2.        
-15.54501343  12.36504364   5.14859009   4.        
19.28523254  9.99252319 -4.23825121  3.        
-6.50589705 13.17726898  3.02301002  4.        
-14.47637177  12.46186066   2.66021705   4.        
-17.77068329  11.20767212   6.70913696   4.        
 5.73819685 12.86042786  2.26983595  3.        
 4.66381121 11.82006073  3.34725904  3.        
-6.86646318 13.14909363  4.73065186  4.        
21.11411285  7.70053101 -5.34716797  3.        
16.94148254 11.56424713 -4.486938    3.        
 6.56129503 13.08361053  2.17907691  3.        
1.42692108e+01 1.31727285e+01 1.06809996e-02 3.00000000e+00
13.52693939 13.05399323 -4.61767578  3.        
 6.20418596 12.97576904  1.70083594  3.        
16.05992889 11.94091797 -5.54910278  3.        
11.97950745 13.46377563 -2.45709205  3.        
13.65061188 12.98099518 -4.99224806  3.        
14.38298798 12.84886169 -3.06420898  3.        
-9.69915009 13.3553772   3.11196899  4.        
-7.88484907 13.32577515  4.25979614  4.        
-15.84430695  11.94618225   6.98709106   4.        
15.1602478  12.06986237 -6.62142897  3.        
20.9686203   8.03951263 -4.41497803  3.        
12.2287674  13.68070984  1.22464001  3.        
-14.97142792  12.13768768   3.97323608   4.        
11.70052338 13.67784119  0.94058198  3.        
-14.64220428  12.16134644   2.17855811   4.        
8.04560089e+00 1.32876968e+01 1.31529998e-02 3.00000000e+00
 3.67674994 -7.47361803  5.64367723  2.        
  4.00361586 -12.63374329   7.09994507   2.        
-13.69420624  12.60564423   1.085114     4.        
20.2296524   9.48490143 -2.78243995  3.        
  4.13828993 -11.6669693    7.2999568    2.        
-14.78198242  12.62321472   5.91128492   4.        
-10.79415894  13.03408813   7.62289381   4.        
14.95009613 13.22729492  1.06973302  3.        
11.95052338 13.90363312  2.70721412  3.        
-12.28133392  12.95632935   0.85714698   4.        
16.09667969 10.95189667 -7.39733887  3.        
20.07176208  9.68442535 -2.25030494  3.        
 4.69551897 -8.94526672  6.73526001  2.        
10.43048096 13.77152348 -4.42565918  3.        
-15.27036285  12.0333786    1.77572596   4.        
 3.36657    -6.78227186  6.47662306  2.        
18.907547   11.14865875 -1.90625     3.        
20.91031647  7.86101484 -4.86270094  3.        
 2.53125    -1.11658502  4.64776611  2.        
 3.52536798 -6.19376421  6.55654907  2.        
-14.49865723  12.6404953    6.55535889   4.        
 9.49397278 13.77231598  1.96823096  3.        
-2.16469598 11.61134338  2.81234694  4.        
-2.17298102 11.74590302  4.62741089  4.        
1.13718402 4.26277924 4.2689209  2.        
-14.27098846  12.36385345   3.81777906   4.        
  4.08131409 -11.84696198   6.93814087   2.        
-10.28929138  13.29819489   2.46554589   4.        
-15.40504456  11.99892426   3.27288795   4.        
19.57588959 10.02518463 -3.51626611  3.        
  4.75089979 -11.95544434   6.72921705   2.        
-0.716591    9.44719696  2.97326708  2.        
 2.38445997 10.49346161  2.46884203  2.        
 3.77920508 -4.69611406  5.98635912  2.        
-13.6364212   12.5220871    0.70559698   4.        
-11.09004211  13.42058563   5.80190992   4.        
 2.50641608 10.47367859  3.12551904  3.        
  4.24570513 -10.33299255   5.80352783   2.        
16.29979706 11.97047424 -4.04315186  3.        
-17.62078857  11.32902527   3.6408689    4.        
-12.85948944  12.69156647  -0.172913     4.        
-19.6413269    9.39660645   2.00564599   4.        
-13.24755859  12.92405701   4.71447802   4.        
12.90921021 13.25078583 -4.7182622   3.        
-15.28042603  11.88851166   0.98141497   4.        
-14.44342804  11.96350098   0.02774      4.        
 3.21593499 -4.62783003  4.66995192  2.        
19.95110321  9.66866302 -3.68194604  3.        
20.9804306   7.51821089 -5.87762403  3.        
19.72249603  9.96163177 -2.42227197  3.        
-11.73522854  12.91525269   3.67004395   4.        
-3.68479204 12.61025238  5.51413012  4.        
 9.67780304 13.67466736 -1.87731898  3.        
2.66552711 9.30324459 3.24343896 2.        
-0.79371601  9.47293758  3.61004591  2.        
 3.86904097 -7.67948914  6.52908278  2.        
 7.10189819 13.38387299 -0.96002197  3.        
-12.33866119  13.27948761   7.28890991   4.        
11.97572327 13.17707825 -6.24975586  3.        
 7.92484283 13.70041656 -3.77645898  3.        
-3.74065399 11.4812088   1.36944604  4.        
 3.86258698 -2.56127191  5.44543505  2.        
 7.19632721 13.19432068  1.29159498  3.        
1.02974701 5.20018005 3.90460205 2.        
17.00234985 10.15376282 -7.7567749   3.        
-2.53150201 11.19820404  2.14349389  4.        
2.11431909 9.84078217 3.06948805 2.        
0.153641   8.55484772 3.1838069  2.        
-4.40155792 12.89842224  6.00262403  4.        
14.00335693 12.72877502 -5.64099121  3.        
-16.99647522  10.84162903   0.65499902   4.        
 2.84109497 -6.42256212  6.14034986  2.        
 7.59633589 13.63565826  3.03701806  3.        
-17.38886452  10.07877254   1.05740404   4.        
