2.53759003 8.07584381 0.079468   4.        
 -1.91667199 -11.46091461  -3.95089698   2.        
-14.36518097   9.66749573   3.4719851    3.        
14.45139313  5.28796387 -3.19891405  4.        
-1.13901496 -1.19564795 -2.71118212  2.        
-6.54989576  9.7769928  -1.70727503  3.        
 8.67150116  9.68050385 -3.34997606  4.        
-8.84115601 11.43552399  3.40023804  3.        
-2.65735602  7.72203779  1.60583496  3.        
-0.479462    4.05501604 -1.77944899  2.        
-0.95793903 -6.45797014 -2.67236304  2.        
7.44546509 7.87763214 1.02029395 4.        
11.44180298  7.40605879 -0.78912401  4.        
-11.47940063  10.1133194    0.148132     3.        
 4.60009003  8.49677277 -3.53897095  4.        
-2.11337996  7.92484283 -2.33087206  3.        
-5.55786085 10.05239868  2.12374902  3.        
12.46849823  7.80142212 -3.87277198  4.        
 1.68510401  7.2983551  -2.96374512  4.        
-8.51229095 10.98417664  0.34048501  3.        
-11.78713226  11.1488266    4.07467604   3.        
 5.25035906  8.87580872 -0.65750098  4.        
-3.96837592  9.25744629 -0.51504499  3.        
-0.74881703  6.40373182 -0.16699199  3.        
-0.134262    1.24264503 -1.55856299  2.        
-1.82213604 -8.71701813 -3.99707007  2.        
-1.14044201 -3.86988807 -3.41787696  2.        
 9.21979523  8.87581635 -0.84353602  4.        
10.93553925  9.16730499 -2.52618408  4.        
-12.9152298   10.91802979   1.95648205   3.        
 6.49018908  9.62728119 -2.62564111  4.        
-10.53643799  11.39227295   1.79867601   3.        
13.35397339  6.87918806 -1.91424596  4.        
9.62057495 7.27812195 0.52056903 4.        
 3.26505303  8.56304932 -1.84884596  4.        
4.48846388 8.43492126 1.26565599 4.        
 0.98907501  7.17520094 -1.01190197  4.        
-7.33776903 11.01129913  2.08477807  3.        
-6.46138811 10.35667419  0.35647601  3.        
-2.31774092  8.0300293  -0.33914199  3.        
 7.19509077  8.85006046 -0.93508899  4.        
-4.14630079  8.76920319  2.48788404  3.        
-9.73613739  9.80185699 -0.53118902  3.        
-4.5871048   9.40801239 -2.29953003  3.        
 0.478333    5.4440918  -1.12609899  2.        
 -2.13414788 -10.07566071  -2.83798194   2.        
-0.382828   -2.72103095 -2.17825294  2.        
-0.96728498  6.84616899 -1.76696801  3.        
-8.10681915 10.10006046 -1.22299194  3.        
13.65711212  6.67632294 -3.63803101  4.        
6.06620789 8.78566742 0.77508497 4.        
12.25588989  8.0474472  -2.23019409  4.        
-13.58388519   9.97039032   0.85678101   3.        
-4.67347002  9.56637573  0.88204998  3.        
-8.9274292  11.40047455  1.80816698  3.        
-10.43099213  11.57993317   3.34991503   3.        
-1.43595099 -7.19644213 -3.96337891  2.        
 8.20888519  8.71298981 -2.1031189   4.        
-13.1798172   10.83205414   3.48059106   3.        
-5.36889601  9.92778778 -0.72393799  3.        
-0.83877599  2.52506304 -2.00128198  2.        
-0.222076   -0.35073099 -1.82946801  2.        
 5.08106184  9.21729279 -2.20376611  4.        
-1.81536102 -5.43025208 -3.39593506  2.        
-3.10687995  8.95363617 -1.85836804  3.        
-10.16096497  10.9474411    0.42428601   3.        
 7.33740997  9.22019196 -3.76001     4.        
-1.238258   -8.24856567 -2.73614502  2.        
10.41091919  8.21756744 -1.44027698  4.        
-1.52196503  7.07852221  0.873932    3.        
-0.69883001 -5.03025818 -2.5562439   2.        
10.0065918   9.20156097 -3.65643311  4.        
 3.97407508  8.41164398 -0.14910901  4.        
-3.45896912  8.5587616   0.64828497  3.        
-0.93606597  5.41645813 -1.55007899  2.        
 3.03540802  8.01839447 -3.16894507  4.        
 9.59119415  9.45973969 -2.12081909  4.        
12.34106445  6.3319931  -1.03271496  4.        
 1.95671797  7.95605516 -1.74957299  4.        
8.54689789 8.3907547  0.32104501 4.        
-11.68534088  11.33857727   2.69229102   3.        
-11.74329376  11.01217747   1.16198695   3.        
1.72932398 6.95210314 0.13082901 4.        
-13.77326965   9.61513519   2.17593408   3.        
-1.05377996  0.59184301 -2.27432203  2.        
11.39720917  8.67590332 -3.66159105  4.        
-6.56367493 10.32866669  2.88372803  3.        
 5.79507494  9.26486969 -3.64807105  4.        
 0.076988    2.93334198 -1.19632006  2.        
3.49977899 7.74607897 0.82836902 4.        
 -1.96020496 -10.02791595  -4.07467604   2.        
-1.05683899 -2.63882494 -3.23947096  2.        
-7.62802887 11.07933044  3.282166    3.        
10.45040894  7.91007185 -0.13696299  4.        
-1.71340895  7.0207901  -0.684448    3.        
 6.1447978   8.95732117 -1.52291906  4.        
 0.80296302  6.80629683 -2.13330102  4.        
-7.06292677 10.4114151  -0.67312598  3.        
-7.47692108 10.79657745  0.90411401  3.        
-2.2312851  -7.802742   -3.31521606  2.        
-1.10203505 -3.65660906 -2.24615502  2.        
 7.66775513  9.7135849  -2.62850904  4.        
 4.37702894  8.62127686 -1.38101196  4.        
12.91331482  7.30871582 -2.918823    4.        
13.93029022  5.85718489 -2.33193994  4.        
-6.44629717 10.51192474  1.53945899  3.        
-12.41408539   9.87358093   0.78616297   3.        
7.36867523 8.69020844 0.19549599 4.        
 -1.96490502 -11.26730347  -2.82278395   2.        
-2.1612401  -8.94415283 -2.91345191  2.        
-0.30435199 -1.60643804 -2.0214231   2.        
-3.34207106  8.36750031 -0.93759203  3.        
10.71173096  6.82621002 -0.168091    4.        
-2.01636505 -6.60955811 -3.22564697  2.        
 3.91097307  8.84489441 -2.74563599  4.        
 6.3562851   8.9316864  -0.25979599  4.        
-9.65816498 11.53942108  2.61346412  3.        
-3.37171197  8.5063858   1.71264601  3.        
-5.60943604 10.11509705  1.019714    3.        
 0.2985      6.35453796 -0.61038202  4.        
5.08042097 8.68830109 0.371948   4.        
-1.44107795 -2.61228895 -2.2528379   2.        
 0.26084101  4.31200409 -1.06832898  2.        
-2.3212359   8.29946136 -1.36343396  3.        
-1.25443995 -9.46195984 -3.07315111  2.        
 2.85166192  8.1849823  -0.95553601  4.        
-0.79346502 -5.64144897 -3.53280592  2.        
 1.90301502  7.72251081 -0.68011498  4.        
-5.41775513  9.76708984 -1.77002001  3.        
 8.20780182  8.72418976 -0.64724702  4.        
-8.8236618  10.31365967 -0.39166301  3.        
11.43807983  8.31462097 -1.64746106  4.        
-5.02742815  9.2576828   2.71710205  3.        
-0.777237    4.5748291  -0.93850702  2.        
-13.85588074  10.54371643   2.61950707   3.        
 9.43484497  8.49267578 -1.79647803  4.        
 9.43212128  8.1374054  -0.15496799  4.        
12.35221863  7.17027283 -1.69818103  4.        
 7.10582018  9.2786026  -1.87878394  4.        
-0.678505    1.53704095 -2.41296411  2.        
-2.13532996  7.88142395  0.70608503  3.        
-9.78871059 10.84085846  1.40615797  3.        
-10.55522156  10.38085175  -0.311005     3.        
-8.29892731 11.02980804  2.48632789  3.        
-1.56336999 -4.59590197 -2.8999939   2.        
-4.00969696  8.94940853 -1.44918799  3.        
-0.78138    -0.28280601 -2.77206397  2.        
-0.47664601 -1.83646405 -3.04782104  2.        
2.45299506 7.29482985 0.69515997 4.        
 0.131699    6.15143585 -1.68057299  2.        
-0.97905701 -7.35718489 -3.01663208  2.        
-4.62005615  9.49113464  1.87704504  3.        
 8.58699799  9.65309906 -2.37298608  4.        
11.79285431  8.70398045 -2.7971189   4.        
-1.56365204  7.56166077 -1.44772303  3.        
11.74789429  6.57762194 -0.340729    4.        
-4.75779676  9.50575256 -0.071747    3.        
-7.94100189 10.62567139 -0.331909    3.        
-4.57667494  9.68954468 -1.35247803  3.        
8.75225067 7.54854584 0.74578899 4.        
-0.72359502  6.23763323 -1.09896898  3.        
 9.5426712   9.7077179  -3.02490211  4.        
-1.05758703 -0.78936797 -1.87942505  2.        
-1.19886005 -8.06205654 -3.73407006  2.        
-12.56487274  11.10423279   2.83831811   3.        
 2.58804297  8.2511673  -2.38513207  4.        
-8.0944519  11.17063904  1.47128296  3.        
 5.00977278  9.24015808 -3.11700392  4.        
 -1.66153002 -10.6437149   -3.4211731    2.        
 0.29193899  4.86879683 -1.80929601  2.        
 8.83900356  9.22253418 -1.61111498  4.        
 0.010864    3.24297309 -2.04898095  2.        
13.19448853  6.01266479 -1.69207799  4.        
13.78189754  6.78572893 -2.74633789  4.        
-1.46106005 -5.58141279 -2.57577491  2.        
5.37453508 8.29769135 1.15176404 4.        
-0.71121198  3.39100695 -1.21447802  2.        
-1.55572498 -6.26357985 -3.91980004  2.        
10.08718109  8.8900528  -2.64181495  4.        
-3.97349501  9.06289673  1.18368495  3.        
-6.22645617 10.15743256 -0.862427    3.        
-12.57315063  10.70742798   1.05676305   3.        
-9.33161163 11.15002441  0.65911901  3.        
-0.87866199  1.69233704 -1.42248499  2.        
-0.062042    2.16400099 -1.59570301  2.        
-10.87158966  11.18347931   1.01547205   3.        
-0.57438701 -3.273422   -2.874542    2.        
10.34626007  9.00297546 -1.81503296  4.        
 1.32671404  7.54163408 -2.18075609  4.        
-13.49859619  10.28417969   1.66183496   3.        
6.91056824 8.55670929 0.97741699 4.        
10.0259552   8.59046936 -0.721039    4.        
-5.66627502  9.98616791  0.167786    3.        
-3.46327996  8.073349   -0.063629    3.        
-12.53386688  10.60420227   4.00073195   3.        
14.20252228  6.11048079 -3.19958496  4.        
-13.74253845  10.1580658    3.79788208   3.        
-0.267685    0.41748801 -2.55532789  2.        
-11.39316559  11.29325867   1.89529395   3.        
-1.64350104  7.44934082  0.045197    3.        
 7.31761217  8.94335938 -2.69869995  4.        
-3.74737501  9.1286087  -2.38726807  3.        
-7.44120789  9.60398865 -1.396698    3.        
-9.63692474 11.19484711  3.56195092  3.        
 7.998909    9.14322662 -1.35052502  4.        
13.0104599   7.15351915 -3.87573195  4.        
-2.36666107 -9.55135345 -3.52029395  2.        
11.00765991  8.11916447 -0.79888898  4.        
-0.91069001 -6.63824511 -3.54806495  2.        
 6.57565308  9.50095367 -3.48202491  4.        
-9.59342957 10.59111023 -0.249237    3.        
12.40665436  8.07134342 -3.09042406  4.        
 5.29308319  8.82782745 -1.48376501  4.        
-0.68839997 -4.25392103 -2.84179711  2.        
 8.98371124  8.96687317 -2.59994507  4.        
-10.88814545  11.123909     3.86086988   3.        
-1.15288496 -1.84944904 -2.15048194  2.        
 0.96268499  6.86174011 -0.25482199  4.        
-0.335197   -1.05783105 -2.77957106  2.        
-8.99147797  9.65029144 -0.84014899  3.        
-4.02582502  9.04738617  0.27203399  3.        
-14.42974854   9.50219727   2.64794898   3.        
 3.77077508  8.2016983  -3.46368408  4.        
10.82804108  9.21054077 -3.44372606  4.        
3.66899109 8.50887299 0.62115502 4.        
-10.8549118   11.49672699   2.66699195   3.        
-5.85704803  9.86977386  2.84533691  3.        
-7.25068712 10.65367126  0.149902    3.        
 -2.45011902 -10.77042389  -3.40197802   2.        
 5.86160278  9.39278412 -2.19210792  4.        
 3.65874505  8.46474457 -1.07119799  4.        
-2.836586    8.22826385  1.01678503  3.        
-1.37091804 -3.306602   -2.90743995  2.        
-1.24331701 -4.92330217 -3.60559106  2.        
-8.86418247 10.77988434  1.18002295  3.        
-0.91815901  5.38808393 -0.75936902  2.        
-12.0134964   10.61069489   0.44436601   3.        
-12.15141296  11.15714264   2.03360009   3.        
 8.15158844  9.20002747 -2.96524096  4.        
-2.77532196  8.31968689  0.243958    3.        
 0.83672303  6.28713179 -1.382568    4.        
-2.77056909  8.30315399 -2.17376709  3.        
-1.71563005 -7.2881012  -2.78790307  2.        
 2.27095795  7.74324799 -3.19894409  4.        
11.85996246  7.709198   -1.361938    4.        
-0.72746998  2.47677588 -1.240906    2.        
-11.24775696  10.79034424   0.474792     3.        
6.18349504 8.12242126 1.14114404 4.        
-0.560745    4.82104492 -1.84243798  2.        
7.891922   8.40132141 0.70248401 4.        
-1.28115106 -8.77741241 -3.39468408  2.        
-1.662552    7.28326416 -2.14306593  3.        
-9.67891693 11.45697021  1.85955799  3.        
-11.4549942   11.34035492   3.41403198   3.        
-1.30909002 -2.02955604 -2.87680006  2.        
 6.29214478  8.96634674 -2.92306495  4.        
-2.05543494  7.30637407  1.44464099  3.        
-1.03720105  0.125618   -1.69067395  2.        
1.87139904 7.72631788 0.065308   4.        
-0.29814899  5.27114105 -1.15304601  2.        
 0.014664    3.65927911 -1.39419603  2.        
-3.3454361   8.79773045 -0.33493     3.        
-0.19593     0.51020801 -1.82492101  2.        
-1.031479    6.90394592 -1.03006005  3.        
 4.53909302  8.72988129 -0.53659099  4.        
12.06240845  7.02043104 -0.87261999  4.        
-0.957008    7.07837677  0.032013    3.        
 8.09333801  9.29272461 -3.68627906  4.        
 3.24687195  8.37071991 -0.16738901  4.        
13.81143188  5.58303118 -3.513062    4.        
-1.67134905 -9.44345093 -3.700562    2.        
5.73037004 8.71283722 0.036072   4.        
11.09627533  8.46123505 -2.269104    4.        
-7.07413483 10.82781219  2.76507592  3.        
-12.20831299  11.13593292   3.48852491   3.        
 9.31985474  9.42281342 -3.65683007  4.        
 7.92719984  9.3809433  -2.04373193  4.        
4.36555481 8.59418488 0.45562699 4.        
-13.17893982   9.60973358   1.32522595   3.        
-8.94301605 11.54509735  2.62445092  3.        
12.89046478  7.50558519 -2.23657203  4.        
-1.71888006 -6.3990941  -2.61849999  2.        
6.65563202 8.66418457 0.32565299 4.        
 5.67361498  9.43932343 -2.97344995  4.        
 4.05592299  8.85816956 -1.96386695  4.        
-8.24849701 10.60775757  0.88479602  3.        
-0.77859497 -5.7409358  -2.83685303  2.        
-2.23184204  7.70269823 -0.95394897  3.        
 7.06673384  9.70131683 -3.01831102  4.        
 1.915169    7.78568316 -2.51675391  4.        
 3.2696991   8.58952332 -2.6286931   4.        
-0.87734997  3.34786201 -1.89276099  2.        
-13.2308197   10.84833527   2.57870507   3.        
-6.68743086 10.67410278  2.17098999  3.        
2.85053205 7.97090197 0.724823   4.        
-3.98606896  9.06307983  1.87680101  3.        
 2.61399102  8.16557312 -1.68908703  4.        
-7.07576799 10.80789948  1.47818005  3.        
10.98525238  7.46021986 -0.190125    4.        
-0.919792    1.03503394 -1.63034105  2.        
 5.95206404  8.77707672 -0.88488799  4.        
-3.32844496  9.01786804 -1.20797706  3.        
10.3089447   9.48845673 -2.90197802  4.        
10.21606445  7.20555878  0.122742    4.        
 8.90193939  8.63571167 -0.212036    4.        
-0.050705    2.43478394 -2.22537208  2.        
 1.55680895  7.50809479 -1.42010498  4.        
12.01815796  8.266716   -3.65768409  4.        
-0.514709   -2.57584405 -2.83712792  2.        
 1.35448503  7.37742615 -0.451996    4.        
-2.697227    8.47332764 -0.679474    3.        
-0.227852    1.05181098 -2.296875    2.        
 9.75193787  8.89175415 -1.36425805  4.        
-1.91320801 -8.11537933 -2.81790209  2.        
-0.43851501 -0.93781298 -2.07315111  2.        
 -1.60143995 -11.54955292  -3.30068994   2.        
12.82183838  6.83514404 -1.37063599  4.        
-10.20965576  11.2349472    1.01944005   3.        
-2.06912994 -8.43804932 -3.40783691  2.        
-9.36251068 11.04856873  2.27047706  3.        
11.15195465  8.65546417 -2.94735694  4.        
 6.55354309  9.04649353 -0.906555    4.        
-8.27198792 11.39183807  3.07498193  3.        
-5.14226484  9.67353821  0.433716    3.        
-6.11658478 10.38217163  2.40805006  3.        
-7.00862122 10.08856964 -1.32757604  3.        
-9.13690186 10.63993835  0.214569    3.        
 0.88272101  7.25711823 -1.64999402  4.        
 -2.33983588 -11.41179657  -3.37164307   2.        
-4.78650713  9.63793945 -0.72271699  3.        
-1.92597997 -7.24787903 -3.46115088  2.        
-1.16593206  6.56788588  0.37451199  3.        
-14.01695347  10.28203583   3.18933105   3.        
-4.08700609  9.49229431 -1.79187     3.        
 7.78857422  9.69788361 -3.29418898  4.        
-0.148972    1.70258296 -2.09356689  2.        
-2.8812871   7.74740601 -0.23327599  3.        
-0.75297499 -5.01480913 -3.19183302  2.        
-6.78155518 10.59746647  0.95284998  3.        
-0.97265601 -3.02436805 -2.38494897  2.        
-6.5271759  10.39492798 -0.275177    3.        
4.08644915 7.94689894 0.96588099 4.        
 4.43871307  8.96501923 -3.09484911  4.        
-2.12349701  7.76581621 -1.66452003  3.        
-1.43392205 -4.18861389 -2.43301392  2.        
 -1.53802502 -10.00138092  -3.43386793   2.        
-1.71826899 -6.04114485 -3.26980591  2.        
-0.225365   -0.28896299 -2.47323608  2.        
-7.81565905 10.88401031  0.31152299  3.        
 -2.20846605 -10.16053009  -3.48355103   2.        
-0.43011501 -2.10110497 -2.43264794  2.        
-1.86178601 -9.51052856 -2.87747192  2.        
 6.50356293  9.41983795 -1.98968506  4.        
8.10089874 7.81749678 0.80209398 4.        
-12.96269226  10.21832275   1.09890699   3.        
-5.94081879  9.96440125 -1.49267602  3.        
-0.41896099  4.11629486 -1.15869105  2.        
 5.35451508  8.85012817 -3.50399804  4.        
-5.04043579  9.71346283  2.29629493  3.        
 0.52425402  6.81764984 -1.30999804  4.        
9.86222076e+00 7.72272491e+00 8.02600011e-03 4.00000000e+00
-7.71361494 11.20516968  2.58367896  3.        
10.90431976  8.62181759 -1.63287401  4.        
-1.24121904  6.46174622 -0.52932698  3.        
-3.07360101  8.36824036 -1.48828101  3.        
-6.20809889 10.38591003  0.98568702  3.        
-2.18416595  7.338799   -0.458038    3.        
13.72589874  6.43335009 -2.10623193  4.        
-1.88238502 -7.89969587 -3.806885    2.        
-5.03790998  9.6829834   1.47702003  3.        
-1.09083605 -0.032867   -2.31036401  2.        
-10.85134125  10.26488495   0.20535301   3.        
 7.95967913  8.56187439 -0.119202    4.        
 0.079094    4.28788805 -1.78973401  2.        
-10.23121643  11.58785152   2.425354     3.        
 0.038445    5.85711718 -1.11703503  2.        
9.21240997 7.82125092 0.30950901 4.        
13.38506317  7.14844513 -3.38055396  4.        
-5.8159709  10.22034454  1.57577503  3.        
 8.6088028   9.01062775 -1.09698498  4.        
13.86737823  6.18055677 -3.90356398  4.        
-1.34684706 -5.628479   -3.76028395  2.        
13.36663818  7.20565796 -2.54202294  4.        
-3.14347792  8.01385498  1.96383703  3.        
-0.88575     5.97581482 -0.58700597  2.        
-0.579346   -3.73600006 -3.24581909  2.        
 9.19216156  9.66581726 -2.50796509  4.        
12.86631012  7.61121416 -3.42459106  4.        
 4.69908905  8.86058807 -1.81420898  4.        
-0.82284498  5.98461914 -1.66055298  3.        
 2.25336504  7.88438416 -1.24572802  4.        
-9.37677002 11.29654694  1.38180494  3.        
-0.52140802  2.13401794 -2.40637207  2.        
-1.508865   -6.72953796 -3.56686401  2.        
 9.65241241  9.13315582 -3.05496192  4.        
-13.12194824  10.35910797   3.82067895   3.        
-5.16387892  9.43443298 -2.2068181   3.        
-5.89181519 10.15625    -0.38308701  3.        
11.72433472  7.89940596 -1.94076502  4.        
-9.85327053 11.58278656  3.1842041   3.        
 2.38710809  7.97843218 -0.480896    4.        
-12.48470306  10.99590302   1.57174695   3.        
 8.78543091  8.6762619  -2.02880907  4.        
 6.8947978   8.71497345 -0.238434    4.        
 6.88725281  9.15701294 -3.10992408  4.        
-14.09395599   9.99141693   2.47842407   3.        
 7.00948286  9.62807465 -2.368958    4.        
 7.50482893  8.90839386 -0.44909701  4.        
-7.66297197 10.35546875 -0.76217699  3.        
 6.84493303  9.01392365 -1.40597498  4.        
-1.50463903  6.97620392 -1.59735096  3.        
-0.56629902 -3.86962891 -2.28561401  2.        
11.67134857  8.41065216 -2.28656006  4.        
 0.322945    4.88989305 -1.17327905  2.        
1.900352   7.38088179 0.55270398 4.        
-5.21041107  9.80148315  2.840698    3.        
11.28294373  6.96627808 -0.192413    4.        
-2.78241706  8.0172348  -1.13613904  3.        
-9.28785706 10.12438202 -0.692505    3.        
-1.68011498  7.59217787 -0.73928797  3.        
-0.117401    2.77616096 -1.71261597  2.        
 4.38857317  8.88444519 -2.43099999  4.        
-4.21443176  9.40148926 -1.01159704  3.        
-0.87857097 -2.43407393 -2.309021    2.        
-3.71136498  8.42597961  2.16455102  3.        
 4.83184099  8.62955475 -1.03692603  4.        
-10.29740143  11.37818909   3.86547899   3.        
-0.72085601  0.96814698 -2.569031    2.        
 7.44739485  9.03947544 -1.44561803  4.        
 8.35095978  9.7582016  -2.88919091  4.        
-1.21070898 -4.43007708 -3.33007789  2.        
-10.24399567   9.89897156  -0.30163601   3.        
-13.50209808  10.62921143   3.06253004   3.        
-12.98514557  10.68188477   1.442505     3.        
 -2.05065203 -10.57429504  -3.96298194   2.        
-1.52674901 -5.15663099 -2.95208693  2.        
-13.52468872  10.59072876   2.1347959    3.        
-0.879417    1.96395099 -1.95846605  2.        
-2.18664598 -8.95543671 -3.59484911  2.        
-10.25534058  10.58119202   0.84011799   3.        
-8.45751953  9.68608856 -1.01193202  3.        
12.85259247  6.28091383 -1.25943005  4.        
10.40502167  7.87925005 -0.69604498  4.        
 0.63313299  6.83628893 -0.74005097  4.        
10.61354828  8.48963928 -0.992737    4.        
-1.02130103 -6.12159681 -3.355896    2.        
-1.14965105 -0.65486097 -2.57675195  2.        
-8.56248474 10.9818573   1.84704602  3.        
-1.55889106  6.91466522 -0.16082799  3.        
11.2336731   7.8355031  -1.21948195  4.        
 9.85644531  8.24784088 -1.43316698  4.        
3.64050293 8.24118042 1.116943   4.        
-9.67074585 10.6945343   0.486359    3.        
14.31535339  5.64314985 -2.79681396  4.        
5.50410509 8.63920593 0.72418201 4.        
-3.59194207  9.26174927 -1.87155199  3.        
 0.020508    5.4308548  -1.57348597  2.        
-1.16923499 -7.82496595 -3.23718309  2.        
 7.54948378  9.21822357 -3.16656494  4.        
-0.44620499 -1.54724896 -2.55304003  2.        
4.93946791 8.74419403 0.90115398 4.        
-3.60405707  8.65697479  1.22317505  3.        
12.54502106  7.63417006 -2.64440894  4.        
 4.09365797  8.66905212 -3.4125371   4.        
 5.4935379   9.24575043 -1.81127906  4.        
-1.12162805 -1.31611598 -2.0244751   2.        
 6.19834089  9.59791565 -3.09561205  4.        
2.29114509 6.99204302 0.26800501 4.        
 4.92678118  8.79817963 -0.141876    4.        
-4.55152082  9.17156982  2.46133399  3.        
 9.47609043  8.82986355 -2.4055481   4.        
-8.38214111 10.5018158  -0.034393    3.        
-1.78392804  7.53799391  1.00869799  3.        
3.08518195 8.32015228 0.351044   4.        
 4.01427507  8.58231258 -0.674896    4.        
-10.94864655  11.48373413   3.20864892   3.        
2.27916002 7.76773119 0.44711301 4.        
 1.24214196  7.12145996 -2.516541    4.        
-1.31000495 -2.77644396 -2.75506592  2.        
10.15624237  9.42158508 -2.38394189  4.        
-4.5345149   9.34136963  0.40725699  3.        
6.95668793 8.01107788 0.82876599 4.        
-5.15370178  9.86170197 -0.23129299  3.        
 -2.2267611  -10.67223358  -2.91845703   2.        
-1.37017798 -6.73551893 -2.88574195  2.        
-1.62871504 -8.59181976 -3.02423096  2.        
-1.11165595 -4.58833313 -2.60208106  2.        
-7.58008623 11.00486755  1.47268701  3.        
-2.1162951   7.83081818  0.168823    3.        
10.48822784  8.66739655 -2.35903907  4.        
11.92541504  8.16516113 -2.86715698  4.        
-4.78190613  9.72408295 -1.84918201  3.        
-0.51484698  5.74897003 -1.01193202  2.        
-6.07190704  9.56007385 -1.82241797  3.        
14.06291199  6.23973799 -2.6851809   4.        
 8.45877075  9.30837345 -1.98230004  4.        
-7.94288588 10.86571503  1.88583398  3.        
-2.27313995  7.73885393  1.21502697  3.        
-1.55834198 -3.98363495 -3.10278296  2.        
 3.71713305  8.67241669 -1.58367896  4.        
 3.26792908  8.25635529 -1.37094104  4.        
 3.60968804  8.73362732 -2.23101807  4.        
-8.39833069 10.4256897  -0.69580102  3.        
-2.3086319   8.25672054 -1.90939295  3.        
10.08253479  8.54655457 -1.89434803  4.        
-10.13632965  10.38152313   0.018494     3.        
-8.69229889 11.11079407  2.83483911  3.        
-0.86698198  4.91854906 -1.37866199  2.        
 3.50961304  8.56080627 -3.10110497  4.        
-0.93672901 -6.98544312 -2.62884498  2.        
6.1630249  8.92146301 0.25921601 4.        
-5.37697601  9.91127777 -1.26284802  3.        
10.05609131  8.28034973 -0.29473901  4.        
-9.31317139 11.38437653  3.16983008  3.        
11.38143158  8.88446808 -2.40210009  4.        
-1.10871899 -7.44877577 -3.60168505  2.        
 0.8125      6.26310682 -0.680969    4.        
-0.18085501  4.59780884 -1.06310999  2.        
-4.53829193  9.35401917  1.34390295  3.        
10.48905182  8.98395538 -3.11218309  4.        
 9.02029419  9.30799103 -3.22723389  4.        
 8.97018433  9.348526   -2.15423608  4.        
 9.30004883  9.02639771 -1.76580799  4.        
-0.81272101 -0.32997099 -1.98022497  2.        
-0.900406   -1.69039905 -2.77740502  2.        
7.29821777 8.36842442 0.65814197 4.        
-8.37393188 11.02410126  3.43222094  3.        
1.29119098 7.23488617 0.046387   4.        
-5.99289703 10.19675446  0.54965198  3.        
-1.22883606 -6.00270796 -2.812042    2.        
 3.2700119   8.35516357 -0.68722498  4.        
-3.53431702  8.69768524  0.139496    3.        
-7.58651018 10.12298584 -1.22122204  3.        
-0.81507897  2.85659003 -1.58492994  2.        
-1.17260695  5.9789052  -1.13610804  3.        
-11.23947906  11.25870514   1.40057397   3.        
-8.41374969 11.08451843  1.00701904  3.        
-10.04415131  11.34836578   1.49713099   3.        
-2.88481092  8.70848083 -1.10086095  3.        
-3.01367211  8.72245789 -2.34820604  3.        
-1.025406   -3.15195489 -3.26678491  2.        
 9.40876007  8.46583557 -0.59655797  4.        
14.17718506  5.25757599 -3.67007494  4.        
9.0503006  8.29286957 0.189362   4.        
-8.5430069  11.41757965  2.2558589   3.        
-0.57754499  0.154404   -1.91601598  2.        
 2.51824999  8.06249237 -2.85476708  4.        
11.66096497  8.44166565 -3.212708    4.        
 9.8075943   9.03099823 -1.95468104  4.        
-5.13600922  9.75463104  0.97006202  3.        
 0.48738101  6.59957123 -1.79458594  4.        
-10.98348236  11.43177795   2.15936303   3.        
-0.40425101 -3.21687293 -2.27932692  2.        
13.90878296  6.52199602 -3.18341088  4.        
-13.50479889   9.60554504   1.71151698   3.        
-0.566109    2.10967207 -1.54769897  2.        
-1.59762597 -7.74926805 -2.98171997  2.        
-10.65531158  10.85689545   0.46099901   3.        
-0.58763099 -4.41435194 -2.37493896  2.        
 5.26821089  9.19114685 -2.67004395  4.        
-12.66481018  10.96582794   3.61404395   3.        
-0.422241    3.5638051  -1.86660802  2.        
-7.17153215 10.87194824  3.25698805  3.        
-7.96299696 10.71946716  1.30044603  3.        
-3.63748193  8.33744812 -0.45080599  3.        
6.44203186 8.56202698 1.14974999 4.        
-2.68969703  8.63206482 -1.66659498  3.        
-8.99964142 10.71065521  0.68881202  3.        
 4.45137787  8.53398895 -0.076599    4.        
 6.2556839   9.07587433 -3.63900805  4.        
-9.49752045 10.97242737  1.78701794  3.        
11.70831299  7.05470324 -0.474457    4.        
-13.81142426  10.11805725   2.01043701   3.        
-0.78020501  4.29658508 -1.44824195  2.        
-11.81501007  11.17025757   1.665344     3.        
 0.65763903  5.96816301 -1.04782104  2.        
-2.95600104  8.33220673 -0.28228801  3.        
-14.26157379   9.89977264   2.9937439    3.        
-0.83985901  1.43957496 -1.90249598  2.        
-9.71076965 11.26125336  0.95565802  3.        
 8.42590332  9.00518036 -2.6035161   4.        
 0.37344399  6.35216522 -1.22393799  2.        
-12.02005005  10.12371063   0.37258899   3.        
13.5977478   5.9728322  -1.98825097  4.        
-0.44487     3.03521705 -1.97247303  2.        
-1.43988001  7.14376116  0.371613    3.        
12.97182465  7.14633894 -1.75949097  4.        
-1.58726501 -3.70433807 -2.70053101  2.        
-8.78829193 10.7490387  -0.154175    3.        
 -2.10501099 -11.05238342  -3.75698805   2.        
-0.85460699 -2.22539496 -2.87631202  2.        
-1.57258606 -8.35681057 -3.618927    2.        
2.88368201 7.41446686 0.89434803 4.        
12.50787354  7.64705706 -1.966766    4.        
-7.45475006 10.58353424 -0.38348401  3.        
-1.86439502  7.73635912 -0.282471    3.        
-8.76771545 11.22197723  1.36273205  3.        
4.13372803 8.59913635 0.88479602 4.        
-12.1450882   11.2192688    2.58233595   3.        
-2.98287201  8.18933868  1.47988904  3.        
11.03025818  8.38687134 -1.22570801  4.        
-1.09143806 -5.27182007 -2.71041894  2.        
-0.77587098 -0.88876301 -2.89453101  2.        
 -1.61064196 -11.0867157   -3.15389991   2.        
8.70697784 7.95458984 0.46084601 4.        
-3.55870795  8.99608612 -0.78152502  3.        
-0.13259099  0.14949    -2.17526293  2.        
-8.85684204 10.1734314  -0.90683001  3.        
 8.90820312  9.72624207 -2.89157104  4.        
 2.896034    8.15112305 -0.412476    4.        
-11.87858582  11.24060059   3.12115502   3.        
-1.36310601  7.24178314 -1.11111498  3.        
-0.764961    0.57513398 -1.78201306  2.        
-10.41967773  11.55213165   2.86474609   3.        
-12.53340912  10.46781158   0.64370698   3.        
-8.87149143 11.17087555  0.791107    3.        
-7.95975494  9.6457901  -1.246521    3.        
10.41201019  8.70279694 -1.36962903  4.        
-3.48629808  8.7384491  -1.66543603  3.        
-1.61264002 -9.13249969 -3.02716088  2.        
-11.36574554  11.26490021   3.88559008   3.        
11.24266148  9.02588654 -3.29983497  4.        
-6.68161821 10.25588226 -0.96023601  3.        
 7.5752492   9.41294861 -1.72625697  4.        
-1.13929796  6.52047682 -1.28832996  3.        
-2.62581611  7.99774885  0.55828899  3.        
-1.17108202  6.9994278  -0.58844     3.        
-8.45140839 10.83378601  1.41192603  3.        
-0.699287    0.232391   -2.50311303  2.        
12.33245754  6.8255229  -1.20651305  4.        
-2.253052    8.16268921 -0.85263097  3.        
-1.08448803 -5.32571411 -3.33895898  2.        
 5.76181793  8.90319061 -0.39370701  4.        
10.78435516  9.32256317 -2.94445801  4.        
 0.949471    7.26071882 -2.15496802  4.        
-4.30387115  9.20475006  0.87936401  3.        
-12.55677032  11.07809353   2.25897193   3.        
-1.76055205  7.71196795 -1.977386    3.        
-3.80565596  8.85980988  0.74792498  3.        
 9.04375458  8.8019104  -1.27096605  4.        
5.93690491 8.56483459 1.16693103 4.        
 0.011314    3.73867798 -1.85580397  2.        
 5.51036787  8.90422821 -1.044891    4.        
14.26842499  5.67488909 -3.48098707  4.        
-8.00518036 11.26776886  2.21286011  3.        
-12.07416534  10.82119846   0.85626203   3.        
-3.80503106  9.0263443  -0.144714    3.        
-3.72930193  9.25482941 -1.190552    3.        
 7.04341888  9.477005   -3.50656104  4.        
-12.1410141   10.83072662   3.8968811    3.        
3.63034797 8.33599091 0.153015   4.        
-0.187805    5.01925707 -1.62075806  2.        
10.66052246  9.11521053 -2.15655494  4.        
-6.33326721 10.43843079  1.98306298  3.        
-12.98130798  10.99334717   3.09555006   3.        
 4.76907396  9.17202759 -2.72842407  4.        
10.83744812  7.95523119 -0.38479599  4.        
-6.40029907 10.06851959 -1.28088403  3.        
-1.82392097 -6.8431778  -2.84033203  2.        
12.03244781  7.17164612 -1.36639404  4.        
-11.27365112  11.41909027   2.88879395   3.        
-4.1459198   9.29618835 -2.22952294  3.        
 7.94308519  8.83479309 -1.00668299  4.        
9.20420837 7.36457109 0.25591999 4.        
-6.0972209  10.24488068  0.01828     3.        
 1.46604204  7.54328918 -0.86566198  4.        
-0.45368999  2.969666   -1.32546997  2.        
13.17707825  6.49949694 -1.72662401  4.        
10.78450775  8.00263977 -1.27539098  4.        
 6.11391401  9.36543274 -2.64056396  4.        
-7.9562068  10.93743134  0.75775099  3.        
-1.90904999  7.95007277 -1.16357398  3.        
-7.16781616 10.63233185  0.610901    3.        
-9.93463135 10.2076416  -0.468292    3.        
4.91994476 8.28023529 1.18331897 4.        
 -1.51195502 -10.46239471  -3.030792     2.        
-0.75720203  3.76676893 -1.56189001  2.        
 2.95108795  8.37712097 -2.8752749   4.        
 7.38282824  9.58847046 -2.11126709  4.        
11.22922516  7.69178009 -0.50552398  4.        
10.05268097  9.53735447 -3.27450609  4.        
-1.49404895 -4.79461718 -2.46890306  2.        
-0.29232001  1.75850701 -1.63769495  2.        
-1.22242701  6.6075592  -0.10022     3.        
 8.10271358  9.71808624 -2.50009203  4.        
-1.47419    -9.98485565 -2.98562598  2.        
-0.73088801 -1.55589294 -2.16476393  2.        
8.10668945 8.49690247 0.315552   4.        
-0.85425597 -0.87880701 -2.27359009  2.        
-2.28961897 -9.55579376 -3.01647902  2.        
 8.40124512  8.49956512 -0.192596    4.        
-1.33769202 -9.13902283 -3.71142602  2.        
-4.35840607  9.4798584  -0.46539301  3.        
 5.85923004  9.07842255 -3.24200392  4.        
-1.70198095 -5.63253784 -3.00900292  2.        
-4.19150496  9.25339508 -0.095886    3.        
 5.34777784  9.2984848  -3.40963793  4.        
 0.41863999  5.75511217 -1.44662499  2.        
-5.37871599  9.96805573  1.37768495  3.        
 9.59712219  8.60916138 -0.979828    4.        
-6.93339491 10.55942535 -0.17117301  3.        
 8.65184784  8.68215179 -0.708893    4.        
 5.68508911  9.06594086 -1.42703199  4.        
-10.74188995   9.93744659  -0.082153     3.        
-0.26813501  5.81385803 -1.44253504  2.        
-1.54599798 -7.63056993 -3.68081689  2.        
-0.89341003 -1.86247206 -3.21224999  2.        
-0.92351502 -6.7643199  -3.11791992  2.        
-0.63350701 -3.7064209  -2.77551293  2.        
 1.40631104  6.72433519 -0.080139    4.        
-2.51784492  7.63375092 -0.499268    3.        
-1.74724603  7.56769609  0.46371499  3.        
11.97967529  7.56009722 -1.76498401  4.        
-8.05337524 11.00521088  3.03512597  3.        
12.15042114  6.6171422  -0.70449799  4.        
4.06359911 8.27340698 1.26830995 4.        
-1.23329198 -8.36509705 -3.23321509  2.        
-9.24531555 10.87182617  1.393188    3.        
 7.75154114  8.95046997 -2.60171509  4.        
-0.79650098 -1.30521405 -3.04894996  2.        
10.54494476  8.41603088 -1.814484    4.        
-2.03029609 -9.75658417 -3.72997999  2.        
 1.54996502  7.54641008 -2.59649706  4.        
-0.84616899  6.43157196 -1.60919201  3.        
13.37653446  6.90179396 -2.88391089  4.        
-2.91082001  7.96761322 -0.61593598  3.        
-0.69976801  5.01016998 -0.92541498  2.        
-13.58195496  10.48779297   3.47375488   3.        
-0.99147803  1.20164502 -2.24200392  2.        
-13.4087677    9.98640442   1.33584595   3.        
-1.42177606  7.2939992  -0.339508    3.        
-3.13597107  8.58509064  0.29098499  3.        
-0.82754499  6.5602951  -0.641693    3.        
-0.43223599  0.87935603 -1.78826904  2.        
 8.23392487  9.66844177 -3.3908689   4.        
-6.95700788  9.71199036 -1.55474901  3.        
4.5644908  8.10160828 0.99087501 4.        
10.57270813  7.37150621 -0.072021    4.        
 1.81124103  7.73600817 -1.10836804  4.        
-4.96398878  9.79497528 -1.17431605  3.        
 1.64031994  7.68838501 -0.331238    4.        
-11.27732086  11.0349884    0.83612102   3.        
 0.089912    3.22045112 -1.62002599  2.        
-11.64096832  10.85527039   0.65347302   3.        
-6.97470903 10.49330139  3.02682495  3.        
-8.81838226 11.07976532  2.27419996  3.        
 9.80889893  9.37195587 -2.64257789  4.        
-0.73279601 -4.68266296 -2.90487695  2.        
-10.43302155  10.69735718   0.122284     3.        
13.40184784  6.78765917 -2.42633104  4.        
-2.68778992  8.20103455 -1.60775805  3.        
12.33908844  8.14756012 -2.64523292  4.        
12.79975891  7.72189283 -2.99304199  4.        
-10.09564972  11.4790802    1.97808802   3.        
 6.5318532   9.25214386 -1.590729    4.        
-14.00842285   9.46508789   2.74353004   3.        
 4.91145277  8.8969574  -3.36074805  4.        
-14.04148102   9.950737     3.51141405   3.        
-0.47773001 -0.63821399 -2.49963403  2.        
10.91062164  8.19295502 -1.67739904  4.        
6.53995514 8.51171112 0.73431402 4.        
-10.55638123  11.27738953   1.29107702   3.        
-6.98738098 10.82778168  1.90570104  3.        
-1.43986499  6.73665619 -0.85043299  3.        
-3.77394104  8.70024109  1.79699695  3.        
12.95584106  7.08593798 -2.1877439   4.        
 1.25666797  7.43994093 -1.74734497  4.        
 5.3646698   8.70495605 -0.183777    4.        
-0.411156    2.56223297 -2.03796411  2.        
-5.72883606  9.97667694 -1.03237903  3.        
 2.67761207  7.70844316 -3.02911401  4.        
-0.52709198 -2.90564704 -2.568542    2.        
11.77518463  7.41850281 -1.06368995  4.        
-12.8506546    9.77365112   1.11093104   3.        
-6.66458082 10.63755798  2.61038208  3.        
-1.11627197 -7.06629896 -3.41775489  2.        
 4.88272905  8.92868805 -1.43801904  4.        
-0.555565    5.22741699 -1.48712206  2.        
 -1.71620905 -11.26985931  -3.59756494   2.        
-11.52136993  10.52716827   0.228607     3.        
-5.45711517  9.90583038  2.51269507  3.        
-12.23160553  10.9779129    1.23272705   3.        
-0.94618201  5.60947418 -1.17346203  2.        
 2.98040009  8.34575653 -2.25778198  4.        
-9.44768524 11.5280304   2.24682593  3.        
13.9750824   5.9732132  -3.53921509  4.        
-1.14273798 -2.12974501 -2.50207496  2.        
-11.75363159  11.32094574   2.27648902   3.        
12.3163681   7.87262678 -3.48611403  4.        
11.59586334  7.79466295 -1.00183105  4.        
-1.38362896 -6.26727295 -3.51382494  2.        
 8.46374512  9.33383942 -3.2315979   4.        
-1.91408503 -7.49394178 -3.09683299  2.        
-13.24430084  10.69320679   1.77328503   3.        
11.42218781  8.95868683 -2.81372094  4.        
-1.66479504 -6.42832994 -3.03393602  2.        
-5.67511702  9.56369019 -2.03176904  3.        
11.0411911   8.89611053 -3.68691993  4.        
-6.15626478 10.16295624  2.84863305  3.        
-8.48358059 10.61629486  0.53845203  3.        
-11.29656982  11.42176056   2.47082496   3.        
-3.30305505  8.35562134  1.26800501  3.        
 -1.89057899 -10.30100346  -3.10244703   2.        
-10.76385498  11.45217896   3.6347661    3.        
8.2364502  8.15310669 0.51318401 4.        
10.18066406  8.48926544 -1.09643495  4.        
3.37325311 8.10479736 0.65844703 4.        
-9.7492218  11.12494659  0.56420898  3.        
-3.061836    8.73321533 -0.63272101  3.        
5.75019789 8.12166595 1.18536401 4.        
-5.16993713  9.82190704  1.84628296  3.        
-0.28099799  2.14960504 -2.02877808  2.        
13.93900299  5.79315186 -3.14679003  4.        
-10.93926239  11.34606934   1.67392004   3.        
-8.12567902 11.35607147  2.68801904  3.        
-1.93746901 -6.58028412 -3.63208008  2.        
 6.77605391  8.79944611 -0.62704498  4.        
-8.11081696e+00  1.08131714e+01  3.69299995e-03  3.00000000e+00
 9.86942291e+00  7.01454210e+00 -1.15999999e-03  4.00000000e+00
-0.017555    2.83617401 -2.12762499  2.        
 5.89224195  9.09414673 -1.82043505  4.        
-1.29550898 -3.35907793 -2.50427198  2.        
-9.1789856  10.44167328 -0.14578199  3.        
 2.22520399  8.04323578 -2.42742896  4.        
-9.98654175 10.75952053  0.089264    3.        
-8.27282047 11.29562378  1.90057397  3.        
-3.12567091  8.32173157  0.69976801  3.        
-9.4812088  10.84418488  0.056152    3.        
-1.99061596  7.86373901 -0.66107202  3.        
10.73911285  8.80014038 -2.84124804  4.        
 6.12863922  9.44361877 -3.47061205  4.        
-2.454391    8.09025574  0.127533    3.        
-5.806252   10.12521362  2.52774096  3.        
 1.56187403  7.73848009 -1.75997901  4.        
-1.71720099 -6.01010895 -2.74926805  2.        
-2.03462195 -9.23800659 -3.84976196  2.        
-2.17276812 -9.20606232 -3.22824097  2.        
 4.32294512  8.66678619 -0.92996198  4.        
-1.40055895  7.33309221 -1.83288598  3.        
-1.87378705  7.54302979 -1.17022705  3.        
 8.91837311  9.45948792 -3.59249902  4.        
6.51714277 8.13302612 0.88452101 4.        
 0.20454399  4.50214386 -1.42480505  2.        
12.11878204  8.32098389 -3.23586988  4.        
-1.11780596 -3.60475206 -3.10879493  2.        
-4.23577881  9.09579468  2.21466088  3.        
-9.02046204 11.06330872  0.41095001  3.        
-11.80841827  11.13090515   3.56524706   3.        
 6.91094208  8.93928528 -2.67901611  4.        
10.55944824  8.22195435 -0.516083    4.        
-1.50202203 -4.8823781  -3.25155592  2.        
-7.75026703  9.80217743 -1.57144201  3.        
-0.33204699 -1.27600098 -2.27255297  2.        
 8.49339294  9.01779175 -1.55004895  4.        
-0.31357601  4.50939178 -1.76071203  2.        
 3.9733119   8.48854828 -1.32678199  4.        
-4.65962219  9.57312012  2.27258301  3.        
-0.024742    5.29640198 -0.85434002  2.        
 6.24648285  8.99053955 -0.64733899  4.        
-1.08313     7.08590698 -1.46087599  3.        
-7.38922882 11.05760193  2.87677002  3.        
 6.25907087  8.83772278 -1.15258801  4.        
-1.04532599 -4.14585876 -2.54083204  2.        
 3.63020301  8.48168945 -0.55071998  4.        
-0.83579999 -2.92834496 -2.98675489  2.        
 -2.06888604 -11.03107452  -3.13543701   2.        
11.36588287  7.34966278 -0.33773801  4.        
-0.90140498 -4.10917711 -3.15408301  2.        
 0.980919    7.19468689 -0.48413101  4.        
-2.51734209  8.45305634 -1.04452503  3.        
7.03694916 8.55875397 0.409668   4.        
-2.06241608 -8.55707455 -2.97512794  2.        
13.36224365  6.77361298 -3.89654493  4.        
-5.42153215  9.87717438  0.64270002  3.        
10.12696838  7.74441481 -0.31308001  4.        
-1.61637104 -4.39397383 -3.24542189  2.        
-0.35243201  2.59517694 -1.43640101  2.        
-3.65161109  8.69373322 -1.30032301  3.        
 1.03511798  6.4958272  -0.438629    4.        
-5.51605988 10.02052307 -0.307556    3.        
 2.0417099   7.76201582 -0.30389401  4.        
-1.29986596 -7.13133192 -2.90850806  2.        
-11.07967377  10.60055542   0.162415     3.        
1.59027898 7.31707811 0.30242899 4.        
 2.21089101  7.9332428  -0.83960003  4.        
13.71655273  6.29225206 -3.53585792  4.        
10.05194855  9.1244812  -3.09622192  4.        
 5.43769789  9.35379028 -2.32797194  4.        
5.8163681  8.64723206 0.42239401 4.        
-1.518242   -8.15425873 -3.00753808  2.        
-8.82585907 11.52980804  3.00778198  3.        
 0.052742    4.057724   -1.41751099  2.        
 5.04447222  9.11713409 -1.81738305  4.        
11.50875854  8.42395782 -2.8353579   4.        
11.41235447  7.90313005 -1.57162499  4.        
10.33987427  9.28681183 -3.45114112  4.        
10.45959473  9.20279694 -2.66543603  4.        
11.10610962  8.78859043 -2.03903198  4.        
-10.03199005  11.48451233   3.58612108   3.        
-9.02809143 11.48499298  2.23855591  3.        
-0.79685199 -1.99301898 -2.26141405  2.        
-10.49277496  11.10533905   0.72805798   3.        
-1.383026    6.78029585  0.64825398  3.        
10.28256989  8.02827454 -1.04470801  4.        
 7.27982283  9.53341675 -2.64535499  4.        
-8.50914764 11.45683289  2.65051293  3.        
 7.58533478  8.8247366  -0.83306903  4.        
-8.73963165 10.62623596  0.226593    3.        
 7.84909821  8.70628357 -0.47656199  4.        
-0.70072198 -5.33415985 -2.8125      2.        
 3.387573    8.31350708 -3.38729906  4.        
-4.26330614  9.16509342  1.55975294  3.        
-8.53924561 10.06955719 -1.12182605  3.        
 1.90505195  7.91592407 -2.14151001  4.        
-8.95658875 11.00245667  1.80255103  3.        
 3.97140503  8.87146759 -2.35403395  4.        
-9.25480747 11.09215546  3.59573388  3.        
 9.03186798  8.5851593  -0.64672899  4.        
-1.74349999  7.17841291  1.18756104  3.        
 9.2644043   9.12038422 -2.97412109  4.        
 0.58327502  6.68173218 -0.37863201  4.        
13.53922272  6.72837114 -3.20083594  4.        
 9.64318085  9.38482666 -3.43099999  4.        
11.81031799  8.07434845 -2.44320703  4.        
 0.149948    5.84746599 -0.73730499  2.        
-0.25608799  0.60704798 -2.20361304  2.        
-3.2880249   8.9728241  -2.21298194  3.        
 2.69853997  8.08181763 -1.30496204  4.        
 5.73274183  9.27265167 -2.5935061   4.        
-7.6279912  10.71189117 -0.052673    3.        
-7.28804016 10.99442291  2.4781189   3.        
-0.30104101 -0.56414002 -2.15200806  2.        
-4.17604113  9.4442749  -1.410339    3.        
-6.81861877 10.52278137  0.33471701  3.        
-1.20108795  6.31650496 -0.93414301  3.        
-10.23964691  10.5171814    0.41330001   3.        
-0.61936998  5.64242506 -1.49618495  2.        
-0.54201502  1.27760303 -1.70486403  2.        
 0.00853     3.43411994 -1.07284498  2.        
-0.75631702 -3.51837897 -2.45416307  2.        
3.19899011 7.97090912 0.98281902 4.        
 6.67139387  9.56958008 -2.96786499  4.        
 2.99691701  8.3028717  -1.73220801  4.        
-7.12042999 10.74086761  1.08563197  3.        
 -1.83423603 -10.09370422  -3.70068407   2.        
-13.33992004  10.36637115   1.278687     3.        
-1.16990697 -1.58384705 -2.43572998  2.        
-3.98210096  8.75534821  2.13452101  3.        
-5.09928083  9.81222534 -1.550964    3.        
12.0012207   8.44829559 -2.48919702  4.        
-0.202866    1.27279699 -1.97952294  2.        
3.88665009 8.25524902 0.816284   4.        
 2.86753106  8.26239014 -0.042969    4.        
-1.67671204 -8.92776489 -3.70696998  2.        
 2.04572296  7.42956495 -3.21481299  4.        
-1.24655199 -8.76018524 -3.01025391  2.        
-0.35697901 -2.3387301  -2.12893701  2.        
 8.72537994  8.34305573 -0.032349    4.        
-2.03784895 -7.54007721 -3.687042    2.        
8.40068817 7.7445302  0.56451398 4.        
10.54466248  7.0066762   0.15387     4.        
 7.11968184  9.27391815 -1.47561705  4.        
 9.21992493  9.65798855 -3.227844    4.        
11.60342407  8.81328583 -3.13616896  4.        
-7.24647522 10.22717285 -1.06027198  3.        
-0.90596002  0.313133   -2.056427    2.        
-3.24198198  8.52007294 -0.071594    3.        
-1.23352098 -3.79652405 -2.57733202  2.        
 7.40105391  9.57466888 -3.60165405  4.        
-1.15877497 -8.52724457 -3.65686011  2.        
 8.25283813  9.30977631 -1.60620105  4.        
-1.84801495 -8.28099823 -3.87310791  2.        
-0.87120098  2.31197405 -1.657745    2.        
 0.44350401  5.23683882 -1.44457996  2.        
-0.808891    2.90321398 -1.96325696  2.        
 7.57624817  8.63262939 -0.19607501  4.        
 1.23419905  7.39066315 -1.25491297  4.        
-2.53036499  8.00278473  0.99734497  3.        
-7.49272203 10.80199432  0.50781202  3.        
7.66065216 8.07796478 0.77935803 4.        
7.63103485 8.44689178 0.32360801 4.        
-1.98913598  8.02785492 -1.904755    3.        
-0.47042799  3.67865705 -1.27487195  2.        
 2.06007409  7.75099182 -2.88348389  4.        
 2.45037794  8.11023045 -2.06152296  4.        
 0.48674801  6.20640612 -1.56103504  2.        
 7.44560194  9.57987976 -3.12490797  4.        
10.28572845  8.29462433 -0.76672399  4.        
-1.21099901 -2.42014289 -2.83035302  2.        
10.98278809  8.62500763 -2.61141992  4.        
5.18395996 8.63111877 1.16513097 4.        
-9.94464874 10.75141144  1.07498205  3.        
-1.14707994 -5.71311188 -3.4241941   2.        
-9.60054016 10.35848999 -0.55548102  3.        
-1.04139698 -4.7862401  -3.2718811   2.        
-9.21064758 10.45121002 -0.52236903  3.        
-1.47188604 -5.15480804 -2.57543898  2.        
12.91658783  7.56723022 -2.64547706  4.        
-1.37533605 -4.28434706 -2.79126     2.        
-9.3381958   9.72276306 -0.716919    3.        
9.5625    7.6404109 0.217834  4.       
11.03491974  9.0458746  -2.97991896  4.        
-1.768188    7.87045288 -1.60827601  3.        
-1.44858599 -9.31314945 -3.35671997  2.        
-3.28591204  8.12265778 -0.38964799  3.        
4.06281281 8.60528564 0.235718   4.        
-4.4516449   9.55062103 -1.87600696  3.        
-1.81011999 -6.91594696 -3.2845149   2.        
5.42472076 8.83216858 0.381836   4.        
-0.95613903  5.23667908 -1.20495605  2.        
2.80870104 7.92052507 0.28326401 4.        
-3.159477    8.76068115 -1.41864002  3.        
 9.26093292  8.53606415 -0.226959    4.        
-14.39411163   9.55484772   3.03948998   3.        
 5.0939641   8.64065456 -3.66778588  4.        
-0.21274599  0.01561    -1.76745605  2.        
 -1.82250202 -10.81273746  -3.7098999    2.        
-9.97146606 11.60521698  2.80123901  3.        
-2.17195106 -9.8468399  -3.21435499  2.        
-13.1815033   10.78805542   2.17877197   3.        
-2.60009003  8.00252533  1.36102295  3.        
-0.59201002  5.96326494 -1.31396496  2.        
-0.63674903  6.21057892 -0.72698998  3.        
 8.26609039  9.59584808 -2.112427    4.        
-0.93695098  0.85488099 -2.04226708  2.        
 6.22318983  9.5100708  -2.31866503  4.        
-3.53456903  9.23595428 -1.50768995  3.        
-13.19577026  10.08053589   0.84793103   3.        
-0.54346502 -0.108276   -2.52200294  2.        
-9.13761139 11.23690033  1.03811705  3.        
-10.9288559   10.98069763   0.67550701   3.        
 6.45581818  9.15419769 -3.19518995  4.        
-6.47674608 10.29048157 -0.62631202  3.        
 7.16684008  8.78166962 -0.52243     4.        
 9.96925354  8.70743561 -2.20556593  4.        
 0.203354    3.93718004 -1.103912    2.        
11.74147797  8.57021332 -3.58612108  4.        
11.35037994  8.21137238 -1.27014196  4.        
-6.7563858  10.66535187  1.66348302  3.        
-12.94786072  10.61682892   4.01647902   3.        
11.36607361  8.38259125 -2.00106812  4.        
-0.94330603  1.67701697 -2.17846704  2.        
9.51158905 7.18845415 0.16131601 4.        
-2.80617499  8.90248108 -2.106354    3.        
-12.64651489  11.05797577   3.22729492   3.        
 7.87943316  9.60422516 -2.95282006  4.        
-2.62137604  8.22212982 -0.169067    3.        
-14.04319763  10.17388916   2.84188795   3.        
-0.91677099 -6.03952789 -3.01617408  2.        
-2.02656603 -8.08198643 -3.20153809  2.        
-8.29936218 10.99127197  2.12432909  3.        
4.491714   8.74191284 0.76342797 4.        
-2.45973206  7.93910217 -1.28503394  3.        
 4.96194506  8.65397644 -0.65991199  4.        
 5.18851519  8.68797302 -1.07894897  4.        
-1.75370002  7.24127197 -1.60583496  3.        
-1.50380695 -5.84356689 -3.48736596  2.        
13.08282471  7.31526995 -3.26629591  4.        
 8.47199345  9.40582275 -3.58776903  4.        
13.88922119  6.45917511 -2.42990088  4.        
 9.71916962  8.22949982 -0.42062399  4.        
10.75391388  7.88676405 -0.932953    4.        
2.51573896 7.65068817 0.72692901 4.        
-7.91823578 10.92845917  2.30679297  3.        
-10.62971497  11.49935246   2.19912696   3.        
 0.31263     6.10276794 -0.96902502  2.        
-7.71078491 11.14202881  2.04525805  3.        
-14.05484772   9.50891876   3.37719703   3.        
5.55753279 8.60870361 1.166412   4.        
-6.99018908 10.85955811  2.32516503  3.        
-0.79621899  3.25015306 -1.53567505  2.        
-0.47676799  1.81342304 -2.19445801  2.        
6.69871521e+00 8.89993954e+00 8.23999988e-04 4.00000000e+00
 9.88613892  8.11561584 -0.023071    4.        
-0.85232502  6.54959917  0.198181    3.        
-3.565521    8.8572998   0.47732499  3.        
-3.84210992  8.96853638 -1.76721203  3.        
4.72504377 8.64945221 0.41259801 4.        
 -2.01004004 -11.42645264  -3.14184594   2.        
-1.455742   -7.20218706 -3.60470605  2.        
-0.168762    3.30355096 -1.35644495  2.        
 -1.59891498 -11.47927094  -2.94912696   2.        
 7.51312304  9.06153107 -1.09231603  4.        
 9.34381866  8.97626495 -1.36038196  4.        
 9.8562851   9.25336456 -2.283813    4.        
-0.65061998 -1.28438604 -2.72256494  2.        
-0.72452497  4.19113207 -0.987701    2.        
-13.86734009  10.36344147   2.31121802   3.        
-2.10443091  7.63995409 -2.04196191  3.        
-1.33785999 -5.98472595 -3.78491211  2.        
-12.89636993  10.97299194   2.5723269    3.        
-0.49454501 -2.94044495 -3.09030104  2.        
-0.82976502 -5.455688   -3.12600708  2.        
12.59255219  6.58678389 -1.256042    4.        
10.88235474  7.11495209 -0.047424    4.        
-1.46357    -5.48699188 -3.39022803  2.        
-8.58724976 10.60071564 -0.40780601  3.        
-10.84854126  10.45902348  -0.12506101   3.        
 8.30149841  8.8508606  -1.17834496  4.        
 -1.82840705 -10.69772339  -3.11203003   2.        
10.61746979  8.79537964 -2.00765991  4.        
-8.46821594 11.25977325  1.549438    3.        
-1.10591102 -0.30273399 -2.57473707  2.        
10.07099247  8.64362335 -1.44775403  4.        
-0.59685498  0.66500098 -2.43310499  2.        
 7.7957921   9.64614868 -2.23840308  4.        
6.24071503 8.63756561 0.50488299 4.        
10.16921997  9.0707016  -2.11395311  4.        
-1.320122   -3.00173211 -2.32235694  2.        
 9.35700226  9.49826813 -2.77236891  4.        
-1.206375   -2.36405897 -2.16091895  2.        
-7.99998522 11.21192932  3.31710792  3.        
13.50344753  6.37448883 -1.77963305  4.        
-7.31381178  9.8707962  -1.58990502  3.        
-8.06531525 10.3608551  -0.79074103  3.        
 2.29161096  7.85915422 -0.075439    4.        
10.65314484  7.66146803 -0.282318    4.        
 6.7468338   9.39916992 -2.32034302  4.        
-1.98378003  7.42224884 -0.79019201  3.        
-0.77812201  6.5479579  -1.28442395  3.        
 9.11264801  8.58264923 -1.90344203  4.        
-9.94297028 10.68234253  0.715698    3.        
 7.86314392  8.7983017  -2.30578589  4.        
-9.26340485 11.57943726  2.76275611  3.        
-1.79457104 -9.86389923 -3.05960107  2.        
-9.79608059 11.55660152  2.26769996  3.        
 -1.48836505 -10.20979309  -3.71069288   2.        
 6.14754486  9.33306885 -1.80538905  4.        
-0.42295101  1.33819604 -2.24780297  2.        
9.89227295 7.3287282  0.171967   4.        
-3.86777496  9.3276062  -1.560516    3.        
-5.91876984 10.06178284 -0.72805798  3.        
-1.03913105 -7.54941607 -2.7315979   2.        
-2.08561707 -8.50592804 -3.75198388  2.        
-0.767555    4.62358093 -1.56906104  2.        
12.57352448  7.79593706 -3.24758911  4.        
 7.88359118  9.36507416 -3.33425903  4.        
 9.8250351   9.43465424 -3.03106689  4.        
-0.21524     5.57957506 -0.96261603  2.        
-1.97756195 -9.66925144 -4.06231689  2.        
-2.38378906  7.93987322 -2.03106689  3.        
-13.52720642  10.6889267    2.66570997   3.        
-8.16620636 10.95740509  0.32574499  3.        
 3.39883399  8.24758911 -0.99462903  4.        
-6.06135607 10.31447601  1.34903002  3.        
-6.51198578 10.52851868  1.199036    3.        
11.31087494  7.96382093 -0.86508203  4.        
10.21746826  7.54748487 -0.04245     4.        
-11.14125061  10.08317566   0.077972     3.        
 2.50349402  7.98594713 -1.01757801  4.        
12.67749786  7.54924011 -3.70739698  4.        
-7.77819109 10.94582367  1.11584496  3.        
12.16835785  7.61113691 -2.049896    4.        
13.10845184  6.8059082  -1.58288598  4.        
7.05183411 8.76043701 0.065674   4.        
-3.33206201  8.57207489  0.96890301  3.        
 6.90549517  9.03539276 -0.96157801  4.        
-1.18175495  6.92299604 -0.233246    3.        
 0.028709    5.48774719 -1.23376501  2.        
-8.62974644 11.29447174  3.16803002  3.        
 0.64491999  7.04723406 -1.78198195  4.        
10.51730347  9.42260742 -3.16705298  4.        
-1.21625495  6.69855499 -1.57147205  3.        
-0.92749     5.79206085 -0.87383997  2.        
 -2.23524499 -10.55921173  -3.5661931    2.        
10.0619812  8.9587326 -1.628021   4.       
-1.89506495 -7.67591095 -2.80654907  2.        
14.17169952  5.93624115 -2.90225196  4.        
-8.18164062 10.87268066  1.63967896  3.        
-0.67507201  2.2419591  -2.11953712  2.        
-0.86394501 -2.58808088 -2.95651293  2.        
-1.48733497  7.27833605 -0.67922997  3.        
 4.16507006  8.80742741 -1.575562    4.        
4.66965485 8.42955017 0.974976   4.        
-2.17304993  7.57138109  1.62704504  3.        
 2.76975989  8.36762238 -1.98953199  4.        
-5.9474721  10.30764008  2.12069702  3.        
 8.70329285  9.54340363 -2.67486596  4.        
12.41783905  7.11811781 -1.36071801  4.        
 3.81255293  8.67923737 -3.20465112  4.        
-0.72792101 -4.68925524 -2.52032495  2.        
-0.41638201 -2.0334549  -2.77606201  2.        
-9.34754181 11.42443848  1.78668201  3.        
-4.81816912  9.5911026   0.49929801  3.        
-9.16096497 11.41259766  3.52774096  3.        
 1.61604297  7.38349915 -0.030731    4.        
13.35493469  7.23592377 -2.94549608  4.        
 9.60243225  9.60533142 -2.50558496  4.        
-1.74409497 -6.42053986 -3.40197802  2.        
-4.19940186  9.2514801   0.55883801  3.        
-2.13053107  8.02565002 -1.43005395  3.        
 6.45307207  9.11650944 -1.28906202  4.        
12.22240353  7.42631483 -1.51641798  4.        
 7.00637102  9.18732452 -3.67987108  4.        
12.55588531  7.25077105 -1.95770299  4.        
-1.90280902 -8.09683228 -3.516541    2.        
 1.63073003  7.6569519  -2.08590698  4.        
-3.52091193  8.85106659 -1.99932897  3.        
-12.18383026  11.16719818   2.9941411    3.        
-0.184441    1.63706195 -2.42318702  2.        
-0.91804498  6.71237898 -0.220245    3.        
-8.30057526 11.00076294  0.70016497  3.        
-0.24276701  0.86067998 -2.57431006  2.        
11.31943512  8.69753265 -3.29809594  4.        
-1.30487096  6.82185411 -1.20947301  3.        
 4.88365889  8.96582794 -2.09747291  4.        
-0.14181501  0.89112902 -1.618011    2.        
 -2.21852112 -10.34105682  -3.1993711    2.        
-0.92328602  6.58944702 -0.97686797  3.        
-2.59778595  8.53418732 -2.00015306  3.        
 9.75080872  8.42154694 -1.70144701  4.        
-1.19073498  6.87468719  0.162689    3.        
 0.74520898  7.06101179 -1.38110399  4.        
10.6756897   8.39826965 -1.33883703  4.        
1.90467095 7.40304613 0.217255   4.        
-1.16891503 -0.942307   -2.37307692  2.        
12.04412079  7.99738312 -1.90832496  4.        
 4.11588287  8.33456421 -3.43512011  4.        
-10.46840668  11.29190826   3.58944702   3.        
 4.27301788  8.89646912 -2.81076097  4.        
 1.82904804  7.70139313 -1.45724499  4.        
-10.57190704  10.24222565   0.020447     3.        
1.89500403 7.00461578 0.418091   4.        
-11.53445435  11.3465271    3.0879519    3.        
8.83604431 7.55127001 0.420807   4.        
-10.08224487  10.57143402  -0.25286901   3.        
 6.57621002  9.16182041 -3.68847704  4.        
-1.22949195 -1.62625098 -2.77490211  2.        
-2.68120599  7.86745501 -0.85409498  3.        
-4.06907701  9.15151978 -1.93740797  3.        
 0.060982    5.86341906 -1.52502406  2.        
-0.74747503 -6.31575012 -2.93203712  2.        
 8.59579468  8.73914337 -0.32153299  4.        
-12.44326019  11.02973938   1.93176305   3.        
-2.055336   -8.86886597 -3.22146606  2.        
-1.14585102 -2.66896105 -2.4846189   2.        
 2.29243493  8.12004089 -1.61160302  4.        
-1.42998505 -3.62872291 -2.99301195  2.        
 6.07115889e+00  8.73707581e+00 -2.92999996e-03  4.00000000e+00
12.57939911  7.61820984 -2.29083204  4.        
 5.66135406  9.38388824 -3.33758497  4.        
12.90916443  7.22528791 -2.48638892  4.        
-9.75721741 11.28251553  1.34210205  3.        
 9.37103271  8.97177887 -2.68731689  4.        
-5.08642578  9.67973328 -1.97412097  3.        
-1.63218701  7.36359406  0.74417102  3.        
 5.88766479  9.01129246 -1.16973901  4.        
 3.66787004  8.32417297 -0.242676    4.        
-12.26437378  10.21884918   0.57611102   3.        
-0.80498499 -1.16330695 -2.10998511  2.        
 2.67195892  8.07994843 -0.64660603  4.        
13.21389008  6.89695692 -3.62680006  4.        
14.25801754  5.63410997 -2.47030592  4.        
 0.24205001  6.4367218  -1.51629603  2.        
13.75259399  6.48042297 -2.89404297  4.        
3.68978095 7.88362885 1.06240797 4.        
-7.92303514 10.9575882   2.734375    3.        
-1.66719794 -7.43352509 -3.96462989  2.        
-0.28039601  6.02101088 -1.184448    2.        
-3.91439104  8.90206909  1.57522595  3.        
3.07714796 7.7336731  0.76727301 4.        
-13.33579254  10.59706879   3.73678589   3.        
-5.35875702  9.86717224  0.19152801  3.        
-6.69496107 10.48141479  0.65576202  3.        
 5.33647919  9.25714111 -3.07104492  4.        
6.15507507 8.47760773 0.85418701 4.        
 5.25252485  8.78953457 -3.1958921   4.        
 3.28217292  8.4673233  -2.16430712  4.        
-9.77519226 10.94045258  0.29171801  3.        
-12.71276855  10.11328888   0.910797     3.        
-5.1771698   9.58320618  2.59552002  3.        
-1.04389203 -0.26658601 -1.75351     2.        
 8.84088898  8.91824341 -0.84005702  4.        
-0.429176   -2.54238892 -2.45141602  2.        
-0.72642499  1.77583301 -1.70269799  2.        
-1.07070899 -0.42001301 -2.16305494  2.        
-0.99602503 -2.31616998 -3.22549391  2.        
-6.20241499 10.26318359 -0.37396199  3.        
-0.82177001 -7.07244921 -3.272156    2.        
-6.34449005 10.43669128  2.66412401  3.        
-1.54037499 -9.67869568 -3.49450707  2.        
-1.81930494 -5.32614899 -2.99606299  2.        
2.25722504 7.28268385 0.43273899 4.        
-3.67945099  8.93328857 -0.483643    3.        
-7.81681108 10.81476593  3.2437129   3.        
-0.935211   -6.42639923 -3.2744751   2.        
-1.06945801  6.14104509 -1.51348901  3.        
13.32359314  7.12149096 -2.13168311  4.        
-4.89469194  9.75164795 -0.39770499  3.        
 0.217094    5.00558519 -1.49087501  2.        
-10.15863037  11.4491806    3.22534204   3.        
-2.39048004  8.20262146 -2.22494507  3.        
-0.87889099 -4.43438005 -3.17178297  2.        
4.30487823 8.29354095 0.943573   4.        
11.82331753  7.21300507 -0.76248199  4.        
 4.80197096  8.61161804 -0.37902799  4.        
-3.2461009   8.64048004 -1.86288404  3.        
-0.83195502 -3.35253096 -3.05792189  2.        
-1.67885602  7.26395416 -1.03350794  3.        
 0.35517901  5.7052989  -0.94634998  2.        
2.19348097 7.64576006 0.149231   4.        
 2.59737396  8.04684544 -0.24276701  4.        
-0.29838601 -0.74468201 -2.85757494  2.        
7.27389479 8.10953522 0.87115502 4.        
6.79450178 8.12808228 1.08374    4.        
-0.98255199  0.90969098 -2.3873899   2.        
-3.92971802  9.14562988 -0.81622303  3.        
-1.47495997  6.75620317 -0.52947998  3.        
12.10247803  8.42719269 -2.79986596  4.        
-0.77381098 -0.691338   -2.61816406  2.        
-5.50760603  9.67474365  2.83654809  3.        
11.52972412  6.81575823 -0.34289601  4.        
-1.420151    7.21822405 -0.025604    3.        
-0.71018201  5.13839006 -1.75613403  2.        
10.22285461  8.07202053 -0.476318    4.        
-8.58903503 11.34760284  1.86203003  3.        
11.86011505  6.73062897 -0.60171503  4.        
-13.78681946  10.53206635   2.946594     3.        
 0.085579    5.09222412 -1.09240699  2.        
14.37947845  5.59074402 -3.10806298  4.        
10.60831547  8.20545197 -0.841919    4.        
-8.85874176 10.90977478  0.115326    3.        
-4.96387482  9.6661911   0.115753    3.        
 6.81680298  9.49176025 -1.985443    4.        
-2.89316607  8.39141083 -1.76492298  3.        
-1.579849   -7.94737196 -3.64230394  2.        
-13.29137421  10.86865234   2.89312696   3.        
9.3327179  8.11027527 0.239685   4.        
 9.75458527  8.99525356 -2.784271    4.        
-1.14399695 -7.35996199 -3.29135108  2.        
2.7846911  7.34012604 0.59878498 4.        
-1.05339801 -4.32774401 -3.58950806  2.        
-0.167015    3.111305   -1.77655005  2.        
-13.46649933  10.29593658   3.70205688   3.        
 9.31343079  9.33054256 -1.86358595  4.        
 0.566414    6.60053205 -0.94528198  4.        
 8.38191223  9.56105042 -2.63967896  4.        
11.70043945  8.03559875 -1.53250098  4.        
 9.79595184  8.52777863 -0.508636    4.        
13.90293121  6.18839312 -3.12158203  4.        
-0.73855603 -0.72569299 -2.01849389  2.        
 8.88243866  9.1083374  -2.86755395  4.        
-0.23748    -0.195847   -2.10812402  2.        
-7.31439209 10.73210144  2.95211792  3.        
 6.80690002  9.66667175 -2.62872291  4.        
-0.47582999  4.80580091 -1.024719    2.        
 6.81703901  9.57372284 -3.25109911  4.        
-14.20025635   9.72218323   2.64868212   3.        
-9.56378937 10.54084778  0.102783    3.        
-0.30588499 -2.48148298 -3.05728197  2.        
-0.81827497  4.05246019 -1.68670702  2.        
 3.16326904  8.35210419 -3.11022902  4.        
12.50475311  7.90236712 -2.84008789  4.        
-7.32321882 10.89990234  1.30188     3.        
-1.23696101 -4.04312897 -3.17013597  2.        
 7.9352951   9.40357208 -1.72735596  4.        
-6.22090197  9.86564636 -1.60394299  3.        
5.2446208  8.84695435 0.121368   4.        
 4.58152819  8.77970123 -3.30862403  4.        
10.80003357  8.57065582 -2.29220605  4.        
-3.09957099  8.26016235 -1.11053503  3.        
-0.38679501 -1.78124201 -2.34835792  2.        
-8.50794983 10.82537079 -0.028839    3.        
10.91370392  8.87146759 -3.21438599  4.        
 7.22595215  9.10887146 -1.216187    4.        
-3.12046099  8.16389465 -0.74810803  3.        
-4.40608215  9.38552094  2.25338793  3.        
 8.60443878  9.60127258 -3.05160499  4.        
 9.08374786  8.8235321  -2.337219    4.        
-0.97538799  1.43178594 -1.61794996  2.        
 2.80440497  8.24848175 -2.62771606  4.        
-0.12574799  3.52242303 -1.67205799  2.        
-1.150208   -3.01848602 -3.01007104  2.        
-0.25788099 -1.43529499 -2.77941895  2.        
-0.746925   -4.05468798 -2.4654541   2.        
-11.60681152  11.06569672   3.79794312   3.        
 8.27919006  8.96441746 -0.83740199  4.        
-9.75241756 10.27909088 -0.222046    3.        
 9.92777157  8.73765564 -0.98101801  4.        
-1.20826006 -7.70853376 -3.74798608  2.        
-13.80104828  10.42481232   1.94332898   3.        
-0.80242199  5.6805501  -1.74865699  2.        
 4.46843004  8.88897705 -1.57083094  4.        
 3.73091888  8.63759613 -1.95764196  4.        
-1.31692505 -5.22827101 -3.61840796  2.        
-10.75454712  10.61729431   0.129181     3.        
-1.64102197  7.53057098 -0.36148101  3.        
-0.104317    3.9744029  -1.68392897  2.        
14.01815796  5.42406511 -3.33853197  4.        
7.61497498 8.44520569 0.84326202 4.        
10.929039    7.60066986 -0.50747699  4.        
-6.38508606 10.52884674  2.33886695  3.        
-6.43376923  9.51653957 -1.83782995  3.        
-12.18688965  11.07821655   1.73230004   3.        
 7.21743011  9.07536316 -2.96472192  4.        
-13.5745163    9.90798187   1.66824305   3.        
11.93797302  7.84475708 -1.63339198  4.        
-0.72249597  2.87024689 -1.199036    2.        
5.26556396 8.76996613 0.89651501 4.        
-0.29384601  3.31109595 -1.99969494  2.        
-8.2175293  10.55886078 -0.462769    3.        
-1.21488202 -4.60063219 -3.59262109  2.        
 5.33984423  8.97424316 -1.75650001  4.        
-2.99291992  8.54003143 -2.09493995  3.        
 9.65916443  9.05103302 -1.61672997  4.        
11.08660889  8.49358368 -1.91583204  4.        
 5.16244507  8.6786499  -0.42157     4.        
13.78746796  6.11631012 -2.23196411  4.        
-1.19860101 -8.04131317 -2.96630907  2.        
-13.02972412  10.74938202   3.74591088   3.        
 4.07787323  8.44249725 -0.94644201  4.        
 8.94779968  9.47621059 -2.46737695  4.        
-3.30710602  8.82175541 -0.83978301  3.        
-0.451065   -0.94861603 -2.50396705  2.        
-2.40032196 -9.97584534 -3.64505005  2.        
-0.060585  2.470016 -1.706146  2.      
 5.67546797  8.75757599 -0.743927    4.        
-10.01869202  11.16717529   0.71371502   3.        
11.02087402  9.00086975 -2.27767897  4.        
-11.02175903  11.30856323   3.536865     3.        
 -2.32141089 -11.0467453   -3.31628394   2.        
-0.61558503  5.82639313 -0.54983503  2.        
12.92906189  7.35128784 -3.6499939   4.        
-10.67866516  11.53452301   3.03579712   3.        
-13.92536163  10.23830414   3.49130297   3.        
-1.57708704 -9.54182434 -2.99749804  2.        
-8.75145721 11.12878418  3.40072608  3.        
-12.34177399  10.91567993   3.67581201   3.        
3.96247101 8.61045074 0.62625098 4.        
-3.59934998  8.46065521 -0.791412    3.        
12.18585205  7.90461683 -2.52813697  4.        
 -1.46308899 -10.7722168   -3.22039795   2.        
 4.71443892  9.14616394 -3.12335205  4.        
-9.56174469 11.51966095  3.29598999  3.        
-9.13058472 10.79969025 -0.050781    3.        
-1.88781703  7.6317668   0.104431    3.        
4.86394501 8.64352417 0.135956   4.        
-0.64559901  4.02793121 -1.35006702  2.        
 3.47660804  8.48129272 -1.33132899  4.        
11.69081879  8.72754669 -2.50616503  4.        
 8.68735504  8.82146358 -2.28353906  4.        
-0.103798    1.93220496 -1.81045496  2.        
6.99854994 8.43634796 0.69122303 4.        
10.34210968  8.70417786 -1.73644996  4.        
-7.86133623 10.17311859 -1.05017102  3.        
 8.71775818  9.42614841 -1.86187696  4.        
-1.54344201  7.54146624 -1.02499402  3.        
-1.78546095  7.0535202  -0.38589501  3.        
-1.69459498 -7.11399794 -3.04211402  2.        
 0.777412    6.95678711 -0.495056    4.        
-5.24968004  9.88027954  2.14221191  3.        
 1.80202496  7.62721205 -2.7679441   4.        
-11.96677399  11.04646301   1.37551904   3.        
 4.69032288  8.95463562 -2.33761597  4.        
-0.471802    4.88036299 -1.55306995  2.        
-0.31881699 -0.757523   -1.853333    2.        
11.04698944  7.79067993 -0.93548602  4.        
-3.30784607  8.45490265 -1.23138404  3.        
-0.749336    0.023186   -2.75183105  2.        
-0.59781599 -1.76458001 -2.77365088  2.        
-1.24454498  6.97142792 -1.81613195  3.        
-7.7939992  11.15703583  2.96752906  3.        
11.09217834  8.08129883 -1.09948695  4.        
-1.45827496 -5.79904222 -2.83871508  2.        
-8.99351501 10.59510803 -0.337372    3.        
-10.30760193  10.19916534  -0.32797199   3.        
-1.93875098 -7.60851288 -3.40420508  2.        
13.58747864  7.00209093 -2.64703393  4.        
-8.11856079 11.00404358  1.03521705  3.        
-12.62380981  10.83798981   1.33013904   3.        
-3.33238196  8.358078    1.97860706  3.        
 7.76696014  8.91825867 -1.243927    4.        
-4.34848022  9.30334473  0.16604599  3.        
-0.65911102 -3.22860694 -2.48251295  2.        
-4.04410505  9.05594635  0.81191999  3.        
3.48232293 8.27214813 0.42556801 4.        
4.85113478 8.59231567 1.161255   4.        
-1.21884203 -6.649261   -3.50756788  2.        
 7.83091021  8.95963287 -0.708435    4.        
-4.50508118  9.34399414 -0.134735    3.        
11.19596863  8.08230591 -1.69430494  4.        
-0.66362798  1.15096998 -2.32977295  2.        
5.7411499  8.38354492 1.01641798 4.        
-1.398628   -4.81946611 -2.77087402  2.        
 6.52185822  8.98416138 -0.51367199  4.        
-2.85333991  8.1919632   0.622437    3.        
 8.56017303  9.19674683 -2.97570801  4.        
-11.55419159  11.19156647   1.322083     3.        
10.63296509  9.05991364 -2.45788598  4.        
 4.70092821  8.7622366  -0.79409802  4.        
10.7106781   7.78227186 -0.64877301  4.        
 3.78974104  8.52780914 -3.46939111  4.        
 1.19194806  7.14847612 -0.26767001  4.        
-0.26697499 -1.22228205 -1.97869897  2.        
-3.77410102  8.87561035  0.205139    3.        
-9.51010895 11.52942657  2.98660302  3.        
 7.62276506  9.36270905 -2.02725196  4.        
 6.82886505  9.32225037 -1.60061705  4.        
 3.5514679   8.7064743  -2.62322998  4.        
-3.22796607  9.01881409 -1.58599901  3.        
-6.27091217 10.3158493   0.59130901  3.        
-2.16648889 -9.32115936 -3.52468896  2.        
-4.65352583  9.52868557 -0.35751301  3.        
 9.96038818  9.29151917 -1.99755895  4.        
-9.2862854  11.00389862  0.273651    3.        
-3.77568007  9.35942841 -2.09454298  3.        
-5.67215014 10.03756714  0.70938098  3.        
-0.108147    4.72161913 -1.68563795  2.        
-13.95574188   9.9020462    3.7997129    3.        
 0.53271502  6.18891096 -0.77609301  2.        
 4.24565887  8.62449646 -0.28219599  4.        
 7.66944885  9.24542999 -1.47775304  4.        
-5.62941694  9.89970398 -1.43267798  3.        
6.46783495 8.89357758 0.39498901 4.        
 0.170113    4.576859   -1.81921399  2.        
-1.39178503 -9.72964478 -3.14919996  2.        
-2.36722589  7.77101088  1.50262499  3.        
-1.87635005 -8.69654083 -3.6404109   2.        
11.48413754  8.69207764 -2.19018602  4.        
14.09924316  5.95424604 -2.58786011  4.        
-1.32760596  7.39121199 -1.54397595  3.        
10.28658295  8.9464798  -2.88928199  4.        
 4.91883802  9.2019577  -2.46627808  4.        
-2.51240492  8.52147675 -1.44671595  3.        
-6.001266   10.04866028 -1.14422596  3.        
-7.88048506 11.15534973  1.68545496  3.        
13.72407532  6.69425201 -2.33328295  4.        
-0.51560199  4.50891113 -1.07656896  2.        
11.36456299  8.37560272 -2.38046288  4.        
-5.69641876 10.14332581  1.87039196  3.        
-2.16220903  8.15827942 -1.14138806  3.        
-0.37319201  0.318703   -2.28936791  2.        
-9.05438995 11.28302765  1.43713403  3.        
-13.14194489   9.8523407    1.13067603   3.        
-0.220428   -0.48927301 -2.69952393  2.        
13.56996918  6.94621277 -3.50799608  4.        
13.55233002  6.66487122 -2.01907396  4.        
 9.64601898  7.92982483 -0.032928    4.        
 2.60684204  7.98417711 -3.13284302  4.        
 9.42557526  8.71626282 -1.20425403  4.        
 3.68871307  8.72290802 -2.90979004  4.        
-1.04265594 -4.97526503 -2.68038893  2.        
 2.99987793  8.2526474  -1.20983899  4.        
-2.44367194  8.05020905 -1.70190406  3.        
-1.97439599 -7.78637695 -3.14181495  2.        
-4.90100908  9.39476013  2.47964501  3.        
-2.6337359   8.23803711 -0.50131202  3.        
12.81510925  6.88857317 -1.74899304  4.        
-10.05451202  10.84243774   1.54907203   3.        
7.73978376 7.8259511  0.978302   4.        
-9.22976685 11.02609253  2.00048804  3.        
-12.7470932   10.41655731   1.02658105   3.        
11.85266876  8.30588531 -2.06945801  4.        
-1.08829498  6.21604919 -0.44451901  3.        
-11.66716003  10.5845108    0.486267     3.        
11.26119995  6.68245697 -0.31088299  4.        
-6.6003108  10.44474792  0.013031    3.        
-5.86986494 10.26157379  1.05966198  3.        
 7.96590424  9.54245758 -3.57553101  4.        
4.40469408 8.5927887  1.02291906 4.        
 6.09418488  9.21920013 -2.11077905  4.        
-7.27093506 10.94624329  1.79818702  3.        
-7.40240479 10.40125275 -0.61798102  3.        
 2.02159095  7.42467499 -2.91452003  4.        
-5.74191999  9.76789856 -1.82067895  3.        
-0.70782501  6.20824385 -1.44500697  3.        
-0.63785601  2.50547004 -1.52676404  2.        
-12.03692627  11.11237335   3.87667894   3.        
 7.4524312   9.49178314 -2.40237403  4.        
-9.66210175 10.07301331 -0.421875    3.        
-1.36468506 -7.42417097 -2.93292189  2.        
-5.43914795  9.97612762  1.85800195  3.        
-4.36234999  9.33630371  1.86499     3.        
-8.70328522 11.14959717  1.07791102  3.        
-2.79686689  8.60368443 -1.36874402  3.        
-1.14029706 -5.56520796 -2.75518799  2.        
-6.8088069   9.6813736  -1.82675195  3.        
 1.065979    7.171875   -1.42730701  4.        
 8.74382782  9.08229065 -1.355896    4.        
-4.4176712   9.60381317 -1.11221302  3.        
-1.06838202 -0.149887   -2.03158593  2.        
-6.77728987 10.65182495  1.26708996  3.        
-1.43129003 -6.34054613 -2.86666894  2.        
-5.92362213 10.12403107  0.23831201  3.        
-5.35541487  9.95946503  0.98037702  3.        
 2.97885895  8.25537109 -0.69274902  4.        
-5.70885515 10.17329407  1.29730201  3.        
11.25833893  8.5256424  -2.67752099  4.        
10.29203796  8.60916901 -2.10015893  4.        
 9.2678833   9.33321381 -2.18917894  4.        
-5.83108521 10.12454987 -0.050751    3.        
-0.960922   -5.92720795 -3.57641602  2.        
 9.07326508  8.30580139 -0.184448    4.        
-9.85047913 10.46204376  0.0625      3.        
 6.08678389  8.93974304 -0.39123499  4.        
 9.30075073  8.7461853  -0.58547997  4.        
 4.54070282  8.58242035 -1.13272095  4.        
-12.27489471  10.54511261   0.77456701   3.        
-1.27154505 -5.07932281 -3.35110497  2.        
-9.9508667  10.60552216  0.426025    3.        
-2.33085608  7.95736694  0.491943    3.        
-5.05278015  9.75671387 -0.653229    3.        
-3.67937493  8.70027924  1.50997901  3.        
-6.72349596  9.98171997 -1.57406604  3.        
8.23596191 8.58870697 0.061646   4.        
 9.5714798   8.69393158 -2.15667701  4.        
 0.094879    4.71075392 -1.08999598  2.        
-1.78811705 -5.7696228  -3.43099999  2.        
-1.26062799 -9.16518402 -3.17712402  2.        
-0.113029    3.90509796 -1.22079504  2.        
-0.67183697  5.45904493 -0.91326898  2.        
11.7624588   8.16368103 -1.79528797  4.        
-8.8115921  10.37596893 -0.69189501  3.        
-1.62715197 -6.47138977 -3.67196703  2.        
 6.71829224  8.90688324 -1.155334    4.        
-3.91870093  8.79706573 -1.20922899  3.        
-6.46842194 10.49230957  0.88763398  3.        
3.08921099 8.15499878 0.73236102 4.        
1.08026898 7.02622986 0.021332   4.        
-2.14813995 -9.24118042 -2.90264893  2.        
 -1.67694795 -10.96126556  -3.49731398   2.        
-4.73538208  9.60119629 -2.12902808  3.        
11.85420227  7.12575483 -1.05682397  4.        
-5.371315    9.65029144 -2.05355811  3.        
-7.52669477 10.7951889   3.18347192  3.        
-1.60135698  7.22530413 -1.31744397  3.        
13.57489777  7.05104113 -3.0466001   4.        
13.06281281  6.82207489 -1.91891503  4.        
10.38961792  8.79303741 -2.60897899  4.        
-3.553406    9.13226318 -2.13546705  3.        
13.00072479  6.39919996 -1.48730505  4.        
-4.86564589  9.56632996  1.73031604  3.        
 -1.57897902 -10.27216339  -3.3222959    2.        
-8.37504578 10.55984497  0.25543201  3.        
 -1.97085595 -10.34243774  -3.797791     2.        
-2.1836009  -9.76838684 -2.84121704  2.        
-11.81276703  10.32623291   0.31665      3.        
-1.54875195 -5.42052507 -2.8218689   2.        
-1.06589496 -1.31597102 -2.31423903  2.        
-1.83964503  7.81122589 -0.91272002  3.        
-1.53389001 -3.99162292 -2.74057007  2.        
10.64870453  8.76419067 -1.66973901  4.        
 4.02803802  8.80077362 -3.04461694  4.        
3.4409101  8.29369259 0.873932   4.        
2.47871399 7.75371599 0.231232   4.        
 8.4772644   8.7730484  -0.94110101  4.        
5.07619476 8.81079102 0.63946497 4.        
10.11707306  7.88394213 -0.054443    4.        
-1.97222102  7.66449022  0.81900001  3.        
3.08446503 8.12294006 0.097961   4.        
 2.81047797  8.16179657 -3.01779199  4.        
11.65364075  7.92044115 -1.26077294  4.        
 3.51516008  8.47686005 -1.66735804  4.        
-2.87234497  8.16544342 -1.37274206  3.        
11.92700195  8.54185486 -3.14050293  4.        
-0.72415203 -5.03074694 -2.90048194  2.        
10.75415039  8.45904541 -2.01507592  4.        
-1.20576501 -3.93540192 -2.3208921   2.        
-6.18094587 10.24140167  0.31463599  3.        
-0.81013501 -3.68109107 -3.07403588  2.        
-1.03196704  5.81728411 -1.54266405  2.        
-11.49273682  11.10286713   1.04113805   3.        
12.95969391  7.35045624 -1.99841297  4.        
10.17591095  8.39855194 -1.66000402  4.        
-0.55485499 -3.32909393 -3.16091895  2.        
-4.63948822  9.37262726  2.65454102  3.        
5.87637281 8.54482269 0.79699701 4.        
-1.89673603 -9.07278442 -3.05911207  2.        
-0.48480999 -0.3964     -1.99929798  2.        
 6.45831299  9.5291748  -3.20904493  4.        
-1.88706994  7.60736084 -2.23361206  3.        
-0.35591099  0.020042   -2.31091309  2.        
-1.31956506 -4.479599   -2.42901611  2.        
-1.88436103  7.44833422 -1.97885096  3.        
-0.22989701  5.4148941  -1.42559803  2.        
 9.9831543   9.56802368 -2.76879907  4.        
-12.24829102  11.16636658   2.3153379    3.        
-0.72740901  6.26824188 -0.456604    3.        
-0.053596    1.633919   -1.52761805  2.        
 0.89163202  6.96041107 -0.78875703  4.        
-7.52524614 10.75334167  0.2229      3.        
8.60954285 8.23825073 0.56048602 4.        
 9.93688965  8.00385284 -0.28652999  4.        
-2.842659    7.93391418  1.67806995  3.        
-0.89096802  1.14762902 -1.97491503  2.        
-0.57648498  3.284477   -1.90264904  2.        
10.758461    9.10236359 -2.74685693  4.        
-1.81826794 -8.24016571 -3.0758059   2.        
 0.031189    2.89630103 -1.49432397  2.        
 1.47261095  7.20067596 -2.67376709  4.        
-3.55955505  8.54901123 -1.06652796  3.        
-0.69877601  3.66287994 -1.09692395  2.        
-0.62712902 -0.39552301 -2.5541079   2.        
13.18243408  7.33758497 -2.73614502  4.        
 7.45724487  9.36686707 -3.39742994  4.        
-1.269508   -8.03189087 -3.41320801  2.        
5.8371582  8.88280487 0.25527999 4.        
-13.92462158  10.25376129   2.57299805   3.        
-9.01531219 10.03181458 -0.66192597  3.        
-1.09031701  6.05966187 -0.860107    3.        
-9.60689545 11.38031769  1.59002697  3.        
-0.90351897  6.80844879 -1.29412794  3.        
-4.96466112  9.70747375  2.01721191  3.        
 0.11451     6.18799591 -1.39422596  2.        
-1.27968597 -8.48694611 -2.89446998  2.        
-6.97293806 10.25562286 -0.971008    3.        
-0.007828    4.26200914 -1.22210705  2.        
 1.65267897  7.56584215 -0.64602703  4.        
-6.57064819 10.56881714  1.88226295  3.        
-9.13130188 10.75139618  0.94259602  3.        
 5.36183882  9.08733368 -2.02114892  4.        
-9.75926971 11.42185974  3.69149804  3.        
-12.97173309  10.45944214   1.25674403   3.        
 -1.76593006 -11.5343399   -3.70089698   2.        
-1.08487701 -7.62794495 -3.00509596  2.        
 2.80026293  8.29245758 -1.47317505  4.        
-8.5589447  10.27614594 -0.49899301  3.        
 -2.24397993 -10.67964935  -3.20587206   2.        
-2.22174811 -8.33484554 -2.88473511  2.        
-0.74716198  3.64713311 -1.82366896  2.        
13.99980164  6.28845978 -3.48434496  4.        
 6.40994978  8.75148773 -0.041901    4.        
 -1.81317103 -10.4053421   -3.47567797   2.        
-9.4009552  10.67781067  0.32238799  3.        
-9.42137146 11.2194519   1.08019996  3.        
-0.44913501 -2.32564497 -2.71185303  2.        
 7.28551483  8.99359894 -0.70315599  4.        
12.74256134  7.47143602 -3.12167406  4.        
 9.55339146  8.7538147  -0.721771    4.        
 0.67610902  6.52719879 -0.602112    4.        
-4.32825518  9.53178406 -2.30950904  3.        
-0.22683699  0.859245   -2.0697329   2.        
 7.20657396  9.54869843 -3.28066993  4.        
-7.09439802 10.52178192 -0.41027799  3.        
14.03768921  6.43779802 -2.89092994  4.        
-10.54866791  11.24134827   1.00680494   3.        
-1.09971595 -6.25404406 -2.86026001  2.        
-2.17552209  7.92466021 -0.095459    3.        
 6.47765303  9.39103699 -2.41803002  4.        
-11.66204834  11.28263092   1.99337804   3.        
-1.42985499 -3.02438307 -2.94848609  2.        
-8.50112057 10.26331329 -0.90814197  3.        
-5.6253891  10.05335999  2.7376399   3.        
 8.04164886  9.49215698 -2.33541894  4.        
-1.726349   -9.82910156 -3.70001197  2.        
 7.32099104  9.70612335 -2.88818407  4.        
-2.97684503  8.44869232 -0.54220599  3.        
-7.31536102 10.66191101 -0.12799101  3.        
-7.49837494  9.89718628 -1.37381005  3.        
-10.22024536  11.39006805   1.71756005   3.        
 4.99973297  8.6973877  -1.31930494  4.        
-3.81887102  9.01525879  0.50970501  3.        
-8.44075012 11.30913544  3.38046288  3.        
-0.75489002 -2.68812609 -2.34335303  2.        
-0.66337597 -2.24789405 -2.30224609  2.        
-6.80010223 10.40883636 -0.56396502  3.        
-1.04693604 -3.34947991 -2.36624193  2.        
13.17366028  7.05373383 -2.75253296  4.        
-1.24486494  7.11065722 -0.83953899  3.        
-12.5657196   10.90153503   3.87271094   3.        
10.29514313  9.17414093 -2.36599708  4.        
-0.84844202  4.52655792 -1.29562402  2.        
11.56380463  7.60092211 -1.20727503  4.        
-3.21222711  8.13346863  1.63803101  3.        
 2.06668901  7.85367584 -1.48870802  4.        
 4.1619339   8.65259647 -1.19244397  4.        
-4.83671618  9.77132416 -1.45150805  3.        
12.93267059  6.09089708 -1.45425403  4.        
 3.45413208  8.27133942 -0.47872901  4.        
11.2115097   8.38295746 -1.491364    4.        
 5.66387892  8.82958984 -1.27194202  4.        
-13.93592072   9.79911804   2.31753492   3.        
11.93974304  7.43478394 -1.31665003  4.        
 9.41785431  9.31678009 -3.27331495  4.        
7.16428423 8.60324097 0.84915203 4.        
 5.50056505  8.89099884 -0.52572602  4.        
-3.22484589  8.31034756  0.98257399  3.        
-14.18833923  10.05396271   3.29254198   3.        
 9.58034515  9.29514313 -3.69186401  4.        
3.43917108 7.99295807 1.13501    4.        
-8.61090946 10.66581726  0.78616297  3.        
7.43148804 8.59791565 0.455475   4.        
12.23133087  6.70782518 -0.95993     4.        
-0.63804603 -4.01382494 -3.19305396  2.        
-3.59416199  8.46568298  1.88238502  3.        
13.18835354  6.94075823 -2.30178809  4.        
-5.14129591  9.80357361  0.68466198  3.        
-3.09471893  8.63585663 -0.36651599  3.        
12.44801331  7.95732117 -2.4372251   4.        
 1.13872504  7.32549286 -0.67834502  4.        
-0.141762    1.52033198 -1.858307    2.        
11.52539825  8.08802795 -2.00814795  4.        
-10.4736557   11.5819931    2.56967211   3.        
3.64706397 8.21852112 0.67199701 4.        
-10.84593964  11.31419373   1.40982103   3.        
-0.99674201  6.79419708 -0.67175299  3.        
-0.85547602  0.46450001 -2.46923804  2.        
 7.18778181  9.43108368 -2.23968506  4.        
14.31596375  5.86314392 -3.27209496  4.        
10.99999237  9.22328854 -3.19577003  4.        
-1.45915198 -8.60263824 -3.54180908  2.        
-3.74494195  8.83136845 -1.52731299  3.        
-13.77187347   9.89729309   3.58685303   3.        
-4.61249495  9.64824677 -1.63781703  3.        
-1.15951502 -6.54972076 -2.87072802  2.        
 1.59783196  7.72495317 -2.35684204  4.        
-7.57833099 11.08027554  1.74365199  3.        
10.30577946  8.56413269 -0.85595697  4.        
-2.4455111   8.42440796 -1.730286    3.        
 1.78587306  7.18923187 -2.72531104  4.        
-8.55815125 11.09938812  0.647156    3.        
-1.93117499 -7.00414991 -3.60058594  2.        
-5.87912798 10.18148804  2.89004493  3.        
-3.0430069   8.20454407  1.20602405  3.        
-1.01919603 -2.14955091 -2.19164991  2.        
13.2032547   7.30786085 -2.33804297  4.        
-1.26355004 -5.98809814 -3.47817993  2.        
-1.03820002 -1.97460198 -2.82894897  2.        
 6.20222521  9.23661041 -1.54785204  4.        
-1.22551703 -4.1696701  -3.43243408  2.        
11.07022858  8.92487335 -2.56594896  4.        
-12.49300385  10.16455078   0.74481201   3.        
 5.89064789  9.3727951  -3.13751197  4.        
6.39305878 8.68283081 0.90185499 4.        
-0.49830601  1.56885505 -1.64141798  2.        
11.97166443  7.80060577 -2.11172509  4.        
-1.721367  -6.1551671 -3.01001    2.       
10.76895142  9.00764465 -3.6273191   4.        
 5.61579084  9.34410095 -2.06738305  4.        
-3.07527208  8.64030457 -0.907471    3.        
-1.15166497 -2.71275306 -2.20840406  2.        
5.36560822 8.50540161 0.96472198 4.        
-9.37163544 10.16664124 -0.429077    3.        
-0.74869502 -5.39157915 -3.41592407  2.        
-10.42665863  11.34674835   1.52859497   3.        
-3.66487098  8.79711914 -0.221222    3.        
 0.65106201  6.43029022 -1.59051502  2.        
-0.86466199 -2.40242004 -2.58569288  2.        
-0.72816497  0.94232202 -1.81027198  2.        
12.59098816  6.27052307 -1.16403198  4.        
-0.50619501  0.92127198 -2.33944702  2.        
 8.10253906  9.75617981 -3.02065992  4.        
-4.90608215  9.69008636  0.780334    3.        
-7.53720093 11.09896088  2.39675903  3.        
5.78659821 8.81311798 0.64358503 4.        
10.18845367  8.7447052  -2.37255907  4.        
-2.266541    7.92559814  0.94720501  3.        
 8.63935089  9.56516266 -2.11453295  4.        
-0.53456903  0.449036   -1.87204003  2.        
 0.034622    4.03318024 -1.91696203  2.        
-0.86457801  2.0743711  -1.51434302  2.        
-4.72386885  9.41682434  0.188995    3.        
12.76772308  7.10071611 -1.57641602  4.        
-0.219925    5.01112413 -1.096313    2.        
-2.0743711   7.90290785 -0.37762499  3.        
-2.22174096  7.81387281 -1.21762097  3.        
-0.443077   -1.24739802 -2.54254198  2.        
3.34098792 8.23320007 0.054138   4.        
-8.47922516 11.15524292  1.29299903  3.        
 1.29968297  7.47481489 -2.50149488  4.        
-9.98094177 11.25679779  1.18072498  3.        
-1.69657099  7.75508118 -1.18939197  3.        
-0.85985601 -1.62188697 -3.07925391  2.        
9.29019165 8.33106995 0.056732   4.        
 9.46350861  8.85289764 -1.57717896  4.        
-12.90357971  10.83345795   3.49462891   3.        
-0.639862   -3.96058607 -2.8843689   2.        
-8.60422516 10.72774506  1.10150099  3.        
 9.53012085  8.34802341 -1.55197096  4.        
-2.65742493  8.2201767  -1.93554699  3.        
-12.63887787   9.82051086   0.93798798   3.        
 7.59552002  9.22164154 -3.66201806  4.        
9.63774109e+00 8.23165894e+00 9.12499987e-03 4.00000000e+00
-1.43872094  7.13014984 -2.0158391   3.        
-0.84521502 -6.88188887 -2.881073    2.        
-3.79912591  8.83554077  1.145172    3.        
-1.58049798 -5.26537323 -3.27536011  2.        
-1.38088202 -3.00115991 -2.61206102  2.        
12.74681854  7.25991106 -2.23233008  4.        
 9.92858887  8.2912674  -0.58871502  4.        
 7.0246582   9.54253387 -2.74804711  4.        
8.32337856 8.34174347 0.14550801 4.        
7.99113512 8.2844696  0.44647199 4.        
-3.02786994  8.35527039  0.39636201  3.        
-1.02533698  0.23178101 -2.34600806  2.        
 2.24555993  7.94806719 -2.68457007  4.        
 7.14508104  9.53445435 -1.98419201  4.        
-11.08504486  11.35643768   1.90661597   3.        
-0.951675   -3.7091291  -2.48477197  2.        
11.98867035  8.09342194 -2.18600512  4.        
7.83617401 8.48252869 0.144531   4.        
13.58286285  6.64001513 -2.57064795  4.        
10.69177246  8.71245575 -2.58541894  4.        
-5.96366119 10.23355865  1.85684204  3.        
4.521873   8.72100067 0.242706   4.        
12.12966156  8.04186344 -3.00253296  4.        
-1.33372498 -5.34719896 -2.43710303  2.        
 9.76543427  8.46882629 -0.77477998  4.        
 6.64865923  9.22078705 -1.86965895  4.        
-9.53171539 10.82698059  1.31216395  3.        
 2.36705804  7.5690608  -3.01068091  4.        
-0.97718     6.47592878 -0.034302    3.        
-8.25632477  9.89069366 -1.12933302  3.        
13.80527496  6.64588881 -3.40451097  4.        
-4.40180206  9.38588715  1.10882604  3.        
6.50553894 8.78528595 0.64349401 4.        
-13.43197632   9.71351624   1.47082496   3.        
-4.30072021  9.5894928  -1.65115404  3.        
-2.21342492 -9.50294495 -3.27386498  2.        
 3.30199409  8.5560379  -2.89825392  4.        
10.20608521  9.35160828 -3.1152339   4.        
11.33798218  7.69480896 -0.82421899  4.        
-0.845016   -5.70713806 -3.23211694  2.        
 6.04777479  9.54376221 -2.83688307  4.        
-4.17141724  9.33116245 -0.75112897  3.        
-8.89730835 10.50717926 -0.089203    3.        
-0.61264002  4.28110504 -1.70367396  2.        
-5.24324799  9.87727356 -1.027161    3.        
11.08327484  7.91308594 -0.57104498  4.        
 9.06227875  9.59119415 -2.24792504  4.        
-2.05142212  8.14350891 -1.66558802  3.        
-2.46669793  8.28324127 -0.71215802  3.        
-13.53634644  10.44716644   1.88150001   3.        
 0.98316199  7.00112915 -2.231354    4.        
-1.42298901 -9.00980377 -3.4064641   2.        
11.12799835  7.41630507 -0.452759    4.        
-1.96078503 -9.36487579 -3.0853579   2.        
-2.28305006  7.58910418 -0.711761    3.        
 9.86279297  8.84983826 -2.49328589  4.        
-10.32167816  10.50314331  -0.139191     3.        
-3.33232903  9.10578918 -1.86001599  3.        
-13.24879456  10.88217926   3.22232103   3.        
-0.174187    1.45238495 -2.19714403  2.        
-10.40082645  10.39479065   0.166748     3.        
13.20304108  7.16834307 -3.63922095  4.        
-1.19282496 -1.86499    -2.53744507  2.        
-1.76548004 -7.48194885 -3.6217649   2.        
-2.23928094  8.04247284 -0.59881598  3.        
-0.70208699  1.96779597 -2.16403198  2.        
10.46894073  7.66612196 -0.019318    4.        
2.7858119  7.63890123 0.70294201 4.        
-12.472229    11.12638855   2.51211596   3.        
 9.95909882  9.48090363 -3.52267504  4.        
 0.72373199  6.8621521  -1.56411695  4.        
8.08071136 8.26650238 0.842529   4.        
-1.94844103  7.73227692  0.38717699  3.        
-12.99627686  10.94852448   2.32177711   3.        
-0.26393101  0.24437    -1.90307605  2.        
13.63145447  6.48705292 -3.82995605  4.        
-9.92446136 11.41623688  1.75314295  3.        
 5.51995897  9.38639069 -2.71615601  4.        
11.61569977  7.29287004 -0.56353801  4.        
8.96099091 7.88985395 0.393646   4.        
-0.86923999 -6.55687714 -2.94805908  2.        
-1.82086205 -8.7804718  -3.05068994  2.        
-10.50865173   9.995224    -0.206421     3.        
-8.55896759 11.04151917  2.20822096  3.        
-13.75712585   9.85473633   1.98171997   3.        
-3.0080409   8.86507416 -1.618958    3.        
 9.20750427  8.4384613  -1.66070604  4.        
6.50337982 8.19397736 1.14746106 4.        
-0.92051703 -4.40061188 -2.56814599  2.        
-5.65378618 10.02269745 -0.69375598  3.        
10.50434875  8.52482605 -1.55050695  4.        
3.53564501 8.03862    0.88699299 4.        
-0.25141901 -0.099449   -2.66375709  2.        
 7.88043213  9.55390167 -2.58239698  4.        
 4.96778917  8.87963867 -1.71456897  4.        
12.70272827  7.47770691 -2.79754591  4.        
6.01727295 8.87435055 0.51776099 4.        
-1.28392005  6.58035994 -1.00549304  3.        
-12.73699188  10.94139099   1.75531006   3.        
-13.36997223  10.49610901   1.55560303   3.        
 4.19762421  8.93108368 -2.21993995  4.        
11.66921234  7.7975769  -1.69732702  4.        
-12.8451767   11.03736115   2.829041     3.        
 6.19113922  9.10350037 -3.19781494  4.        
-13.23168945  10.15098572   1.10553002   3.        
-9.46621704 10.36203766 -0.186371    3.        
-11.13643646  11.13691711   3.75698805   3.        
 9.96743774  9.27456665 -3.30343604  4.        
-1.06466699  6.23600817 -1.26147497  3.        
-8.26767731 11.32142639  2.18551612  3.        
-3.18997192  8.74358368 -2.11117506  3.        
 7.65102386  9.55128479 -3.50488305  4.        
-9.50585175 11.42939758  3.54940796  3.        
 4.48788404  8.55506897 -0.73425299  4.        
-9.80120754 11.50761414  3.4402771   3.        
 6.95311022  8.92739105 -0.44995099  4.        
-6.73654222  9.56407166 -1.595734    3.        
-5.35567522  9.93245697 -0.069153    3.        
-1.46009099  6.97880507 -1.05664098  3.        
13.8160553   6.73148394 -3.04345703  4.        
-9.21889496 11.51742554  2.42449999  3.        
-9.92865658 11.22673798  3.61944604  3.        
-0.540497    3.23699188 -1.35263097  2.        
 5.4728241   9.01939392 -3.33291698  4.        
 3.49467492  8.42861176 -0.813568    4.        
-8.70975494 10.87889862  1.46716297  3.        
-4.09963989  9.09552765 -1.67715502  3.        
10.50553894  8.05847168 -1.19021595  4.        
-0.95292699 -1.38835096 -2.71408105  2.        
14.32395172  5.19951582 -3.45361304  4.        
 3.79156494  8.51544952 -0.80779999  4.        
-11.74861145  10.88828278   0.92465198   3.        
-1.61612701 -7.59204912 -2.76577806  2.        
-4.74608612  9.50431824  1.26696801  3.        
-4.50627089  9.36222076  0.80252099  3.        
 8.37512207  9.48954773 -2.37594604  4.        
7.58997297 8.2859726  0.626495   4.        
11.10163116  7.16245985 -0.20867901  4.        
-9.50411224  9.91752625 -0.63854998  3.        
 8.78799438  9.24112701 -3.11251807  4.        
 4.73957109  8.70355988 -1.41949499  4.        
 8.03394318  9.5696106  -3.24353004  4.        
 6.55331421  9.02331543 -2.92529297  4.        
 1.54933906  7.58792877 -1.11569202  4.        
-1.88977802 -8.39337921 -3.60907006  2.        
11.44694519  7.06497192 -0.419891    4.        
1.48168194 7.01908112 0.056702   4.        
-0.63491797  1.25315106 -2.57479906  2.        
-0.75604999  3.10304999 -1.79440296  2.        
 -1.98583996 -10.05255127  -3.08364892   2.        
7.91699219 8.02100372 0.73260498 4.        
 6.53617907  8.81698608 -0.74221802  4.        
-11.93156433  11.26089478   2.75900292   3.        
-0.64366102  4.31385803 -1.21987903  2.        
-1.32878101 -7.79836321 -3.52731299  2.        
-3.02695489e+00  8.38233185e+00  4.94399993e-03  3.00000000e+00
-3.44113207  8.49895477  1.44528198  3.        
 8.65684509  9.06158543 -2.72399902  4.        
2.62663293 7.90936995 0.59402502 4.        
3.3376081  7.54225206 0.77206397 4.        
5.06292009 8.48186493 0.98053002 4.        
-10.36802673  11.52270508   2.15548706   3.        
-6.695755   10.0812912  -1.32864404  3.        
-1.15502203 -3.34318495 -3.07550001  2.        
 -1.91793799 -11.26212311  -3.77374291   2.        
-2.07100701  7.56623793  1.19937098  3.        
 8.07420254  9.59675598 -2.7714231   4.        
-8.51713562 11.40908813  2.91226196  3.        
-0.631271   -0.14056399 -1.93554699  2.        
-6.34252882 10.32930756  0.077362    3.        
-2.65528107  8.08626556  0.30194101  3.        
-8.72904205 10.12619019 -0.65222198  3.        
2.04363298 7.57610321 0.44259599 4.        
-5.61888885  9.93341827  0.424072    3.        
3.84412408 8.53386688 0.102478   4.        
