-2.72596693  4.38674212  0.402161    4.        
 -1.24258399 -29.81400681   5.17080688   2.        
14.89613342 29.81401062 -1.27816796  3.        
-14.89614105  19.11312103  -4.31350708   4.        
  0.88785601 -12.58670044   2.92648292   2.        
11.66118622 13.33647156  0.43728599  3.        
-8.84133244 12.9697113   2.03616309  4.        
7.10470581 4.56219482 1.576141   3.        
 2.20389605 -3.32167792  2.78262305  3.        
  1.02298701 -21.36096573   3.76831102   2.        
10.63304138 22.05793762 -0.28491199  3.        
-6.6186142   9.29701996 -4.92205811  4.        
-10.87276459  14.09923553  -4.45388794   4.        
 5.80990601 11.0211792   1.67398095  3.        
 0.17621601 -0.20809899 -1.91680896  4.        
-4.91587782  8.89785004  3.36056495  4.        
-0.35487401  1.29090905  4.38445997  4.        
 8.15947723 17.40122986  0.402374    3.        
-0.31890899 -7.71775103  2.32269311  4.        
3.6551671  1.15559399 1.50051904 3.        
13.04658508 17.86170197 -0.483307    3.        
14.17208862 25.0663147  -1.60812402  3.        
 -0.938164   -16.93547821   3.57961988   2.        
-3.51537299  6.0555501  -3.92242408  4.        
-11.1500473   16.12639618  -0.36203      4.        
 -1.46977198 -25.30073166   4.47946215   2.        
-7.46032715  9.40911865 -0.465424    4.        
8.86765289 8.29067993 1.25143397 3.        
-2.19072008  5.65675306  4.11654711  4.        
 7.89882708 13.61107635 -0.087189    3.        
-0.99864203  3.41219306 -2.75726295  4.        
 0.71559101 -3.6325841  -0.58621198  4.        
-10.03401947  12.19398499  -1.41955602   4.        
4.89797211 7.41648102 2.18936205 3.        
-0.56629199 -0.98767102  1.60247803  4.        
-4.88797808  7.03148603 -0.59201002  4.        
-12.83530426  16.60601044  -3.4498899    4.        
-8.66339874 11.87410736 -5.19567919  4.        
4.07641602 4.19778395 2.48236108 3.        
13.51042175 21.02017975 -0.86300701  3.        
 9.58348083 11.0422287   0.138855    3.        
10.26609039 15.70172882 -1.00418103  3.        
-1.17302704  1.84229302  0.040039    4.        
 2.2784121  -6.25544024  2.31826806  3.        
-0.264801   -4.77838898  1.970276    4.        
10.23530579 19.06053162 -0.85415602  3.        
-7.08654785 10.56642246  2.30215406  4.        
-1.62844098  3.13955688  2.66845703  4.        
  1.03810096 -10.06247711   1.60897803   4.        
-8.46642303 10.28495789 -2.94412208  4.        
-3.70265198  6.58620501  1.85452294  4.        
 -1.17358398 -19.64517593   3.95593309   2.        
 0.81167603 -1.18704998  3.95623803  4.        
 3.77630591 -1.55498505  1.42224097  3.        
11.78237247 24.6320343  -0.40679899  3.        
-5.54221296  7.57695818 -3.1534121   4.        
13.51350403 27.55041504 -1.01437402  3.        
6.73259687 6.87179613 0.411621   3.        
5.9069519  2.34101105 2.12600708 3.        
 -1.161201   -22.62307739   4.26364088   2.        
 -0.35257    -27.56618881   4.10083008   2.        
  0.55892199 -14.94583893   3.65618896   2.        
-11.35630798  14.28948975  -2.04898095   4.        
7.33201599 9.80033112 0.092407   3.        
-10.48590088  13.85040283   0.262299     4.        
-8.79525757 11.19361115  0.437042    4.        
-2.63266802  4.97592211 -2.00076294  4.        
-6.01234388  8.72299957  1.23886096  4.        
12.4511261  15.48410034 -0.235291    3.        
 0.97349501 -6.41593218  0.48458901  4.        
12.9997406  23.06737518 -1.61819506  3.        
-11.50842953  16.11365509  -5.15496778   4.        
-0.919083    1.06078303  2.22485399  4.        
  0.36175501 -24.15116119   4.17669678   2.        
 1.664078   -8.34810638  2.85055494  3.        
-12.35188293  17.47744751  -1.56716895   4.        
-10.06484222  12.35365295  -3.54351807   4.        
5.11550093 5.4546051  1.15200806 3.        
 6.37708282 13.02415466  1.22265601  3.        
 0.20027199 -2.7569809   2.38812304  4.        
-13.20252228  18.07144165  -4.88757277   4.        
-0.19013201 -1.53639197 -0.352478    4.        
-6.99628401  8.8039856  -2.39892602  4.        
 -0.38929701 -10.89790344   2.80245996   2.        
-13.66107178  18.50186157  -2.74682593   4.        
5.87480879 8.63434601 0.91699201 3.        
 7.32547808 15.43878174  0.53183001  3.        
 3.37790704 -0.270538    2.90747094  3.        
12.12428284 19.46318054 -1.38555896  3.        
 9.96871185 13.36486053 -0.624237    3.        
  0.330589   -18.50389481   3.35485792   2.        
-0.46061701  1.69544995 -1.80044603  4.        
-3.58630395  7.289886    3.68512011  4.        
-1.646088    3.54898095 -0.943726    4.        
 1.16111803 -4.9102478   3.2154541   4.        
11.34371185 17.45703888 -1.18988001  3.        
-4.18383789  6.28179884 -2.17922997  4.        
5.59260607 3.67693305 0.79180902 3.        
7.88488007 6.81405592 1.88650501 3.        
 1.13519299 -8.24953461  1.05706799  4.        
 7.73738098 11.76073456 -0.08902     3.        
-0.97488397  3.09866309  4.40115404  4.        
3.84749603 2.3964839  2.84707594 3.        
9.59703064 9.91937256 1.62585402 3.        
-2.2789309   4.77165222  2.21798706  4.        
-0.64340198  0.132439    0.144196    4.        
-6.25349379  8.15378571 -0.85241699  4.        
-3.50550795  5.66918182 -0.60839802  4.        
-8.92774963 10.78462219 -1.28555298  4.        
 2.67369795 -4.60494184  1.67666602  3.        
11.79493713 21.21199799 -1.29690599  3.        
-12.29301453  15.76937103  -1.93307495   4.        
  1.05239904 -10.05451965   3.35360694   2.        
5.20344496 0.65765399 2.13073707 3.        
 9.53354645 17.39941406 -0.65762299  3.        
10.80586243 11.83063507  1.07974195  3.        
12.74507141 25.96772766 -0.924896    3.        
 -0.54833198 -13.47912598   3.1655879    2.        
-0.176682   -2.95347595  0.69998199  4.        
 8.70575714 15.94176483 -0.32711801  3.        
 9.7707901  20.63045502  0.051086    3.        
-4.73596191  7.91134596  1.98519897  4.        
 8.87961578 18.89821625  0.161926    3.        
 2.3637619  -1.70402503  2.3651731   3.        
-11.82697296  15.12928772  -3.55984497   4.        
-0.27690101 -0.143829    3.16354394  4.        
-1.93138099  3.06693292  0.98526001  4.        
 0.58048999 -6.40800524  2.75195289  4.        
-9.55561829 13.31777954 -5.04007006  4.        
  0.56193501 -16.52246094   3.07083106   2.        
 0.274872   -4.8915019   0.43594399  4.        
  0.037102   -25.88757324   4.31344604   2.        
-7.72437286 10.46888733 -4.99240112  4.        
7.6736598  8.20677853 0.171875   3.        
 -0.49173701 -21.13532257   4.24789381   2.        
-5.51760101  8.15750885 -4.6809082   4.        
-0.34721401 -9.3277359   2.5249629   4.        
 -1.61827803 -28.16957283   4.85339403   2.        
 3.31523108 -3.05798292  1.66360497  3.        
4.37060499 2.55998206 1.29449499 3.        
-9.66212463 12.5068512   0.64068598  4.        
  0.33225301 -22.48155975   4.76638794   2.        
8.98628998 9.5045166  0.235535   3.        
11.60108852 23.16312408 -0.83346599  3.        
-7.11317396  9.82080841  0.97174102  4.        
11.26264191 14.59036255 -0.52221698  3.        
14.41227722 26.6364975  -1.814484    3.        
-8.17494202 11.62674713  1.90252697  4.        
4.63102007 5.84458923 2.50512695 3.        
 -0.176598   -22.17974091   3.24166894   2.        
14.57131958 28.41233063 -1.62823498  3.        
 -1.03613305 -24.1190033    3.69467211   2.        
-9.03561401 11.27304077 -3.89919996  4.        
5.40333605 9.62705994 1.92388904 3.        
 0.73469502 -2.30049109 -1.20776403  4.        
5.95295715 3.81738305 2.20922899 3.        
-1.62323797  4.27060699  3.8096621   4.        
 -0.80754101 -15.43813324   3.54849195   2.        
 1.25051105 -2.52432203  3.53539991  4.        
-6.01353407  9.90938568  3.02883911  4.        
-7.4724431   9.46535492 -3.75985694  4.        
 -1.66468096 -26.74103165   4.59848022   2.        
-4.48126221  7.08889818 -4.20999193  4.        
 9.11043453 14.62158966 -0.74737501  3.        
-3.38780189  5.60228682  0.82803297  4.        
  0.79177099 -11.45729065   2.03793311   2.        
-10.77605438  13.04020691  -2.4694519    4.        
-2.80367994  6.20957184  2.94259596  4.        
-1.150612    2.01866102  3.42092896  4.        
-2.445122    5.26705217 -3.37451196  4.        
6.79350996 5.91946411 1.83282495 3.        
-9.6193924  13.9641037   1.40893495  4.        
-7.91664886  9.75363159 -1.76800501  4.        
5.47481489 6.80441284 1.01553297 3.        
 3.35217309 -0.207535    1.49609399  3.        
-0.029892   -6.25245714  1.440552    4.        
6.37542677 5.52311707 0.556122   3.        
-11.24456787  14.76327515  -0.637573     4.        
 9.01455688 12.134758   -0.51162702  3.        
 6.69787598 10.93883514  0.606323    3.        
-5.18363905  7.76254988  0.67569     4.        
  0.103149   -20.00789261   3.58016992   2.        
 0.117012   -1.44208503  2.79449511  4.        
 -1.017784   -18.29555511   3.74679589   2.        
-10.4342041   15.29566956   0.45971701   4.        
-6.47034502  8.53437805 -3.68670702  4.        
12.95181274 24.45198059 -1.52453601  3.        
-4.34291077  6.63818407  0.64691198  4.        
-9.5287323  11.33400726 -2.36422706  4.        
 4.57662201 -0.533867    2.22128296  3.        
 6.80023193 14.26285553  0.92706299  3.        
-5.425179    7.54657698 -1.711761    4.        
-14.11792755  18.02780914  -3.91873193   4.        
3.56389594 1.04890394 2.90493703 3.        
-10.61541653  13.29483795  -0.937195     4.        
-12.53327942  16.85053253  -4.71255493   4.        
10.70780945 20.28768921 -0.91406202  3.        
-0.458031    0.58826399 -1.09011805  4.        
 -0.42192799 -12.20681763   2.85739112   2.        
12.38352203 16.68166351 -0.762878    3.        
  0.81839001 -11.34095764   3.40329003   2.        
  0.58085603 -13.95220947   2.70791698   2.        
 8.33090973 10.56393433 -0.26162699  3.        
10.22055817 12.1789856  -0.069214    3.        
-1.37808204  2.15779901  1.70382702  4.        
-1.22316694  0.967255    0.97671503  4.        
 -0.654221   -28.95938492   4.42831421   2.        
 0.52672601 -3.98963189  2.60842896  4.        
7.97024488 7.01885223 0.63897699 3.        
13.19935608 19.2805481  -0.75375402  3.        
 2.36612701 -4.68746901  2.92147803  3.        
-13.26070404  17.2966156   -2.50143409   4.        
 0.30770099 -0.04995     4.25799608  4.        
6.19886017 9.82811737 0.84292603 3.        
 1.66452003 -7.12518311  3.03659105  3.        
5.26964617 1.61344898 1.35095203 3.        
-10.71146393  15.16819763  -5.05047607   4.        
-2.44099402  4.52390289 -0.78836101  4.        
-11.31615353  14.05054474  -3.24411011   4.        
12.87086487 21.86123657 -1.55694604  3.        
11.47477722 15.85754395 -0.85162401  3.        
 3.56600189 -2.21641493  2.4971621   3.        
 0.347229   -8.98545074  1.60208094  4.        
-1.76054394  4.3431468  -2.79623389  4.        
-8.12677765 10.34503174 -0.111694    4.        
4.65261793 4.36277008 1.34890699 3.        
 0.460953   -8.52893829  2.89617896  4.        
 9.98131561 11.03885746  1.42196703  3.        
-0.49126399 -2.19570899  1.59515405  4.        
-0.97579998  2.72484589 -1.49209595  4.        
 -0.346558   -24.90852356   4.86044312   2.        
-0.38731399 -3.63072991  1.70150805  4.        
12.18718719 18.2882843  -1.19027698  3.        
-9.53043365 11.89829254 -0.39379901  4.        
7.49209595 5.83292389 0.88604701 3.        
 7.17790222 12.76110077  0.399811    3.        
-5.55569506  9.11233521  2.25103807  4.        
4.37742615 0.30043    1.14309704 3.        
  0.46505001 -23.04133224   3.71032691   2.        
13.74526978 22.46909904 -0.99032599  3.        
  0.13677201 -15.28574371   2.65118408   2.        
13.82341003 23.78957939 -1.21673596  3.        
 0.26763901 -1.26557899 -1.51272595  4.        
 8.17703247 14.81869507 -0.13574199  3.        
3.76547194 3.20139289 2.04623389 3.        
-6.60858107  9.0112381   0.325775    4.        
-11.99440765  16.42260742  -1.04809594   4.        
-4.25779009  7.93855286  3.00534105  4.        
 1.46457696 -9.42491913  2.43258691  3.        
 8.85109711 13.25256348 -0.67016602  3.        
 0.52446002 -7.30745697  1.03219604  4.        
-7.91673994 10.59694672  1.06588805  4.        
-0.78353101  0.95808399  3.4090271   4.        
  0.053619   -17.40776062   3.76620507   2.        
 -0.40251899 -23.48390961   4.62924194   2.        
-6.39323378  9.7075119   1.82888806  4.        
 1.85008204 -7.47529602  2.00295997  3.        
-4.71120501  6.84803009 -3.11343408  4.        
12.17640686 14.47460938  0.123474    3.        
 -0.59872401 -26.70302963   4.89025879   2.        
10.37851048 17.9801712  -1.08544898  3.        
 1.49591804 -5.96954393  3.17343092  3.        
-3.31716204  5.59484911 -2.59387207  4.        
12.88586426 20.25801849 -1.323578    3.        
-0.578354    0.041855    2.05746508  4.        
 6.25564623 11.9467926   1.29675305  3.        
4.49785614 1.48044598 2.16644311 3.        
10.46740723 16.76239777 -1.10424805  3.        
 0.066849   -2.71039605 -0.32064801  4.        
-3.0182569   5.72085619  2.01107788  4.        
-9.43613434 12.36704254 -4.55679321  4.        
-0.295158   -0.44637299 -0.86920202  4.        
  0.046768   -21.10899353   3.32363892   2.        
-8.22977448 10.37683105 -3.98294091  4.        
-2.33923292  4.10405016  1.35565197  4.        
-7.07423401  8.89198303 -1.31192005  4.        
-0.49358401 -0.94123101  0.473694    4.        
-9.00256443 11.93264771  1.24246204  4.        
-14.38330078  18.95116425  -3.37878394   4.        
-10.60765839  13.2335968   -3.7658999    4.        
 1.548576   -3.93854499  3.36554003  4.        
5.20183611 8.36569214 1.839661   3.        
13.57670593 25.9308548  -1.710114    3.        
-10.17527771  12.15828705  -2.46096802   4.        
 0.142693   -3.85884905  0.26583901  4.        
 7.92259979 16.27064514  0.31271401  3.        
-6.29845381  8.20210266 -1.90219104  4.        
 -0.296471   -19.01602936   4.0184021    2.        
 0.43527201 -5.38767195  2.56893897  4.        
 3.66197205 -1.14545405  2.40997291  3.        
 2.65135193 -0.72128302  2.07641602  3.        
-13.31455231  17.34788513  -4.00708008   4.        
8.07118225 7.92218018 1.817047   3.        
4.14660597 0.41663399 2.21694994 3.        
-2.08580804  5.02414703  3.25637794  4.        
6.77558899 8.98784637 0.42572001 3.        
-13.96788025  18.77289581  -4.87368822   4.        
-1.66693902  2.97409797 -0.082458    4.        
6.68865204 7.90193892 0.44488499 3.        
10.91929626 13.54349518 -0.247253    3.        
3.50579095 2.10680389 1.85824597 3.        
-4.13026381  6.34822893 -1.15634203  4.        
-1.89587402  4.21114397 -1.68670702  4.        
 -0.32846799 -14.49337006   3.41320801   2.        
10.12863159 14.53079224 -0.82632399  3.        
2.99378204 0.64099097 2.16369605 3.        
6.10926819 3.05593109 1.42926002 3.        
5.79984283 4.67055511 0.73925799 3.        
 9.51325989 18.4382782  -0.502716    3.        
 3.00923896 -3.80220008  2.39306593  3.        
-10.10788727  14.19792175  -5.10824585   4.        
4.80203295 6.37547302 1.63598597 3.        
11.13019562 19.39115143 -1.22091699  3.        
-7.5355382  11.43312073  2.65808105  4.        
 -0.38841999 -23.35523605   3.27966309   2.        
  0.146469   -15.86006927   3.71734595   2.        
-12.17448425  15.92144775  -4.06951904   4.        
-0.53461498  2.59388709 -2.40679908  4.        
-3.60053205  7.15406799  2.69113207  4.        
12.01980591 22.3768158  -1.29299903  3.        
9.0150528  9.12258911 1.79544103 3.        
12.16217804 23.97660065 -1.15591395  3.        
 9.68015957 10.13300323  0.660034    3.        
 9.53985596 19.53773499 -0.208801    3.        
4.30863905 5.03744507 2.01242089 3.        
6.26899004 5.05556488 1.74728405 3.        
  1.10452998 -10.55747223   2.45755005   2.        
-7.82692719  9.5454483  -2.84503198  4.        
-2.810287   6.4885478  3.884552   4.       
-0.87783098 -0.134491    1.13876295  4.        
 2.70812201 -2.41980004  2.94082594  3.        
10.92211246 12.69413757  0.385773    3.        
-11.7508316   15.06320953  -1.41568005   4.        
10.41998291 21.13235474 -0.50003099  3.        
-12.27922821  15.75754547  -2.90591407   4.        
4.91361189 2.38591003 2.08242798 3.        
-0.124458    0.78535497 -1.98120105  4.        
-11.61576843  15.31797028  -4.6124568    4.        
  0.48954001 -13.33629608   3.44799805   2.        
-5.88559723  8.21393585  0.034546    4.        
-2.80521393  4.95854187  1.23214698  4.        
  0.39144099 -21.43350983   4.48202515   2.        
-3.28635406  5.54018402 -1.52789295  4.        
-0.799797    1.77066803 -0.91415399  4.        
13.84838867 28.56586456 -1.02944899  3.        
-0.38706201 -1.89292097  0.70022601  4.        
-12.74805546  16.68425751  -1.90914905   4.        
-4.34771681  7.22122192  1.396698    4.        
8.61569214 8.53964233 0.37023899 3.        
5.79283905 7.68615723 0.87280297 3.        
-10.10632324  12.88697147  -0.103241     4.        
 6.89422607 11.87840271  0.56698602  3.        
-1.38266695  3.2580111   3.56918311  4.        
 0.51697499 -7.34358978  2.78781104  4.        
 8.82356262 17.82868958 -0.102905    3.        
 2.30750299 -5.49585009  1.77529895  3.        
 1.12326801 -9.1253891   3.32330298  3.        
 8.08609009e+00  9.26130676e+00 -2.92999996e-03  3.00000000e+00
 -0.91481799 -27.58954048   5.02819777   2.        
-10.14328766  14.50020599   0.86511201   4.        
-1.85783398  4.03439283  2.62857103  4.        
-9.52954865 13.02249146  1.39572096  4.        
 0.89247102 -3.32066393  3.1816411   4.        
-0.196678   -6.72635603  2.21060205  4.        
 7.48662615 14.37378693  0.32717901  3.        
-0.730492    2.12295508  4.28991699  4.        
-4.18987322  6.26597595 -0.177338    4.        
14.07136536 27.52105713 -1.74127197  3.        
-11.79849243  14.92431641  -2.66702294   4.        
-8.47396755 11.11000824 -4.60409498  4.        
-8.25584412 10.04636383 -0.969971    4.        
-1.30793798  3.52828193 -1.83444202  4.        
-9.58527374 11.58895111 -3.24218798  4.        
-6.19603014  8.12191772 -2.82684302  4.        
5.15191603 2.8896029  0.96234101 3.        
11.24835205 22.86084747 -0.05072     3.        
-0.1745     -4.45321703  1.12976098  4.        
  0.53436297 -22.13875961   3.79983497   2.        
 -0.79895002 -25.74912453   4.88470507   2.        
11.71359253 20.26498413 -1.33868396  3.        
 9.60253143 16.29164886 -0.85537702  3.        
12.38569641 25.00016785 -1.09002697  3.        
5.36255693 3.17623091 1.91500795 3.        
11.29888153 18.51065063 -1.26791406  3.        
6.71218109 3.75309706 1.73999    3.        
-5.60549212  7.568573   -0.51663202  4.        
-11.09050846  14.02204132  -1.14291406   4.        
-0.790833  1.115417 -0.305695  4.      
-1.57177699  2.13934302  0.77883899  4.        
4.40490723 1.50228906 1.17038    3.        
 -0.313988   -22.00061035   4.33889818   2.        
 -1.42474401 -28.94412231   5.2220149    2.        
4.32543898 3.43666792 1.41168201 3.        
-1.17829096  2.5152359  -0.647888    4.        
 0.307266   -8.12004757  1.47192395  4.        
 3.01979804 -1.505898    2.91043091  3.        
12.98890686 26.91709137 -0.71435499  3.        
-1.79620397  3.3157351   1.83129895  4.        
 8.1361618  12.80249786 -0.308258    3.        
 -1.272102   -24.44655609   4.46609497   2.        
4.10092878 3.34765601 2.83615088 3.        
-4.89202118  6.92814589 -2.26617408  4.        
 0.61479998 -2.08940101  3.09222388  4.        
-8.5821228  10.22675323 -2.05590796  4.        
 -0.95390302 -20.54388809   3.8222661    2.        
-0.101257   -5.39929199  1.33367896  4.        
-1.23863196  1.82935297  2.58587599  4.        
 8.6896286  16.98322296 -0.166016    3.        
 8.46768188 11.46507263 -0.42880201  3.        
-13.73032379  17.67462921  -3.11108398   4.        
10.36207581 11.25382996  0.62853998  3.        
5.33003187 1.58153498 2.3248291  3.        
-0.276382    0.424988    3.83962989  4.        
 -1.18997204 -23.54049301   4.30029297   2.        
11.23760223 21.91752625 -0.86782801  3.        
-9.50102997 11.37578583 -1.51431298  4.        
 0.39627799 -5.8191762   0.67211902  4.        
 0.42838299 -9.56871033  3.0396421   4.        
  0.036041  -17.2284317   2.9347229   2.       
  0.22719599 -25.06367493   4.22360182   2.        
9.17054653 9.02674866 0.95410198 3.        
  0.341263   -12.04187012   3.37530494   2.        
-8.88512421 10.95492554 -0.45599401  4.        
 7.54939318 10.94087982  0.017242    3.        
 2.40687609 -5.49504089  2.66772509  3.        
6.44612122 4.21626997 1.04107702 3.        
-12.97464848  17.97860718  -2.09213305   4.        
 0.198296   -0.85349298  3.48074293  4.        
 -0.24831399 -26.7443924    3.93551612   2.        
-6.17276001  8.66573334 -4.52752686  4.        
8.44502258 7.71151686 0.67105103 3.        
-2.08219099  3.701859   -0.129913    4.        
 1.02543604 -7.92947388  3.19793701  4.        
  0.215836   -10.3785553    3.07189894   2.        
-10.1837616   13.29058075  -4.48669386   4.        
-5.38660383  8.32063293  1.62329102  4.        
 9.45923615 15.36849213 -0.88110399  3.        
-10.01325989  13.41304016   0.83853102   4.        
-11.64312744  15.5746994   -0.76495397   4.        
 -1.20945704 -24.99612045   3.7507019    2.        
-10.83473206  14.62732697   0.1716       4.        
-11.38091278  14.58032227  -3.99496508   4.        
-0.23925801 -0.74701703  2.32675195  4.        
 -1.07563806 -21.72245789   4.16500807   2.        
13.54029846 26.86457825 -1.47869897  3.        
-8.35809326 12.35014343  2.28701806  4.        
 3.03186011 -1.21991003  1.54296899  3.        
7.38179779 5.33555603 1.545807   3.        
-6.81484222  8.75243378 -0.54498303  4.        
-3.13826704  5.0222168   0.089081    4.        
11.53058624 23.85414124 -0.360046    3.        
-6.60936689 10.58244324  2.96697998  4.        
 1.70391095 -4.36097717  2.57141089  4.        
-10.52259064  12.81886292  -1.72689795   4.        
-10.96096039  13.58982754  -1.89651501   4.        
-9.04187012 10.86045837 -2.90783691  4.        
-7.2693181   9.83569336 -4.75939894  4.        
11.43418121 16.63996887 -1.06848097  3.        
12.67700195 21.07483673 -1.503052    3.        
 3.23757195 -2.95799303  2.52316308  3.        
-4.81941986  6.99941301 -1.39981103  4.        
7.61220503 7.64839888 1.00116003 3.        
-7.61115313 10.96659946  1.836151    4.        
 9.1505127  10.27332306  0.054291    3.        
 1.50839198 -8.53116608  2.08221412  3.        
-0.24984001 -5.82249498  2.08312988  4.        
-7.07472992  8.95922947 -3.27911401  4.        
 -0.48917401 -28.2015419    4.63702393   2.        
 -0.098991   -19.17240143   3.24481201   2.        
-4.1445241   6.55086517 -3.59591699  4.        
10.92263031 15.23872375 -0.84814501  3.        
6.91385603 5.0666728  0.95474201 3.        
12.27568817 17.51950836 -0.98724401  3.        
-0.20085099 -8.48503876  2.12991309  4.        
-11.08631134  15.37549591  -0.095215     4.        
  0.409477   -13.2044754    2.48846412   2.        
14.61477661 29.07411957 -1.18365502  3.        
-9.31156158 11.83101654  0.404663    4.        
11.59630585 13.9827652  -0.12939499  3.        
13.03671265 25.41513062 -1.43475294  3.        
6.18704224 6.34165907 0.63900799 3.        
-2.46363091  5.52150011  2.74340796  4.        
-0.65982801  0.48278001  2.79516602  4.        
-4.89176893  8.49357605  2.68685889  4.        
7.52008104 6.13896894 2.05392504 3.        
-12.73576355  16.40647888  -2.64337206   4.        
 -0.050629   -18.25352478   3.98999      2.        
  0.36515    -14.15349579   3.53192091   2.        
-7.72625685 10.0641098   0.52883899  4.        
 -0.18998    -24.18865585   3.62655592   2.        
-9.02764893 12.56233978 -5.2250371   4.        
-3.15138197  5.63627577 -3.3530581   4.        
 5.77499997e-03 -1.66326294e+01  3.72412109e+00  2.00000000e+00
 3.62388611 -2.26088691  1.72299194  3.        
 6.15965319 10.6289444   1.10263097  3.        
-5.45027208  9.32324982  2.99261498  4.        
 3.82672906 -0.33905801  2.25311303  3.        
12.21586609 23.22077942 -1.31957996  3.        
6.43786621 4.43644714 2.18106103 3.        
10.06495667 20.03440094 -0.56427002  3.        
 9.65341187 12.57244873 -0.50711101  3.        
  0.72358698 -12.2021637    2.21691895   2.        
 -0.30188    -10.11077881   2.57171607   4.        
3.2805481  1.34828901 2.23818994 3.        
5.18297577 7.53531694 1.488464   3.        
5.68139601 2.33537292 1.39440894 3.        
 -0.115974   -12.76091766   3.28671288   2.        
-1.84021795  4.97820997  4.07955885  4.        
 2.93772888 -3.8901751   1.613922    3.        
 9.28569031 13.88033295 -0.80480999  3.        
-7.24945784  9.47922516  0.264404    4.        
 9.58378601 11.68829346 -0.271301    3.        
-2.34851098  3.76190901  0.67480499  4.        
 -0.257164   -20.42092896   4.13046312   2.        
12.8598938  18.54122162 -0.946136    3.        
 1.91113305 -6.73554182  1.853333    3.        
11.0272522  21.04724121 -0.94152802  3.        
 0.12605301 -1.95159101 -0.93820202  4.        
-3.72762299  5.75904799  0.128113    4.        
-10.85887909  14.08720398  -0.432037     4.        
-2.8704071   5.09359694 -1.09149206  4.        
 5.77775621 10.12721252  1.50900304  3.        
 -0.37235999 -22.74860382   4.48547411   2.        
-0.246437   -2.89078498  1.80279505  4.        
-9.49649143 11.90735626 -3.96978807  4.        
13.57698059 21.7551651  -1.13680995  3.        
-4.19041395  7.47208405  2.24514794  4.        
-0.89933801  0.58116102  1.52566504  4.        
  0.97936201 -11.683815     2.76226807   2.        
 1.07203698 -9.34687805  1.41207898  4.        
  0.64730102 -14.73616028   2.94976807   2.        
-7.44717407  9.21643829 -1.97006202  4.        
5.78428698 9.31267548 1.20175195 3.        
13.17901611 20.01551056 -0.66000402  3.        
 -0.69724298 -17.61296082   3.75869703   2.        
-5.10137177  7.63484907 -4.36617994  4.        
 8.76754761 15.20272064 -0.449341    3.        
-6.56979418  9.33848572  1.09506202  4.        
-9.14740658 10.79532623 -2.036865    4.        
-3.99884009  7.99780321  3.69183302  4.        
11.72130585 15.16573334 -0.54168701  3.        
-3.18248796  6.84179688  3.26467896  4.        
 0.63445997 -4.25905609 -0.211395    4.        
10.43273926 12.94874573 -0.236816    3.        
7.37306213 6.54665422 0.55694598 3.        
 0.94445801 -2.98459601 -0.84063703  4.        
-0.177193   -3.73864007  0.96826202  4.        
13.72883606 24.37587738 -1.64434803  3.        
12.23723602 25.49438477 -0.571136    3.        
8.48268127 8.53342438 1.82330298 3.        
 2.55462599 -3.98236895  2.94543505  3.        
 6.79933214 13.53562927  0.862091    3.        
13.72943115 23.01955414 -1.46636999  3.        
-7.33876801 10.35507202  1.55059803  4.        
-3.6903379   6.27887011  1.19824195  4.        
  0.54708898 -15.52922058   3.21203589   2.        
  0.145226   -15.99568176   2.79476905   2.        
4.73310089 6.63960314 2.30654907 3.        
 -0.58231401 -24.1843605    4.63214111   2.        
-0.103714   -7.24305677  1.71737695  4.        
-5.6931529   7.66848803 -2.45645094  4.        
 0.183479   -3.50146508  2.20785499  4.        
 1.80987597 -5.13874006  2.88638306  3.        
12.76521301 23.76004028 -1.51620495  3.        
-11.21762085  13.77653503  -2.53869605   4.        
-0.133568   -1.74189794  2.01629591  4.        
 -0.844078   -16.14968109   3.51159692   2.        
 2.92546797 -0.090836    2.26666307  3.        
12.14617157 16.00357056 -0.61648601  3.        
  0.25625601 -23.37937164   4.30157518   2.        
7.43953705 7.50257921 0.32605001 3.        
4.95780897 3.56465197 1.09277296 3.        
4.75396013 0.110374   1.97997999 3.        
-12.09581757  16.2671814   -4.78698683   4.        
10.45949554 13.92779541 -0.62692302  3.        
  0.82840699 -10.74567413   1.83215296   2.        
-4.00608778  6.20559692 -2.86135888  4.        
 6.64537811 12.45227814  0.90271002  3.        
-14.19434357  18.2743988   -3.25964403   4.        
-0.38377401 -0.63394201 -0.15356401  4.        
 0.95600098 -1.83429003  3.7124331   4.        
-8.02473354  9.91373444 -3.49060106  4.        
 0.43296099 -6.61697388  0.91613799  4.        
 -0.340538   -19.72041702   4.10220289   2.        
 -1.59534395 -27.43804169   4.6844182    2.        
6.87974596 5.08892107 2.09478807 3.        
 1.00366199 -6.82770491  3.12405396  4.        
-1.27063799  3.69329095  4.1723938   4.        
-10.95793247  13.33551025  -3.07983398   4.        
  0.142349   -11.16218567   3.17587304   2.        
3.99324012 3.89312005 1.82781994 3.        
5.29312897 6.12867689 1.077667   3.        
13.31011963 22.4447403  -1.53799403  3.        
5.032341   0.92822999 1.50833094 3.        
7.17600298 6.71813202 1.86410499 3.        
-11.15061188  14.70128632  -4.67602491   4.        
  1.16099596 -10.73809147   3.2593689    2.        
-0.120728   -2.17217994  0.082458    4.        
-3.2714839   6.51847076  2.52685595  4.        
-5.99810791  8.05730438 -3.49899292  4.        
 -1.49057806 -26.07177353   4.51464796   2.        
 1.41300000e-02 -1.79423103e+01  3.09124804e+00  2.00000000e+00
 9.00725555 10.99313354 -0.24762     3.        
-13.28104401  17.14522552  -3.34277296   4.        
-9.0634079  11.7834549  -4.50875807  4.        
-1.17136395  1.50652301  1.58178699  4.        
-8.13718414 11.12083435 -5.21063185  4.        
-12.71006775  17.48669434  -4.92562914   4.        
-2.44641089  5.73771715  3.47729492  4.        
 0.028687   -4.17454481  2.14868212  4.        
-10.04821777  12.47234344  -0.78530902   4.        
5.19586897 4.72256517 1.07455397 3.        
-4.70747423  7.22616577  0.66824299  4.        
 2.89997911 -0.78015101  2.71948195  3.        
7.36531782 8.98258209 0.064575   3.        
12.75582886 16.27016449 -0.35021999  3.        
-1.38678706  2.60510302  3.14135695  4.        
3.52561903 1.80151403 2.69775391 3.        
 -1.01836395 -23.43614578   3.59725904   2.        
4.63283491 5.68109894 1.58935499 3.        
 0.83171803 -5.8021698   2.95983911  4.        
  0.38542199 -20.95441818   3.98883104   2.        
 8.65542603 13.92730713 -0.54373199  3.        
 8.09353638  9.93286133 -0.154175    3.        
-14.48788548  18.57530975  -4.41296387   4.        
-1.47540998  2.55908203  2.34475708  4.        
-0.96916997  0.38969401  0.71292102  4.        
-6.36634779  9.99751282  2.45321703  4.        
-7.64550018  9.51431274 -1.191589    4.        
3.38755798 0.53501099 1.57189906 3.        
-2.26920295  4.79092407 -2.84173608  4.        
10.11270905 17.33506012 -1.02310205  3.        
5.97215319 3.10578895 2.20349097 3.        
 9.92488098 10.7496109   0.79834002  3.        
 0.94267303 -4.27638197  3.11752295  4.        
7.94401503 6.40206909 0.91665602 3.        
-2.05464196  4.01051283  1.96246302  4.        
12.70669556 17.21366882 -0.49868801  3.        
-8.27159882 10.70201111  0.44375601  4.        
 1.96369195 -6.38571882  2.9190979   3.        
-0.648224   -1.61401403  1.25469995  4.        
6.81056213 6.17398119 0.44836399 3.        
7.94021606 8.21202087 0.78640699 3.        
4.42365313 4.93712616 2.66467309 3.        
5.4207921  8.98262787 1.69872999 3.        
-6.02325392  8.57215118  0.58807403  4.        
 1.60394299 -3.29630303  3.5406189   4.        
 2.65838599 -5.00314283  2.29299903  3.        
3.23010302 0.43592799 2.75338793 3.        
 4.10687304 -1.19090998  1.87362695  3.        
 2.06971002 -2.74681091  2.4715879   3.        
-9.06181335 12.44458771  1.665344    4.        
14.23217773 25.81277466 -1.73355103  3.        
-1.05950904  2.55553389  3.90612793  4.        
 -0.17981701 -15.12213135   3.57147193   2.        
10.55308533 12.01966858  0.48318499  3.        
-4.64040422  6.81286621 -0.015839    4.        
10.65068817 18.62762451 -1.13769495  3.        
-6.57539415  8.45709229 -1.35519397  4.        
-10.53601074  12.8476944   -3.23239112   4.        
11.30100346 22.5812149  -0.73782301  3.        
4.80287886 2.1118319  1.07104504 3.        
13.49955654 24.98875427 -1.73104894  3.        
 0.182503 -3.373245 -0.179352  4.      
 0.17115    -2.05369592  2.51101708  4.        
13.14552307 26.41318512 -1.20458996  3.        
-7.71392822 10.05364227 -4.32519484  4.        
 0.29387701 -4.76659393  2.40185595  4.        
 6.97840881 14.86376953  0.72576898  3.        
 7.88091993 15.53496647  0.19323701  3.        
-7.06925201  9.37071991 -4.27026415  4.        
12.81874084 19.54302979 -1.22088599  3.        
-8.74023438 10.70910645 -3.47155809  4.        
10.85261536 15.99936676 -1.008057    3.        
-1.47406805  3.90804291 -2.34344506  4.        
-10.09454346  12.76275635  -4.05496216   4.        
12.21153259 21.69493103 -1.44689906  3.        
-8.14858246 11.23777008  1.37616003  4.        
-12.60040283  16.57578278  -4.12179613   4.        
 7.38225603 13.5418396   0.30923501  3.        
-11.94661713  17.04400635  -1.29528797   4.        
 1.83843195 -7.75380707  2.64956689  3.        
 -0.96556097 -28.37250137   5.0463872    2.        
-13.77613068  18.1472168   -4.5904851    4.        
-2.45795393  4.28372192 -0.18130501  4.        
-0.150948   -1.07964301 -0.86679101  4.        
-1.03844404  1.31373596  2.93090796  4.        
-13.47657013  17.90518188  -2.54425001   4.        
-1.64117396  3.89752197  3.222229    4.        
-12.45742035  16.08372498  -3.49627709   4.        
13.39356995 23.60218048 -1.66094995  3.        
-9.92556763 11.8154068  -1.93118298  4.        
-3.76657104  5.95969391 -1.80905199  4.        
6.72979689 9.8898468  0.48425299 3.        
-0.054298   -9.69861603  2.08819604  4.        
 3.92955804 -0.95669597  1.24371302  3.        
 0.58251202 -2.71821594  2.96688795  4.        
 -0.91812098 -18.96374893   3.87075806   2.        
 -1.18576002 -21.09332275   4.14312696   2.        
-1.99548304  4.09712982 -1.06591797  4.        
-0.120529    1.49402595 -2.30166602  4.        
9.53663635 9.61405182 1.00097704 3.        
-0.49362901  0.14662901 -0.47427401  4.        
5.47728682 8.21865082 1.28503394 3.        
  0.97394598 -11.99298859   3.32751489   2.        
4.70472717 4.99503279 1.37469494 3.        
 -0.41825899 -11.57386017   2.80941796   2.        
-9.24406433 11.21153259 -0.93866003  4.        
-0.17086799  0.03466    -1.44570899  4.        
-0.484451   -2.70385003  1.19421399  4.        
12.42066193 18.92076874 -1.25158703  3.        
-4.45564318  8.40421295  3.38473511  4.        
-1.62554204  2.73693109  1.64254797  4.        
-11.40477753  14.56794739  -1.23031604   4.        
3.83873796 2.63442993 1.62338305 3.        
-12.88703918  17.36499023  -1.87731898   4.        
 8.38870239 12.16506958 -0.46048     3.        
 -0.96154797 -29.34004211   4.86920214   2.        
-0.80184901  1.62141395  3.7597661   4.        
-5.8988719   8.23577118 -4.16598511  4.        
-3.33876801  5.82268476  1.43719494  4.        
11.64009857 19.04922485 -1.32846105  3.        
10.2802887  21.24021149  0.097473    3.        
 2.8353579  -4.407547    2.33801293  3.        
3.6451869  2.57195997 2.24707007 3.        
 0.45506299 -1.547279    3.35177588  4.        
14.03863525 28.09368134 -1.38626099  3.        
-2.41200304  4.67598677 -1.38989305  4.        
 -0.047722   -22.80130768   3.456146     2.        
4.59352112 0.82547802 2.35202003 3.        
-0.94656402  0.971466    0.277435    4.        
6.30036879 3.64430189 1.23059106 3.        
-4.81847382  7.6220932   1.41513097  4.        
-11.48869324  16.53614044  -0.71395898   4.        
 8.18662262 14.20767212 -0.209351    3.        
 1.54545605 -8.9708252   2.83993506  3.        
 3.88041711 -1.83248901  2.08233595  3.        
 -0.25556201 -25.51405716   4.722229     2.        
-2.12126899  4.56517792 -2.29037499  4.        
-0.88496399  3.05595398 -2.20889306  4.        
 9.10404205 16.38539124 -0.51324499  3.        
-5.9522171   8.05814362 -1.37616003  4.        
-0.55730402  1.35297406 -1.28948998  4.        
 1.988747   -7.16667223  2.51968408  3.        
 1.76299298 -4.64772797  3.2467351   3.        
 7.62065077 12.56881046  0.025513    3.        
-2.65976691  5.24166107  1.89553797  4.        
-2.4487381   4.6421051   1.62020898  4.        
6.00440216 4.50704193 1.74237096 3.        
-11.12830353  15.61208344  -5.04223585   4.        
-11.95310974  15.22898865  -1.96536195   4.        
10.49365234 11.34457397  1.30822802  3.        
-7.06085205 11.09339142  2.82470703  4.        
 0.019592   -0.27380401  3.67690992  4.        
12.54118347 22.59900856 -1.50860596  3.        
 9.89176178 10.4072876   1.42056298  3.        
-0.65126002  2.33862305 -1.86990404  4.        
6.29624224 9.24990082 0.69076502 3.        
 1.16934204 -8.50914001  3.29650903  3.        
-9.2718277  13.45438385  1.73251295  4.        
4.88386488 6.9814992  1.76876795 3.        
 -0.047981   -23.6089859    3.72112989   2.        
-8.20748901  9.99914455 -2.47961402  4.        
5.850739   5.29585314 0.74966401 3.        
-5.28590393  7.28967285 -2.68969703  4.        
-0.38037899 -4.25584412  1.69329798  4.        
-11.07379246  14.01129246  -3.89376807   4.        
-3.81130195  7.55667877  3.13284302  4.        
11.18522644 20.02859688 -1.17633104  3.        
11.13192654 12.33698273  0.82125902  3.        
 0.31938899 -7.90786695  2.72717309  4.        
12.29128265 20.13147736 -1.434937    3.        
-2.04456306  4.6818471   2.76370192  4.        
11.66252136 17.99942017 -1.23587     3.        
-5.09081984  8.53838444  2.09814501  4.        
-5.26254988  7.33712006 -0.082825    4.        
-8.60654545 11.99526978  1.71273804  4.        
  0.047112   -23.79847527   4.86639404   2.        
-3.92385888  6.21637678  0.58526599  4.        
5.7048192  1.86380804 1.82891798 3.        
 -0.88739002 -25.08659363   4.67981005   2.        
-6.01424408  9.25553131  1.73556495  4.        
 9.4622879  20.04197693  0.100922    3.        
-10.64193726  14.42099762  -4.89923096   4.        
-8.56646729 11.42687988  0.99853498  4.        
-6.69067383  8.58454132 -3.0254519   4.        
-6.76574707 10.15989685  1.92159998  4.        
 2.74604797 -3.12854004  2.92648292  3.        
-14.59580994  18.60813141  -3.81323195   4.        
  0.44784501 -17.02749634   3.35940504   2.        
-3.01229906  4.93537903  0.66174299  4.        
-6.31899309e+00  8.61566162e+00 -6.13400014e-03  4.00000000e+00
 0.94937098 -8.75878143  1.29281604  4.        
 -0.121368   -13.80578613   3.41043091   2.        
-11.51415253  14.40677643  -2.68228197   4.        
-12.03463745  15.86637115  -1.24270594   4.        
 1.37544203 -9.6570816   2.96746802  3.        
-0.39456901  1.993958   -2.45098901  4.        
-0.118034   -0.75347102  2.90335107  4.        
  0.146347   -19.30988312   3.76498389   2.        
7.45739698 6.77583313 1.35015905 3.        
-1.30432904  3.09427595 -1.09435999  4.        
 0.98353601 -6.97775316  0.65792799  4.        
-0.03524    -0.765701   -1.35031104  4.        
12.13587189 20.75811768 -1.44897497  3.        
 6.39433289 11.2594223   0.993958    3.        
-8.56246185 10.34020996 -1.40234399  4.        
  1.10359204 -11.087883     2.79165697   2.        
-7.95860291 11.97153473  2.48712206  4.        
-1.36975896  1.52857995  0.90820301  4.        
-3.75911689  5.92205095 -2.39166307  4.        
-3.599823    5.98665619 -3.22280908  4.        
10.78301239 17.3048172  -1.15386999  3.        
 0.448906   -0.60453802  3.9433589   4.        
-3.06111908  5.34640503 -2.1343081   4.        
 -0.29528001 -27.21081543   4.55715895   2.        
-7.85717821  9.94771576 -0.439026    4.        
 9.98152924 11.60504246  0.143738    3.        
11.85806274 17.11952209 -1.04086304  3.        
 7.09263611 11.37757111  0.350952    3.        
-13.40560913  17.71649933  -4.47262621   4.        
-5.52890015  7.67510986 -1.08108497  4.        
 8.58026123 18.40755463  0.23489401  3.        
-12.89411926  17.11641693  -4.34732103   4.        
  1.30145299 -10.01832581   2.38821411   2.        
4.11901093 4.48500109 1.98242199 3.        
  0.59819001 -12.6043396    3.42642212   2.        
13.19235229 21.28464508 -1.34701502  3.        
-0.77351397 -0.70114899  1.09628296  4.        
  0.0951     -20.60294724   3.59805298   2.        
-7.38528395  9.25782013 -2.60888696  4.        
-9.71881866 12.24782562  0.02359     4.        
  0.095985   -24.70653152   3.79147291   2.        
 -0.231491   -26.42515564   4.54760695   2.        
3.93048096 2.08557892 1.47314501 3.        
  0.30171201 -22.76622391   4.26950121   2.        
-13.07428741  16.83943176  -2.80639601   4.        
10.24019623 20.57985687 -0.54598999  3.        
5.41108704 4.20752716 0.90695202 3.        
 1.87261999 -3.81468201  2.5974431   3.        
 7.98277283 16.85686493  0.39907801  3.        
-4.46751404  8.07093811  2.48974609  4.        
 0.41221601 -2.7774961  -0.80651897  4.        
 9.83148193 16.84784698 -0.92062402  3.        
6.4799962  8.41958618 0.56720001 3.        
-1.759354    2.74103594  0.43026701  4.        
  0.45356801 -17.58288574   3.22909594   2.        
-0.47232801 -0.48889899  1.86279297  4.        
  0.050476   -24.48394394   4.51971388   2.        
10.68686676 14.5854187  -0.72848499  3.        
-12.34214783  16.29194641  -1.47872901   4.        
  0.76003999 -13.4148941    2.8833921    2.        
-0.011574   -8.74786377  2.66946411  4.        
4.10248613 0.91480303 1.24716198 3.        
-11.57972717  14.5697937   -3.22195411   4.        
-2.08312988  3.34105706  0.404419    4.        
 -1.14468396 -26.84702301   4.85772705   2.        
 8.42077637 16.5006485  -0.045135    3.        
-0.65447199 -0.29615     0.51226801  4.        
12.61764526 17.94938087 -0.85495001  3.        
13.93305969 27.97961426 -0.84359699  3.        
12.14607239 14.9339447  -0.20315599  3.        
-4.54121399  6.74384308 -0.98071301  4.        
 0.56949598 -3.33991194  2.71957397  4.        
5.39134979 2.72058892 2.24612403 3.        
11.76021576 23.70367432 -0.852997    3.        
-2.88490295  5.29598188 -2.79794312  4.        
 9.41249084 13.06177521 -0.64483601  3.        
-0.29802701 -1.43167102  0.189331    4.        
-9.68595886 12.90785217 -4.67837477  4.        
3.89994097 3.62928796 2.39334106 3.        
8.11852264 7.31256914 1.77465796 3.        
 9.68305206 18.97370148 -0.51245099  3.        
  0.16451301 -23.21089554   4.82955885   2.        
 7.98253584 11.16178894 -0.263336    3.        
-0.783737    2.16718292 -1.35342395  4.        
  0.67726898 -21.10277939   3.41189599   2.        
8.09297943 7.83492994 1.26525903 3.        
-3.73584008  5.96311998 -1.06530797  4.        
-2.97094011  5.06416321 -0.54269397  4.        
-10.43438721  13.8850708   -4.72595215   4.        
7.11357117 8.50795746 0.212982   3.        
-10.05703735  13.9589386    0.96533197   4.        
11.40651703 12.83656311  0.62078899  3.        
-0.384644   -0.239288    2.50180006  4.        
-6.07914019  9.54370117  2.31082106  4.        
-0.54182398  0.418228    3.35287499  4.        
 1.67694104 -8.00445557  2.04394507  3.        
-9.18066406 11.47304535 -0.33218399  4.        
3.84780097 0.20994601 1.277161   3.        
10.40400696 19.69832611 -0.84484899  3.        
7.94985199 8.68330383 0.114777   3.        
13.15908813 20.74206543 -1.18832397  3.        
-0.51173401  0.96495801  3.8913269   4.        
 1.37383294 -5.42008209  3.23745704  4.        
11.2488327  13.09796143  0.15676901  3.        
 3.48484802 -1.66539001  2.47045898  3.        
-5.11195421  7.21868896 -3.20913696  4.        
13.87503147 26.51352692 -1.81176805  3.        
-5.83837891  7.90396881 -1.979828    4.        
-10.23465729  13.36243439   0.33651701   4.        
7.9665761  7.68195295 0.39974999 3.        
-10.30466461  12.34774017  -1.96047997   4.        
 0.72962201 -4.88814497  2.87496996  4.        
 8.94301605 12.71199799 -0.62765503  3.        
 9.58538818 14.37678528 -0.877289    3.        
0.055977   0.43470001 4.32217407 4.        
-4.41993713  6.4685359  -1.71908605  4.        
-4.54678297  6.91794586 -3.69180298  4.        
 6.54865313 10.41157532  0.64675897  3.        
-0.38472    -3.26750207  1.15817297  4.        
 0.096703   -6.1278758   2.37933302  4.        
-12.06266785  16.83078003  -4.99362183   4.        
 1.89599597 -5.68018293  2.93524194  3.        
 9.89260101 18.15148163 -0.77533001  3.        
 7.63484907 14.89977264  0.28488201  3.        
-5.50724792  7.86029816 -4.07501221  4.        
-0.75479102  0.56453699  2.06048608  4.        
-6.64658403  8.64646053 -2.00836205  4.        
-13.69934845  17.62927246  -3.73815894   4.        
10.26462555 15.05515289 -0.90411401  3.        
 7.78589582 10.38512421 -0.161652    3.        
-7.48429108  9.33053589 -3.21331811  4.        
 -0.500534   -14.05239105   3.1035769    2.        
 2.59410906 -1.21192896  2.422791    3.        
-10.48418427  12.59407043  -2.58840895   4.        
10.8241272  22.56703949 -0.33441201  3.        
3.01399207 0.20726    1.81805396 3.        
 0.067566   -4.2720952   0.67532301  4.        
-5.02966309  7.38808393 -3.8848269   4.        
11.95025635 13.96868134  0.28518701  3.        
5.66449022 3.82887292 1.74667394 3.        
  0.33223701 -14.43013763   2.62393188   2.        
 3.52292609 -2.70185089  2.02661109  3.        
 -0.42404899 -16.97679901   3.75491309   2.        
11.79811096 14.49486542 -0.26776099  3.        
 8.58477783 14.51771545 -0.41403201  3.        
 9.09495544 18.47592926 -0.15628099  3.        
  0.217567   -21.98878479   4.45510912   2.        
-7.40283203 11.01039124  2.34204102  4.        
 2.07299805 -6.21229506  1.81640601  3.        
5.42410994 1.33197796 1.78976405 3.        
 0.27655801 -4.39575195  0.17428599  4.        
-6.8572011   8.91242218 -3.77511597  4.        
-10.63224792  13.64584446  -4.27487183   4.        
-9.93026733 11.99694824 -3.14312696  4.        
-5.1888051   8.01047516  1.15899706  4.        
-9.39350891 12.44706726  1.23538196  4.        
-2.03659105  3.51712799  1.26995802  4.        
 -0.78024298 -20.10060501   4.08279419   2.        
7.15283203 5.60191393 2.08654809 3.        
 1.044052   -6.28675079  3.12860107  4.        
 0.65307599 -4.90479994  0.047455    4.        
10.83351898 21.60183716 -0.69122303  3.        
 0.95665002 -7.36764479  3.12683105  4.        
 0.090111   -7.17232513  2.50122094  4.        
 4.23188782 -0.89209002  2.43695092  3.        
-9.90939331 13.71995544 -4.94839478  4.        
 9.96527863 19.46297455 -0.612854    3.        
-12.57790375  16.2154007   -2.11929297   4.        
-11.80840302  15.79947662  -4.76715088   4.        
10.23842621 16.27394867 -1.06375098  3.        
4.40007019e+00 1.46499998e-03 2.45352197e+00 3.00000000e+00
6.35840607 3.45526099 2.05773902 3.        
-5.66684723  8.79702759  1.64825404  4.        
 5.93894196 11.54123688  1.60626197  3.        
-14.45298767  19.06317902  -4.64047194   4.        
 2.64984107 -1.89826202  2.81951904  3.        
 0.060699    0.29212201 -2.08987498  4.        
 -0.76276398 -23.13957977   4.42706299   2.        
 0.28076199 -0.721542   -1.78259301  4.        
  0.101921   -18.75190353   3.77429199   2.        
-1.39202094  2.5169909  -0.155884    4.        
 8.43580627 17.8942337   0.29046601  3.        
 9.74986267 14.89279938 -0.939026    3.        
 0.159431   -5.3580699   0.86730999  4.        
-5.24485779  9.36312103  3.48568702  4.        
-3.99049401  6.82421923  1.43316698  4.        
5.03317308 7.92792511 2.11129808 3.        
11.04508972 14.11077881 -0.42974901  3.        
-1.71279097  2.59735894  1.13421595  4.        
6.18514299 2.59241509 1.74551404 3.        
-9.94606018 12.9520874   0.56228602  4.        
-2.58354211  4.36530304  0.96005201  4.        
-0.64183801  1.049698   -0.85943598  4.        
-10.38171387  13.33509827  -0.183899     4.        
11.99492645 24.44527435 -0.85745198  3.        
 8.59760284  9.8194046  -0.027222    3.        
 -0.73703003 -14.82810974   3.47628808   2.        
-5.61919403  8.12992096  0.487183    4.        
-12.13332367  15.66442108  -3.60662794   4.        
13.79393005 25.42832756 -1.77652001  3.        
-11.98962402  15.24935913  -3.0406189    4.        
-3.24168396  6.24741411  2.07238793  4.        
 0.047012   -5.22332811  2.24829102  4.        
7.19039917 7.95375109 0.20535301 3.        
 -0.50544    -23.87043762   3.29696703   2.        
-9.60301208 11.71041107 -1.11813295  4.        
 6.27388811 12.51565647  1.322083    3.        
14.365448   28.60647583 -1.12722802  3.        
13.14700317 18.39307404 -0.52987701  3.        
 -0.55040002 -28.5009346    4.19229078   2.        
-6.59877777  9.02864075 -4.47021484  4.        
-8.59259796 10.45111084 -0.88915998  4.        
-10.74350739  13.26046753  -1.54617298   4.        
 0.49230999 -1.86185503 -1.36572301  4.        
-13.03765869  16.96081543  -3.78597999   4.        
 -0.042969   -13.27056122   3.3847661    2.        
  0.65982097 -12.75710297   2.38186693   2.        
-0.64096099 -1.21197498  0.91949499  4.        
-11.61669922  15.03753662  -4.17050219   4.        
-9.7971344  12.33435822 -4.013062    4.        
 -0.75359303 -22.30593491   4.33633423   2.        
-0.310844   -5.26934814  1.80059803  4.        
-1.85485101  4.48362684  3.20715308  4.        
-5.23650408  8.90048981  2.775177    4.        
12.44490147 24.39785767 -1.27551305  3.        
11.73693848 21.95516968 -1.17541504  3.        
3.80100298 2.99906898 2.59115601 3.        
-0.061783   -2.67817712  0.191376    4.        
-9.28211975 12.12232971  0.84368902  4.        
 -0.35981801 -16.00219727   3.63378906   2.        
-8.71810913 10.4758606  -2.49246192  4.        
-8.21035767 10.66808319 -4.41403198  4.        
-0.152107   -2.34955597  1.95867896  4.        
 9.05094242 15.61958313 -0.57791102  3.        
6.07692719 8.09922028 0.73474097 3.        
-0.113663   -7.8092351   1.85479701  4.        
-1.80692995  3.56774902  2.28491211  4.        
  0.64531702 -10.70020294   3.30148292   2.        
-1.55226898  3.17184496 -0.60067701  4.        
 0.047089   -9.89343262  2.90683007  4.        
 8.98194885 11.49433899 -0.38232401  3.        
9.20635223 9.46466064 1.45870996 3.        
 -0.76823401 -17.3854599    3.300354     2.        
 0.010406   -3.189224    0.28027299  4.        
14.52343845 27.90850067 -1.73055995  3.        
-7.8018651   9.51730442 -2.2124629   4.        
8.35238647 7.22614288 0.91671801 3.        
-0.22097801 -1.240242    2.09854102  4.        
-0.022102   -8.97137356  1.96142602  4.        
  0.77574199 -21.78351212   3.516083     2.        
-0.051361   -2.0488739  -0.46499601  4.        
-8.6118927  10.91394043  0.046173    4.        
-12.39697266  16.83637238  -1.43182397   4.        
4.36508179 3.94621301 1.46899402 3.        
-0.35096699  0.090408   -0.96511799  4.        
-1.124138    1.58126795  2.08807397  4.        
 -0.14961199 -11.85958099   3.13986206   2.        
-6.82914019  9.66490173  1.39370704  4.        
4.40283203 5.52888489 2.12039208 3.        
 9.58365631 10.49863434  0.315155    3.        
 8.23049164 13.3039093  -0.34539801  3.        
-11.57620239  14.68160152  -1.70809901   4.        
  0.26609799 -17.95927048   3.53585792   2.        
5.78053284 6.10139513 0.83398402 3.        
14.12384033 24.54754639 -1.37048304  3.        
-2.10951996  3.98560309 -0.553101    4.        
 2.95771003 -0.53645301  1.71279895  3.        
-10.48847961  14.29799747   0.50595099   4.        
-3.66264296  6.96114397  2.2245791   4.        
-8.52200016e-03 -2.54363556e+01  3.97048903e+00  2.00000000e+00
4.78536177 1.89691901 2.21133399 3.        
-13.52385712  18.46284485  -4.92251587   4.        
-6.03298187  8.01875305 -0.41592401  4.        
-1.37899005  4.00616503 -2.8314209   4.        
-5.2854228   7.21352386 -2.1257019   4.        
-7.84166718 11.29118347  2.14828491  4.        
 4.52294207 -0.17986301  1.63650501  3.        
 3.26270294 -3.37512994  2.05233788  3.        
 2.42655897 -5.78315687  2.22189307  3.        
8.86086273 8.54166412 0.81072998 3.        
  0.117706   -14.67123413   3.56466699   2.        
-0.39114401  0.89769    -1.48126197  4.        
 -0.085571   -21.68579865   3.21136498   2.        
9.33098602 9.84619141 0.43960601 3.        
-1.19486201  1.42648304  0.44872999  4.        
-10.45311737  12.93058777  -1.24203503   4.        
 0.50263202 -5.44654799  0.35342401  4.        
-3.41754889  5.27993011  0.41662601  4.        
-1.56565106  3.70661211 -1.44308496  4.        
-11.60149384  14.68031311  -2.27133203   4.        
4.57556915 6.15760803 2.11773705 3.        
11.26975346 23.43262482 -0.28683501  3.        
-1.01168799  1.03535497  1.70410204  4.        
 -0.542992   -18.24505615   3.89962792   2.        
-2.78722405  4.72293091 -0.225922    4.        
-7.59061384 10.1906662   0.99285901  4.        
8.77411556 9.05345058 0.26892099 3.        
-3.23313093  5.47109985 -1.03613305  4.        
6.80203295 4.23110199 1.85159302 3.        
6.87771606 7.34509993 0.352478   3.        
-2.09666395  5.27714491  3.77438307  4.        
 -0.55577099 -27.63685989   4.68624878   2.        
11.32621002 13.60733795  0.052948    3.        
 9.21025944 19.41608429  0.142303    3.        
-0.26574701 -6.28942108  1.91525304  4.        
-6.56036377  8.38523102 -2.5899961   4.        
5.44126892 2.06437707 2.30932593 3.        
-1.49462903  4.38352203  4.27471924  4.        
3.36030602 1.62228405 1.83337402 3.        
-8.9263382  11.66492462  0.75552398  4.        
4.82065582 0.35606399 2.40399194 3.        
 -1.10182202 -26.24625397   4.7651372    2.        
-3.23724389  6.85452318  3.75555396  4.        
4.99291992 1.22598302 2.38421607 3.        
13.91111755 27.02009583 -1.76449597  3.        
11.90596008 16.61372375 -0.92752099  3.        
13.08139038 25.90179443 -1.37164295  3.        
-4.45149183  6.55620623 -2.81396508  4.        
5.1111598  6.848701   1.35351598 3.        
 3.30345893 -1.06036401  2.73898292  3.        
-12.96587372  16.88291931  -2.32885695   4.        
 -0.135368   -26.17792511   3.95645094   2.        
-3.88916802  6.44418287 -4.00186205  4.        
-9.75616455 13.5099411   1.24508703  4.        
 2.13024902 -4.21778917  2.87356591  3.        
-13.88310242  18.09996033  -2.92178297   4.        
  1.284271   -10.3128891    3.00811791   2.        
  0.119102   -22.39671707   3.8283689    2.        
  0.392822   -16.1710968    3.43093896   2.        
12.87997437 26.44567871 -0.78653002  3.        
7.69742584 6.18099213 1.60043299 3.        
-10.80033875  13.7556839   -0.78573602   4.        
  0.14820901 -16.72207642   2.90698195   2.        
11.68022919 22.71250153 -1.014709    3.        
 1.48778498 -7.79252577  3.12747192  3.        
-2.90049696  5.17671204 -1.57070899  4.        
-1.13536799  3.47585297 -2.29425001  4.        
8.61249542 7.8322072  1.11169398 3.        
-3.03224897  5.47126818  1.57601905  4.        
-1.05995905  2.00704193 -0.403503    4.        
6.2033391  4.99858093 0.59503198 3.        
-8.26300029e-03 -2.12460518e+01  4.27853394e+00  2.00000000e+00
-7.14904785  9.14582062 -0.726776    4.        
11.228302   20.50886345 -1.13336205  3.        
4.91131592 5.99636078 1.349792   3.        
 -0.222343   -17.78907394   3.8778379    2.        
-10.74938965  15.66631317   0.093658     4.        
 2.22844696 -5.97558594  2.74771094  3.        
  0.66686201 -21.76517868   4.07510424   2.        
10.36923981 21.71688843 -0.068909    3.        
 8.42874146 15.45636654 -0.21875     3.        
12.9944458  24.93053436 -1.48672497  3.        
3.97009301 3.10733795 1.62075806 3.        
 6.85190582 13.07028198  0.75201398  3.        
-0.13253801 -8.13006592  2.48422194  4.        
-8.19778442  9.98550415 -1.44268799  4.        
11.04376984 18.10662079 -1.22155797  3.        
5.513062   7.28142595 1.04119897 3.        
-2.54003906  4.96347809 -2.47039795  4.        
-6.07930803  7.94384003 -2.39215112  4.        
-9.41152191 11.25433254 -2.82125807  4.        
-1.48593903  3.82562304  3.69970703  4.        
 -0.42066199 -26.03129578   4.80731201   2.        
-12.02828217  15.47657776  -1.56329298   4.        
-2.68656206  6.14943695  3.57141089  4.        
-0.600281    0.64617902 -0.60778803  4.        
 7.74064589  9.57707977 -0.095062    3.        
7.3547821  7.04549408 0.432861   3.        
-0.73342103  0.60423303  0.060638    4.        
 7.24375916 12.29819489  0.30676299  3.        
3.49172211 2.11049604 2.33688307 3.        
6.19280195 7.5253911  0.67163098 3.        
  0.89856702 -11.02752686   2.36679101   2.        
13.30715942 24.15756989 -1.668823    3.        
14.46377563 27.26374054 -1.81710804  3.        
-0.76750898  2.94246697 -2.65521193  4.        
6.40312195 3.93729401 2.1156311  3.        
-5.44898176  7.67156219  0.198456    4.        
6.56707001 5.50279188 1.85519397 3.        
 7.16850281 10.79866791  0.262146    3.        
 0.132416   -6.98642015  1.39569104  4.        
-5.66322279  9.67764282  3.24902296  4.        
 2.11984205 -6.72380114  2.41268897  3.        
-1.02137804  1.55823505  3.33660889  4.        
10.01732635 11.06951904  0.36114499  3.        
-1.34357405  2.14411902  2.92288208  4.        
7.11860704 5.54369307 0.86611903 3.        
3.24851203 0.94203198 2.56991601 3.        
 3.07856011 -2.09436798  2.79299903  3.        
6.79997206 4.27340698 1.36059594 3.        
5.76684618 3.00573707 1.10913098 3.        
-4.10397291  6.28956604 -0.69000202  4.        
 9.81642246 12.09855747 -0.296417    3.        
 1.45231605 -6.68848419  3.14736891  3.        
-0.28294399 -4.77873182  1.45077503  4.        
-11.7053299   16.12078857  -0.749084     4.        
10.67803192 12.49925995  0.035034    3.        
-9.83971405 11.65611267 -2.5057981   4.        
-0.28334799 -1.00632501 -0.421051    4.        
12.84333801 19.04143524 -1.08731103  3.        
 -0.84940302 -28.87356567   4.84625196   2.        
6.25119781 6.80587006 0.62472498 3.        
-0.73830402 -0.059761    1.57980299  4.        
-1.61834002  3.49214196  2.97683692  4.        
-8.79311371 10.53718567 -1.75857496  4.        
8.32855988 8.17120361 0.36849999 3.        
-8.39550781 10.30751801 -3.40524292  4.        
 0.072227   -4.89990187  0.89251697  4.        
12.99633789 18.83939934 -0.61370802  3.        
11.31936646 21.48035431 -1.00827003  3.        
-2.72887397  5.72747803  2.42007494  4.        
-0.462524   -1.50241101  1.66744995  4.        
-7.8525238  10.84119415  1.45758104  4.        
 0.178177   -2.37895989 -0.74661303  4.        
-8.97750092 12.16975403 -4.98055983  4.        
-8.35256958 10.92134094  0.84591699  4.        
 1.58204603 -8.99062347  2.31564307  3.        
-10.24517822  12.86171722  -0.62542701   4.        
-9.15784359 12.92431641  1.69900501  4.        
-11.15647125  13.97925568  -1.73699999   4.        
11.76145935 18.52872467 -1.29788196  3.        
 1.08827996 -9.58724976  3.34765601  4.        
-9.04656219 11.49613953  0.191406    4.        
-11.08930206  14.91436768  -0.14132699   4.        
 1.19185603 -2.96810102  3.41674805  4.        
3.22426605 1.14470696 1.82620203 3.        
13.48985291 26.36716461 -1.58233595  3.        
10.62354279 20.72344971 -0.783234    3.        
-6.41846514  8.38275909 -0.48599201  4.        
 3.98747993 -1.47324395  2.42297411  3.        
-7.38121796 10.20309353 -5.1503911   4.        
 -0.76786798 -19.42437363   3.95693994   2.        
 -0.97271001 -23.94475174   4.35150194   2.        
-1.95287299  4.62985992 -3.13662696  4.        
 9.80932617 15.76745605 -1.00100696  3.        
11.33748627 15.41854095 -0.756989    3.        
 7.89337921 14.49368954  0.026611    3.        
-0.52256799 -2.136307    1.06713903  4.        
7.29595184 7.1628952  1.86172497 3.        
 7.64206696 15.94580078  0.47937     3.        
 -0.63095099 -27.18298721   4.87106323   2.        
  0.31579599 -15.33638763   3.56027198   2.        
 7.11715698 10.17301941  0.25628701  3.        
 0.18042    -1.20429206  3.18362403  4.        
10.87858582 13.01150513 -0.102234    3.        
7.71258497 7.19313002 0.977844   3.        
6.65011597 4.68991089 0.94879198 3.        
-8.46272278 11.39611816 -5.03936815  4.        
-10.5100708   14.84664917   0.51629603   4.        
-0.22316    -7.23403215  2.16027808  4.        
 0.82914698 -3.7585299   3.06079102  4.        
 -0.44630399 -12.86710358   2.98690796   2.        
 9.85601044 20.29438782 -0.248871    3.        
-11.40319824  15.29907227  -0.48840299   4.        
4.20202589 3.87925696 2.78674293 3.        
 -0.77600098 -20.7836113    4.17529297   2.        
 0.395996   -3.77071404 -0.256836    4.        
 7.90080976 12.27268982 -0.182739    3.        
 0.43698099 -3.26396894 -0.54330403  4.        
-0.30489299  1.178581   -1.83306897  4.        
 -1.030563   -24.51382065   3.46460009   2.        
 2.98345208 -3.39826989  2.64483595  3.        
 9.15773773 17.68673706 -0.37960801  3.        
-3.4819181   5.51957703 -0.172729    4.        
11.09012604 18.91558838 -1.24276698  3.        
-1.20446002  3.19591498 -1.52780199  4.        
-0.85343897  2.66932702  4.30929613  4.        
-5.3079071   7.26276398 -0.67608601  4.        
-0.175171   -6.79412794  1.74233997  4.        
13.32966614 26.98671722 -1.09491003  3.        
11.97915554 15.53984833 -0.53451502  3.        
 7.44032288 13.07616425  0.204987    3.        
 3.48195601 -2.049088    1.34793103  3.        
-5.7766881   9.59136963  2.8088069   4.        
-9.35066986 11.5513382  -3.72937012  4.        
12.66941833 25.43571472 -1.17004395  3.        
10.0694809  12.75093079 -0.421875    3.        
-5.88343811  7.84201813 -2.99783301  4.        
-13.96485901  17.86231232  -3.45016503   4.        
 0.31191301 -7.55679321  1.34493995  4.        
 -0.60092902 -21.57228851   4.29492188   2.        
 -1.19219995 -23.08805084   4.28353882   2.        
-5.63599396  7.80649614 -3.6443789   4.        
-8.60584259 10.76720428 -3.899719    4.        
 0.86081702 -2.61926293  3.3096621   4.        
 0.24151599 -8.54621887  1.61755395  4.        
-9.31113434 12.85877991 -5.03509521  4.        
-0.22480799  0.88250703  4.24121094  4.        
-0.61776698  1.66480303  4.17010498  4.        
  0.67756701 -14.00392914   3.24182105   2.        
 0.92980999 -5.37064409  3.05038404  4.        
10.79309082 19.85858154 -1.02627599  3.        
-11.06970215  13.73334503  -3.45016503   4.        
13.21214294 20.41772461 -0.86215198  3.        
-11.93092346  15.60270691  -4.27630615   4.        
-3.134727    5.18579102  1.02398705  4.        
 0.023087   -1.43878198 -1.07684302  4.        
 0.51259601 -5.89864397  2.65615797  4.        
  0.762146   -21.17222977   4.10705614   2.        
 6.64097595 11.56692505  0.77505499  3.        
-4.39537811  7.49019623  1.75543201  4.        
-1.80479395  4.65728807  3.66577101  4.        
10.73381042 19.21168518 -1.10376     3.        
-0.23362    -5.78037977  1.63485706  4.        
-7.90073395  9.9654007  -3.92483497  4.        
12.76519775 16.76729584 -0.514099    3.        
-10.77919769  15.07581329   0.237396     4.        
-10.86232758  13.63660431  -1.21548498   4.        
-7.10477495  8.92646027 -1.93304396  4.        
 3.38793898 -2.64176893  1.50814795  3.        
-8.05368805 10.74014282 -4.82986498  4.        
 0.451653   -6.83465576  2.68878198  4.        
-0.067101   -1.11536396  2.54556298  4.        
4.4187932  4.73320007 1.60171497 3.        
-13.80764008  17.87506104  -4.23477221   4.        
-12.01567078  15.35370636  -2.60494995   4.        
  0.80323797 -12.16283417   2.6565249    2.        
  0.38835099 -23.51012802   3.74847388   2.        
10.91501617 16.78417969 -1.10870397  3.        
-1.65435004  3.13344598  2.22112989  4.        
-8.6745224  12.45553589  1.98858595  4.        
  0.62636602 -10.04990387   3.21774292   2.        
 -1.09351397 -24.77220535   4.21765089   2.        
  1.00058699 -10.33273315   2.08563209   2.        
-2.10915399  4.37188721  2.322083    4.        
 2.38115692 -2.70410895  2.78845191  3.        
 2.9270401  -1.41619098  1.92983997  3.        
13.74212646 27.34030151 -1.50024402  3.        
12.11701202 24.88394928 -0.753326    3.        
5.46620893 5.2048192  0.95629901 3.        
10.40509033 11.63290405  0.859375    3.        
12.52400208 20.53932953 -1.46157801  3.        
-6.36885118  8.31000519 -3.19183302  4.        
-9.80289459 11.70336914 -1.51684594  4.        
8.5478363  8.13008118 1.64639294 3.        
 2.60687304 -5.01499891  1.83642602  3.        
-11.19477844  15.18630981  -4.93212891   4.        
-3.49842811  5.70623016 -2.1035459   4.        
 0.64289898 -4.37537384  2.79574609  4.        
9.09495544 8.69215393 1.23547399 3.        
 0.547966   -1.10480499  3.58718896  4.        
-6.66435194 10.32330322  2.4902339   4.        
 -0.83604401 -18.51552963   3.40783691   2.        
-2.35556793  3.87142205  0.245575    4.        
-9.23584843 11.00994873 -1.65954602  4.        
8.63916779 8.12270355 0.67987102 3.        
 -1.21417999 -25.74079895   4.61322021   2.        
  0.044029   -22.79453659   4.62786913   2.        
 0.073776   -3.07164788  2.10437012  4.        
-0.28874999 -2.53401899  0.781708    4.        
-9.69854736 12.86090088  1.02090502  4.        
-0.26857001  0.48062101 -1.55877697  4.        
 -0.627464   -25.34462738   4.92764282   2.        
-2.33968401  5.11540222  2.62417603  4.        
-14.10562134  18.68228149  -3.11734009   4.        
 1.28517103 -4.48668718  3.29699707  4.        
-2.92313409  6.49993086  3.45040894  4.        
10.25457764 10.98644257  0.96746802  3.        
6.25889587 8.78012085 0.687042   3.        
 -0.17567401 -24.22089386   4.79464722   2.        
-5.17162323  7.18029022 -1.59033203  4.        
6.36220503 3.07817101 1.78723097 3.        
-14.71489716  19.14483643  -3.91507006   4.        
-4.58474016  6.65767717 -2.10876489  4.        
-1.18703496  3.07670593  4.01800489  4.        
 8.75654602 10.33957672 -0.126129    3.        
 3.18136597 -2.54200697  2.64935303  3.        
-0.83181798  1.501091   -0.57012898  4.        
-7.40910292  9.18372345 -1.35513306  4.        
7.19342804 4.96670485 1.40377796 3.        
9.2292099  9.36673737 0.68508899 3.        
-12.3772583   15.87240601  -2.34951806   4.        
-8.26181793  9.93531799 -1.99719203  4.        
 0.72049701 -9.12012482  3.15432692  4.        
 6.00657701 10.10118103  1.13809204  3.        
-5.5821991   8.45590973  1.25726295  4.        
-9.83968258 12.26583099 -0.395264    4.        
-11.01561737  13.44586182  -2.30459595   4.        
-6.57434797  8.44284821 -0.91287202  4.        
-7.09283495  8.96724701 -2.79098511  4.        
-11.68961334  16.76737976  -1.02252197   4.        
 -0.93112898 -20.01934433   3.68319702   2.        
-6.89238024  9.371521    0.80670202  4.        
-0.810417    2.739151   -1.91860998  4.        
 5.84857178 10.55299377  1.54742396  3.        
5.66330719 8.89830017 1.23941004 3.        
-1.50502002  3.05503893  3.0744319   4.        
-0.983383  1.335953  0.047333  4.      
-0.50288397 -0.215225   -0.071442    4.        
11.01062775 22.21115112 -0.49420199  3.        
13.14984131 19.85525513 -1.06018102  3.        
10.39887238 11.65498447  0.310303    3.        
5.6343689  9.60444641 1.55966198 3.        
 3.04120588 -0.107597    2.69198608  3.        
13.68911743 23.91862488 -1.60571301  3.        
12.4276886  25.87971687 -0.60607898  3.        
6.41187286 5.98674011 0.54187    3.        
 -0.64027399 -15.67670441   3.23211694   2.        
10.52548981 13.50440216 -0.41491699  3.        
-12.68232727  17.78215027  -1.84597802   4.        
11.62181091 20.68008423 -1.27676404  3.        
5.96746111 3.47692895 1.01678503 3.        
-9.86431122 12.5732193   0.26773101  4.        
-0.47662401  0.100998    2.87283301  4.        
5.59429216 3.51181793 2.04907203 3.        
-0.98734999  2.38958001 -1.01116896  4.        
-6.18285418  9.10534668  1.33285499  4.        
  0.738083   -12.96600342   2.79370093   2.        
  1.11988795 -11.49312592   3.11962891   2.        
-11.36431885  15.75641632  -0.39312699   4.        
  0.29229701 -18.94073105   3.44003296   2.        
3.69636512 1.73610699 1.55313098 3.        
5.88977098 4.25623322 0.680664   3.        
-2.24797797  4.39196014  1.91790795  4.        
 8.75229645 17.40561676 -0.140228    3.        
-7.2766881  10.68593597  1.93810999  4.        
5.43157196 7.7233119  1.19558704 3.        
 -1.32031202 -27.68248749   4.92895508   2.        
12.89433289 22.35797882 -1.58660901  3.        
-0.97129101  2.14139605  3.84817505  4.        
 9.21919346 18.10848999 -0.355957    3.        
10.17292786 18.63916016 -0.87893701  3.        
1.09034500e+01 2.23314667e+01 1.22379996e-02 3.00000000e+00
-11.60281372  15.13056183  -1.02203405   4.        
 9.37531281 19.14524078 -0.192627    3.        
-3.20407891  5.95216417 -3.65078712  4.        
-3.56574988  6.26061201  1.61682105  4.        
  0.54496801 -14.51701355   3.4039309    2.        
  0.26638001 -12.97569275   3.41888404   2.        
-11.1588974   13.70083618  -2.99746704   4.        
 8.47963715 11.04827118 -0.34726     3.        
 0.33642599 -1.77970898  3.00790405  4.        
  0.49309501 -15.17794037   2.855896     2.        
-3.99186707  6.09490204  0.157166    4.        
4.83101606 3.11928606 1.11901903 3.        
-3.82608008  6.24557495 -3.47164893  4.        
12.30523682 21.28377533 -1.49444604  3.        
 5.53685808 10.14439392  1.85791004  3.        
-5.06266785  8.11774445  1.80566394  4.        
 2.9485631  -4.21056414  1.89050305  3.        
 3.65190911 -0.72448701  2.24176002  3.        
-6.90475512 10.69991302  2.66039991  4.        
  0.77336103 -12.9662323    3.29437304   2.        
-12.68174744  16.36178589  -3.14044189   4.        
  0.152931   -23.97275925   3.79928589   2.        
7.53727722 6.391716   1.03112805 3.        
 9.91558075 15.27921295 -0.980896    3.        
-10.99977112  14.4772644   -0.35552999   4.        
-13.443573    17.33969116  -3.00576806   4.        
-1.07675195  0.57382202  1.07663     4.        
  0.44182599 -11.51186371   3.32269311   2.        
 9.25353241 13.46537018 -0.739838    3.        
7.41336107 5.75753784 1.79455602 3.        
-1.30677795  2.84647393  3.52242994  4.        
-12.34451294  17.14282227  -5.0158391    4.        
 -0.987984   -23.7345314    3.89269996   2.        
-2.13159204  3.41418505  0.85720801  4.        
-8.12360382  9.8297348  -2.93566895  4.        
-14.10722446  18.45867157  -4.63110399   4.        
-6.9042511   8.73536682 -0.96051002  4.        
-5.81870317  7.91656494 -0.76303101  4.        
 0.86988801 -2.1697011   3.47415209  4.        
3.38848901 1.37639594 2.64337206 3.        
 7.15783691 13.7989502   0.55438203  3.        
5.48012495 5.76804399 0.97143602 3.        
-4.39925385  6.56919098 -0.58679199  4.        
11.80779266 19.85782623 -1.37554896  3.        
13.88160706 22.99602509 -1.07632399  3.        
-0.466034   -3.1473999   1.55145299  4.        
-7.40617418  9.61769104 -0.106018    4.        
 7.74584198 13.96800232  0.070099    3.        
-10.70974731  13.02747345  -2.03820801   4.        
-0.237923    1.09208703 -2.30837989  4.        
  0.69388598 -11.78040314   2.28567505   2.        
-4.96833801  7.31240797  0.213989    4.        
-2.49677992  5.84881592  3.90527296  4.        
13.41279602 22.06343079 -1.36733997  3.        
5.25744581 7.96262407 1.53250098 3.        
-0.26888299  0.072968    3.52130103  4.        
12.49591064 22.18317413 -1.51757801  3.        
 6.13928223 11.27305603  1.325073    3.        
-7.20818281  9.17098999 -3.6242981   4.        
 8.05407715 15.90927887  0.124939    3.        
 -0.069794   -23.21061325   3.59655809   2.        
-7.76371002  9.61619568 -3.356323    4.        
8.29265594 8.92115784 0.13528401 3.        
4.74838305 2.5640409  1.11630201 3.        
 1.95920002e-02 -2.07061729e+01  4.00225782e+00  2.00000000e+00
-13.18243408  17.53213501  -2.16567993   4.        
-10.65435791  13.70230103  -0.398651     4.        
  0.071449   -24.03275681   4.45169115   2.        
-10.36025238  12.50888062  -2.97723389   4.        
 1.96663702 -4.61086988  2.83016992  3.        
-5.02223206  7.19850922 -0.97277802  4.        
 -1.12284803 -22.16892242   4.19992113   2.        
-6.48925781  9.00337219  0.86084002  4.        
 2.59291101 -3.51506805  2.95321703  3.        
13.71885681 23.43215942 -1.41262805  3.        
5.88817596 2.69586897 1.41519201 3.        
-7.94400787 10.41759491  0.54800397  4.        
6.42157698 7.17788696 0.55200201 3.        
-9.44281006 11.20494843 -1.97866797  4.        
-6.85774994  9.13431454  0.017029    4.        
-2.19519806  4.53546095 -1.71502697  4.        
-3.57785797  7.22620392  3.22580004  4.        
 0.423058   -6.21530914  0.79293799  4.        
-13.08358002  17.65814972  -4.72775316   4.        
 -0.88190502 -24.5619812    4.54724121   2.        
 0.29238099 -8.94849396  2.86810303  4.        
8.9512558  8.89438629 0.61224401 3.        
-7.01900013e-03 -1.95662155e+01  3.33618212e+00  2.00000000e+00
-3.89331794  6.11786604 -1.44747901  4.        
 -0.024467   -20.11346817   3.9785459    2.        
-4.78314209  6.82508087 -2.65237403  4.        
-7.93795776 11.24920654  1.73263502  4.        
 6.60180712 12.04050446  0.90722698  3.        
12.59451294 23.22872162 -1.48699999  3.        
10.46776581 17.57228851 -1.13183606  3.        
 -1.47557795 -28.40102768   5.1655879    2.        
10.03659821 20.85865784 -0.16937301  3.        
-6.92234802  9.57802582 -4.91140795  4.        
 2.02905989 -5.81809187  1.69836402  3.        
-2.8246839   5.34571791 -3.22964501  4.        
-4.7959981   7.355896   -4.37673998  4.        
-3.53884101  5.9405899   1.01461804  4.        
 9.31495667 10.79182434 -0.051544    3.        
 -0.15546399 -10.39476776   2.83410597   2.        
-5.846313    8.5368576  -4.74597216  4.        
-7.6759491   9.66654968 -0.706451    4.        
-6.30747223 10.19970703  3.03335595  4.        
0.030838  0.076073  3.9785769 4.       
 8.0929184 11.597229  -0.317444   3.       
-0.66319299 -0.53361499  1.45672596  4.        
-0.823448    0.839935    2.92068505  4.        
-5.23158312  8.82793427  2.35577393  4.        
  0.038536   -24.78512955   4.9405818    2.        
 2.64633894 -4.4491272   2.73593092  3.        
-0.050484   -0.38590199 -1.50882006  4.        
5.47923279 1.97736394 1.37319899 3.        
-3.099823    6.49243879  2.90206909  4.        
-7.36866808  9.65235138 -4.25839186  4.        
 -0.083961   -15.51774597   3.62945604   2.        
 4.23998308 -0.37659499  2.47186303  3.        
13.25489807 27.30981445 -0.80432099  3.        
 9.94684601 17.6845932  -0.884552    3.        
11.09819794 16.40400696 -1.055511    3.        
-3.79843092  7.62805223  3.58868408  4.        
 2.32237196 -5.16061401  2.89019799  3.        
12.44172668 19.75616455 -1.36486804  3.        
-1.34378099  2.18492889  2.23956299  4.        
 9.12133026 15.02962494 -0.70684803  3.        
-4.73583984  8.24248505  2.22708106  4.        
-11.84908295  15.44815826  -1.19564795   4.        
 7.94927216 10.75359344 -0.245453    3.        
 0.15834001 -8.32873535  2.6937561   4.        
12.71166992 21.48402405 -1.53958094  3.        
-4.08740187  7.68796492  2.57782006  4.        
12.67207336 15.88065338 -0.25744599  3.        
-0.30275699 -4.03224182  1.22393799  4.        
4.74433899 7.04758501 2.2789309  3.        
-3.91635895  6.04316711 -0.42276001  4.        
-4.358284    6.51490784  0.100128    4.        
-10.30522156  12.48819733  -1.50299096   4.        
6.41414595 4.88599396 2.08962989 3.        
-5.42609406  8.81871796  1.996521    4.        
 9.7043457  19.91117859 -0.229919    3.        
-8.54179382 10.71788025 -0.305298    4.        
 0.75058001 -2.67188311 -1.01785302  4.        
 2.55528307 -5.39650679  2.25668311  3.        
13.88505554 24.75263977 -1.66198695  3.        
-1.74596405  4.21133423 -2.37069702  4.        
 -0.196281   -20.39183807   3.4055481    2.        
 9.89792633 10.30233002  1.02648902  3.        
7.39376783 9.38867188 0.03952    3.        
 3.10742211 -3.79606605  1.99737501  3.        
 8.64496613 11.85033417 -0.49823001  3.        
-4.49226379  6.9646759   0.89492798  4.        
11.69861603 24.20341492 -0.485809    3.        
-4.52184296  6.71764421 -1.41317701  4.        
7.06835222 5.9053731  0.68542498 3.        
-4.25505114  6.76834106 -4.10092211  4.        
 0.007782   -3.53754401  0.49102801  4.        
 0.78340101 -8.58295441  3.13867211  4.        
 8.56479645 12.83674622 -0.54397601  3.        
-7.54792023 10.13131714 -4.73599195  4.        
 -0.15892    -21.62257004   4.30963087   2.        
14.26014709 26.25969505 -1.80612195  3.        
 -1.09555805 -24.39453125   4.06750488   2.        
5.856987   9.73756409 1.24084496 3.        
 6.65080976 13.89933014  1.02984595  3.        
-0.628914    1.80238295 -1.44229102  4.        
-1.20261395  1.77565801  3.01907396  4.        
6.03716993 4.20615387 2.1282649  3.        
11.01148224 23.11758423 -0.25744599  3.        
  0.337212   -16.62481689   3.48995996   2.        
3.99328589 0.042038   2.24664307 3.        
-4.15154982  6.60592604  1.00326502  4.        
 0.060287   -5.72902679  1.16104102  4.        
13.39933777 21.44321442 -0.94772297  3.        
-8.75927734 10.57016754 -2.92898607  4.        
 9.48908234 11.3079834  -0.166748    3.        
7.10409498 6.11012316 2.01077294 3.        
-9.66074371 11.83289337 -3.55725098  4.        
 2.38315606 -2.1701889   2.68057203  3.        
-1.50980401  2.13378096  1.17935205  4.        
 0.30266601 -2.42405701  2.6096499   4.        
4.48345995 5.31999207 1.69638097 3.        
 -0.46730801 -18.63594818   3.9746089    2.        
12.37224579 23.5916214  -1.363464    3.        
 -1.36238098 -29.34321213   5.24832201   2.        
-14.37686157  18.28595734  -3.70318604   4.        
10.71248627 12.17515564  0.88934302  3.        
-1.22907305  2.43216705  3.47122192  4.        
  0.45339999 -22.21093369   4.18945312   2.        
-5.01876116  7.65377808  1.06561303  4.        
-12.63329315  16.39002228  -3.7250371    4.        
12.0594101  22.85147095 -1.27218604  3.        
-1.63583398  3.96881104 -1.87841797  4.        
 1.09094203 -1.50682795  3.90643311  4.        
 7.58027697 12.15727234  0.033875    3.        
-12.24791718  16.16587067  -4.38229418   4.        
 -0.120201   -11.45915222   3.09814501   2.        
-11.30225372  14.26657867  -1.47851598   4.        
-12.66931915  17.02700043  -1.66067505   4.        
 -1.06919897 -27.96620941   5.06784105   2.        
4.43025208 5.27966309 2.45156908 3.        
-9.72924805 12.03817654 -0.715698    4.        
 7.10089111 14.26210785  0.65817302  3.        
-8.78395081 11.53091431 -4.65267897  4.        
  0.181969   -22.09434128   3.40512109   2.        
5.21170807 8.83616638 2.01083302 3.        
 7.47255707 11.51413727  0.088745    3.        
12.6784668  17.59424591 -0.674164    3.        
-2.25666809  4.93467712 -3.21813989  4.        
-0.238625   -1.85254705  0.29791301  4.        
-9.01123047 11.00628662 -3.44488502  4.        
-10.68346405  12.92861938  -2.86611891   4.        
5.30886793 3.25746894 0.91293299 3.        
 1.77195704 -8.31475067  2.2966001   3.        
6.00643921 5.66352081 0.69665498 3.        
13.40727234 25.4045105  -1.666412    3.        
-4.55924988  8.32530212  2.83950806  4.        
 -0.076668  -22.4319191   4.5020752   2.       
-9.51631927 11.66034698 -0.717834    4.        
-6.23479509  8.90998077 -4.84088087  4.        
-6.56880188  8.76496124 -4.01327515  4.        
-9.3210907  11.28743744 -3.2723999   4.        
-0.177155   -3.9012301   1.91183496  4.        
-0.180443   -3.35016608  0.82202101  4.        
 -0.23214699 -12.39292908   3.17428589   2.        
-0.46919301 -1.49949706  0.69546503  4.        
 1.16044605 -3.87159705  3.28539991  4.        
13.33758545 22.83983612 -1.60494995  3.        
11.41020966 19.67411804 -1.27227795  3.        
 -1.24822998 -25.13328171   4.13522291   2.        
-14.10630798  18.16361237  -4.29620409   4.        
-8.35168457 12.01953888  2.05975294  4.        
-0.47406    -2.59653497  1.59960902  4.        
-3.28239393  5.28397417 -0.66754198  4.        
-0.26682299 -9.71944427  2.49133301  4.        
-5.65641785  8.33330536  0.83078003  4.        
 -0.059013   -10.80230713   3.00860596   2.        
-4.93409014  7.10662794 -0.12835699  4.        
6.57784986 6.50768995 0.475586   3.        
 7.25492096 14.62563324  0.56069899  3.        
 9.43236542 15.76315308 -0.81851202  3.        
  0.468712   -23.77233505   4.10378981   2.        
 0.059067   -9.49962616  2.83642602  4.        
 0.73973799 -7.67950392  3.00085402  4.        
 -1.02174401 -27.20065689   4.99911499   2.        
4.23337603 4.71563005 2.391083   3.        
5.7062068  8.11244965 0.97454798 3.        
14.87986755 29.41810608 -1.22286999  3.        
-10.28688812  13.82821655   0.608612     4.        
8.530159  9.4330368 0.051453  3.       
-3.4929049   6.55197096  2.19540405  4.        
4.37397003 4.54591417 2.73144507 3.        
 0.28945899 -4.36698914  2.38635302  4.        
11.69622803 13.66883945  0.19162001  3.        
 2.891891   -0.43147299  2.51132202  3.        
-10.66243744  13.96339417  -0.078094     4.        
-11.33125305  14.32218933  -3.69412208   4.        
13.65065002 22.63653564 -1.384583    3.        
-0.33959201 -8.93416595  2.45696998  4.        
-6.74400282  8.68956757 -3.44064307  4.        
11.84214783 16.22696686 -0.85095203  3.        
 7.61109877 10.03553009 -0.069672    3.        
-10.26171875  12.686203    -3.64404297   4.        
 -0.69933301 -26.28725052   4.93484497   2.        
12.09816742 17.84828186 -1.12765503  3.        
8.1792984  7.40367889 0.591003   3.        
 1.81453705 -6.76158905  2.96908593  3.        
 2.79915595 -4.09372711  2.63818407  3.        
6.92768908 9.3477478  0.344971   3.        
4.01317596 2.81539202 2.87469506 3.        
-10.29247284  13.09519958  -4.15631104   4.        
-11.12630463  14.26777554  -4.19619799   4.        
-10.79641724  13.57143402  -3.86236596   4.        
11.52461243 22.34299469 -0.966461    3.        
10.02844238 13.75248718 -0.69625902  3.        
11.00799561 14.87844753 -0.700104    3.        
 9.06047821 14.2053299  -0.75439501  3.        
 7.20250702 11.88778687  0.314484    3.        
-9.69495392 11.50857544 -2.03851295  4.        
-8.74327087 11.26756954 -4.35620117  4.        
 -0.465927   -24.53791428   4.77584791   2.        
-8.26046753 10.35593414 -0.48681599  4.        
12.29218292 17.0455246  -0.89660603  3.        
 -0.47435799 -16.58945465   3.67749      2.        
 0.315826   -3.12534308  2.50009203  4.        
-2.23938704  4.41442919 -1.11358595  4.        
-9.99613857 12.95191956 -4.39093018  4.        
 8.38587189 13.66814423 -0.408081    3.        
-7.78469086 10.09981537  0.137024    4.        
-13.13819885  17.42520142  -4.40438795   4.        
-2.34040093  5.52806807  3.12149096  4.        
 -0.81237799 -23.58764648   4.42041016   2.        
7.75553083 7.30463409 0.46322599 3.        
 6.26071882 10.24911499  0.86703497  3.        
 8.66362762 12.43199158 -0.565216    3.        
-1.80693805  3.055969    1.36221302  4.        
12.45230103 16.3219223  -0.60952801  3.        
-0.33010101 -0.99195898  0.009521    4.        
-1.882828   3.3018651 -0.022369   4.       
9.06793213 9.88930511 0.145355   3.        
-9.80484772 12.61581421 -4.29290819  4.        
-2.59061408  5.87468004  2.94284105  4.        
-9.27143097 11.04693604 -2.45870996  4.        
11.31093597 17.0647583  -1.139099    3.        
3.36630988 1.72910297 2.30917406 3.        
-2.58445692  5.07439423 -2.93112206  4.        
 0.97466999 -3.35967207 -0.71008301  4.        
4.73728895 3.85949707 1.23873901 3.        
-7.42347002  9.86251068  0.72921801  4.        
6.42027998 3.48624396 1.57327294 3.        
-2.04235101  3.794945    1.63070703  4.        
 6.51496077 13.3693924   1.08059704  3.        
 2.80390906 -4.67313385  2.04345703  3.        
3.01568604 0.31994599 2.39288306 3.        
10.77313232 15.58877563 -0.95257598  3.        
11.51644135 23.47097778 -0.60235602  3.        
 -0.106384   -25.16970825   4.60223389   2.        
-11.93977356  15.41313934  -3.84002709   4.        
  0.695526   -14.28356171   2.88705397   2.        
-4.1913991   8.10197544  3.35711694  4.        
-1.30891395  2.8750689  -0.76770002  4.        
-11.61029816  14.76686096  -3.56103492   4.        
4.39585114 2.95172906 1.31900001 3.        
  0.26137501 -13.77217102   3.49411011   2.        
 2.86564589 -1.17339301  2.76837206  3.        
6.96641493 6.54925489 0.43395999 3.        
 -0.371582   -26.80978775   4.58831787   2.        
  0.442467   -22.61836243   3.80835009   2.        
9.68448639 9.93919373 1.24404895 3.        
  0.50180799 -13.59329987   2.57119703   2.        
 -0.43864399 -27.9315567    4.21301317   2.        
-11.42397308  14.98020935  -4.56295776   4.        
-4.80215502  8.64885044  3.0345149   4.        
3.75356293 0.78734601 1.41348302 3.        
11.04431915 17.70786285 -1.20407104  3.        
-0.73493999 -1.21320295  1.29876697  4.        
12.55387878 18.31196594 -1.02584803  3.        
6.56497192 3.90628791 1.34851098 3.        
  0.52548999 -23.13301086   4.16265917   2.        
-1.51727295  2.78572798  2.79007006  4.        
-2.85802507  4.58560896  0.740417    4.        
 9.39917755 12.16873932 -0.45739701  3.        
-8.69532013 11.73239899  1.43960595  4.        
 2.07646894 -6.98156691  2.125       3.        
3.53340197 0.080116   2.84524488 3.        
7.7254262  6.97345686 1.57012904 3.        
7.11405182 4.985466   1.80361903 3.        
  0.186066   -16.97061157   3.66442895   2.        
-1.45030003e-02 -2.65348816e+01  4.24572802e+00  2.00000000e+00
-3.33855391  6.84895277  2.71798706  4.        
-6.23611498  8.30583191 -1.24853504  4.        
 7.83499982e-03 -1.86662407e+01  3.21835303e+00  2.00000000e+00
4.98757219 7.3973999  1.81430101 3.        
7.4913249  8.53331757 0.076447   3.        
-11.18393707  14.33911896  -0.943726     4.        
-2.65353394  4.6073842   1.282318    4.        
-13.52771759  17.42634583  -3.43685889   4.        
 7.31030989 15.05675507  0.58194     3.        
7.36498308 5.40374804 1.16696203 3.        
-1.44778395  2.44624305  1.94955397  4.        
-12.19837189  15.53804779  -2.28176904   4.        
 1.27894604 -3.3821559   3.35339403  4.        
3.91861701 3.45712304 1.77246106 3.        
11.90924072 17.50902557 -1.103912    3.        
12.4841156  19.35443115 -1.30413795  3.        
-0.185982  -2.3572011  0.413086   4.       
-0.93916303  0.2341      1.22872901  4.        
-7.95716095 11.63975525  2.25970507  4.        
  0.89916199 -11.41295624   2.50308204   2.        
-5.77861023  7.75084686 -1.52581799  4.        
10.85948181 12.32004547  0.34320101  3.        
4.50808716 0.65757    1.11175501 3.        
 -1.27291906 -25.02266312   4.65118408   2.        
12.90464783 18.18608093 -0.77102703  3.        
-11.51503754  15.59391785  -4.89599609   4.        
  0.38317099 -15.54214478   2.86343408   2.        
13.32855225 24.65312958 -1.67800903  3.        
-8.7851181  10.77828217 -0.91296399  4.        
-3.07138801  6.0822978   2.36959791  4.        
 2.59009504 -1.56330895  2.65005493  3.        
 -0.99451399 -17.84225845   3.69970703   2.        
 2.9012301  -2.74607801  2.92074609  3.        
-2.39854407  4.01406097  0.95410198  4.        
-1.05603802  1.40833998  2.41870093  4.        
-3.19276404  5.58453417 -2.97985792  4.        
8.69259644 8.92369843 1.80499303 3.        
-11.35588074  14.04610443  -2.76629591   4.        
 2.16485596 -3.76103997  2.83172607  3.        
-10.68597412  14.77548218  -5.02270508   4.        
 -0.049828   -16.20735931   3.70144606   2.        
-0.291412   -0.37525901  2.84167504  4.        
-0.027161   -1.57143402  2.33615088  4.        
 3.06317902 -3.53525496  1.58450305  3.        
-2.09000008e-03 -1.96246796e+01  3.91119409e+00  2.00000000e+00
4.77210999 6.628479   1.93139601 3.        
13.50724792 22.18161774 -0.935242    3.        
 3.75517988 -1.90867603  1.69119298  3.        
-1.11695099  1.11194599  1.35015905  4.        
-0.14347801 -1.82012904 -0.108887    4.        
5.065979   6.35653687 1.27343798 3.        
-5.54882812  9.26266479  2.59628296  4.        
 3.66330004 -2.37270403  2.1438899   3.        
-0.32359299 -0.89595801  1.98587     4.        
-5.44670105  7.97645617  0.83914202  4.        
-5.63342285  7.69927216 -0.165344    4.        
  0.48596999 -16.00205231   3.10842896   2.        
11.98986053 23.44794464 -1.12383997  3.        
5.25160217 0.978508   1.94183397 3.        
-0.38005099 -3.67135596  1.29205298  4.        
  0.782906   -10.28995514   1.76361096   2.        
  0.15866899 -24.67575455   4.21612597   2.        
 1.45404804 -8.253479    3.14627099  3.        
11.81063843 14.35428619  0.079346    3.        
-0.568443    0.25507399  2.51202393  4.        
13.87347412 27.77897644 -1.504547    3.        
-6.4963069   8.36148071 -2.2219851   4.        
-1.09207201  0.91944098  0.61776698  4.        
11.99617004 18.93629456 -1.32452404  3.        
-13.23626709  18.16108704  -2.41653395   4.        
  0.085136   -25.39255524   4.32897902   2.        
 0.72371697 -8.07512665  3.03469896  4.        
4.45939589 2.13979292 1.21261597 3.        
-0.158134   -3.42394304  1.90954602  4.        
-10.68305969  14.22292328   0.18783601   4.        
 2.65703607 -0.96771199  1.79833996  3.        
-10.5036087   12.56713104  -2.18414307   4.        
-11.84462738  16.44409943  -4.99429321   4.        
-9.34893799 11.73545837  0.048523    4.        
  0.90918702 -12.46298981   3.28372192   2.        
-7.829422   10.7355423  -5.22610521  4.        
 -0.259132   -27.09510803   4.05212402   2.        
13.27441406 21.72301483 -1.40698195  3.        
 0.009132   -0.46866599  3.36315894  4.        
 -0.731049   -17.23030853   3.66085792   2.        
-13.6067276   17.62605286  -2.76647902   4.        
-7.38768005  9.31620026 -0.951294    4.        
-0.37869999 -0.47597501 -0.48684701  4.        
-7.91967821  9.75981903 -1.17175305  4.        
6.72968292 4.69594622 2.08758497 3.        
 -0.058014   -25.80421066   3.96771193   2.        
10.46221161 21.47732544 -0.37893701  3.        
 -0.67500299 -14.36964417   3.41638207   2.        
 3.43015289 -0.78266102  2.53372192  3.        
 0.27337599 -3.94425201  2.29785204  4.        
  0.113106   -24.34008408   3.815521     2.        
 9.37561798 18.8012085  -0.322144    3.        
 -0.82560003 -22.74925613   4.34213305   2.        
14.16064453 28.73830414 -1.40176404  3.        
 1.68628705 -8.67167664  2.46429396  3.        
 -0.24844401 -23.07276154   4.60418701   2.        
4.51442003 5.82359314 1.93310499 3.        
-0.73355901  0.31436899  1.79351795  4.        
-11.75080109  14.85762024  -3.02404809   4.        
 1.31196594 -7.32753801  3.20584106  3.        
5.0549159  1.24769604 1.33078003 3.        
7.94558001 8.32950592 0.38385001 3.        
10.11647034 10.75878906  1.21777296  3.        
6.44351196 9.57810211 0.62658697 3.        
 1.74772596 -3.63130903  3.53765893  4.        
4.24492693 4.35602617 1.66577101 3.        
-11.21653748  13.96711731  -2.22824097   4.        
-1.78931403  4.17118788  3.03173804  4.        
11.50300598 14.8615036  -0.55923498  3.        
  0.084137   -22.44473648   3.42034888   2.        
  0.88723803 -10.43402863   3.35479689   2.        
-9.88658905 14.22994232  1.13754296  4.        
-11.04801178  13.47724915  -2.66528296   4.        
 2.20015693 -6.64384508  2.06741309  3.        
-0.229248   -8.02258301  2.1464541   4.        
5.50357819 8.56724644 1.38384998 3.        
-0.025581   -2.68479896  2.01681495  4.        
 -0.072914   -18.29450607   3.09628296   2.        
-2.05860901  4.55773878 -2.64752197  4.        
-7.0873642  10.3136673   1.85504198  4.        
  0.95198798 -21.7245369    3.85488892   2.        
 0.055412   -2.99808502 -0.024384    4.        
 -0.424072   -15.61354065   3.54904199   2.        
 1.47171795 -9.33838654  2.82476807  3.        
 -0.347534   -17.32466125   3.82064795   2.        
 0.27993    -0.242088    3.95282006  4.        
-1.72432005  4.63949585  4.02896118  4.        
-12.12612915  15.53427124  -3.21627808   4.        
 -0.689529   -27.97888184   4.83932495   2.        
-1.54119897  4.04936218  4.14523315  4.        
-2.63423896  4.99369812  1.63421595  4.        
11.77096558 19.39055634 -1.369995    3.        
-0.074394   -1.69415998 -0.65573102  4.        
-0.67701697  1.23399305  3.71707106  4.        
-1.340469    1.90274799  1.45184302  4.        
11.01682281 12.67515564  0.77313203  3.        
  0.53865099 -15.09310913   3.328125     2.        
-0.97531903  2.09461188 -0.80496198  4.        
3.10277605 0.69472498 1.82574499 3.        
-7.53682709 10.63861847  1.64694202  4.        
 -0.28566    -23.84670258   4.7409358    2.        
-12.76733398  17.16973114  -4.67858887   4.        
-4.97139692  7.44587708  0.77160603  4.        
 1.74423206 -7.54952192  2.92822289  3.        
 -0.95044702 -23.27944756   3.91162109   2.        
 2.31125593 -5.90962219  1.89807105  3.        
 9.75196075 10.70659637  1.55709803  3.        
10.16390991 16.98352814 -1.06219494  3.        
-7.19352007  9.57246399  0.60476702  4.        
 1.47164905 -8.73771667  3.0995791   3.        
-3.92976403  6.95935822  1.75732398  4.        
-7.08409119  9.90891266  1.34567297  4.        
 8.85527802 14.77510071 -0.55212402  3.        
  0.371346   -14.82299042   2.74237108   2.        
-1.24805498  1.89141095  1.966766    4.        
 -0.59555799 -15.06715393   3.25472999   2.        
-8.37854767 11.52980042  1.62814295  4.        
12.22249603 24.63025665 -1.05752599  3.        
5.15091705 2.76596093 1.98895299 3.        
 -1.41367304 -27.03390121   4.72106886   2.        
  0.98278803 -12.03516388   2.9346621    2.        
11.66725922 15.53752899 -0.70480299  3.        
12.67661953 24.18061066 -1.43258703  3.        
14.6136322  28.74655151 -1.51846302  3.        
3.98419189 4.10335493 2.11254907 3.        
-1.73473406  2.5292511   0.78750598  4.        
-5.85556793  9.96387482  3.34088111  4.        
3.57309699 0.42556801 2.91088891 3.        
-0.48647299  2.19863892 -2.1499629   4.        
-7.4851532   9.76941681  0.39355499  4.        
-6.57083082  9.42122555  1.43896496  4.        
 -0.87963903 -21.37412643   4.20480299   2.        
-10.55764008  13.38536072  -0.600281     4.        
12.78778076 19.89131927 -1.27346802  3.        
-2.69057488  5.48682404  2.16406202  4.        
-7.97994184  9.67523193 -2.55419898  4.        
3.74546099 2.89439392 1.87277198 3.        
 3.94713593 -0.68316698  2.43627906  3.        
5.8372798  2.17091393 1.71548498 3.        
 2.59934211 -4.78440094  2.63607788  3.        
4.98129988 0.87376398 2.39944506 3.        
  0.82495898 -21.06962204   3.76498389   2.        
-5.17259216  8.99332428  3.10885596  4.        
-9.59230804 12.22827911  0.437134    4.        
11.92579746 24.06447601 -0.91052198  3.        
 3.47664595 -2.56118798  2.4589541   3.        
-12.37042236  16.04699707  -1.72970605   4.        
  0.095062   -17.60076904   3.07260108   2.        
-0.70100403  0.56533098  2.41351295  4.        
5.58283186 9.20985413 1.48577905 3.        
10.46425629 17.16148376 -1.12133801  3.        
-0.55080402  0.71565998  3.53884912  4.        
10.58782959 16.24356842 -1.05306995  3.        
 -0.647484   -28.61674881   4.7182622    2.        
 -0.45822099 -24.2616806    3.4125669    2.        
-12.33747101  15.81180573  -3.25152612   4.        
6.16433001 2.85708594 2.04812598 3.        
7.77778578 6.7264328  0.65213001 3.        
4.40541077 1.07989502 2.20187402 3.        
-5.48039198  7.49708605 -2.23751807  4.        
13.08563232 23.89099884 -1.62002599  3.        
-4.37679291  7.75499678  2.33154297  4.        
  0.41877699 -22.03855133   4.73654222   2.        
 -1.50540197 -26.4655304    4.74279785   2.        
-0.065964   -9.09230042  2.69152808  4.        
-0.458      -0.64238697  0.1875      4.        
11.33124542 13.17591095  0.65341198  3.        
 8.34215641 10.17688847 -0.171387    3.        
-1.90414405  3.90798211  2.30691504  4.        
  0.74868    -13.54012299   3.20806909   2.        
 0.62103301 -3.17249298 -0.82431     4.        
-5.0358429   7.90911102  1.52835095  4.        
7.85848188 7.98931885 0.53192103 3.        
11.36656189 23.08528137 -0.58868402  3.        
-5.31250811  7.47599792 -1.26666296  4.        
-14.33804321  18.27163696  -4.06054688   4.        
5.1867981  7.20977783 1.36657703 3.        
-0.254814   -8.4920578   2.47317505  4.        
-1.71237898  3.49429297  2.61102295  4.        
 3.82200000e-03 -8.40081024e+00  1.82485998e+00  4.00000000e+00
 9.4126358  14.95516968 -0.88449103  3.        
-9.20449829 12.49053955 -4.93499804  4.        
-10.14868164  12.19379425  -2.80532789   4.        
-7.21192217  9.13183594 -1.67446899  4.        
-1.75808704  3.84754896 -1.19128394  4.        
-4.84361315  6.97395277 -1.74432397  4.        
  0.023979   -14.20542908   3.50448608   2.        
9.34855747 9.25880432 1.21945202 3.        
7.78382111 8.96839905 0.010651   3.        
  0.218613   -16.38375854   2.89251709   2.        
 8.44970703 17.56490326  0.185913    3.        
 -0.417427   -22.36339569   4.39263916   2.        
-14.73036957  18.83181     -4.20053101   4.        
-10.97666168  14.11692047  -0.779419     4.        
 8.88453674 13.71590424 -0.69189501  3.        
12.20346832 15.28359222 -0.103546    3.        
 1.68876696 -8.00322723  2.4186101   3.        
-1.43534803  2.41358995  2.72876     4.        
-13.50349426  17.58866882  -4.16451979   4.        
 -0.45340699 -19.32208252   4.05194092   2.        
-0.114204   -9.25433254  2.13403296  4.        
-0.147614   -4.44930983  2.04022193  4.        
-10.0843811   12.96100616   0.248016     4.        
  0.27664199 -20.99102402   3.66513109   2.        
 -0.238548   -23.80345154   3.50195289   2.        
4.99288177 1.64418006 2.32656908 3.        
-7.9860611   9.84960938 -0.74127197  4.        
 0.26156601 -0.51660198  3.66809106  4.        
-12.56974792  16.40943146  -1.808411     4.        
  0.32631701 -13.87443542   2.48400903   2.        
 2.68223596 -0.70266002  2.41717505  3.        
14.10974121 28.38407135 -1.17773402  3.        
 3.95413995 -1.27564204  1.51022303  3.        
10.80072021 21.26841545 -0.76242101  3.        
-5.86108398  9.25759888  2.19720507  4.        
11.51098633 14.30857754 -0.259186    3.        
-8.4043808  10.06710052 -1.71536195  4.        
  1.11843097 -11.200737     3.31726098   2.        
 0.41662601 -3.55949402  2.50634789  4.        
-6.78152514  9.93997955  1.59143102  4.        
 4.50931501 -0.361031    1.92627001  3.        
-10.07156372  11.92550659  -2.22000098   4.        
-2.76963806  5.5643692  -3.48654199  4.        
 -0.233009   -22.51666641   3.24887109   2.        
-4.19399977  6.30847883  0.397614    4.        
-1.95958698  4.34860182  2.71554589  4.        
 -1.11045802 -28.67396164   5.1152339    2.        
-9.42301178 13.75527954  1.59439099  4.        
 2.91033196 -0.97670001  2.02648902  3.        
  1.19446599 -10.76118469   2.7567749    2.        
-7.16225386  9.26302338 -0.064941    4.        
-3.97444201  6.32567596  0.92529303  4.        
-10.15309906  13.59375763  -4.74682617   4.        
-1.55265796  2.76476312  2.00823998  4.        
13.07929993 23.47549438 -1.62945604  3.        
-2.25634003  3.78871107  1.16568005  4.        
-1.81809199  4.213974   -2.02804589  4.        
