-5.08846998  5.65360308 -5.74557495  4.        
  2.67622399 -37.5598793   -2.79351807   2.        
 -8.78913879  37.55987549 -11.02047729   4.        
 9.74812317 23.59370422 10.97897339  3.        
  1.16787004 -15.25495052  -0.58660901   2.        
-4.44425201 22.36431885 -5.33206177  4.        
8.15995789 9.28578854 3.06884789 3.        
 0.209824   -3.54659295 -0.77075201  3.        
  0.88762701 -26.44894409  -1.920349     2.        
 2.16387892 17.06756592  7.08932495  3.        
-1.48467302  8.45741272  2.8535769   3.        
-9.30339146 14.2456131  -6.26748705  4.        
-10.32209015  28.54125214  -9.09518433   4.        
10.41423035 16.22406769  6.96005201  3.        
 4.77396393  3.30950189 -1.48507702  3.        
-2.60964203 12.28019047 -5.09051514  4.        
-1.98018706  2.0236969   1.92276001  3.        
-10.42314911  20.52042389  -6.75146484   4.        
-0.179993   -9.47687531 -2.93868995  4.        
-3.26497602 -0.015167   -4.35199022  4.        
 3.07737708 11.71933746  4.87884521  3.        
  3.07823896 -31.88734055  -1.46295202   2.        
  1.75637805 -20.93084717  -0.545807     2.        
-6.78848314 32.80622864 -8.80749512  4.        
-5.38561201 27.76604462 -6.90234423  4.        
 6.64439392 19.52926636  9.05447388  3.        
-4.89849806 17.07744598 -4.931427    4.        
3.50370002 7.45367384 1.61529505 3.        
-7.03365278 10.0700531  -4.78653002  4.        
 2.41632795 -0.24088299 -3.39001489  3.        
 6.03030396 14.51609802  7.18640089  3.        
-8.77401733 24.77715302 -7.14236498  4.        
-1.71839094  4.00786591 -3.43768311  4.        
-2.03518701  8.14689636 -4.30706787  4.        
 9.52972412 12.60518646  5.16628981  3.        
1.22155797 4.13420105 0.41113299 3.        
10.45471191 19.96136475  8.38513184  3.        
-1.99503303 -6.68682098 -0.81222498  3.        
 0.361572    0.224731   -0.33432001  3.        
-6.11414289 13.59522247 -4.56884813  4.        
-7.12628222 19.88938713 -5.3779912   4.        
 0.56324798 14.12769318  5.78570604  3.        
-2.30091095 -3.29907203 -3.31112695  4.        
 -9.52793121  34.05669403 -10.59866333   4.        
6.42030287 5.85315704 0.61944598 3.        
-2.50985003 -1.55892205  0.254089    3.        
 0.088608   -5.81006622 -3.38607788  3.        
  0.68128198 -11.92034054  -0.64968902   2.        
-0.160263   11.21894836  4.19970703  3.        
 6.37011719 11.61940765  5.14843798  3.        
  0.38223299 -18.21405029  -1.75537097   2.        
-1.512833    5.32698107  1.898224    3.        
-9.51699829 17.4340744  -6.15170288  4.        
-4.60575104  2.856529   -4.15966797  4.        
  1.68242705 -34.70977783  -1.79400599   2.        
-7.3747859  29.57752228 -8.61569214  4.        
4.99292803 9.62993622 3.23590112 3.        
 7.06659698 22.44090271 10.01129246  3.        
  2.42198205 -29.07907677  -2.50753808   2.        
 4.94532824 17.11724854  8.31976318  3.        
  2.056602   -23.93945122  -0.684753     2.        
-5.8128891  24.74626923 -6.5349431   4.        
 0.95748901 -2.8680501  -3.58374     3.        
-4.95072222  7.95244598 -3.86364698  4.        
2.05181098 9.42088318 3.27487206 3.        
 7.85493517 17.00308228  8.21090698  3.        
-9.87821198 31.31374359 -9.8026123   4.        
 2.14573693  2.11078596 -1.55514503  3.        
 3.3471911  14.10954285  6.46258497  3.        
-3.00969696 15.03205872 -4.76336718  4.        
-7.48045397 22.54732513 -6.15020704  4.        
-3.83699799 19.61224365 -4.84295607  4.        
0.83837903 6.78213501 1.64974999 3.        
-1.35780299 -0.76696801 -2.53121996  4.        
-8.4996109  11.65707397 -6.43191481  4.        
-7.40216112 16.11891937 -5.06765795  4.        
-4.03708696  5.34083605 -3.30230689  4.        
3.68940711 5.30524397 0.054657   3.        
 4.20443678 19.66124725  8.06912231  3.        
-2.35410309 -4.06211901 -0.536102    3.        
-7.92153883 27.17684937 -7.74713087  4.        
-6.47425079  7.92988586 -6.16882277  4.        
-4.51532698 10.64231873 -4.40435791  4.        
 0.43598199 -7.55119324 -1.15197802  3.        
-2.52179694  1.65785205 -2.51522803  4.        
 8.54173279 14.41104889  6.76806593  3.        
6.31745911 7.9281311  1.95254505 3.        
-10.3924408   26.19472504  -8.32766724   4.        
-10.53219604  23.11266327  -7.36627197   4.        
 9.36734009 21.74367523  9.50357056  3.        
  0.34618399 -13.7257309   -2.14801002   2.        
-7.89304399 35.53198242 -9.83358765  4.        
-1.37127697 -9.01583862 -1.00024402  3.        
-0.322678    2.29616499  0.37298599  3.        
 0.910927   -1.38945794 -1.85531604  3.        
  1.17828405 -22.59953117  -2.22323608   2.        
-1.89166999 -5.42001295 -2.56567407  4.        
 8.34709167 11.05930328  4.25888109  3.        
-1.51647198  0.36542499  0.67852801  3.        
-2.05285597  6.09478807 -3.63229394  4.        
-2.33805799 10.19137573 -4.8371582   4.        
 5.03559923 12.88523865  6.26348877  3.        
 9.82229614 18.02907562  7.88677979  3.        
 -0.143677   -11.52613068  -2.53006005   2.        
  1.35478997 -30.77941513  -1.93533301   2.        
 0.62700701 -9.83045959 -1.05300903  3.        
-0.137733   -5.62322187 -0.772461    3.        
  2.20179009 -27.71224976  -1.00720203   2.        
-0.44528201 -1.64630103 -0.370453    3.        
 3.89395094  1.82024395 -2.47372389  3.        
  1.61747706 -32.80228043  -2.45571899   2.        
-3.153687   -1.49376702 -2.92034888  4.        
-0.95810699 -7.315804   -2.52459693  4.        
-7.27764082 12.05364227 -4.93789721  4.        
-8.92314911 19.30571747 -6.05511522  4.        
-6.64076996 18.02799225 -4.97485399  4.        
 1.19065106 12.22380829  5.20529222  3.        
 8.57461643 19.76031494  8.84228516  3.        
0.125183   9.55539703 3.10278296 3.        
 7.48834991 12.97201538  5.96981812  3.        
  3.25971198 -35.83012772  -1.85485804   2.        
 4.02824402 15.65371704  7.40878296  3.        
-5.80699205 29.7806778  -7.52533007  4.        
 2.82349396  3.81751204 -0.78536999  3.        
 5.88394213 21.2644577   8.79852295  3.        
-1.507828    0.70132399 -3.821594    4.        
-4.25319719 13.20441437 -4.79568481  4.        
-8.49337006 32.69151306 -9.78289795  4.        
-5.12785292 15.19879913 -4.76779222  4.        
  1.63033295 -18.89069366  -0.51068097   2.        
 1.87405396 15.2297287   6.75100708  3.        
-3.45868707  3.54705811 -2.86013794  4.        
 1.47139704  0.392876   -1.82638502  3.        
-6.14202118  6.74455976 -4.63674879  4.        
-5.31054688 20.72544861 -5.37536621  4.        
-9.18084717 21.87376404 -6.57876587  4.        
-7.75063276 14.19028473 -5.16628981  4.        
-0.78272998 -3.96057105 -2.41992211  4.        
 6.65061998 10.16821289  3.81115699  3.        
-3.10669708  1.85996199 -4.50253296  4.        
  0.23475599 -16.38952637  -1.838135     2.        
 5.59159088  4.56514692 -0.43399     3.        
-1.20571899  3.59365106  1.30630505  3.        
  1.37020898 -17.06502533  -0.53482097   2.        
  0.68074    -20.01441193  -1.69009399   2.        
2.13098907 5.80859423 0.84609997 3.        
-5.27339888  4.52133894 -4.32949781  4.        
  1.51892102 -24.78966331  -2.22738695   2.        
-6.43261719 26.32725525 -7.1746521   4.        
-9.01544952 29.81715393 -9.29696655  4.        
 -1.137779   -10.77789307  -1.21774304   4.        
  3.15770698 -33.71425629  -1.92150903   2.        
  2.11226702 -25.74745178  -0.829041     2.        
 3.48008704 18.0385952   7.89025879  3.        
-7.4143219   9.66782379 -6.47488403  4.        
-7.63709307 31.2715683  -9.04330444  4.        
 4.75447893 11.06739807  4.70025587  3.        
-3.60475206  9.07265472 -4.05911303  4.        
 1.67192805 10.81838226  4.2651372   3.        
10.18762207 14.54631805  6.18301392  3.        
5.10254717 6.89559889 1.09823596 3.        
0.045189   5.24811506 1.12237501 3.        
-0.88255298  7.01456404  2.08850098  3.        
 3.42706299 10.20020294  3.96087599  3.        
3.57739305 8.79669189 2.68545508 3.        
-3.55922699  6.97638702 -3.49038696  4.        
-1.43136597 -2.41349792 -2.081177    4.        
1.920807   7.97142792 2.21060205 3.        
-5.64756823 11.97255707 -4.43579102  4.        
-3.26013994 16.7468338  -4.65826416  4.        
 -9.22862244  35.82628632 -10.82666016   4.        
 7.39746094 15.42773438  7.56759596  3.        
 7.8092351  20.94832611  9.75796509  3.        
-6.41397095  8.51350403 -4.47744799  4.        
  1.18594396 -29.11802673  -1.37066698   2.        
 6.48577118 17.90707397  8.57049561  3.        
-3.2593379   0.15718099 -2.63293505  4.        
  1.73203301 -36.50154495  -1.71884203   2.        
-5.8322072  23.00534821 -5.98989916  4.        
  2.80159807 -30.20042038  -1.34051502   2.        
  1.869331   -27.39795303  -2.86022902   2.        
 1.07964301  1.75760698 -0.319763    3.        
-1.56494105  2.353302   -3.80789208  4.        
  0.99994701 -13.60174561  -0.63854998   2.        
-8.86044312 15.94698334 -5.89077806  4.        
-6.29284716 31.24394226 -8.11383057  4.        
-8.53948212 28.38860321 -8.65246582  4.        
-4.00219011  3.99034905 -5.20175219  4.        
-7.36947584 24.13265228 -6.62616014  4.        
-10.35665131  24.70566559  -7.6914978    4.        
-6.59337616 28.32636261 -7.8215332   4.        
-5.15540314 18.6671524  -5.04281616  4.        
 8.60310364 22.49349213 10.70330811  3.        
 8.91876221 15.9257431   7.43676805  3.        
0.17546099 8.18291473 2.28735399 3.        
-7.54511309 33.98668671 -9.5395813   4.        
-8.09786987 17.72380829 -5.5091548   4.        
 2.55728197 12.93514347  5.71795607  3.        
  2.55497694 -35.02760696  -3.05127001   2.        
 5.97876692 16.0475235   7.86038208  3.        
-1.49658203 -2.77902198 -0.19863901  3.        
-5.10723877 26.14710236 -6.41006517  4.        
  1.56761205 -22.4537735   -0.74017298   2.        
 0.64539301 -4.37612104 -3.39022803  3.        
 0.60224199 -2.86856794 -2.09484911  3.        
-1.82744598 -1.80024004 -3.61032104  4.        
  2.34665704 -31.52066803  -2.84393311   2.        
 1.512802   -1.46664405 -3.36459303  3.        
-3.9041059   1.92198205 -3.09133911  4.        
-8.20065308 20.87654877 -5.99179077  4.        
 5.29253387 18.86128235  8.75500488  3.        
-4.93199205  6.44609118 -3.79565406  4.        
 7.91111803 18.42900848  8.64828491  3.        
-5.29265594  9.41451263 -4.06704712  4.        
 -0.437309   -12.50270844  -1.44879198   2.        
 0.418549   -4.8216629  -1.89025903  3.        
4.8480072  8.10225677 2.025177   3.        
-8.49662781 13.03317261 -5.88479614  4.        
-3.74394202 18.14260864 -4.77789307  4.        
-4.70253801 23.89143372 -5.6939702   4.        
-9.03090668 26.07382202 -7.77590895  4.        
-8.62802124 23.38253784 -6.64352417  4.        
-2.16895294 -4.0594182  -2.01434302  4.        
-9.55008698 27.36688232 -8.50735474  4.        
 2.71191406  1.00041199 -2.5899961   3.        
-6.70117998 21.25205231 -5.5718689   4.        
 0.283104   -8.18325806 -2.43673706  3.        
 0.34744999 -6.40315294 -2.00945997  3.        
6.51013994 9.08950806 2.87451196 3.        
-7.775002   25.83564758 -7.15866089  4.        
-2.77359796  4.82522583 -2.91949511  4.        
-0.97350299 -4.37439013 -0.60421801  3.        
-6.5185008  15.00276947 -4.77728319  4.        
-2.84998298 13.6553421  -4.940063    4.        
 -9.84446716  32.74850464 -10.23904419   4.        
 3.3711319  2.893013  -1.67038    3.       
-1.01911199 -6.11265612 -1.73193395  4.        
  0.04882    -15.01161194  -1.70834398   2.        
 1.59615302  3.0362401  -0.449249    3.        
  0.83538097 -21.38200378  -1.53503394   2.        
  0.97084802 -27.85967255  -1.88873303   2.        
 4.70558214 14.26203918  6.90792799  3.        
-10.13478947  18.84089661  -6.4937129    4.        
-0.092819   12.53527832  4.88751221  3.        
5.0317378 5.7661438 0.355591  3.       
-0.83640301 -7.54127502 -0.697662    3.        
-5.87525177 10.64578247 -4.32382202  4.        
7.60024977 8.20088959 2.27456689 3.        
-0.01432    3.5885849  0.597992   3.       
3.85366797 6.41248322 0.80453497 3.        
-5.78111315  6.7838521  -5.97100782  4.        
 7.98175097 12.024086    5.15530396  3.        
-7.74941301 10.83652496 -5.67788696  4.        
6.97049713 6.83107805 1.54037499 3.        
 4.00507307 12.42385864  5.54171705  3.        
-3.842659   11.84992218 -4.80099487  4.        
-1.86618805 -5.368752   -0.58270299  3.        
 4.30822802  4.3203578  -0.70962501  3.        
-1.95094299  0.45225501 -2.46881104  4.        
2.42154694 4.80244493 0.016907   3.        
-6.056427   16.25147247 -4.77371216  4.        
 7.27166796 14.02362823  6.77270508  3.        
  2.17722297 -32.82666016  -1.25817895   2.        
10.00830078 22.84887505  9.80593872  3.        
-1.341591 -0.874008  0.186005  3.      
2.27121711 6.91752577 1.52371204 3.        
  2.08041406 -26.05158997  -2.24853492   2.        
-0.851601   10.26660919  3.64913893  3.        
-2.71201301 -2.57145691 -2.31722999  4.        
 8.92453003 13.43126678  5.96304321  3.        
-0.94896698 -8.6980896  -2.17981005  4.        
 6.26534986 13.25839233  6.39373779  3.        
  1.08823395 -23.72919655  -1.60543799   2.        
 3.28292894 16.71548462  7.62692308  3.        
-2.1572721   3.01449609 -2.74383497  4.        
-0.067879   -8.69462585 -0.84628302  3.        
-2.19225311 -0.57843    -3.77029395  4.        
-0.51207697  1.04389203  0.165253    3.        
-10.2961731   29.8547287   -9.34094238   4.        
-10.37838745  21.86115265  -7.00112915   4.        
-4.38288116  4.12155104 -3.51312304  4.        
 5.30129194 20.12058258  8.65560913  3.        
-1.09232295 -2.96063209 -3.17364502  4.        
  0.329193   -10.38359833  -2.14276099   2.        
  2.7728579  -34.9066925   -1.15991199   2.        
 -8.47773743  36.58692932 -10.17929077   4.        
-4.15910292 21.06899261 -5.05380201  4.        
  0.83133698 -12.69586945  -1.65115404   2.        
  1.374107   -18.95927429  -1.76065099   2.        
-0.66870099 -5.17887115 -2.61706495  4.        
  2.37294006 -30.31497574  -2.56243896   2.        
  2.52963996 -33.70376968  -2.98770094   2.        
-3.79223609  2.73882294 -5.08294678  4.        
  2.59422302 -28.88220596  -1.30398595   2.        
 0.47435001 -2.272331   -1.02523804  3.        
 1.92761195 13.88812256  6.17520094  3.        
  2.5135119  -36.22794342  -2.74737501   2.        
-1.68402898 -4.35247803 -3.165344    4.        
-7.05100298  8.85457611 -5.60430908  4.        
10.23880005 21.09681702  8.93588257  3.        
1.09889996 8.90729523 2.71423292 3.        
  1.96649897 -21.79415894  -1.716766     2.        
 0.56046301 -0.89260101 -0.77020299  3.        
-4.1314621  14.50336456 -4.802948    4.        
 5.13874817 11.92848206  5.46295214  3.        
  1.22440302 -17.22337341  -1.72366297   2.        
-5.58386183 21.87117767 -5.65786695  4.        
 9.59403992 19.116539    8.3716116   3.        
-3.862221    1.02536798 -4.07083082  4.        
-5.79151201  5.54784393 -4.67993212  4.        
  0.029922   -10.93773746  -0.88159198   3.        
-8.70279694 31.19386292 -9.59317017  4.        
-2.41626    -0.485405    0.77783197  3.        
 0.161118   -7.06416321 -2.9876709   3.        
-5.89981794 19.7086792  -5.16473389  4.        
  1.79311395 -20.44345856  -1.71707201   2.        
-1.902946    4.10047197  2.12994409  3.        
-9.24488068 20.41243744 -6.34182692  4.        
-4.29103088 16.03782654 -4.79916382  4.        
-8.62168884 34.48110962 -9.9637146   4.        
 1.57454705 -0.53218102 -2.55639601  3.        
-2.2276001  -1.48507702 -2.17709303  4.        
-1.32231104 -4.84545898 -1.69021595  4.        
 7.18100023 10.99474335  4.46914721  3.        
 5.16342878 15.27990723  7.42593384  3.        
-3.37011695 10.75453854 -4.75894213  4.        
  2.77268195 -32.58936691  -2.39343309   2.        
 6.67194414 21.23391724  9.67224121  3.        
 5.45597792 10.39029694  4.00296021  3.        
-7.49104309 18.74440765 -5.35223389  4.        
-9.59570312 23.94322205 -7.21542406  4.        
 9.17791653 16.99785614  7.81744385  3.        
-0.88289601 -9.79295254 -1.78750598  4.        
  1.95718396 -31.62596893  -1.30740404   2.        
-7.17487288 13.22366333 -4.85314894  4.        
 0.663414   10.38357544  3.90692091  3.        
-1.86537194  6.47242022  2.35140991  3.        
-1.17408001  1.74132502  0.91522199  3.        
 2.93060303 15.55269623  7.07559204  3.        
-2.46553802  7.23541307 -3.72723389  4.        
-6.90112305 25.14353943 -6.91473389  4.        
  1.30574    -16.03157806  -1.40954602   2.        
1.17962599 5.1733551  0.87628198 3.        
-8.11171722 15.26920319 -5.36865187  4.        
-2.16245294  0.72426599  1.53875697  3.        
-0.194763    6.33687592  1.50497401  3.        
 8.6269989  10.14487457  3.6690979   3.        
  0.957771   -14.44422054  -1.37701404   2.        
 8.94506836 20.76883507  9.15371704  3.        
  0.58882099 -11.46872711  -1.69455004   2.        
 4.4437871  18.16284943  8.41879272  3.        
-3.26930189  8.07202053 -3.73098707  4.        
-5.02718306  4.60436201 -5.41153002  4.        
  2.42189789 -27.97276688  -2.09838891   2.        
  1.67122602 -26.76964569  -1.20141602   2.        
-2.47332811  9.18208313 -4.42807007  4.        
  1.51202404 -24.87709045  -1.13507104   2.        
-3.0651629   5.99275208 -3.22546411  4.        
  1.22943103 -19.99236298  -0.72909498   2.        
 9.1648407  11.71113586  4.66259813  3.        
0.66396302 2.7189641  0.189178   3.        
  2.21337104 -33.91287994  -1.27902198   2.        
-1.76477802  5.07448578 -3.8621521   4.        
-9.54685211 22.83196259 -6.92941284  4.        
  1.30613697 -29.74794006  -2.25912499   2.        
-0.64028901 -6.30973005 -2.76196289  4.        
-1.58039105  1.42985499 -2.99282789  4.        
-6.75142717 27.24964714 -7.6338501   4.        
-7.55503893 28.09082794 -8.23937988  4.        
-2.82803297  0.789024   -3.78890991  4.        
-0.99527001 -6.24666595 -0.60000598  3.        
-1.79366302 -6.70251513 -2.18151903  4.        
 9.58998108 15.32813263  6.85470581  3.        
-9.83274841 16.42020416 -6.2880249   4.        
 6.7877202  16.95113373  8.17041016  3.        
 1.19753301 13.21009827  5.61270094  3.        
  0.92175299 -18.10605621  -0.84127802   2.        
-6.59664106  7.61579084 -5.04919386  4.        
 -0.01931    -13.44403076  -1.18118298   2.        
-0.78740698  4.60597181  1.28305101  3.        
-0.42891699 -2.69756293 -0.51901197  3.        
-5.76203203 28.72383881 -7.29464722  4.        
-5.04840088 13.89493561 -4.66970778  4.        
-4.9134059  25.02645874 -6.04791307  4.        
10.22631836 17.1415329   7.47067308  3.        
-0.59330702 -0.110352   -0.022827    3.        
-7.00949097 30.5689621  -8.55215454  4.        
 1.44304705  1.34058404 -1.35711706  3.        
  1.67873394 -35.57862091  -2.39514208   2.        
-8.06228638 30.30731201 -9.10726929  4.        
 8.77554321 17.93508911  8.30450439  3.        
-4.28301191  1.86835504 -4.53951979  4.        
 4.00229597 13.36206818  6.12371778  3.        
-7.59400892 32.3813858  -9.32723999  4.        
-0.41937301 -9.77914429 -0.84728998  3.        
 0.170021   -4.58946991 -0.82565302  3.        
 0.38073701 -9.07379246 -1.72314501  3.        
-7.31147003 17.15466309 -5.09100294  4.        
  1.94130695 -23.0380249   -1.51437402   2.        
-4.86277819 19.7287674  -5.22009277  4.        
-1.021088   -1.87590003 -2.96029711  4.        
-1.75058699  7.47234297  2.60293603  3.        
 0.80088001 11.32205963  4.57598877  3.        
-5.06056976  3.61897993 -4.79440308  4.        
-2.74194288 -2.33608198 -3.36303711  4.        
  1.48914301 -31.75996399  -2.31283593   2.        
-1.26122999 -7.79006195 -1.65734899  4.        
-2.4850769 -0.433754  -2.2880249  4.       
  1.59515405 -33.82661438  -2.33413696   2.        
3.94186401 9.54251862 3.29602098 3.        
  1.76326704 -29.97277451  -1.36377001   2.        
 0.64746898 -3.91389489 -2.46993995  3.        
 2.69374108 10.92838287  4.28375196  3.        
 6.61988115 12.4466629   5.81286621  3.        
-2.78085303 -1.44911206 -3.87860107  4.        
 2.05229211 11.6951828   4.92761183  3.        
5.55151415 8.69738007 2.47592211 3.        
-8.2746582  16.71273804 -5.54098511  4.        
-5.85486603  7.67933607 -4.27224684  4.        
 7.9501338  21.79798889 10.31158447  3.        
 0.121971   -6.59680223 -0.94079602  3.        
 9.89709473 13.50229645  5.67144823  3.        
-8.85150146 18.26560211 -5.92596388  4.        
-6.5616231  11.34544373 -4.59484911  4.        
  3.04406691 -34.79740906  -2.13244605   2.        
2.93058801 8.04465485 2.22631788 3.        
-1.90408301  3.08056593  1.82711804  3.        
-6.23021698  9.55970764 -4.41644287  4.        
  2.70269799 -31.05251312  -1.89071703   2.        
-1.01962304  9.31391907  3.11856103  3.        
-4.94967604  5.44259596 -3.89984107  4.        
 7.63137817 19.90808868  9.16442871  3.        
 7.62602186 10.0970459   3.57046509  3.        
  1.57658398 -28.62164307  -2.21374512   2.        
-10.52928162  27.27006531  -8.70681763   4.        
-3.21620202  2.50701904 -2.65307593  4.        
 1.19186401 -2.19031501 -2.74810791  3.        
-7.98140001 12.11964417 -5.64715576  4.        
  0.41896099 -15.76758575  -1.00656104   2.        
10.50480747 18.95561218  7.99206495  3.        
 0.98297101 14.93048859  6.20822096  3.        
 3.00972009  2.0397191  -2.0657959   3.        
 2.37259698  2.99916792 -1.12557995  3.        
 -0.50559199 -11.51654053  -1.60815406   2.        
-3.33751702 -0.681557   -3.59826708  4.        
-1.41351295 -3.38147712 -1.88055396  4.        
-9.40538025 28.96099854 -8.99346924  4.        
-8.10320282 19.77625275 -5.76879883  4.        
-6.23436022 23.86682892 -6.38003492  4.        
 4.78675795 16.23459625  7.9067378   3.        
-6.83894396 31.794487   -8.71936035  4.        
 6.3307271  20.45721436  9.17520142  3.        
-1.34493995 -0.260445   -3.372437    4.        
 3.78928399 10.9425354   4.57049608  3.        
-8.23438263 21.91952324 -6.18182421  4.        
 0.83483899 -0.04528    -1.18124402  3.        
-5.96349287 17.33248901 -4.84603882  4.        
6.08464813 6.90856886 1.13211095 3.        
 3.75980401  3.63050103 -1.15911901  3.        
0.997711   7.71843719 2.01153588 3.        
  2.17430902 -27.00047302  -2.00640893   2.        
-4.06323195  2.89386702 -3.26113892  4.        
2.37757111 8.67723846 2.73355103 3.        
-9.2706604  32.0762558  -9.78869629  4.        
-9.56825256 25.27214813 -7.6121521   4.        
-3.34425402  1.12688506 -2.6408999   4.        
-2.44081092 -2.55139208 -0.16995201  3.        
 4.40812683 10.17777348  3.8622129   3.        
 5.50794983 17.91862488  8.70257568  3.        
4.53537798 8.89182281 2.58132911 3.        
 4.29637909  2.66188788 -2.02175903  3.        
-2.49893999 11.32667542 -4.97323608  4.        
-4.31329393  9.70198822 -4.31015015  4.        
0.011612   7.31137896 1.87658703 3.        
  1.46218896 -25.76100159  -1.54043603   2.        
-4.79271698 12.39369202 -4.57415819  4.        
-3.087852    0.89887202 -4.70932007  4.        
 3.92282891 14.81934357  6.94290209  3.        
 9.55953979 20.09676361  8.7041626   3.        
  0.56095099 -16.92224121  -1.03024304   2.        
 1.72721899 16.17584229  6.80493212  3.        
-1.54786694 -1.79682195  0.027405    3.        
 2.04917908  3.92617011 -0.231232    3.        
-6.56146193 29.59499359 -8.11080933  4.        
 0.277428   13.31237793  5.37167406  3.        
-3.38221002 12.7918396  -4.85400391  4.        
 4.67339277  5.07917786 -0.203613    3.        
 5.50338697 13.75434875  6.68460083  3.        
-6.53270721 22.36820221 -5.86993408  4.        
  1.96447003 -24.17328644  -1.60534704   2.        
-7.88088179 24.940979   -6.84545898  4.        
-5.87654877 25.68328857 -6.72052002  4.        
 8.05400085 13.64667511  6.39019823  3.        
2.99878693 9.43473816 3.33248901 3.        
3.0255971  5.90747118 0.54757702 3.        
 -9.08048344  33.39465332 -10.08880615   4.        
5.9897542  5.09104919 0.25781199 3.        
 2.46135712 10.18346405  3.74734497  3.        
 2.72765398 17.8010025   7.36727905  3.        
-8.50256443 14.17538548 -5.76828003  4.        
 3.40866089  4.48428297 -0.45770299  3.        
-0.837708    7.91278076  2.37914991  3.        
5.93942308 9.65761566 3.36749291 3.        
-6.67398119 19.12277222 -5.06378222  4.        
-6.51777697 12.50652313 -4.61001587  4.        
 5.69541883 11.1025238   4.65625     3.        
  0.80201697 -19.07275391  -1.02023304   2.        
-0.92137098  2.74856591  0.94287097  3.        
  2.12725806 -35.6613121   -1.57098401   2.        
0.66516101 5.94057512 1.25945997 3.        
-9.40994263 15.2486496  -6.19140577  4.        
1.00760698 9.67396545 3.39337206 3.        
-4.55370283  8.81445312 -4.1376338   4.        
  0.18437999 -12.35224915  -2.23837304   2.        
 0.39848301  1.14279902 -0.14859     3.        
 5.86086988 16.93839264  8.27801514  3.        
  0.95583302 -15.30149841  -1.87280297   2.        
-0.61341101 -6.94712782 -1.66491699  4.        
-5.59094191 26.82457733 -6.82461596  4.        
 7.97637892 16.11977386  7.79098511  3.        
-8.81336212 26.94678497 -8.00808716  4.        
 3.9776001  17.18463898  8.02352905  3.        
-2.6122129   3.90699792 -2.7562561   4.        
-9.8807373  19.74191284 -6.36679077  4.        
 2.65920305 14.7547226   6.64117384  3.        
 7.73178101 22.76794434 10.55566406  3.        
 -9.2765274   34.9260025  -10.44415283   4.        
-3.60842109  0.349785   -3.4563601   4.        
0.40545699 4.43744707 0.68960601 3.        
-8.40135956 29.27362823 -8.83154297  4.        
 8.39012146 15.21616364  7.2122798   3.        
-6.95834303 23.31433868 -6.31982422  4.        
-1.54162598 -3.67661309 -0.35730001  3.        
-3.43701911  9.8706131  -4.49963379  4.        
 0.47527301 -5.03164721 -2.77490211  3.        
-4.98483276 23.01526642 -5.66464186  4.        
 1.99935102  1.09795403 -2.03622389  3.        
-0.174538   -7.96752214 -3.18576097  3.        
-0.341553    8.84495544  2.74896193  3.        
-5.45012712  6.28065491 -5.08273315  4.        
 3.59815192 19.04749298  7.81094408  3.        
 -8.97057343  36.6815033  -10.93991089   4.        
-7.56086683 21.47749329 -5.78045607  4.        
 5.18846083  3.82737708 -0.87768602  3.        
  3.24269104 -32.75717926  -1.61203003   2.        
 9.30285645 22.36474609 10.14843845  3.        
-1.78965795 -7.55155897 -0.93167102  3.        
  0.30007899 -17.30750275  -1.79666102   2.        
-0.71055597  5.54502916  1.49942005  3.        
  1.77632105 -28.41801071  -1.35000598   2.        
-9.69940186 21.15148926 -6.56427002  4.        
 8.70022583 18.9246521   8.5675354   3.        
-4.06548309  7.67931414 -3.75244093  4.        
-5.71214294 14.48403931 -4.64004517  4.        
3.09314704 6.70354509 1.15747094 3.        
-7.45754194  9.98561859 -5.64746094  4.        
-0.92066199 -5.25483704 -0.50933802  3.        
 9.36509705 14.24974823  6.32577515  3.        
  1.32080805 -16.12473297  -0.52703899   2.        
  1.07650805 -25.61855125  -2.32299805   2.        
 8.42637634 12.68733215  5.53262281  3.        
-3.61427307  4.39447021 -3.04211402  4.        
 4.18208313 11.49252319  5.21594191  3.        
  0.230186   -12.65354919  -0.88647503   2.        
4.24925995 7.09322405 1.19512904 3.        
 8.56376553 21.39559937  9.77429199  3.        
  0.99101299 -22.30449677  -1.38296497   2.        
-6.40228319 20.44408417 -5.41354418  4.        
 1.50080097  2.24370599 -0.911865    3.        
 7.39349413 17.69431305  8.48193359  3.        
-0.67771101 -3.55337501 -0.55953997  3.        
-4.65103912 17.91537476 -4.9258728   4.        
  2.04963708 -21.72921753  -0.817963     2.        
 6.25898695 15.31957245  7.47036695  3.        
5.41863298 7.53537798 1.59942603 3.        
 0.92974102  0.78585798 -0.92355299  3.        
 8.59727478 23.32607269 10.95928955  3.        
-4.14319611  6.25722504 -3.4785459   4.        
 1.98644996  0.234421   -2.5350039   3.        
-4.81421709 11.44693756 -4.54672194  4.        
 0.239143   -7.38370514 -2.09857202  3.        
1.52950299 6.21681213 1.32263196 3.        
3.9869771  8.20559692 2.04538012 3.        
  2.57534003 -36.46147537  -1.52066004   2.        
-3.24324799 15.88422394 -4.7306819   4.        
-7.26579285 10.89139557 -4.96243286  4.        
-6.93424177 14.24545288 -4.81512403  4.        
  1.23848701 -18.09385681  -1.74932897   2.        
 -0.48581699 -10.61136627  -1.96756005   4.        
  0.110138   -14.29747009  -1.17196703   2.        
 -8.6623764   35.55233765 -10.23822021   4.        
-5.21829987 16.07940674 -4.86578417  4.        
-4.30310106 18.89655304 -4.94638109  4.        
  0.94574702 -13.55330658  -1.49475098   2.        
-4.80639601 21.58998871 -5.4370122   4.        
-5.51245117  8.58968258 -4.12066603  4.        
-5.38553619 13.11906433 -4.54446411  4.        
-9.360466   30.66153717 -9.47302341  4.        
7.30110216 9.48216248 3.07418799 3.        
-1.63053095  3.21323395 -3.73577905  4.        
-7.84213305 12.93543243 -5.29983521  4.        
  2.6046679  -31.11758423  -1.04620397   2.        
-7.34102583 15.06872559 -4.98934889  4.        
 5.80049086 12.63262939  5.98852491  3.        
-5.4020772  23.93250275 -6.17630005  4.        
 7.19891405 18.91364288  8.86712646  3.        
 7.65391493 14.72118378  7.06774902  3.        
-3.91076708 17.26987648 -4.80371094  4.        
 0.274681   -5.67867994 -1.57775903  3.        
-6.14063978 30.42362213 -7.97116089  4.        
-7.85755205 10.45406342 -6.42449903  4.        
-2.52114892 -3.389709   -2.39990211  4.        
 2.52916694 16.31782532  7.21554613  3.        
 6.34224701 18.76296234  8.87634277  3.        
  1.73613    -19.57872772  -1.25927699   2.        
-7.40458679 33.19842529 -9.25558472  4.        
-1.37935603 -1.07754505 -3.56958008  4.        
5.62445116 6.34952593 0.70620698 3.        
-8.37890625 27.64136505 -8.27584839  4.        
-8.21925354 33.55176544 -9.78170776  4.        
  2.6419909  -29.54475784  -1.84707606   2.        
  1.04414403 -20.76721954  -0.98681599   2.        
-7.83666182 23.30509949 -6.38317919  4.        
 3.14967394 12.3980484   5.36154222  3.        
-8.23219299 18.9542923  -5.69750977  4.        
-6.02966309 27.82529449 -7.42559814  4.        
 6.630867   22.03159332  9.43475342  3.        
 1.56362903 10.18240356  3.74310303  3.        
 7.083076   20.52860451  9.52407837  3.        
  2.17899299 -25.29566193  -1.52142298   2.        
-3.29641008 -0.700638   -2.73086596  4.        
-7.71721697 28.82545471 -8.58700562  4.        
-1.79981196 -2.67076111 -3.50482202  4.        
-1.86650801  2.27590895 -2.9746089   4.        
-6.86588287  9.1995163  -4.80081177  4.        
  1.65588403 -32.38661194  -1.74377406   2.        
-0.182961   -0.76030701 -0.32296801  3.        
-1.84767902  6.77127123 -4.05661011  4.        
  0.68277699 -10.63533783  -1.28390503   2.        
  1.52179694 -23.30579376  -0.85812402   2.        
 7.21128082 11.73644257  5.14471388  3.        
-7.48602295 26.56587219 -7.4029541   4.        
-8.52944183 25.54911804 -7.39169312  4.        
 6.83027697 14.69193268  7.23596191  3.        
  2.10009789 -36.87232971  -2.45657396   2.        
1.24275994 3.32135797 0.32418799 3.        
 0.50360101 -3.17394304 -2.97766089  3.        
 3.12405396 13.42048645  6.08563185  3.        
  2.03053308 -28.2922554   -2.80630493   2.        
  2.30001092 -26.3499527   -1.50823998   2.        
  2.14911604 -34.38126755  -2.55932593   2.        
-3.36731005  2.64460802 -4.39343309  4.        
  1.64833796 -33.21809769  -1.73968506   2.        
 -0.128746   -11.90593719  -0.98733503   2.        
-1.78189802 -5.87653303 -1.89385998  4.        
-9.36081696 28.21264648 -8.67501831  4.        
-9.07975006 16.72663879 -5.97604418  4.        
 6.92842102 16.0166626   7.87622118  3.        
-5.64411211  6.24021912 -4.23812914  4.        
7.12632799 7.58319807 1.80526698 3.        
-9.70890808 26.57659912 -8.11209106  4.        
-7.85579681 34.69971466 -9.77114868  4.        
 -0.172363   -10.66220093  -2.71609497   2.        
 6.38790894 10.72099304  4.34335279  3.        
-10.54946136  23.88977814  -7.59457397   4.        
-2.48512292  0.109039   -4.17349195  4.        
-0.39903301 -5.72901201 -2.088135    4.        
-7.31368303 20.72325897 -5.56741285  4.        
 2.03508806 12.42095947  5.37612915  3.        
  1.24984705 -21.6298275   -0.88040203   2.        
10.1157074  21.87304688  9.22717285  3.        
  1.10859704 -20.86682892  -2.09414697   2.        
0.34147599 1.99595594 0.025085   3.        
-1.11422706 -3.7682879  -3.13018799  4.        
-1.42806196 -1.588745   -2.21331811  4.        
-8.15981293 24.12884331 -6.78317308  4.        
-5.24276018  7.16959381 -3.96557593  4.        
-2.07449293 -4.90304613 -1.97567701  4.        
-1.16710699  6.09878492  1.86367798  3.        
6.80219984 8.54206085 2.36410499 3.        
-10.29196167  25.4733963   -7.91635084   4.        
-9.98087311 18.06848717 -6.34194994  4.        
-3.64594293 13.72902679 -4.88192701  4.        
-8.8707428  21.16266632 -6.32565308  4.        
  2.90873003 -35.54924011  -2.55648804   2.        
 4.52300978 18.95938873  8.43505859  3.        
  1.52989995 -27.53742218  -1.40567005   2.        
 9.56428528 16.39802551  7.42785597  3.        
10.34980774 15.49350739  6.64077806  3.        
4.23272705 5.79813385 0.37405401 3.        
 2.81794691  0.41695401 -3.12646508  3.        
-2.42635298  5.51592302 -3.22369409  4.        
10.56838989 17.94098663  7.62029982  3.        
-7.01981306 28.8768692  -8.20803833  4.        
  1.76276398 -26.55383301  -2.77712989   2.        
-6.32878923  6.96994781 -5.4255681   4.        
-6.61192322 16.84080505 -4.888062    4.        
-1.53000605  2.38814497  1.381042    3.        
 0.485733   -3.42752099 -1.50430298  3.        
 0.338074   -5.85343885 -2.63491797  3.        
 7.94290209 19.20393372  8.80874634  3.        
 1.14190698 -0.63243097 -1.88296497  3.        
-8.80605316 22.62266541 -6.51785278  4.        
-5.15984297 10.20326233 -4.27844191  4.        
-4.36779022  3.29074907 -5.22518921  4.        
-1.38252294  0.443268   -3.01553297  4.        
-1.31880903 -9.83654022 -1.13333094  3.        
-4.087883    2.26059008 -3.77633691  4.        
 0.338837   -8.21018982 -1.65329003  3.        
-8.75279236 12.44942474 -6.34429884  4.        
-0.821266   -8.47418213 -0.85553002  3.        
 0.52394903 12.01888275  4.80801392  3.        
 5.82929993 19.41658783  8.89093018  3.        
-7.39758301 17.94633484 -5.16229296  4.        
  3.08632708 -36.75045395  -2.86309791   2.        
  1.64631605 -17.8081665   -0.84204102   2.        
  1.93211401 -30.96575165  -2.478333     2.        
-2.70923591  0.68019098 -2.4403379   4.        
 7.22666216 21.57744598 10.10510254  3.        
 3.4498291   1.23524499 -2.74108911  3.        
  1.95249903 -30.79182434  -1.43191504   2.        
 6.38349915 13.91622925  6.83129883  3.        
  1.155159   -21.72875214  -2.15808105   2.        
  0.050957   -13.06210327  -1.86160302   2.        
-1.251091   -5.79354095 -2.8097229   4.        
-1.76893604 -4.57359314 -0.467834    3.        
 1.33264196 -1.44008601 -2.58941698  3.        
-10.15579987  30.52764893  -9.70706177   4.        
  0.97862202 -12.82383728  -0.63342297   2.        
 0.65505999 -2.11881995 -1.76672399  3.        
-1.52789295  1.57419598 -3.75439501  4.        
-8.70239258 14.92550659 -5.75570679  4.        
 4.70706177 13.57149506  6.41778612  3.        
 9.25576782 22.912323   10.73513794  3.        
 8.21881104 20.40283203  9.26806641  3.        
-0.232559   -9.78573608 -2.20883203  4.        
-1.77410102  1.44970703  1.30938697  3.        
-4.22160292 20.27135468 -4.97601318  4.        
  2.24878693 -32.9311409   -2.88559008   2.        
-0.094398   10.42526245  3.65029907  3.        
  1.95654297 -29.09029388  -1.68777502   2.        
  2.23037696 -24.66606903  -0.94577003   2.        
  1.18221998 -14.48292542  -0.57849097   2.        
-4.25829315  4.71114397 -5.30679321  4.        
  0.53365302 -14.938797    -0.89224201   2.        
-9.06648159 13.51460266 -6.20114088  4.        
1.85095203 4.9812932  0.501984   3.        
-8.29427338 26.51437378 -7.62515306  4.        
  3.23687696 -34.39300919  -1.49624598   2.        
 0.249153   -9.02539825 -2.48703003  3.        
-2.823807   -0.657417   -4.20089722  4.        
-3.77664208 15.18466854 -4.80419922  4.        
-7.07897902  8.98124695 -6.4032588   4.        
-8.1335907 31.8367691 -9.355896   4.       
-4.72368622  3.64040399 -4.00360107  4.        
-3.65596795  3.47880507 -4.74905396  4.        
-2.06521606  4.66780806 -3.26300001  4.        
-5.59420776 17.99486542 -4.93499804  4.        
 0.315193   -1.57946002 -0.54443401  3.        
 1.84813702 -0.78237897 -3.32870507  3.        
-10.10138702  27.90113831  -8.6975708    4.        
-0.90228301 -3.21039605 -2.43099999  4.        
-1.42346203  4.59686279  1.69726598  3.        
 1.62384796 14.5877533   6.42706299  3.        
-2.19819593 -3.30708289 -0.26992801  3.        
  0.60693401 -19.17295837  -1.74563599   2.        
-6.62567902 24.4848175  -6.5692749   4.        
-2.68781304  8.51553345 -4.14575195  4.        
  1.34822905 -24.0559082   -2.26861596   2.        
  1.90271795 -21.08226776  -1.26983595   2.        
-0.46858999 -8.16308594 -2.484375    4.        
-0.53175402 -6.84798384 -0.66299403  3.        
-0.91478002 -4.48821306 -3.04122901  4.        
1.70571899 7.32793379 1.80212402 3.        
-3.77261305  1.14130402 -3.25686693  4.        
2.75657606 7.39103699 1.84249902 3.        
  2.66296411 -31.87084579  -2.08618212   2.        
-8.88896942 24.01785278 -6.94155884  4.        
-7.62436724 11.51099396 -5.3780818   4.        
-0.200821   11.85549927  4.59411621  3.        
  1.174667   -27.28406906  -2.31744409   2.        
  2.94631195 -34.34070969  -2.71359205   2.        
7.57989502 8.90073395 2.70108008 3.        
-8.70960999 17.34558868 -5.79763794  4.        
-4.67561293  4.7766881  -3.72708106  4.        
-1.73507702 -8.37980747 -1.10263097  3.        
  2.322258   -29.59540939  -1.06045496   2.        
  2.77407789 -33.35503387  -1.40179396   2.        
-0.333473   -6.92454481 -2.34509301  4.        
-6.14922285 27.06912231 -7.25482178  4.        
-0.8405     -8.99315643 -1.51681495  4.        
-2.10489607 -2.84872389 -2.01409888  4.        
-6.821136    8.30521393 -5.15512085  4.        
  2.58483911 -27.44083786  -1.58898902   2.        
  1.00270796 -23.00099945  -1.60952795   2.        
 8.52627563 16.66797638  7.86428785  3.        
 7.31075287 12.35569763  5.59216309  3.        
-3.61125207  1.44252801 -4.82495117  4.        
  1.53700995 -18.52762604  -1.13696301   2.        
-9.46903992 18.73095703 -6.21542406  4.        
-3.9521029   8.44963837 -3.90661597  4.        
 4.09668016 16.4706192   7.89523315  3.        
  2.09715295 -29.6284008   -2.86041307   2.        
-0.60076898  3.82119012  0.971313    3.        
 7.73226881 10.66210938  4.01629591  3.        
 1.881531   13.22270203  5.85687304  3.        
  1.49202704 -23.36065674  -2.08276391   2.        
 8.8777771  12.22782898  5.08273315  3.        
  1.46515703 -24.09858704  -1.06848097   2.        
-8.19381046 13.57014465 -5.50817919  4.        
-4.06745911 11.14416504 -4.66604614  4.        
-1.72139001 -0.37391701  0.54162598  3.        
  1.41708398 -16.7219696   -1.23388696   2.        
4.78672791 6.31314087 0.756378   3.        
-3.34503889  5.32524109 -3.10470605  4.        
-4.40281677  6.92754412 -3.71734595  4.        
  0.340637   -15.67414856  -1.88796997   2.        
-3.24060106 14.32090759 -4.82815599  4.        
  1.15545702 -24.50325012  -1.67669702   2.        
-2.25840807 -4.05748701 -2.84838891  4.        
-1.24672699 -6.95261383 -0.655518    3.        
-5.59358215  4.89758301 -4.91128492  4.        
-4.47158813  2.51162004 -4.79623413  4.        
 0.89000702 -3.60790205 -3.39877295  3.        
-2.18885803 -5.98855591 -0.74588001  3.        
-8.07546234 16.05078888 -5.3503418   4.        
-8.63404942 20.27251434 -5.99359083  4.        
-1.07601202  1.02971601  0.60766602  3.        
  1.89872706 -20.2158432   -0.85217297   2.        
-6.70218706 15.94351959 -4.80151415  4.        
-1.32074702 -7.05367994 -1.67318702  4.        
-0.10495    -7.99148607 -0.72155797  3.        
-5.89038897 21.24108887 -5.51718092  4.        
  0.67671198 -11.14707947  -0.66348302   2.        
-10.0318222   29.19772339  -9.25048828   4.        
-7.0654068  25.88477325 -7.20773315  4.        
-2.51856208  2.39189911 -2.56176805  4.        
 4.67749786 12.43871307  5.83846998  3.        
-0.24675    -8.78978729 -3.11578393  3.        
  0.45947301 -14.48041534  -1.94494605   2.        
5.62930298 8.09829712 2.01629591 3.        
4.44923401 7.6510849  1.58822596 3.        
-6.32494307 28.98241425 -7.77432299  4.        
0.39164001 8.87963867 2.65475512 3.        
 1.40897405 -2.32579803 -3.50711107  3.        
-2.73007202  6.58246613 -3.43158007  4.        
-10.17588043  22.54685211  -7.08721924   4.        
 4.90717316 19.54239655  8.55361938  3.        
  2.736099   -33.36959839  -2.37207007   2.        
 0.74778003 12.77187347  5.25991821  3.        
-3.20168304 11.55303955 -4.80813599  4.        
 9.00727844 14.92536926  6.89990187  3.        
-4.04952192 12.52468872 -4.80743408  4.        
 9.81956482 23.31841278 10.29580688  3.        
  2.44844794 -32.09333801  -1.118011     2.        
 0.65646398 -1.53672004 -1.15756202  3.        
 1.22326696 13.84386444  5.91458082  3.        
-2.81440711 -1.87795305 -2.35855103  4.        
  2.01458693 -32.17938614  -2.51397705   2.        
  0.81760401 -27.11566162  -1.71334803   2.        
 4.06536913 13.95986938  6.48519897  3.        
 1.35659802 15.63747406  6.51147509  3.        
  0.50531    -17.60835266  -1.19799805   2.        
 -0.50184602 -10.46765137  -0.94702101   3.        
-0.35626999  2.97777605  0.57370001  3.        
-5.82530212 18.86241913 -5.096313    4.        
 0.21737701 -9.36092377 -0.73468     3.        
 8.47294617 11.6798172   4.76116896  3.        
-2.05037689 -0.98090398  0.429443    3.        
  1.39180005 -19.87871552  -1.81121802   2.        
-2.09578705  0.118408    0.97940099  3.        
  2.41224694 -34.87174225  -1.84729004   2.        
 4.73097992 20.10549927  8.18313599  3.        
 0.41606101 -4.22474718 -1.53118896  3.        
  2.78677392 -28.25559998  -1.53607202   2.        
 0.41390201 -9.78235626 -1.80407703  3.        
 2.66689301 14.07781219  6.32479906  3.        
-0.93578303  0.42942801  0.28720099  3.        
 1.36623394 11.66866302  4.82263184  3.        
 7.40263414 16.49688721  8.06585693  3.        
-2.89672089  3.173805   -2.69744897  4.        
6.67868805 9.64952946 3.35101295 3.        
-8.03840637 11.45606232 -5.93197584  4.        
-2.7958529  -1.11991894 -2.33374     4.        
1.71138    8.59260559 2.56201196 3.        
  0.960747   -16.36367035  -1.90951502   2.        
 5.80696106 12.03386688  5.6088872   3.        
-6.63861084 10.65887547 -4.58218384  4.        
-5.65399218  5.54076385 -5.36557007  4.        
-4.85719299 14.55392456 -4.74618483  4.        
  1.58989704 -27.89281845  -2.19219995   2.        
-2.07969689 -1.09794605 -3.33023095  4.        
-0.025192   -6.4873662  -3.32177711  3.        
2.46579695 6.3615489  1.16485596 3.        
 3.52973199 12.88902283  5.72286987  3.        
6.40633392 7.40618086 1.51122999 3.        
-1.95236194  5.61438799  2.34411597  3.        
  2.41916704 -26.4983902   -0.84652698   2.        
-5.54441786 11.24586487 -4.38906908  4.        
-3.03721595  1.42567396 -3.94528198  4.        
 3.33667803 16.06686401  7.40429688  3.        
 5.35035706 14.53655243  7.08492994  3.        
-5.88677979 15.27433777 -4.77368212  4.        
  0.30090299 -11.1109314   -2.21020508   2.        
 4.03012896  3.16566491 -1.63775599  3.        
  1.75634801 -25.41550446  -2.07342505   2.        
-0.64837599  1.69232905  0.402771    3.        
  2.00488997 -22.29154968  -1.24578905   2.        
 8.61386108 21.94321442 10.21835327  3.        
  1.475227   -30.32784653  -2.58346605   2.        
 3.07909393  5.02654982 -0.086273    3.        
 2.48181891  1.613258   -1.97219801  3.        
  0.96630901 -28.48810959  -1.61630201   2.        
-1.42827594 -4.17615509 -1.78613305  4.        
6.63674212 6.30760193 1.08264196 3.        
0.62714398 3.79806495 0.43850699 3.        
-2.14161706 -2.17391205 -2.11471605  4.        
2.47608209 5.38374281 0.371521   3.        
 8.12541199 17.76260376  8.41925144  3.        
-7.34664917 27.49706268 -7.92709303  4.        
-9.95346069 32.13625336 -9.95910645  4.        
-1.40936303 -5.14836884 -2.96402001  4.        
-10.34187317  21.19687653  -6.85687304   4.        
5.79804182 9.16673279 2.90237403 3.        
-5.8604579  12.63627625 -4.47915697  4.        
-4.08730316  3.61211395 -3.17334008  4.        
 5.73869324 20.59714508  8.86407471  3.        
-4.77835894  3.96903205 -5.30319214  4.        
-9.61501312 24.63829803 -7.37417603  4.        
 5.35310411  5.13040876 -0.14425699  3.        
  2.133919   -35.08755112  -2.52374291   2.        
  0.84927398 -11.98020172  -1.33630395   2.        
-7.12840319 22.05132294 -5.82757616  4.        
-1.77667201 -0.26593801 -2.35687304  4.        
 7.69252014 11.37572479  4.69216919  3.        
 3.97618103 18.62625885  8.17910767  3.        
 9.01864624 11.03509521  4.20239305  3.        
-5.40601397 25.28847504 -6.42596388  4.        
 4.572052   15.04437256  7.20715284  3.        
-3.90226698 10.38741302 -4.57437086  4.        
 9.58464146 20.98004913  9.03570557  3.        
-2.14080811 -4.6794591  -2.60565209  4.        
 2.70652008  4.36090803 -0.40029901  3.        
 3.65669298  2.4533999  -2.08847094  3.        
-5.3095088   6.27147722 -5.88250685  4.        
-1.281883   -6.43417406 -2.61794996  4.        
-0.210052    0.44889101 -0.068359    3.        
 3.18235803 17.4461441   7.70645094  3.        
5.69548798 5.71440077 0.28912401 3.        
 2.570297   12.0421524   5.24337816  3.        
  1.56941998 -25.90029144  -2.67620802   2.        
-9.94095612 23.37726593 -7.13009596  4.        
-0.32863599 -4.11146593 -0.675201    3.        
-3.99077606  1.59168196 -3.74087501  4.        
 1.26680005  2.42959595 -0.31481901  3.        
 0.29628801 -5.10485077 -1.22949195  3.        
-8.68741608 30.59223938 -9.30841064  4.        
-3.40145111  1.81513202 -2.66906691  4.        
0.80381799 8.35729218 2.48605394 3.        
 2.65854597  2.53243995 -1.53872705  3.        
-4.48789978 15.37193298 -4.80609083  4.        
-6.23664904 21.78489685 -5.76272583  4.        
  1.26209998 -15.06825256  -1.21450806   2.        
-2.73319197 -2.99094391 -2.88299608  4.        
-7.58811998 19.39632416 -5.40390015  4.        
 0.38616201 -2.92460608 -0.96395898  3.        
-0.993698   -1.38368201 -0.111786    3.        
  1.49101996 -21.33678436  -1.72256505   2.        
-0.69975299 -9.1819458  -0.84903002  3.        
 4.99680281  4.42855787 -0.68545502  3.        
 5.35334015 15.85605621  7.78369093  3.        
-5.16356707 22.38224792 -5.63479614  4.        
  1.98580897 -36.1836586   -2.3561101    2.        
  1.47363997 -26.73557281  -2.00705004   2.        
-6.1327672   7.33895111 -6.00363207  4.        
-9.73393154 25.8403244  -7.89950609  4.        
 6.99398804 13.27212524  6.28335619  3.        
 4.38793182  3.82571411 -1.15902698  3.        
-2.06166101 -0.98982197 -2.57641602  4.        
 3.25058699 14.9500351   6.85131788  3.        
-8.1264267  22.5460968  -6.34295607  4.        
-6.47028303 25.63026428 -7.00155592  4.        
 9.1451416  13.01582336  5.50186205  3.        
 5.43240404 16.46320343  8.13870239  3.        
-7.1920929   9.45232391 -5.37603807  4.        
-2.01619005  1.09727502 -2.55950904  4.        
 9.77218628 22.25157928  9.63543701  3.        
-4.24047899 21.7324295  -5.14166307  4.        
-1.96013606  7.37890577 -4.26901197  4.        
  0.47026801 -10.41464233  -0.70684803   3.        
 0.018837   -2.16120195 -0.56814599  3.        
-1.62515295 -3.40473199 -3.30990601  4.        
10.16671753 20.48187256  8.73236084  3.        
-6.09922791  6.26413679 -5.13589478  4.        
-0.485291    9.72750854  3.25131202  3.        
  1.47416699 -31.46797943  -1.73129296   2.        
 9.27951145 17.61634827  7.99191284  3.        
 9.49118042 18.49769592  8.19226074  3.        
  2.56855011 -30.29933548  -1.94387805   2.        
-0.052849   -7.272789   -0.82870501  3.        
  2.85720801 -35.43925095  -1.52929699   2.        
 4.0332408   4.90184784 -0.31875601  3.        
  0.724648   -16.33834839  -0.80197102   2.        
-2.66597009  7.9128418  -3.90447998  4.        
-3.85381293 16.51529694 -4.8092351   4.        
  2.24288893 -27.0779953   -1.12905896   2.        
-1.87963104  4.87821198  2.18524194  3.        
 0.81230903 -0.91032398 -1.365417    3.        
 8.12052917 13.10272217  5.95187378  3.        
 0.952797   -2.8445971  -2.65152001  3.        
 2.09513903  3.42700195 -0.63763398  3.        
-0.42500299 -9.17586517 -2.28006005  4.        
  2.47370911 -28.71282196  -1.98162794   2.        
  2.34571099 -34.23269653  -1.864838     2.        
 -9.63980865  33.43908691 -10.40213013   4.        
-0.191643    4.45386505  0.92593402  3.        
-0.96478999 -2.41603088 -0.30425999  3.        
-1.92809296  3.55326796 -3.03607202  4.        
 0.53903198 -8.92267609 -1.07516503  3.        
 4.32015991 10.66176605  4.34738207  3.        
-0.84728199 -8.23907471 -1.46499598  4.        
-9.6104126  30.07410431 -9.46051025  4.        
  1.69467902 -33.94267654  -1.71441698   2.        
  1.18028998 -29.11387634  -2.12991309   2.        
-9.75998688 22.06535339 -6.76129103  4.        
 8.81864929 13.9258194   6.36731005  3.        
 3.14748406  3.31751204 -1.25222802  3.        
-7.95208693 29.7468338  -8.82687378  4.        
-7.03852081 31.16424561 -8.77490234  4.        
-5.71013594  9.88926697 -4.22827101  4.        
-1.13199604 -1.20523798 -2.93225098  4.        
-1.16219294 -0.243683    0.26974499  3.        
 2.2527771  15.70764923  6.92807007  3.        
  1.76389301 -22.42641449  -1.81692505   2.        
-5.27944183  4.25322723 -4.94815111  4.        
1.78408802 4.35144806 0.156708   3.        
 2.73793793 17.12133789  7.39254808  3.        
 -0.022842   -11.78781128  -1.96588099   2.        
2.98339796 8.86629486 2.89269996 3.        
-7.66047716 13.52181244 -5.14624023  4.        
-2.76583099  9.72973633 -4.54974413  4.        
-4.13384295  4.65989685 -3.29309106  4.        
 9.8192749  15.86995697  7.08685303  3.        
-4.29563093  3.2596209  -3.72119093  4.        
 9.69403076 14.79931641  6.5247798   3.        
-3.48738909  2.13297296 -4.92639208  4.        
  1.98069    -33.34808731  -2.47903395   2.        
 -9.01542664  34.00852203 -10.22116089   4.        
-0.99524701 -2.40763092 -2.62213111  4.        
-6.34937286 14.40338898 -4.64163208  4.        
 0.59797698 -0.27641299 -0.63012701  3.        
-5.44612122 16.78218842 -4.84570312  4.        
-8.02097321 18.34641266 -5.53701782  4.        
-0.409302   -4.79924011 -0.70449799  3.        
-1.25646198 -2.38642907 -3.37109399  4.        
-5.90643311 22.37805939 -5.90798998  4.        
 0.199158   -6.46253204 -2.68972802  3.        
 -0.51632702 -11.17602539  -1.07653797   3.        
-4.6989212  20.71990204 -5.23849487  4.        
-8.69283295 31.81477356 -9.67544556  4.        
 3.26954699 18.55854797  7.59838915  3.        
-3.02852607  7.43733978 -3.54184008  4.        
  1.65870702 -19.51615906  -0.51101702   2.        
 0.98493201 10.83080292  4.20309401  3.        
-4.25813293 13.82865906 -4.76675415  4.        
  0.49391899 -13.90625     -0.84213299   2.        
-9.443573   15.90868378 -6.11138916  4.        
 -0.11927    -14.00323486  -1.67227197   2.        
-8.21058559 36.06841278 -9.85418701  4.        
-0.68254101 10.79351807  3.93612695  3.        
-5.28795624 19.2856369  -5.12182617  4.        
  1.21385205 -25.12001038  -1.73025501   2.        
-0.39817801 -6.24983215 -0.77175897  3.        
-5.9645462   8.98053741 -4.29055786  4.        
-5.03723907 24.40265656 -5.9995122   4.        
-8.30600739 11.0524826  -6.31988478  4.        
  0.46730801 -13.28356934  -0.83181798   2.        
 5.02642822 18.31633759  8.62860107  3.        
5.10466003 9.16879272 2.83786011 3.        
10.15875244 19.36142731  8.30914307  3.        
 9.16984558 19.62330627  8.62435913  3.        
-0.44634199 -7.46767378 -2.83654809  4.        
4.45391893 9.34397888 2.99487305 3.        
 -8.66146088  37.21290588 -10.52542114   4.        
 0.39060199 -4.40770006 -2.73696899  3.        
-5.85601807 26.26407623 -6.92639208  4.        
-1.60945904  2.73189497 -3.30007911  4.        
1.53810894 6.79410505 1.54370105 3.        
  1.84665704 -29.23248672  -2.34884596   2.        
-1.07749903 -8.09835815 -2.22842407  4.        
-7.00653076 18.52068329 -5.04629517  4.        
-8.12973022 30.994133   -9.28536987  4.        
 4.79216814 11.51856232  5.14282179  3.        
 0.92958099 -1.88484204 -2.2835691   3.        
 6.31150818 16.54150391  8.0118103   3.        
 6.27026415 21.65080261  9.11474609  3.        
-2.325073   -2.15036011 -3.77432203  4.        
-6.79016113  8.45528412 -6.13586378  4.        
-10.19210815  26.8493042   -8.41348267   4.        
  0.83596802 -19.68779755  -1.08715796   2.        
-6.2869029   7.33513594 -4.56137085  4.        
-8.16207886 14.67467499 -5.50799608  4.        
 0.212273   -7.62896013 -2.6877749   3.        
-4.64827681  5.93117523 -3.59240699  4.        
  1.95948803 -24.77590942  -1.75793505   2.        
 5.06553698 10.06024933  3.66711402  3.        
6.20655107 8.41010284 2.32330298 3.        
 5.96649885 17.51333618  8.45700073  3.        
  2.58484602 -30.8881073   -2.58038306   2.        
0.40590701 9.98428345 3.43530297 3.        
  0.18203001 -16.3077774   -1.23516798   2.        
 3.67474389 11.78713226  5.04730177  3.        
 6.66673994 11.18741608  4.73248291  3.        
  0.66393298 -18.48934746  -1.237854     2.        
-8.96531677 27.50397491 -8.40881443  4.        
-3.64977288  0.45882401 -4.1343379   4.        
 6.22814178 21.0670929   9.29110718  3.        
-3.722893   18.94098663 -4.76928711  4.        
-2.28230309 -4.86119795 -0.62039202  3.        
 2.44463396 13.46824646  5.98571777  3.        
-3.60253096  0.61220598 -2.90911889  4.        
-7.39595795 12.65830231 -4.99621582  4.        
-9.88082123 20.33122253 -6.51059008  4.        
-7.40731812 30.2075882  -8.83334255  4.        
 0.76158899  0.69556397 -0.34802201  3.        
  1.95674098 -23.57050323  -1.18728602   2.        
-1.51635003 -5.93861389 -0.567352    3.        
-1.53031194  3.94774604  1.67532301  3.        
 5.83535004 18.41161346  8.83026123  3.        
 0.309311   -5.36581421 -2.13091993  3.        
-0.92157     8.67791653  2.78036499  3.        
-1.57681298 -7.47866106 -2.06781006  4.        
  1.65734899 -35.91293335  -1.89269996   2.        
 0.39540899 10.95973206  4.2124629   3.        
-0.80150598 -0.749466   -0.052338    3.        
-3.40930891 17.57939911 -4.67449903  4.        
-9.07868195 32.62595367 -9.94656372  4.        
 4.95809889 10.61995697  4.25393677  3.        
-6.72112322 17.43349457 -4.87048292  4.        
-3.01616693  9.14962769 -4.16451979  4.        
-1.91890705 -2.28923011 -0.020569    3.        
 1.18380702  1.438972   -0.82077003  3.        
  0.86743897 -14.04774475  -1.84729004   2.        
  2.7180481  -32.55446243  -1.39633203   2.        
  0.64143401 -13.19326019  -1.93240404   2.        
-2.68215895 10.76126862 -4.87680006  4.        
-7.32618713 31.89661407 -9.09109497  4.        
 4.49092913 17.57823944  8.28393555  3.        
3.61208296 7.0453639  1.187042   3.        
-6.35707092 11.90926361 -4.55117798  4.        
  0.83026099 -20.57991791  -1.55075097   2.        
-4.74986315 16.50184631 -4.8444519   4.        
-0.70416301 -7.66093397 -1.38845801  4.        
  1.31276703 -29.69916344  -1.66076696   2.        
-4.77591705  5.15212202 -5.64016724  4.        
0.377312   3.23113298 0.314789   3.        
 5.65261793 13.24336243  6.40762281  3.        
-6.32334089 25.13656616 -6.69583082  4.        
-1.07579005 -9.27558136 -2.08602905  4.        
 3.30786109 10.7014389   4.2651062   3.        
0.057419   5.85270691 1.26150501 3.        
-9.20687103 23.30902863 -6.81072998  4.        
 5.7638402  19.99890709  9.01403809  3.        
 0.121567   -9.97373199 -2.799896    4.        
-1.70918298 -6.0219121  -2.50149488  4.        
 6.07856798 10.28087616  3.94030809  3.        
 2.64048791 11.3441391   4.72091722  3.        
-3.47226691 -0.17486601 -3.08081102  4.        
 1.97940803  2.55159807 -1.16049194  3.        
-1.68403602  0.91280401  1.06530797  3.        
8.13981628 9.82948303 3.427948   3.        
 8.38627625 17.28184509  8.18157959  3.        
-6.31627703 18.55105591 -4.96469116  4.        
1.59015703 5.66369581 1.04959095 3.        
 2.02411604 -0.29126701 -2.86401391  3.        
-6.68277693 13.63600922 -4.74087477  4.        
 0.48818201 -3.89015198 -3.06191993  3.        
-2.94151306 -2.27093506 -2.80584693  4.        
-6.40939283 22.91796875 -6.10711718  4.        
-2.26744103 -1.16896796 -3.98828101  4.        
-7.84218597 17.07959557 -5.34915209  4.        
-0.66465002 -4.71379089 -2.24685693  4.        
-5.34818316  5.14345503 -4.22335815  4.        
 -8.88404083  36.1882782  -10.5055542    4.        
-6.735641    7.94759417 -5.63586378  4.        
 0.25839999 -5.98490095 -1.02719104  3.        
 7.12402296 10.45927429  4.02014208  3.        
-3.5266881   6.35012102 -3.33389306  4.        
0.54300702 5.05178785 0.86654699 3.        
 3.20046997 11.22917938  4.56359911  3.        
-7.90931702 32.84059906 -9.52828979  4.        
 1.52771795 12.72535706  5.53872681  3.        
 6.82174683 20.10154724  9.20993042  3.        
-1.71478295  4.45698595 -3.82171607  4.        
-6.94431305 29.93495941 -8.42651367  4.        
 1.41004896 -0.12735701 -2.15939307  3.        
  0.62909698 -12.17027283  -1.898682     2.        
 9.88023376 14.05986786  6.06231689  3.        
 4.67890882 15.74666595  7.59887695  3.        
-3.63887811  2.89285994 -2.85601807  4.        
 1.73779297 11.22132874  4.68640089  3.        
 0.39032    -5.30021715 -3.28933692  3.        
 3.99588799 17.89044952  8.1265564   3.        
 5.3635788  11.45870209  5.02633715  3.        
  1.35977197 -26.1324234   -2.06329298   2.        
-1.07607996  5.08866119  1.53939795  3.        
  3.01854706 -32.29830551  -1.90194702   2.        
 4.34610701 12.91377258  5.97036695  3.        
3.58837891 5.87631989 0.38998401 3.        
 7.33648682 18.3194046   8.64456177  3.        
 9.16662598 23.46012878 10.94955444  3.        
  1.96299005 -22.99039459  -0.63964802   2.        
  1.71008301 -35.3102417   -1.87704504   2.        
  0.91184199 -17.53140259  -0.73593098   2.        
 3.38345289  4.02970123 -0.82391399  3.        
-7.95133209 20.33844757 -5.72171021  4.        
 9.74491882 17.41435242  7.70233107  3.        
  1.47016895 -17.69135284  -1.39587402   2.        
-9.43575287 18.11983681 -6.1404109   4.        
 7.21730804 21.05095673  9.85415745  3.        
-0.02298     1.47119105  0.084839    3.        
  1.22060394 -22.84514618  -1.09167504   2.        
  2.37551093 -29.6696167   -2.35025001   2.        
 0.309181   -7.01747894 -1.34695399  3.        
  2.21571398 -30.27458954  -1.15704298   2.        
 7.4486618  22.09171295 10.33728027  3.        
-1.27413905 -5.59158278 -1.69854701  4.        
-1.42191303  3.06725311  1.42300403  3.        
-0.701469    6.5553441   1.78329504  3.        
-2.79264808 12.8265152  -5.02215576  4.        
  1.57602704 -18.25997925  -0.48501599   2.        
-6.47940111 19.72564697 -5.17788696  4.        
  1.67144001 -25.44851685  -1.05734301   2.        
-7.66456604 21.9835968  -6.04153395  4.        
-6.32502794 13.05807495 -4.60925293  4.        
0.26611301 6.70436907 1.67221105 3.        
-4.77675581  2.99417901 -4.70730591  4.        
  2.084167   -34.46511459  -1.386536     2.        
-6.584373   32.23984528 -8.45498657  4.        
  2.08500695 -25.84659576  -1.69091797   2.        
-2.68219805  0.66214001 -4.33245897  4.        
 5.00813293 17.69644928  8.52230835  3.        
-8.30394745 34.98345947 -9.99298096  4.        
-7.32100677  9.39453888 -5.93328905  4.        
1.83731794 9.05761719 2.87509203 3.        
 1.72258794  1.84401703 -1.27270496  3.        
-5.75147295  6.93275404 -4.25991821  4.        
-0.340332    7.73464203  2.15408301  3.        
  1.41124701 -26.36211395  -1.51129198   2.        
-6.28021193 10.13056946 -4.45086718  4.        
 4.38348389 11.99874878  5.46685791  3.        
-8.79669189 28.8292923  -8.91543579  4.        
  2.93611908 -34.21478271  -2.09408593   2.        
-1.20350695 -7.97251081 -0.79043603  3.        
-7.10214186 11.51636505 -4.83908081  4.        
 1.63536096 -1.03070104 -2.85736108  3.        
2.95485711 9.90400696 3.66168189 3.        
-1.25596595  7.39726305  2.29373193  3.        
-7.66871595 15.59701538 -5.21292114  4.        
-5.10436201  3.96771193 -4.34252882  4.        
-1.994102   -3.51927209 -1.94180298  4.        
-6.9358058  26.68816376 -7.49676514  4.        
  2.75483704 -34.05096054  -1.39376795   2.        
-2.51979804  0.132576   -2.34561205  4.        
  1.19524395 -15.61397552  -1.03750598   2.        
 7.64697313 20.43917847  9.37075806  3.        
-2.11482191  8.74469757 -4.49838305  4.        
-8.49199677 15.56352234 -5.674438    4.        
-3.67339301  5.77508497 -3.24038696  4.        
  0.95301098 -12.52612305  -1.12145996   2.        
 2.19793701 10.62275696  4.17501783  3.        
 5.76276398 14.98924255  7.35247803  3.        
-0.96679699 -3.08573198 -0.418457    3.        
 3.056602    1.54589105 -2.47604394  3.        
 0.49468201 -8.31142426 -1.11810303  3.        
3.46961999 7.92704821 1.92422497 3.        
1.19828796 4.67173004 0.587677   3.        
-1.36580706  6.65041304  2.15316796  3.        
3.4662931  8.37208557 2.3278501  3.        
 -0.63208801 -10.11827087  -1.37231505   4.        
4.43595123 9.77590942 3.44183302 3.        
  2.11627197 -27.57711792  -2.36135888   2.        
 8.04580688 22.30037689 10.597229    3.        
  0.702393   -17.02493286  -2.07406592   2.        
-6.56851196 27.78333282 -7.65033007  4.        
-5.34623003 23.41020203 -5.97012281  4.        
 0.61903399 -3.33555603 -2.41091895  3.        
-7.32659197 10.36863708 -5.16534424  4.        
 1.58725703  3.6343081  -0.092804    3.        
-5.29350281 21.33948326 -5.57000685  4.        
-8.08071136 34.18391418 -9.80233765  4.        
 6.83590698 15.45890808  7.53265381  3.        
-9.15170288 31.48126221 -9.77597046  4.        
2.20940399 7.56918287 1.94216895 3.        
 8.67601013 10.61424255  3.97622705  3.        
 1.16552699  0.47390699 -1.32867396  3.        
  1.01921105 -13.12562561  -1.13659704   2.        
0.68800402 9.38446808 3.03305006 3.        
 8.37992859 20.93496704  9.51043701  3.        
  2.52474189 -30.71083069  -1.48193395   2.        
3.61620307 9.65219879 3.7402041  3.        
-9.07052612 25.55097961 -7.5748291   4.        
-0.221413   -8.66486359 -2.53393602  4.        
 5.75116014 15.484375    7.64627123  3.        
1.34535205 9.29205322 3.04052711 3.        
 5.23509979 12.37810516  5.81753492  3.        
-0.86615002 -7.52566481 -2.01229906  4.        
  1.91990697 -26.26880074  -1.10385096   2.        
6.88179016 8.08657837 2.04675293 3.        
 1.09491003 14.38659668  6.13031006  3.        
 0.49337801 -2.64252496 -1.44564795  3.        
-9.79741669 28.51546478 -8.8527832   4.        
-2.99162292 10.36730957 -4.61721802  4.        
  0.90403003 -18.65871429  -1.80127001   2.        
-1.80516005  5.60767412 -4.02596998  4.        
  1.91600001 -23.6313324   -1.83837903   2.        
-5.96433306  8.22728729 -4.29238892  4.        
-1.453789   -0.122498   -2.84204102  4.        
-1.08505201  9.80631256  3.43576097  3.        
 9.39060974 13.81023407  5.96377611  3.        
  0.71926099 -17.77268219  -1.81262195   2.        
-4.78904009  4.26081896 -3.90683007  4.        
-5.45690203  8.02458191 -4.08895922  4.        
-3.14504194  4.04075623 -2.85226393  4.        
10.01596069 18.56508636  8.01681519  3.        
-1.49807703 -6.52394915 -1.74410999  4.        
-5.49658203  5.69335222 -4.23031616  4.        
-2.22287011  6.67382002 -3.65655494  4.        
-8.47538757 29.81261444 -9.16082764  4.        
-4.78318024  7.42181396 -3.7774961   4.        
  3.18850708 -36.37928391  -1.79998803   2.        
  0.19355001 -11.46892548  -0.86074799   2.        
  1.16269696 -19.35511017  -0.70394897   2.        
-10.06635284  24.13640594  -7.47268677   4.        
-2.93409705 -1.73986804 -3.43032789  4.        
  1.67337799 -19.07356262  -1.03717005   2.        
1.33434296 8.24450684 2.349823   3.        
  1.15619695 -18.62120056  -0.74420202   2.        
  2.65107703 -35.62900543  -3.04138207   2.        
-1.99062395  1.78540802 -2.61206102  4.        
 7.81027222 14.10323334  6.66619921  3.        
 8.07528687 15.57240295  7.49789381  3.        
-0.442276    8.29646301  2.44216895  3.        
-2.04332709  1.48076606  1.83041406  3.        
-9.44286346 19.43832397 -6.19464111  4.        
  1.19029999 -14.10977936  -0.987701     2.        
4.81472778 7.29591417 1.37204003 3.        
-4.42690277 19.43471527 -4.98245192  4.        
-1.72189295 -5.27372694 -1.76437402  4.        
-8.34207058 12.11472321 -6.06631517  4.        
-9.44774628 29.50821686 -9.14407253  4.        
  0.82653803 -11.4748764   -1.11309803   2.        
 6.66370392 12.04273224  5.43896484  3.        
0.44644201 7.73966217 2.03341699 3.        
 9.60490417 22.81016541 10.3074646   3.        
-1.12272596  4.17615509  1.36651599  3.        
 5.31169891 20.66239929  8.52142334  3.        
 1.902161    1.49108899 -1.66244495  3.        
-7.52947998 25.35452271 -6.94128418  4.        
-1.33499205  7.96005201  2.61181593  3.        
-2.92846704 -0.50299102 -3.27523804  4.        
 4.52102709 16.876297    8.06396484  3.        
 7.29229689 19.43321228  9.02420044  3.        
 0.69248199 13.48100281  5.69189501  3.        
-1.282341   -1.59276605 -3.40240502  4.        
-6.87280321 15.40516663 -4.90042114  4.        
  2.86588311 -33.1102562   -1.904724     2.        
-5.66055298 28.20657349 -7.13775587  4.        
-5.87947083 29.2370224  -7.48611498  4.        
-4.52352095  5.27596283 -3.54995704  4.        
 8.9677887  21.2429657   9.43057346  3.        
-0.61263299 -5.78836107 -2.5909121   4.        
-6.77455902 23.87443542 -6.47802687  4.        
-3.41786194  8.54277802 -3.99108911  4.        
-2.02374291 -3.77944207 -3.26672411  4.        
-6.38439178  7.98957777 -4.63650513  4.        
-5.42665911 20.20017242 -5.27072096  4.        
-8.09262085 25.40083313 -7.05798292  4.        
-5.39929199 17.48430634 -4.89923096  4.        
-7.11089277 32.3934021  -8.96676636  4.        
-5.30368805  5.07368517 -5.46649218  4.        
  2.09925103 -29.01028824  -1.10858202   2.        
  2.51676202 -31.66784668  -1.45513904   2.        
  2.512573   -32.02046204  -2.69598389   2.        
 2.15582991 14.4616394   6.42950392  3.        
  1.62130702 -34.44982529  -2.43454003   2.        
 5.62338305 10.0063324   3.65173292  3.        
-5.09494019 10.93921661 -4.4407649   4.        
 -0.168198   -12.90034485  -1.18765295   2.        
-2.0790019   4.12906694 -3.04538012  4.        
-9.14071655 14.78888702 -6.0716548   4.        
-0.49072999 -6.42399597 -1.75845301  4.        
-3.09352112 12.09596252 -4.91928101  4.        
-7.39096785 24.73226929 -6.72848511  4.        
-5.61984205 13.81285858 -4.64218092  4.        
-7.09036303 28.00427246 -7.9685359   4.        
  2.27691698 -35.60693741  -2.60412598   2.        
-7.19348907 33.68711853 -9.14038086  4.        
3.95094299 9.15331268 2.90969896 3.        
 0.26434299 -9.64966583 -2.38491797  3.        
  0.19554099 -15.37711334  -1.31314099   2.        
0.850052   2.21569109 0.100952   3.        
-3.62301612  0.88922101 -4.61340284  4.        
-6.0103302  16.7922821  -4.80764818  4.        
2.55284095 9.14712524 3.06942797 3.        
-4.45065308 17.41467285 -4.86038208  4.        
-1.47067297  0.89058697 -3.31039405  4.        
 -0.198318   -11.20181274  -2.01748705   2.        
-5.7325592  27.38358307 -7.06951904  4.        
-4.38861084  8.06542206 -3.95483398  4.        
10.41618347 16.71063232  7.20181322  3.        
 8.11512756 10.31518555  3.72299194  3.        
  1.80687702 -27.00865173  -2.40466309   2.        
 -0.69143701 -12.02068329  -1.53817701   2.        
10.52716064 18.45565796  7.78469896  3.        
-9.55348969 16.88989258 -6.18176317  4.        
  0.81469703 -21.9621048   -1.80743396   2.        
-3.02091193 -0.339935   -2.43548608  4.        
 8.48182678 18.4361496   8.48434544  3.        
 1.11319697 -0.085648   -1.70849597  3.        
 0.28212699 11.62898254  4.50268602  3.        
-8.09075928 21.40228271 -6.05835009  4.        
 3.94645691 10.36073303  4.09719896  3.        
-6.51096296 30.77850342 -8.28271484  4.        
  1.62831903 -34.97158813  -2.29193091   2.        
-7.5876689  30.74816895 -8.91635132  4.        
-3.85317206 15.72155762 -4.77182007  4.        
7.00887299 8.98743439 2.69235206 3.        
-10.25076294  19.37785339  -6.51711988   4.        
  1.36921704 -28.04894638  -1.47326696   2.        
 6.47788191 17.38153839  8.34439087  3.        
  1.36240399 -30.2292099   -1.75067103   2.        
-7.83969879 27.64111328 -8.09277344  4.        
  0.53888702 -10.82331085  -1.82073998   2.        
 9.3296814  15.66062927  7.19039917  3.        
-3.56101203  7.53170013 -3.63268995  4.        
2.4010241  8.15828705 2.36886597 3.        
0.031647   2.6911931  0.27957201 3.        
-5.85309601 24.26133728 -6.30371094  4.        
 9.72671509 13.04141235  5.45284986  3.        
  2.25682092 -35.19409943  -1.33859301   2.        
 2.5158999  15.24968719  6.82931519  3.        
-0.193611   -3.17357612 -0.60015899  3.        
 0.446724   -3.71655297 -2.01248193  3.        
  0.92919898 -14.73944092  -1.82476795   2.        
  3.11051893 -35.98728561  -2.79272509   2.        
1.63218701 9.74424744 3.362854   3.        
 8.07911682 21.3772049  10.00448608  3.        
-4.34398603 16.85258484 -4.85293579  4.        
-4.05415297  1.39938295 -4.41513109  4.        
 5.44949293 17.37065887  8.46310425  3.        
 9.05638123 20.12176514  8.88787842  3.        
-7.65157318 19.92146301 -5.5189209   4.        
-9.08154297 17.70864868 -5.92907715  4.        
  2.25235796 -33.82221603  -2.54534888   2.        
-5.82203722  6.01441193 -5.5499568   4.        
4.11155701 8.60336304 2.38058496 3.        
-1.27680194 -0.70446801 -3.08389306  4.        
2.48606896 9.64190674 3.49288893 3.        
 2.05919695 16.53246307  7.08169603  3.        
 0.76817298  0.26528901 -0.67629999  3.        
5.61522722 7.07938385 1.317505   3.        
-7.0185318  16.48235321 -5.00122118  4.        
-4.4108429   2.29749298 -4.19821215  4.        
-2.42701697 -2.74803209 -3.48361206  4.        
-4.10233307  9.22264862 -4.17404222  4.        
 -0.91665602 -11.50016785  -1.27066004   2.        
-4.76468706  9.42564392 -4.25778198  4.        
  0.93821001 -27.59602737  -1.42834496   2.        
 9.7805481  21.43842316  9.22015381  3.        
-4.33319092 11.94516754 -4.62023878  4.        
-1.50010705  1.90469396 -3.33962989  4.        
-0.83447301  3.33800507  1.025635    3.        
 7.44146681 15.96386719  7.74996901  3.        
  2.29235792 -28.0730629   -1.47170997   2.        
  2.7859571  -35.97748566  -1.57589698   2.        
 0.295349   -6.38340807 -1.39468396  3.        
-7.40708208 23.60513306 -6.4647522   4.        
-7.17594194 13.78161621 -4.90206909  4.        
 7.84403992 12.68296814  5.70422411  3.        
-5.9224782  20.6657486  -5.37982178  4.        
-3.49636102 -0.064186   -3.76626611  4.        
-4.79807997 19.08412933 -5.12051392  4.        
 2.25504303  0.804474   -2.39395094  3.        
-8.56297302 13.57553864 -5.88653612  4.        
-4.01146698  2.18505907 -4.97134399  4.        
-1.44071198  0.174347   -3.65713501  4.        
-5.04369307 25.64096832 -6.27285814  4.        
-5.99500322 11.54442596 -4.43017578  4.        
 8.99942017 18.47016907  8.38259888  3.        
10.19787598 15.02990723  6.43878222  3.        
-5.16725922  5.9969182  -3.9508059   4.        
-8.16934967 12.65433502 -5.71752882  4.        
-8.68628693 21.73110962 -6.37823486  4.        
-7.68741608 14.71374512 -5.1786499   4.        
 0.31211099 -4.7720952  -3.4901731   3.        
-8.10105133 28.08866882 -8.25350857  4.        
  2.56112695 -31.43725586  -2.36788893   2.        
 -0.67459899 -10.81830597  -1.52218604   4.        
1.02467406 6.36060286 1.35537696 3.        
-3.08647895 -1.13176703 -3.493958    4.        
-9.26030731 24.34778595 -7.11398315  4.        
-0.82459301 -5.73555803 -0.69940197  3.        
-2.49632311  6.09067488 -3.35031104  4.        
-1.96956599  2.58952308  2.00140405  3.        
-1.34445906 -6.92488098 -2.44186401  4.        
 0.77449    -2.41053009 -2.28503394  3.        
-5.31748199 12.38574219 -4.56137085  4.        
 0.320122   -3.97296095 -1.05639601  3.        
-6.46798706 31.70270538 -8.35971069  4.        
 3.54917097 15.3069458   7.09368896  3.        
-3.73768592  2.373734   -2.88305712  4.        
-10.32360077  20.04464722  -6.55471802   4.        
 0.108513   -8.40930939 -3.0526731   3.        
-9.03412628 19.80618286 -6.16455078  4.        
-2.03502703  5.23059082 -3.44131494  4.        
-7.7010498  10.36782837 -5.90896606  4.        
-1.22953796 -8.40563202 -1.83337402  4.        
-8.52670288 26.06814575 -7.48294115  4.        
  0.55320001 -10.30122375  -1.67764294   2.        
-5.16636705 26.65029907 -6.57449293  4.        
 8.28598022 22.9675293  10.74188232  3.        
3.1780169  5.42962694 0.230682   3.        
-4.99828291  8.54491425 -4.04205322  4.        
-1.07161701 -1.89507306 -0.18081699  3.        
 5.84882307 11.64317322  5.14898682  3.        
-5.31387281 24.77030945 -6.26281691  4.        
 1.08274806 -2.59003401 -3.0879209   3.        
2.9173429  7.11749315 1.42846704 3.        
-3.2352519  13.30387878 -4.95080614  4.        
-8.95999908 18.76760864 -6.01660204  4.        
  1.320557   -27.04976082  -1.592224     2.        
-4.90432692 13.22568512 -4.71484423  4.        
 7.54049683 13.58126831  6.45126295  3.        
 0.40469399 -4.37943983 -2.21704102  3.        
 1.24597204 -0.872307   -2.33337402  3.        
 9.39962769 12.13935947  4.97320604  3.        
 2.41988397  0.443748   -2.79177904  3.        
-6.23593903 15.6582489  -4.73303223  4.        
 4.09693909 19.1240387   8.087677    3.        
-6.14559221 17.87210846 -4.94003296  4.        
 1.58587599  0.881248   -1.688568    3.        
6.12004089 8.83693695 2.60769606 3.        
-4.63640594 10.10358429 -4.37878418  4.        
 1.05528998 10.13474274  3.64477491  3.        
 3.13645911  0.84772497 -2.88867211  3.        
-5.50218201 15.62197876 -4.81045485  4.        
  2.13394189 -33.43932724  -1.47775304   2.        
  2.1671679  -30.80118561  -2.91085792   2.        
-5.96483612  6.10318804 -4.66125488  4.        
-1.80840302  6.97133589  2.4815371   3.        
  1.39086902 -20.55639648  -0.66372699   2.        
  1.96177697 -29.96527863  -2.44882202   2.        
-1.30190301 -4.90790606 -0.55706799  3.        
 2.84314704 10.50587463  4.0246582   3.        
-3.67327094  4.92638397 -3.13473511  4.        
  2.65366411 -32.98039627  -1.065979     2.        
-0.91829699 -4.13819122 -1.953583    4.        
5.90380907 7.71768904 1.72491503 3.        
  1.26157403 -20.42647552  -1.79064906   2.        
-1.89774299  3.5857091   2.08514404  3.        
  1.204193   -16.56050873  -0.77807599   2.        
-0.784531    2.30825806  0.71090698  3.        
  2.00215197 -32.2567215   -1.31896996   2.        
 -0.23628201 -13.46253204  -1.70877099   2.        
 6.65267181 18.38368225  8.71572876  3.        
  1.46034205 -22.87051392  -1.80718994   2.        
-6.71840715  9.65078735 -4.60113478  4.        
-4.58850908 18.47260284 -5.00979614  4.        
-0.52648902 -2.17245507 -0.42089799  3.        
 7.27018023 15.02047729  7.27954102  3.        
-7.5386281  16.58986664 -5.22439623  4.        
 9.9559021  19.7759552   8.53704834  3.        
  0.69701397 -14.45629883  -0.819031     2.        
0.69907397 7.25814819 1.78637695 3.        
 5.36950684 19.64392853  8.85388184  3.        
  1.72772205 -20.61420441  -1.128479     2.        
  1.93331206 -31.58525848  -2.50357103   2.        
  0.023697   -10.17271423  -0.78234899   3.        
 8.99897766 21.81598663  9.85360718  3.        
  2.00460792 -25.09908485  -0.78793299   2.        
 4.30737305 11.06741333  4.95812988  3.        
  1.42259204 -17.21623993  -1.097839     2.        
-6.09427595 28.46491241 -7.58682299  4.        
4.62454987 5.54450989 0.13855    3.        
-8.65390015 33.17989349 -9.90576172  4.        
 1.34548998 -1.91829705 -3.19305396  3.        
1.97599006 6.46443176 1.29550195 3.        
-0.419662    7.02618408  1.871979    3.        
-5.31516314 27.27735901 -6.77035522  4.        
 -0.057442   -12.50111389  -1.81353796   2.        
-6.91208696 20.43397522 -5.38195801  4.        
-2.93232012  1.98928106 -2.56777906  4.        
-2.45401812 -2.01876807  0.039948    3.        
-4.64634705 23.39858246 -5.57574511  4.        
 6.74862719 14.25623322  6.93637085  3.        
-4.79984283 15.79383945 -4.8117981   4.        
-2.01293206 -2.84874701 -0.147919    3.        
  2.76142907 -32.98888397  -2.709167     2.        
  0.34253699 -16.76963043  -1.51712      2.        
3.34195709 9.00217438 3.22753906 3.        
 3.5444181  14.55093384  6.73382616  3.        
 -9.18598175  35.43654633 -10.50228882   4.        
-2.00554705 -1.60510302  0.205109    3.        
-4.05293989  2.38385701 -3.28433204  4.        
  1.95694697 -30.26869965  -1.72836304   2.        
5.01223803 8.75065613 2.47900391 3.        
 0.839531    1.26641798 -0.367493    3.        
 6.49886322 12.85941315  6.184021    3.        
  1.53666699 -32.30183792  -2.39523292   2.        
  2.95358992 -31.51063538  -1.87844801   2.        
-8.43873596 18.081604   -5.69619799  4.        
 7.00534105 12.72930908  5.98132277  3.        
 3.64424109 17.54801941  7.90722704  3.        
  1.50775898 -31.24205017  -2.47097802   2.        
 8.94386292 16.4469223   7.68246508  3.        
 1.79663098  0.585899   -2.16290307  3.        
 6.95674086 21.86421204  9.78405762  3.        
  1.00039697 -23.23456573  -2.05816698   2.        
-6.94634295 22.62976837 -5.99618483  4.        
  1.064659   -19.37693787  -1.80920398   2.        
-7.94574022 26.28223419 -7.34301805  4.        
5.48742723 9.52616882 3.18490601 3.        
 1.03524005  3.00208998 -0.006836    3.        
-6.98414612 33.25029755 -8.94519043  4.        
  0.816513   -15.65458679  -0.70712298   2.        
-8.88567257 29.32152557 -8.97839355  4.        
-2.88452911  0.25761399 -4.55505419  4.        
-6.4369812   9.01637268 -4.50259399  4.        
  2.78990197 -33.91009521  -2.46798706   2.        
  3.04147291 -34.97225952  -1.66000402   2.        
-1.62274206  6.09137011  2.12850904  3.        
 8.88652039 15.42228699  7.20992994  3.        
-8.529953   16.22046661 -5.62704515  4.        
-1.42579603 -2.26945496 -0.119385    3.        
-0.548706   -1.13642895 -0.250671    3.        
-9.35101318 26.92827606 -8.13015747  4.        
-1.84229302  6.23202515 -4.06692505  4.        
-7.76856184 20.97109222 -5.75451708  4.        
 0.465637   -9.43236542 -1.31231701  3.        
-0.59001899  6.02819777  1.55932605  3.        
-0.024422   -5.13492584 -0.75930798  3.        
3.3567121  6.35369921 0.77423102 3.        
-2.5117569  -3.89075494 -2.40661597  4.        
-5.37592316 22.76293945 -5.88189697  4.        
  0.188728   -14.82051754  -1.26681495   2.        
-5.89173079 23.48949432 -6.10415697  4.        
-8.83959198 28.0315094  -8.46984863  4.        
-6.50821686 30.13407898 -8.1499939   4.        
-6.22257185 29.86144257 -7.7928772   4.        
-7.70554399 12.21937561 -5.24133301  4.        
 3.62468696 13.70517731  6.36230516  3.        
-0.76467103 -6.87417603 -2.65844703  4.        
 8.7272644  11.37150574  4.46200609  3.        
-8.97522736 15.30246735 -5.93643188  4.        
3.9370501  7.6991272  1.64053297 3.        
-1.87893701 -4.04342604 -0.368774    3.        
  2.1280899  -26.55767059  -2.4382019    2.        
  0.87309301 -22.5668335   -1.81692505   2.        
  2.28082991 -28.60633469  -2.44238305   2.        
2.87138391 8.42149353 2.54580688 3.        
-1.01957703 -9.47540283 -1.29934704  4.        
-8.21665955 28.82562256 -8.71960545  4.        
 -1.08212304 -10.27379608  -1.12570202   3.        
1.19859302 7.30741119 1.81692505 3.        
1.10060096 5.74491119 1.07257104 3.        
-0.037956   -0.28855899 -0.26840201  3.        
-5.24330902 11.64431763 -4.39395094  4.        
 1.28568995 11.1224823   4.46929884  3.        
-0.62322199 -7.96782684 -0.83486903  3.        
-7.72708082 33.41090393 -9.56713867  4.        
  1.68995702 -20.07092285  -1.29931605   2.        
  1.49456    -21.94202423  -1.75351      2.        
 1.74781001 12.04112244  5.11022902  3.        
-1.64639997  0.82953602 -2.75253296  4.        
-6.03528595  6.51165819 -5.56030321  4.        
-6.84130096  8.8074646  -5.10257006  4.        
 0.27142301 -5.85751295 -2.08834791  3.        
 6.00235701 13.6599884   6.64675903  3.        
-1.31941998 -7.45515394 -0.75857502  3.        
 6.26255798 19.84287262  9.05877686  3.        
  1.55695295 -18.46377563  -1.67462206   2.        
-0.131042   -7.47797394 -3.23233008  3.        
-8.48715973 19.41719818 -5.85378981  4.        
-4.00888109  4.13929701 -3.19088793  4.        
-2.93846107  1.39496601 -2.51925707  4.        
-7.86219788 23.82466888 -6.5349431   4.        
 4.18817091  5.37142181 -0.010162    3.        
 0.036522   -1.18549299 -0.44653299  3.        
 1.398682   15.1512146   6.44766188  3.        
  0.96933001 -25.91874886  -1.85324097   2.        
 0.393181   -7.49729204 -1.64523304  3.        
 1.91114795  2.88113403 -0.80148298  3.        
  1.77889204 -29.48445129  -1.41949499   2.        
  1.01087201 -15.81182861  -1.73577905   2.        
  0.39485899 -12.74143219  -2.02435303   2.        
-6.78040314 12.8904953  -4.76846313  4.        
 5.13921404 13.33890533  6.43569994  3.        
 5.21135712 14.07244873  6.91830397  3.        
-1.43229699  1.32588196  0.95284998  3.        
  2.94415307 -34.95685196  -2.76119995   2.        
 0.248138   12.79082489  5.13037109  3.        
-1.80512202 -1.23764002 -2.204041    4.        
-10.08827209  27.38576508  -8.52694702   4.        
 2.81326294  2.97605896 -1.36016798  3.        
-3.64797997  1.44878399 -2.8808589   4.        
 3.71244788 16.77374268  7.8814702   3.        
  2.2738421  -31.24797058  -1.38937402   2.        
-4.59915209 22.82030487 -5.41921997  4.        
 -8.97759342  34.5437088  -10.29367065   4.        
  2.62403107 -34.40227509  -1.07928503   2.        
 1.99107397 10.00828648  3.58099389  3.        
 9.00872803 14.49616241  6.6499939   3.        
-9.33896637 22.3168869  -6.7121892   4.        
  2.18726301 -24.11359406  -1.17413294   2.        
-8.40661621 27.21710205 -7.9848628   4.        
-8.38350677 32.19238281 -9.65716457  4.        
 0.30837199 -6.90683699 -2.17825294  3.        
 5.38825989  4.13807678 -0.55532801  3.        
 8.45457458 15.86595917  7.58834791  3.        
6.13918304 6.23674822 0.72882098 3.        
 6.67957306 13.52099609  6.56140089  3.        
-5.35214186  6.56819201 -4.01138306  4.        
-4.65647888 20.20798492 -5.18670607  4.        
-0.46246299  9.27520847  2.943115    3.        
 2.82318902 16.5957489   7.48663282  3.        
6.54470778 6.95789289 1.28314197 3.        
-1.65689898  3.45661211  1.64175403  3.        
0.080704   4.07506609 0.68182403 3.        
-9.58473206 31.70695496 -9.8309021   4.        
-3.61988807 14.7240448  -4.80758715  4.        
  2.36768293 -26.07852173  -1.10806298   2.        
 -0.035347   -14.53596497  -1.59152198   2.        
 1.54208398 14.19597626  6.14636183  3.        
  1.21707904 -23.2947998   -1.28707898   2.        
-5.77052307  6.62065077 -4.94897509  4.        
-1.30272698 -8.51044464 -0.90997303  3.        
-3.25482893  0.63533801 -2.54736304  4.        
  0.94165802 -20.23021698  -1.03958094   2.        
-7.47254181 34.50868225 -9.54229736  4.        
 9.92755127 16.71549225  7.37832594  3.        
-1.142326   -3.93779707 -0.477539    3.        
-0.0187      0.90673101 -0.075409    3.        
-1.61396801 -2.84386396 -1.95248401  4.        
  1.31636095 -25.27071381  -2.56033301   2.        
5.25868177 8.35855103 2.18768311 3.        
-2.85954309  1.23568702 -4.35348511  4.        
-6.97051191 14.72368622 -4.88024902  4.        
-7.41557312 23.10980225 -6.24679613  4.        
  1.33012402 -28.83947372  -1.73898304   2.        
  1.78439295 -24.51704407  -0.833588     2.        
  1.32382202 -21.09651947  -0.77020299   2.        
-0.64599597  5.08838701  1.31939697  3.        
  1.80188799 -21.55095673  -1.32894897   2.        
-1.62056005 -6.39196777 -0.69573998  3.        
-8.32972717 24.5577774  -6.92376709  4.        
  1.20475805 -22.10912323  -0.99740601   2.        
  2.66870904 -29.35547256  -1.35794103   2.        
  1.67781103 -21.42551422  -0.77642798   2.        
 3.42765808  1.89358497 -2.37704492  3.        
 -9.49214172  33.00589752 -10.03558254   4.        
-1.30087996  8.93684387  3.01672411  3.        
 4.758636    4.10083818 -0.94473302  3.        
0.110367   4.83327484 0.889893   3.        
 3.05310106 12.85884857  5.67605591  3.        
-8.91213989 14.09039307 -6.03704786  4.        
-9.17880154 25.09560394 -7.39440918  4.        
-6.7069931  21.72424316 -5.69052076  4.        
-10.02168274  20.7963028   -6.57202101   4.        
 2.53466797 12.4757843   5.44512892  3.        
 3.77800012 11.34608459  4.82919312  3.        
-6.84311724 11.99603271 -4.74365187  4.        
-7.15213013 19.37140656 -5.20648193  4.        
 3.02670288 18.06643677  7.62957811  3.        
-6.44805908  7.55514479 -5.71637011  4.        
  2.64260101 -37.08420563  -2.82495093   2.        
  1.61924696 -31.9520874   -1.54846203   2.        
-7.23754883 27.00731659 -7.68475294  4.        
  0.72261798 -12.39359283  -0.700104     2.        
-6.41854095  7.10924482 -4.97750807  4.        
-8.51851654 18.57200623 -5.69174194  4.        
 3.83242011  4.29008484 -0.73675501  3.        
 5.74448395 18.94067383  8.88656616  3.        
 5.83360291  4.89119005 -0.146576    3.        
-1.69348896 -1.244789    0.229828    3.        
0.41594699 5.54812622 1.13702404 3.        
  2.1414721  -36.13597107  -1.52447498   2.        
-5.10840607 21.90838623 -5.62426805  4.        
-1.74796295 -4.81233978 -2.96926904  4.        
 5.82280684 14.00250244  6.93713379  3.        
  2.01229095 -23.46531677  -0.66220099   2.        
-2.60407996  3.57458496 -3.09787011  4.        
 4.37727404 14.60686493  6.92941284  3.        
 7.24426317 17.04650879  8.26849365  3.        
 8.80183411 17.51119232  8.08837891  3.        
  3.04588294 -35.27067566  -2.1877141    2.        
-2.22878289  7.79205322 -4.05044603  4.        
-6.35595703 23.40833282 -6.17144823  4.        
 6.16068316 12.34249878  5.74435377  3.        
 3.64813209 12.1937027   5.29305983  3.        
  1.00466895 -14.88200378  -0.85763502   2.        
 5.22119904 10.92541504  4.5062561   3.        
-7.82887983 24.46768951 -6.7409668   4.        
 9.04432678 22.49678802 10.52493286  3.        
-4.91603088  3.41152191 -4.37307692  4.        
-5.95352221 20.14862823 -5.33355713  4.        
-1.78703296 -4.47628784 -1.86450195  4.        
 3.06649804 14.43540955  6.66153002  3.        
-0.078903  10.0335083  3.3843689  3.       
  0.97357202 -16.80864716  -1.74752796   2.        
-0.95349902 -4.95475006 -2.97012305  4.        
-4.28045607  2.69244409 -3.75842309  4.        
 4.33260393 16.09725952  7.72637892  3.        
-3.65093207 11.33291626 -4.78570604  4.        
-3.1825099  -0.44369501 -3.97967505  4.        
 7.93617201 16.53137207  8.01947021  3.        
-3.15373206  1.37952399 -4.72546387  4.        
 0.356323   -7.91218615 -2.05709791  3.        
  2.14537811 -32.47089386  -2.86709595   2.        
 6.70718384 20.82509613  9.43960571  3.        
 8.5606842  20.20019531  9.0140686   3.        
4.2469182  6.19780684 0.65783697 3.        
 0.39999399 -8.68074036 -1.98251295  3.        
 3.88559008 16.1727829   7.59713697  3.        
-0.110939   10.81820679  3.90985107  3.        
  2.30212402 -27.13036346  -2.44088793   2.        
-2.02072906 -5.39086103 -2.10919189  4.        
-9.24946594 20.87992859 -6.39657593  4.        
-0.39321101 -6.1737752  -2.24148607  4.        
-7.26644087 28.47641754 -8.20898438  4.        
 0.61142701  1.61227405 -0.007233    3.        
-8.31030273 22.96167755 -6.46286011  4.        
-9.9889679  21.49185944 -6.76141405  4.        
 4.99594116  4.76953888 -0.36245701  3.        
-3.23570204  4.75083208 -2.95828295  4.        
-2.73808289 -0.24255399 -4.40341187  4.        
 -8.47760773  36.12269592 -10.27990723   4.        
-0.89940602 -3.45695496 -2.85220289  4.        
-7.26860809 32.73720551 -9.24475098  4.        
 8.45610046 19.27500916  8.76138306  3.        
 1.24992394 10.4637146   4.08197021  3.        
-1.57277703  1.94014001  1.25060999  3.        
  1.39042699 -17.53313446  -0.53857398   2.        
  1.69075    -26.43045044  -2.32827806   2.        
-4.43808699 14.90623474 -4.80541992  4.        
 2.40260291  3.82031989 -0.58013898  3.        
 4.82021284 14.65276337  7.13916016  3.        
 8.02958679 19.64988708  8.92218018  3.        
2.55091095 5.80696106 0.63894701 3.        
 6.28768206 15.69367218  7.75027514  3.        
  1.87013996 -22.71933556  -1.11178601   2.        
  1.76170397 -27.64796066  -1.83218396   2.        
  1.87821996 -28.23409653  -2.33145094   2.        
 6.73724413 19.01315308  8.89550781  3.        
-3.12969995  6.81498003 -3.3595891   4.        
-9.78495789 30.83790588 -9.55917358  4.        
-3.96318007  3.52098107 -5.19055223  4.        
-2.1621089  -1.61080897 -3.87493896  4.        
 2.75534105  3.35250092 -1.00186205  3.        
4.59255981 6.8179698  1.04025304 3.        
-1.66754901  3.677109   -3.76702905  4.        
  1.66065204 -21.92185974  -0.64813203   2.        
-1.74093604 -1.92266095 -2.12518311  4.        
-7.93721008 29.22870064 -8.66485596  4.        
  2.00111389 -29.80688858  -1.76968396   2.        
 0.246078   -6.19202423 -3.06591797  3.        
0.52741998 6.36820984 1.38205004 3.        
-0.745049   -4.42731524 -2.61196899  4.        
 9.54948425 20.51826477  8.90106201  3.        
-3.91220903  6.66082811 -3.49176002  4.        
 2.19631195  4.36038208 -0.15271001  3.        
  1.45622206 -23.79202271  -1.88287401   2.        
5.608284   6.7274251  0.97683698 3.        
 8.50506592 13.54324341  6.12930298  3.        
-7.23812914  9.85848236 -5.15512085  4.        
-3.36392212  0.50643897 -4.49649096  4.        
-0.93505901 -5.41720581 -2.91238403  4.        
 7.27368212 14.46034241  7.01977491  3.        
  0.300713   -15.87408447  -1.47174096   2.        
-6.51888323 16.39260864 -4.81594896  4.        
-7.51841688  9.98763275 -6.10675097  4.        
  0.448387   -11.7722702   -2.05142212   2.        
  3.16045403 -33.79779434  -1.46652198   2.        
 -0.115021   -12.36668396  -1.02535999   2.        
-9.92429256 17.61080933 -6.31323195  4.        
-2.38842797 -3.5904851  -2.96362305  4.        
 0.300087   -4.62517595 -1.26739502  3.        
 6.26923418 19.27077484  8.97998047  3.        
-8.7038269  16.88980865 -5.72524977  4.        
 0.57523298 -3.88495588 -3.59106398  3.        
  2.10106707 -22.33634949  -0.79708898   2.        
-4.99462891  9.00511932 -4.01715088  4.        
-7.35624695 29.08111572 -8.4576416   4.        
-2.46388197  4.33113909 -2.89315796  4.        
  1.64204395 -24.36979675  -1.86877406   2.        
 7.93806505 15.17100525  7.31899977  3.        
-10.01480103  25.15093231  -7.74002123   4.        
-7.18859911 21.24570465 -5.64053297  4.        
-4.40524292  4.30749512 -5.47195387  4.        
-8.23895264 17.23241425 -5.52505493  4.        
-1.89874303 -0.69854701 -2.25900292  4.        
 8.56668091 13.14323425  5.84741211  3.        
-1.13260698 -3.05561805 -2.04336596  4.        
 8.18640137 11.4002533   4.53475904  3.        
-4.86958313 11.90198517 -4.57974195  4.        
-9.89428711 29.61909676 -9.37133789  4.        
  1.72234297 -27.08098602  -1.81228602   2.        
  2.36987305 -28.48192215  -1.277771     2.        
  1.54614997 -33.16888428  -2.18875098   2.        
 0.51114702 12.43158722  5.01898193  3.        
-3.51537299  2.97737908 -4.80566406  4.        
 8.75767517 22.89871216 10.85269165  3.        
-2.49823809 -1.07315803  0.46566799  3.        
  1.79232001 -32.84859467  -1.50930798   2.        
-1.16810596 -3.77916694 -1.81805396  4.        
-1.27973902 -5.52070618 -0.60922199  3.        
  1.84751105 -27.3395195   -1.14205897   2.        
-2.6421659  11.83149719 -5.00616503  4.        
-2.37605309 -0.87614399 -2.24603295  4.        
-8.53070831 33.84395599 -9.94546509  4.        
 0.131157   -2.679245   -0.67437702  3.        
-4.90426588  6.9020462  -3.77615404  4.        
-1.20340002 -7.63798523 -2.29962206  4.        
-8.12531281 14.22070312 -5.42623901  4.        
-5.51651812 26.05910492 -6.69921923  4.        
0.029778   8.57305908 2.47546411 3.        
-4.97403717  4.98854113 -4.00036621  4.        
7.78801012 8.51649475 2.56985497 3.        
 7.44496107 22.69457245 10.20883179  3.        
1.71066296 5.32719421 0.76391602 3.        
7.18800306 9.9766922  3.53070092 3.        
-3.74384308  8.00027466 -3.78851295  4.        
-6.51896715 26.82298279 -7.35641479  4.        
-7.37309313 20.28684235 -5.45071411  4.        
 -0.58692902 -10.17143154  -2.02935791   4.        
  1.50525701 -20.88162231  -1.70913696   2.        
-3.38516212 15.41726685 -4.80389404  4.        
 0.37361899 -0.66761798 -0.42117301  3.        
 6.98721313 18.04923248  8.53353882  3.        
 -0.110397   -10.61493683  -2.22485399   2.        
 2.12568688 12.79420471  5.68627882  3.        
7.98852491 8.82702637 2.8869319  3.        
 4.45411682  4.75546312 -0.43594399  3.        
-1.25052595 -1.21337903 -2.493469    4.        
-3.74968696 14.26520538 -4.86703491  4.        
  2.66795301 -33.7525177   -1.06231701   2.        
-5.09530592 18.2206192  -4.98400879  4.        
-1.75273895  3.13306403 -3.14202905  4.        
  2.40290809 -26.7763443   -1.62612903   2.        
 2.20806098 14.94023895  6.6464839   3.        
-1.98171997  0.57696497  1.13403296  3.        
-4.60040283 12.88938904 -4.73974609  4.        
4.43929291 8.29264069 2.07775903 3.        
-9.20297241 30.25737762 -9.33941746  4.        
-4.18237305  1.82373798 -4.08050489  4.        
  1.37667096 -27.42436981  -1.91952503   2.        
-6.68834686 29.11810303 -8.01412964  4.        
-6.00266314 26.65391541 -7.14657593  4.        
  1.46568298 -18.07852745  -1.16003394   2.        
 -9.51494598  32.38557434 -10.01223755   4.        
10.27348328 17.59749603  7.60223389  3.        
  1.59470403 -31.03326416  -1.56951904   2.        
 -8.8720932   35.15287781 -10.19781494   4.        
 0.85273701 -3.44854689 -2.88909888  3.        
 -0.36171001 -12.91919708  -1.74148595   2.        
  1.85263801 -19.76529694  -0.84786999   2.        
  2.00865197 -30.06333542  -2.9503479    2.        
0.052841   9.12731934 2.8248291  3.        
-2.37011003  4.96215105 -3.10382104  4.        
  2.91671705 -29.77913666  -1.45959496   2.        
-8.63559723 20.70520782 -6.12652588  4.        
2.77784705 6.26796007 0.85076898 3.        
 5.00779676 16.6037674   8.06994629  3.        
 9.54623413 23.26415253 10.7437439   3.        
 -8.71038055  36.72360229 -10.57247925   4.        
-6.9031682   8.43615723 -5.6905818   4.        
-3.58674598  0.752846   -3.65979004  4.        
  1.96737695 -27.83843231  -2.83435106   2.        
7.3602829  7.86812592 2.08486891 3.        
-4.23983002  5.81288099 -3.43923903  4.        
-3.751297    9.48738861 -4.27862597  4.        
7.34973097 8.58963776 2.46774292 3.        
-0.82684302  7.49967194  2.19641089  3.        
-2.61271691  0.39210501 -3.78085303  4.        
  0.52356702 -15.18018341  -1.92135596   2.        
-1.35855103 -4.35801697 -0.36898801  3.        
5.00499678 7.69818115 1.67828405 3.        
-7.70584106 31.71272278 -9.25161743  4.        
-6.30119324 10.93672943 -4.47088623  4.        
-9.25579071 26.53448486 -7.93191481  4.        
-8.55034637 22.15673828 -6.43896484  4.        
-10.06976318  31.72119904  -9.82589722   4.        
 4.01907396  2.27037001 -2.28433204  3.        
-9.31829071 21.44498444 -6.56469679  4.        
-3.96497297  9.96284485 -4.42627001  4.        
  1.85986304 -30.52512741  -2.41946411   2.        
-2.222229    9.47009277 -4.66616821  4.        
-5.92793989  5.84793806 -5.12493896  4.        
-7.0151372  12.40480804 -4.83587694  4.        
-3.02192712  3.60738397 -2.76980591  4.        
 -9.37563324  34.47874451 -10.56393433   4.        
-9.22776031 16.31040955 -6.06118822  4.        
-7.86979723 26.73855591 -7.66009521  4.        
1.44068897 7.78203583 2.05673194 3.        
 -0.50569201 -11.64113617  -1.15460205   2.        
-9.39763641 31.07850075 -9.63720703  4.        
 1.95897698 10.36167908  3.85955811  3.        
 0.93216699 11.77921295  4.78656006  3.        
-0.261742   -9.26438141 -0.79342699  3.        
  2.608078   -30.65683746  -1.04397595   2.        
  0.89304399 -16.91114807  -0.72820997   2.        
  3.12637305 -32.33837509  -1.46814001   2.        
-4.67974806 21.16808319 -5.24398804  4.        
  1.65844703 -27.42409897  -2.3248601    2.        
 5.48317719 12.83145905  6.23504591  3.        
  2.20677209 -24.77338409  -1.38009596   2.        
  1.06764996 -21.67884064  -1.29290795   2.        
 2.49075294 16.78499603  7.23010302  3.        
 0.90648699 -0.472626   -1.373505    3.        
-2.35592604 -0.16177399 -3.78091407  4.        
  0.32565299 -12.16643524  -0.76532      2.        
-10.01808167  26.13297272  -8.0838623    4.        
-3.24196601  9.47890472 -4.40637207  4.        
-0.71086901 -7.68801117 -2.50198388  4.        
-1.56344604 -2.90066504 -3.20272803  4.        
-5.33309889  7.60685015 -3.98849511  4.        
-7.89234209 10.81534576 -6.16357422  4.        
-5.33338213 14.70271301 -4.73202515  4.        
-8.18815613 13.10377502 -5.56955004  4.        
-6.67449903 31.24827576 -8.53009033  4.        
  1.85537696 -36.69854736  -2.10018897   2.        
 4.49458313 13.98126221  6.60583496  3.        
0.84390301 4.28059387 0.59802198 3.        
-2.96045709  5.55100298 -3.11199999  4.        
-1.75373805 -3.27139306 -0.26217699  3.        
  1.55461895 -19.33473969  -1.603333     2.        
 7.18414307 11.31264496  4.78091383  3.        
 3.56749701 13.35214233  6.02822924  3.        
  1.62444305 -30.4909668   -1.44033802   2.        
7.60171509 9.71563721 3.34216309 3.        
  0.76410699 -20.93795013  -1.80670202   2.        
 2.62413001 15.87177277  7.12380981  3.        
  1.51146698 -32.75697327  -1.94378698   2.        
-9.1792984  17.15745544 -6.02291918  4.        
-5.29112196  5.89984083 -5.24816895  4.        
-9.22370243 23.73151398 -6.99859619  4.        
2.60479689 7.66011095 2.16162109 3.        
  1.32759905 -15.66543579  -0.52963299   2.        
