 0.88124102 -6.27407789  0.396332    3.        
-14.31568909  36.53426361 -10.71408081   4.        
  4.16650391 -36.52539444   4.05835009   2.        
13.66711426 18.45645905 11.82943726  3.        
-7.91247606 13.69026947 -9.0993042   4.        
9.31752014 7.61658478 0.59814501 3.        
  1.473068   -21.70648193   0.62991297   2.        
-8.29810333 26.14110565 -7.40744019  4.        
-2.94384003  4.69742584 -2.86605811  4.        
 6.22211504 12.65022278  8.71496582  3.        
1.55378699 6.70697021 4.33990479 3.        
 4.6720891   1.24208796 -2.95272803  3.        
  2.36985803 -14.00167084  -1.99700904   3.        
  3.62778497 -28.77161407   3.20449805   2.        
13.04049683 13.16259003  5.06747389  3.        
 -8.93088531  20.29655457 -11.34979153   4.        
-3.27825904 -2.24841309 -3.38626099  4.        
-11.81522369  30.13119507 -11.80395508   4.        
-0.014145    0.103157    2.85971093  3.        
-4.62490082 11.08418274 -3.98934889  4.        
-6.14332581 18.7568512  -5.76724195  4.        
6.1183548  9.31835938 4.48907518 3.        
4.86254883 4.86100006 0.72772199 3.        
 2.53846693 -3.35211205 -3.70883203  3.        
10.78572083 14.87675476  9.34710693  3.        
 -0.22597501 -11.16915894   1.38665795   3.        
-10.19271088  25.32682037 -12.01419067   4.        
-6.15618086  6.82995605 -6.10531616  4.        
 2.32129693 -9.37225342 -2.943115    3.        
  0.30352801 -17.02380371   0.939758     3.        
  3.11716509 -32.84896088   2.07608008   2.        
 9.3165741  11.51111603  6.06750488  3.        
-1.297966   -5.95740509 -3.15408301  4.        
-11.74485016  33.57115936  -9.34790039   4.        
-7.55675507 22.02120209 -7.86749315  4.        
 2.37266493 -0.97153503 -0.346313    3.        
-5.33108521 14.75365353 -5.98983812  4.        
11.35414886 10.43231964  2.62432909  3.        
-9.89305115 29.72798157 -8.26596069  4.        
  3.23938704 -24.88613129   2.4055481    2.        
-5.98569489 10.50214386 -7.73059082  4.        
-4.35288191  1.36213696 -4.43902588  4.        
-7.0290761  17.52780914 -9.43405247  4.        
14.11774445 16.59235382  8.43405247  3.        
1.62339795 3.54480696 2.25341797 3.        
 0.216141   -3.50301409  2.73040795  3.        
-3.57590508  7.79233599 -4.13049316  4.        
 4.22339582 10.48620605  7.08599806  3.        
 -0.126129   -11.71220398  -1.86389196   2.        
-1.76363397  0.57722503 -2.56930494  4.        
 7.61388397  5.20323896 -1.03826904  3.        
 3.47994995  2.10627794 -0.09848     3.        
-0.52983099 -8.51748657 -1.36297596  4.        
6.40096998 7.32178497 1.97299194 3.        
  1.94687605 -19.01461029  -0.921143     2.        
-5.71458387  4.26990509 -4.35232496  4.        
 2.17102098 -6.29175615 -2.56152296  3.        
  0.688667   -13.94522858   0.529419     3.        
 -8.63444519  23.23625946 -10.46768188   4.        
 -9.88451385  27.9703598  -10.65713501   4.        
11.07145691 17.20005035 11.21002197  3.        
-1.07346296 -3.38362098 -1.85412598  4.        
 1.904755   -3.85400391 -0.778687    3.        
8.53826904 9.39128113 2.94341993 3.        
 7.96424103 14.49966431 10.03143311  3.        
 1.72982001 -9.81872559 -0.17923     3.        
 0.16291    -8.44269562  2.03158593  3.        
4.10201979 7.60102081 3.64755297 3.        
 5.52558899  3.4490509  -1.53320301  3.        
11.16970062 13.43221283  7.12417603  3.        
-3.84292603  5.60445404 -5.68435717  4.        
-4.31758881  8.91651917 -6.40280104  4.        
 6.76056719 11.07584381  6.50805712  3.        
  2.28197503 -16.37531281  -0.66650403   3.        
-13.20537567  34.22574615 -11.43081665   4.        
 3.19860792 -0.89163202 -3.12368798  3.        
2.91176605 8.67941284 5.68279982 3.        
  2.17269111 -27.16804504   1.78482103   2.        
  1.89585102 -30.63279343   2.73059106   2.        
-5.65816498 13.13804626 -7.98248291  4.        
 8.89022064 12.84379578  8.31289673  3.        
  3.90353394 -34.00201797   4.19836378   2.        
-8.82202911 25.6925354  -9.87963867  4.        
3.12095594 5.54278612 2.53323388 3.        
-6.87348223 19.58435059 -8.00952053  4.        
13.51105499 15.20798492  6.44552612  3.        
-5.99861097 15.60016632 -8.25        4.        
1.57702601 1.03164697 1.19747901 3.        
  2.76505995 -19.57750702   1.28723097   2.        
-2.33849311  2.57340193 -3.78292894  4.        
-10.96603394  31.38551331  -9.90115356   4.        
-7.16096497  8.97489166 -6.28189087  4.        
 0.85118097 -1.61663103  1.34689295  3.        
11.21442413 11.75435638  4.57916307  3.        
  1.95077503 -12.18769073  -0.57519501   3.        
 -8.47060394  15.7937088  -10.05700684   4.        
-4.78211212 12.42103577 -5.93515015  4.        
-3.79514289  3.3843081  -5.32107496  4.        
-7.8368988  11.78155518 -7.93530321  4.        
 0.274681   -5.99427795  2.52835107  3.        
-2.83349609 -0.36129799 -4.48812914  4.        
-8.01431274 24.18000031 -8.38757324  4.        
 -8.67515564  17.97612    -10.83224487   4.        
  3.10951996 -22.73477173   1.94384801   2.        
-6.74123383 20.81539917 -6.21063185  4.        
-12.30059147  32.22685242 -11.50827026   4.        
12.45556641 16.26816559  9.79171753  3.        
 1.81169903 -7.78837585 -0.927338    3.        
  3.74726105 -31.33453369   3.58810401   2.        
-7.648911   20.7947464  -9.61599731  4.        
-1.30207098 -1.46928406 -2.97216797  4.        
  2.36431909 -11.48004913  -2.66018701   3.        
  2.65073395 -35.36895752   3.14471412   2.        
 9.36729431 15.99648285 10.54019165  3.        
 8.03351593 10.28864288  4.93353319  3.        
0.079605   2.19173408 3.06582594 3.        
-5.74520111 16.68651581 -5.306427    4.        
0.74430102 4.97123718 3.51318407 3.        
-9.0866394  27.73220062 -8.46270847  4.        
 3.34896803  0.43336499 -1.49380505  3.        
-6.32273912 17.5814743  -7.52154493  4.        
  1.75026703 -24.07655334   1.24508703   2.        
 0.750938   -4.33120012  0.92550701  3.        
10.40709686  9.01212311  1.54571497  3.        
12.49906921 14.99629211  8.24133301  3.        
  2.44583106 -17.62762451   0.94790602   3.        
  0.85865003 -19.17321777   0.74606299   2.        
3.34957099 3.68270111 1.27096605 3.        
6.59694719 6.00600386 0.46969599 3.        
-2.48696899 -4.39407396 -2.8475039   4.        
  0.74663502 -15.16299438  -1.02935803   2.        
14.07313538 17.45056915 10.18994141  3.        
-4.15502882 -0.063744   -3.10299706  4.        
-0.49478099 -6.49016619 -1.476318    4.        
 9.81662655 10.6137619   3.89269996  3.        
 2.47296906 -2.18739295 -1.78613305  3.        
 0.53046399 -9.94607544 -1.983307    2.        
4.83187914 6.17550707 2.11657691 3.        
-11.18032074  28.274086   -11.9369812    4.        
-3.95444489  9.50162506 -4.68923998  4.        
-4.6172328   3.03951311 -3.54370093  4.        
-10.30779266  29.66559601 -10.09344482   4.        
  0.67550701 -13.39292145  -1.50695801   2.        
4.58734894 9.44355011 5.48022509 3.        
-5.09506989 13.56632996 -4.59759521  4.        
-4.43524885 10.66334534 -6.03994799  4.        
-3.10522509  6.08705902 -4.05212402  4.        
  2.17575097 -14.67545319  -0.118866     3.        
 1.81602502 -5.61997986 -0.97409099  3.        
 0.79256397 -8.37091827  0.38284299  3.        
-1.082726   -7.67778015 -2.85662794  4.        
-7.60710907 23.48995972 -6.84014893  4.        
 2.30461097 -4.53649092 -2.33047509  3.        
-4.39519501  7.12198591 -6.31161499  4.        
 -9.68134308  23.68228149 -11.83270264   4.        
  2.22079492 -28.86144638   2.20886207   2.        
-7.51685286 19.11927032 -9.99423218  4.        
6.88884687 8.50251007 3.18286109 3.        
 5.26808882 11.71229553  7.6446228   3.        
  2.52295709 -32.52157211   3.63659692   2.        
 -9.104599    21.97666931 -11.52096558   4.        
 8.13446808e+00  6.54242706e+00 -4.30299994e-03  3.00000000e+00
  3.36930799 -26.56637573   2.81436205   2.        
7.95748091 7.90166521 1.55481005 3.        
-1.35884905 -5.05452013 -1.60293603  4.        
-1.57140303 -3.09693909 -3.43014503  4.        
-13.19870758  35.40830994 -10.17108154   4.        
 7.43843794 12.09780121  7.64770508  3.        
-5.77339888  8.23849487 -6.91943407  4.        
 1.73387206 -2.46641493  0.112396    3.        
-5.47842407  5.35077715 -5.68148804  4.        
-7.51673889 10.3955307  -7.09857178  4.        
  1.21120501 -17.59294891  -0.360107     2.        
 6.10826111  4.70216417 -0.601318    3.        
 0.114494   -1.57359302  2.81143188  3.        
  0.77130097 -12.18907166   0.55419898   3.        
 4.37765503  3.51326704 -0.053436    3.        
2.78309608 0.54432702 0.039124   3.        
  0.022911   -15.32527924   1.04171801   3.        
-7.14120483 15.17388153 -9.38912964  4.        
12.65879059 13.85010529  6.56069994  3.        
 4.22388506  1.87863195 -1.54803503  3.        
  2.91581702 -21.17460632   1.35415602   2.        
  1.46495104 -15.89935303   0.65164202   3.        
-3.05603004  4.55342913 -4.49017286  4.        
 2.3333509  -7.71937609 -3.25482202  3.        
2.36042809 2.4396131  1.19943202 3.        
  2.21293592 -20.39977264   0.046082     2.        
12.70722961 17.53071594 10.98110962  3.        
-5.04679108 11.70809937 -7.33877611  4.        
10.28477478 13.65235138  8.49380493  3.        
  2.09269691 -10.29128265  -1.66570997   3.        
-7.93781281 22.33528137 -9.39013672  4.        
11.55822754 12.741539    5.74432421  3.        
 9.96136475 12.4134903   7.16970778  3.        
  2.26120806 -25.64617157   1.45803797   2.        
-2.79398394  1.29497504 -4.55010986  4.        
-10.32727146  26.85935974 -11.80065918   4.        
-5.85285997 15.99726105 -6.75927687  4.        
  3.40656996 -30.20804596   2.59542894   2.        
-2.52509308  2.30754805 -2.27816796  4.        
  3.60535407 -34.22523117   2.70861793   2.        
 0.48854101 -9.81510162  0.79574603  3.        
2.73825097 7.62216187 4.60571289 3.        
 7.52580976 13.38066101  8.95965576  3.        
-2.12645006 -0.74117303 -1.92422497  4.        
-0.964073   -4.49131823 -2.93521094  4.        
  0.51261097 -10.87004089  -0.80392498   2.        
5.57286787 7.794312   3.21756005 3.        
 9.32393742 14.30731201  9.45599365  3.        
 2.31824493 -5.20925903 -3.65124512  3.        
-6.35665894 11.85943604 -8.21838379  4.        
 -9.13777161  24.74307251 -10.96520996   4.        
  2.67350793 -31.3408165    1.69839501   2.        
10.87635803 16.0567627  10.31335354  3.        
  2.27309394 -15.445755    -1.80166602   3.        
9.9847641  9.86928558 2.65988207 3.        
 1.42554498 -0.37166601  0.86920202  3.        
  2.53608704 -33.97481918   3.7250371    2.        
-6.52476501 13.97659302 -8.82000732  4.        
0.378685   3.61509705 3.18438697 3.        
-12.16181946  33.42552948 -10.71878147   4.        
 -0.167099   -13.04518127   1.25509596   3.        
 5.93490601 10.22453308  5.69601393  3.        
1.14469898 2.19627404 2.1152041  3.        
 5.35815382  2.54157996 -2.6217649   3.        
-9.2220459  27.07159424 -9.71838379  4.        
-2.32709503 -2.42800903 -2.3414309   4.        
12.09378147 11.49351501  3.50067091  3.        
  3.92630005 -32.80858994   3.4458921    2.        
-10.69420624  30.92528534  -8.59872437   4.        
-3.85014296  1.40806603 -3.1252141   4.        
-5.50569201 14.44101048 -7.34362793  4.        
2.63467407 6.4227519  3.50198388 3.        
4.8523941  8.64958858 4.37161303 3.        
-6.15750122  6.25466919 -4.84417677  4.        
  2.0796051  -17.46234894  -1.50244105   3.        
  3.28102112 -27.88417053   2.20501709   2.        
 0.46360001 -7.28340912  1.23730505  3.        
 2.93139601 -0.87485498 -1.60833704  3.        
-8.43138885 24.35839272 -9.70031738  4.        
  2.5292511  -22.83230591   0.70284998   2.        
9.09690094 8.67971039 1.78131104 3.        
-2.26819611 -1.48593903 -3.9438169   4.        
  2.43550897 -12.63554382  -1.92697096   3.        
1.95118701 4.85401917 2.71414208 3.        
-9.80947113 28.65750885 -9.1652832   4.        
  4.13478088 -35.57548904   3.07559204   2.        
 0.62950897 -3.03660607  1.34619105  3.        
 6.75891876  4.17681122 -1.67605603  3.        
-4.93463087  9.90627956 -7.10168505  4.        
-3.88169909  8.02062988 -5.42883301  4.        
-8.02817535 24.80705261 -7.19302416  4.        
-0.40306899 -9.15280914 -2.547791    2.        
-7.13658905 22.20088959 -6.60183716  4.        
  1.90287805 -13.37052917   0.060638     3.        
-8.38127899 25.51412964 -8.62353516  4.        
-3.22614288 -0.97185498 -2.76510596  4.        
 -9.4745636   26.23321533 -10.92053223   4.        
 2.10122705 -8.86225128 -1.67770398  3.        
 2.75524092 -2.16937995 -3.11581397  3.        
 -8.30844116  21.46433258 -10.5793457    4.        
13.62320709 15.54736328  7.76995897  3.        
-5.0316391   3.14936805 -4.88351393  4.        
  0.55146801 -12.19748688  -0.76351899   2.        
-4.89245605 12.24349213 -4.62341309  4.        
 8.07092953 10.9624939   6.07446289  3.        
-7.37773085 20.77719879 -8.31994629  4.        
7.45386505 9.48472595 4.05654907 3.        
-4.52688599  4.44818878 -5.58053589  4.        
  1.48194098 -11.15395355   0.07962      3.        
3.93819404 4.87672377 1.65469396 3.        
 0.030701   -7.52178192 -2.18688989  4.        
 3.71862793  0.32041201 -2.7406621   3.        
 -7.9101491   16.95611572 -10.24008179   4.        
-3.60781097  6.78511095 -5.11712694  4.        
-6.64134979 18.420784   -8.56887817  4.        
11.40844727 14.27333069  8.28796387  3.        
-6.54772186 19.59300995 -6.67141724  4.        
0.56467402 1.03871906 2.14944506 3.        
-5.20210981 13.31729889 -6.76773119  4.        
-11.37435913  32.32858276  -9.11642456   4.        
  2.88729906 -36.38237      3.93631005   2.        
-11.49947357  31.14346313 -11.06616211   4.        
10.50213623 12.00452423  5.81625414  3.        
 8.54714966 11.77587891  7.07366896  3.        
  3.01876807 -23.94332123   1.50418103   2.        
  3.61793494 -35.30592728   4.22348022   2.        
 0.31850401 -4.77303314  2.13247705  3.        
12.27819061 12.52335358  4.26110792  3.        
  2.5946269  -18.74990845   0.32647699   2.        
-6.64424086  7.9948349  -5.6473999   4.        
 5.4407959  10.84052277  6.72827101  3.        
  0.99504101 -16.3833313   -0.700409     2.        
3.49745893 9.54780579 6.4067688  3.        
-10.70859528  29.21056366 -11.22003174   4.        
 1.34247601 -5.01567793  0.03067     3.        
-1.91807604 -0.355194   -3.51074195  4.        
-6.37351179 16.82852745 -8.62237644  4.        
 0.52828997 -0.432877    1.86273205  3.        
-6.04043579 17.5120163  -6.30285597  4.        
-2.90779901  3.4576261  -2.59188795  4.        
-3.52375007  6.74401093 -3.08071899  4.        
-6.35509491  9.29598236 -7.22024488  4.        
5.53857422 5.9067378  1.13150001 3.        
-12.29966736  34.59465027  -9.91192627   4.        
 -8.38460541  19.27498627 -10.9230957    4.        
-0.399086   -5.54029799 -2.25799608  4.        
-4.20552111  8.86241913 -3.66638207  4.        
  1.27491796 -20.51399994   0.83871502   2.        
-2.0490191   1.21873498 -3.57913208  4.        
-3.4670639   2.2306211  -4.96789598  4.        
-11.67453766  32.37598419 -10.32507324   4.        
-7.13819885 12.68151093 -8.66577053  4.        
  1.25593603 -17.88105774   0.82305902   2.        
 2.4036479  -3.22314501 -2.42193604  3.        
7.20975494 7.02142286 1.11849999 3.        
 9.35221863 10.90861511  4.97363281  3.        
3.71857405 6.60664415 2.99807692 3.        
3.72499108 8.3842392  4.83914185 3.        
-5.527771   15.54455566 -4.97647095  4.        
-1.54341102 -1.766716   -1.68075597  4.        
13.59766388 16.59571075  9.51205444  3.        
-8.23691559 14.70773315 -9.63275146  4.        
-2.89173889 -3.27631402 -2.94247389  4.        
 1.99158502 -6.75182295 -1.48644996  3.        
-7.09786987 16.34593964 -9.48266602  4.        
 1.319031   -3.58963799  0.206635    3.        
  2.38520002 -17.59740448  -0.28674299   3.        
  1.46077001 -14.22941589  -0.99624598   2.        
1.61573005 5.83733416 3.52816796 3.        
 8.73677063 10.08849335  3.86380005  3.        
11.84146118 15.3598938   9.19226074  3.        
10.85636902 11.04537201  3.57428002  3.        
-2.583359    3.84970093 -3.690521    4.        
  2.72597504 -31.39148331   3.02395606   2.        
-1.35549903 -6.7504878  -2.21579003  4.        
 1.69020796 -6.60352278 -0.36413601  3.        
 6.91774702 10.01013947  5.06091309  3.        
7.84413099 8.58118439 2.50344896 3.        
 0.237526   -9.36554718 -1.03207397  2.        
 2.0856781  -7.77991486 -2.06494093  3.        
-7.9154048  23.03562927 -8.35473633  4.        
 0.62688398 -5.48685503  1.28698695  3.        
-8.71430969 26.60157013 -8.47149658  4.        
-7.16823578 19.80628967 -9.09518433  4.        
  2.45117903 -29.93951416   1.91055298   2.        
  1.57560003 -22.71207428   1.318573     2.        
-4.92665911  1.94719696 -3.64590406  4.        
  3.78282905 -31.92970848   2.61834693   2.        
 4.58232117  2.82258606 -1.03204298  3.        
13.00402069 14.64271545  7.2910161   3.        
-6.57809401 18.66633606 -7.31985521  4.        
-2.89983392  3.20462799 -4.55828905  4.        
-0.96200597 -2.45255303 -2.54788208  4.        
2.73025489 4.43344879 2.02368212 3.        
 -8.0746994   20.2766037  -10.52722168   4.        
  2.19101691 -13.35202789  -1.10086095   3.        
  2.1062851  -11.39039612  -1.457214     3.        
 6.34610701 11.92173004  7.43246508  3.        
-2.11356401 -5.57515717 -2.24298096  4.        
 1.52555096 -1.39969599  0.44332901  3.        
13.16320801 14.23728943  5.64294386  3.        
4.72161913 7.06940508 2.84628296 3.        
13.0194397  15.85915375  8.90817261  3.        
-3.5790019   0.45741299 -4.37442017  4.        
  2.41854095 -16.60127258   0.52029401   3.        
  3.02167511 -26.432724     1.65127599   2.        
-7.06475115 20.94185638 -7.26568604  4.        
-5.1106801   6.26278687 -6.18939209  4.        
 0.237091   -7.09176588  2.30288696  3.        
-4.28097486 10.63286591 -4.94778395  4.        
 0.120247   -9.61170959  1.81307995  3.        
 -0.34792301 -10.60518646  -1.90951502   2.        
-9.42610931 28.76937103 -7.99526978  4.        
2.57251    1.50519598 0.65954602 3.        
 9.89370728 15.1186142   9.93469238  3.        
  0.966286   -11.59317017  -1.57049596   2.        
-10.96311188  30.21382904 -10.88174438   4.        
-3.50228906 -0.91153699 -3.83038306  4.        
  0.82223499 -13.46151733  -0.43518099   2.        
 1.79155695 -8.79867458 -0.54022199  3.        
-13.85907745  35.4367218  -11.02600098   4.        
 -0.14434101 -14.23218536   1.15258801   3.        
-4.35961914  9.97180176 -3.80862403  4.        
 5.21598005  4.15362597 -0.27066001  3.        
-0.351349   -6.561234   -2.58755493  4.        
 8.82863617 15.12900543 10.12466431  3.        
-12.99611664  33.17430878 -11.43051147   4.        
  1.46392798 -18.56770325   0.03241      2.        
 1.13557398 -7.40871382  0.061981    3.        
 3.37804389  1.19509101 -0.64041102  3.        
11.95896053 16.88529205 10.58828735  3.        
-7.04262495 10.96746063 -7.85620117  4.        
-2.54672194  1.25158703 -2.19012499  4.        
  3.25441694 -29.20591736   2.28985596   2.        
 -7.72058105  18.09115601 -10.13677979   4.        
-3.48239899  5.69001007 -3.03893995  4.        
  2.32334089 -24.65442657   1.91479504   2.        
5.83383894 5.22901917 0.26907301 3.        
-5.10935211 13.75198364 -5.75119019  4.        
  0.51192498 -11.12325954   0.63827503   3.        
  0.99842799 -14.94715881   0.46008301   3.        
-8.1476593  23.3635025  -9.32470703  4.        
-5.77923584  5.288414   -4.596313    4.        
  2.49231005 -33.26284409   2.89672899   2.        
-2.16701508 -3.55188704 -2.24105811  4.        
 8.58586121 13.62800598  9.16406155  3.        
-4.08951616  9.69916534 -5.74945116  4.        
3.52550507 2.93930793 0.56082201 3.        
 7.31972504  5.85275984 -0.26623499  3.        
 2.23010993 -2.05693007 -0.70501697  3.        
 0.30886099 -2.25591993  1.96206701  3.        
 0.28807101 -8.53546906 -2.07650805  4.        
10.25484467 11.35451508  4.72277784  3.        
5.76852417 8.57878113 3.85836792 3.        
  2.62405396 -25.76460266   2.41619897   2.        
10.35440063 16.40888977 11.12826538  3.        
-0.71113598 -7.50734711 -1.40103102  4.        
  2.49340105 -10.4624939   -2.63159204   3.        
-5.38272905  7.28009796 -6.60140991  4.        
-5.34152985 14.48236084 -5.00540209  4.        
  2.56401801 -21.81889915   0.60781902   2.        
8.33464146 7.29513502 0.647888   3.        
-2.27492499 -2.49868798 -3.97045898  4.        
 4.73355103 10.16400909  6.2723999   3.        
  1.62117004 -19.57982635   0.105072     2.        
1.13144696 4.24325609 2.79284692 3.        
-6.0484848  16.50162506 -7.72436523  4.        
14.11510468 18.20175171 10.96603394  3.        
  1.88299596 -19.09191132   0.94845599   2.        
-10.41020966  30.22978973  -9.26568604   4.        
-12.27809906  31.18326569 -11.69830322   4.        
11.97615814 14.07805634  7.25912523  3.        
10.91497803  9.7077713   2.08908105  3.        
  2.45405602 -22.00546265   1.67001295   2.        
-5.90036011 14.59889984 -8.24887085  4.        
  1.87973797 -10.64261627  -0.75463903   3.        
-1.70387995 -4.11084795 -3.48611403  4.        
2.42235589 3.44107103 1.66647303 3.        
 2.850914 -0.126251 -0.836914  3.      
 7.88460493 12.70542908  8.32211304  3.        
 -9.06391907  22.96212006 -11.38696289   4.        
  1.73790002 -15.54367065  -0.69967699   2.        
  1.38457501 -16.79862213   0.23602299   2.        
  2.54222107 -32.08377075   2.341187     2.        
-4.43009186  2.3012619  -4.73678589  4.        
  2.13861108 -16.50090027  -1.72006202   3.        
-4.80158186 11.53063965 -6.36117506  4.        
-2.85513306  5.1674118  -3.74411011  4.        
 2.19044495 -3.02915192 -1.35794103  3.        
  2.35894799 -14.61229706  -1.22537196   3.        
6.20315599 6.60964203 1.32339501 3.        
  3.196594   -33.26334      3.92431593   2.        
  2.32505798 -23.35220337   1.87496996   2.        
-3.54856896  4.73448896 -5.33386183  4.        
-2.36855292  0.43706501 -4.07876587  4.        
-5.47690582  4.44854689 -5.29836988  4.        
-10.4015274   27.77680969 -11.46643066   4.        
  1.35444605 -12.85650635  -0.99383497   2.        
-1.46543896 -0.44236001 -2.57684302  4.        
13.05947113 17.07590485 10.16915894  3.        
4.14260912 4.00829315 0.75064099 3.        
-4.73470306  8.00276184 -6.62380981  4.        
5.50014496 6.86273193 2.30557203 3.        
-7.54769897 21.49491119 -8.94961643  4.        
11.900177   13.18231964  6.53695679  3.        
 2.31504107 -6.62099504 -3.46051002  3.        
 3.94126105  1.17917597 -2.15423608  3.        
-0.41947901 -9.65331268 -1.68139601  2.        
  4.23751783 -34.7673378    3.71005297   2.        
2.39600008e-03 1.20091295e+00 2.91964698e+00 3.00000000e+00
 2.85115099 -1.46065497 -2.37377906  3.        
  2.27122498 -20.45539093   1.308411     2.        
10.65600586 12.74842072  6.5881958   3.        
 2.08028412 -5.53619385 -1.89858997  3.        
-11.35799408  29.22663879 -11.93383789   4.        
 2.22744703 -0.28559899  0.34362799  3.        
0.77695501 2.981529   2.53088403 3.        
-0.53803301 -4.62633514 -1.99356103  4.        
  0.11795    -12.61423492  -1.55578601   2.        
 -9.98662567  28.76248169 -10.1022644    4.        
-4.37123108  0.709373   -3.62634301  4.        
  0.066925   -12.11351013   1.19842505   3.        
  2.60826111 -29.64440536   2.84356689   2.        
-1.75643897 -5.11926985 -3.194031    4.        
  3.33669996 -25.52775574   1.70437598   2.        
-6.32214403  7.12076616 -5.21044922  4.        
 9.82902527 12.95297241  8.03329468  3.        
 2.48659492 -4.23707581 -3.35940504  3.        
  3.83071089 -36.47360992   3.15896606   2.        
 0.378281   -6.3472209   1.60943604  3.        
  2.70591688 -27.23503876   2.6776731    2.        
7.22622681 7.93452501 2.159302   3.        
1.02499402 0.28083801 1.48214698 3.        
-5.1836319   8.99285889 -7.03994799  4.        
  2.31001997 -15.71153259   0.213715     3.        
  0.500404   -14.25068665  -1.14511096   2.        
-1.88297296 -4.45380402 -2.10803199  4.        
9.71847534 8.38712311 1.13504004 3.        
-3.32876611  5.61116791 -4.89477491  4.        
4.02072096 5.69748688 2.12304711 3.        
 0.413315   -3.85043311  1.76287794  3.        
-9.47834015 28.02017975 -9.81155396  4.        
 0.41059101 -8.88632965  1.06842005  3.        
-0.935112   -8.42597961 -2.28320289  4.        
-7.10696411 18.4617691  -9.41714478  4.        
-5.36001587  3.42411804 -4.05267286  4.        
  2.690979   -28.31655121   2.80334496   2.        
-8.75004578 27.21218109 -7.76617384  4.        
 1.09552002 -9.29045105  0.25259399  3.        
 4.65427399  1.98774695 -2.36773705  3.        
5.43238783 9.53475189 5.08010912 3.        
  3.3192749  -34.56293106   3.74563599   2.        
-2.10919189  2.02407098 -3.05722094  4.        
-4.48529005 11.45294952 -5.49279785  4.        
  2.69014001 -24.85578156   1.08862305   2.        
12.59410858 18.17103577 11.63562012  3.        
 9.11911774 12.29769135  7.572052    3.        
-8.02772522 12.65296936 -8.43283081  4.        
 3.227005   -0.32152599 -2.30432105  3.        
 -8.25987244  22.42330933 -10.26800537   4.        
-3.71749902  8.65871429 -4.41684008  4.        
-5.62693024 15.34378147 -7.44485521  4.        
-5.07902479 10.80747986 -7.01959181  4.        
  2.71762896 -35.44480515   4.05523682   2.        
  3.93158698 -33.11215591   2.58209205   2.        
 2.30963111 -8.46021271 -2.63507104  3.        
14.12823486 17.28818512  9.23599243  3.        
-0.984375   -3.38268995 -2.78933692  4.        
 1.96260095 -4.54993391 -1.36962903  3.        
  3.74393511 -30.111866     3.43957496   2.        
-2.40995002  0.241882   -2.02182007  4.        
-6.59682512  8.28033543 -6.50970507  4.        
-7.55027008 22.89896393 -7.53414917  4.        
  3.43246508 -32.15090179   3.83126807   2.        
  2.70440698 -34.45513535   2.97540307   2.        
  0.51683801 -10.93077946  -1.99191296   2.        
 9.4540863  13.63555145  8.86453247  3.        
-12.9430542   34.70466614 -10.71014404   4.        
-5.17201185 12.62121582 -7.42282104  4.        
 1.074844   -2.44924903  0.82675201  3.        
-1.24441504 -5.90359497 -1.88366699  4.        
 7.21889496 10.67647552  5.84237719  3.        
 1.87651098 -9.6149292  -1.04464698  3.        
-3.50757599  0.607445   -2.89404297  4.        
3.78947401 9.03118896 5.52972412 3.        
4.77959394 5.51005507 1.51382399 3.        
-6.74061584 10.09033966 -7.43154907  4.        
11.91127777 17.59294891 11.390625    3.        
-6.33332109 13.09469604 -8.57128906  4.        
-6.54825592 15.90711212 -8.88876343  4.        
3.13248396 7.20865583 3.91455102 3.        
-5.64819288 15.77907562 -5.83261108  4.        
 -9.6822052   24.64385986 -11.74072266   4.        
7.69221497 9.11679077 3.277771   3.        
  1.94944    -21.33604431   1.28793299   2.        
-5.75283003 11.36103058 -7.78298998  4.        
12.49467468 13.28973389  5.88324022  3.        
 2.26599097 -5.43675184 -2.78900099  3.        
-3.43698907  6.91603088 -4.07714796  4.        
-3.02751207 -1.88601696 -2.61511207  4.        
  0.54401398 -13.07318878   0.566315     3.        
 4.94083405  2.66837311 -1.85555995  3.        
 -8.74271393  21.16546631 -11.28442383   4.        
-3.99381304  6.45304918 -5.90484619  4.        
  3.46873498 -35.07003784   2.50573707   2.        
2.4218061  5.69242096 3.06097388 3.        
  1.03540003 -15.67137146  -0.186829     2.        
  2.193398   -27.98251343   2.1130681    2.        
 -9.95870209  27.14565277 -11.04730225   4.        
-1.76182604 -2.677917   -1.71881104  4.        
-6.25534105 18.36384583 -6.54144287  4.        
 7.3599782  14.06960297  9.47265625  3.        
  2.65584612 -19.68754578   0.293091     2.        
-6.47927094 14.86872101 -8.84585571  4.        
-7.23960876 14.29270172 -9.21044922  4.        
-3.83555603  8.89803314 -5.30917406  4.        
  0.40914899 -16.15890503   0.898987     3.        
 0.33509099 -1.27117205  2.0032959   3.        
-4.85883284 12.89480591 -5.19766188  4.        
  1.56843603 -12.39334106   0.176331     3.        
12.13103485 12.84976959  5.10192919  3.        
-1.69031501 -2.21561408 -3.39620996  4.        
  0.97911102 -14.49635315  -0.327362     2.        
8.92472076 6.81650496 0.220917   3.        
6.3343811  7.76576185 2.71286011 3.        
2.07988    0.59177399 0.64910901 3.        
-10.76476288  30.50015259 -10.09082031   4.        
 -9.13280487  23.82923126 -11.18218994   4.        
 6.7410202  12.30202484  8.11273193  3.        
 5.80904388 12.0810318   8.20648193  3.        
-6.05580902 16.91148376 -6.92144823  4.        
 3.6944499  -0.215149   -3.41448998  3.        
 0.205391   -2.64315009  2.77221704  3.        
6.66706085 8.95458984 3.93682909 3.        
  3.52017999 -27.91259003   3.02920508   2.        
10.17575836 14.30406189  9.16070557  3.        
-6.08927917  5.99952698 -5.65856886  4.        
  0.066559   -10.36571503   1.36203003   3.        
9.22699738 9.84506226 3.1686399  3.        
  1.01570106 -10.305336     0.334564     3.        
-7.82243299 24.06478882 -7.56262207  4.        
 7.31018782 11.61047363  6.95828295  3.        
1.81202698 2.78751397 1.75177002 3.        
 9.32447147 12.03858185  6.73586988  3.        
1.66236901 1.95907605 1.48348999 3.        
 8.56649017 10.80173492  5.40383911  3.        
-0.004089   -0.73908198  2.71426392  3.        
-4.64536285  5.51951599 -5.94641113  4.        
 5.97740889  3.23269606 -2.21768188  3.        
 6.70626116  5.28614807 -0.45752001  3.        
 4.82438707 11.07408905  7.30557299  3.        
 4.01065779  2.78478193 -0.28469801  3.        
10.911026   13.58214569  7.91619921  3.        
 1.94694495 -3.06791711 -0.443115    3.        
-10.91730499  27.45846558 -12.05654907   4.        
8.7239151  8.05052853 1.22921801 3.        
-1.26899004 -4.21475983 -1.56140101  4.        
-4.15251923  2.231529   -3.45947289  4.        
-8.18814945 25.37876892 -7.81295776  4.        
 -9.93600464  26.01617432 -11.60031128   4.        
-2.77613091  2.37598395 -4.47991896  4.        
 -0.071182   -10.1950531   -1.14010596   2.        
  2.75125098 -30.78113556   2.32058692   2.        
  1.46607995 -14.15242767   0.26501501   3.        
  3.49551392 -31.13026428   2.81234694   2.        
3.04607391 2.23278809 0.76095599 3.        
-7.13357496  9.54949856 -6.92352295  4.        
-5.79276323 16.62863922 -6.17645311  4.        
-3.18873596 -0.16394    -2.98638892  4.        
-8.93447113 26.41397095 -9.25772095  4.        
10.40213013 10.46958923  3.17071509  3.        
  2.101578   -31.86578369   3.3162539    2.        
 1.49137104 -8.1704874  -0.077881    3.        
-6.03040314 17.95178223 -5.57391405  4.        
  2.22174096 -18.15687561  -0.88525403   3.        
-10.04444885  29.49887276  -9.09442139   4.        
 2.277771   -9.62036133 -2.1257019   3.        
-7.62273407 15.73482513 -9.77389526  4.        
  1.64691901 -16.90983582  -0.60202003   2.        
  2.59865594 -20.83908081   0.646088     2.        
-7.92031908 21.65019989 -9.86709595  4.        
-11.03151703  31.5604248   -9.09176636   4.        
13.53289032 17.62010956 10.8598938   3.        
-2.48625207  2.89902496 -3.03656006  4.        
 8.16965485  5.93590498 -0.56423998  3.        
9.50567627 9.34441376 2.23877001 3.        
 2.11888909 -3.8307879  -1.74444604  3.        
11.1978302  15.50878143  9.68774414  3.        
  2.10501909 -26.31232452   1.91799903   2.        
 9.92173004 11.46250153  5.46902514  3.        
 6.6975708  13.21055603  9.08721924  3.        
  0.91413099 -12.41446686  -1.62011695   2.        
-11.66016388  31.95320892 -11.03125      4.        
 3.09732103 -1.59111798 -3.58648705  3.        
 8.24388123 12.27448273  7.72433519  3.        
11.15522003 12.09030914  5.33197021  3.        
-3.70722198  7.49484205 -3.3808589   4.        
 6.89559889  4.76355696 -1.12640405  3.        
-5.10874891  2.5455091  -4.1688838   4.        
  2.58712792 -23.62400818   0.89111298   2.        
 1.50320399 -5.84937286 -0.118652    3.        
 -8.73910522  24.22901917 -10.47460938   4.        
  3.96839905 -33.75276566   3.427917     2.        
  0.449379   -17.87921906   0.91598499   3.        
-5.70030212 12.27442932 -7.98254395  4.        
 2.26528907 -7.2145462  -2.62332106  3.        
  1.78635395 -15.13562012   0.50292999   3.        
-1.09970903 -6.82164812 -2.98104906  4.        
0.41828901 1.77784705 2.45809889 3.        
 1.79757702 -4.62940216 -0.57287598  3.        
 0.372711   -8.08218384  1.33807397  3.        
 4.16841888  0.70921302 -3.29379296  3.        
-8.46760559 25.14105988 -9.33447266  4.        
-7.52529907 20.02096558 -9.80975342  4.        
-4.49320221  9.86872101 -6.42785597  4.        
  0.150856   -11.52426147  -1.10623205   2.        
 -9.46490479  25.47775269 -11.20065308   4.        
-6.17150879  7.59612322 -6.35391188  4.        
-11.77575684  33.16540527 -10.06237793   4.        
  3.3855741  -27.00523376   2.08410597   2.        
  1.78306603 -23.38417053   0.83999598   2.        
 6.04961395  4.0749588  -1.31417799  3.        
 6.06373596 11.42211914  6.87460279  3.        
 3.84456611  1.98146796 -0.79855299  3.        
 2.53096795 -1.480492   -1.27783203  3.        
  2.34497809 -18.44859123   1.04238904   2.        
-5.7352519   9.82739258 -7.3875432   4.        
4.73260498 8.05506134 3.8183291  3.        
13.14352417 14.49259186  6.52349806  3.        
2.00575995 7.3673172  4.77703905 3.        
2.91464996 2.99918389 1.09927404 3.        
 4.89825392  3.487396   -0.65191698  3.        
-2.377846   -3.23596191 -3.54501295  4.        
-4.58996582  3.70587206 -5.31085205  4.        
 0.27153    -3.06517792  2.07394409  3.        
-6.53995514 17.58224487 -8.45141602  4.        
-6.81761885 20.00791931 -7.34552002  4.        
 -9.19536591  26.40805054 -10.14321899   4.        
-3.3342061   3.971771   -5.06964111  4.        
-1.17430902 -7.51316786 -2.09216309  4.        
 -8.02107239  18.73517609 -10.47290039   4.        
11.64691925 16.42285919 10.03494263  3.        
 -8.68307495  22.24312592 -10.90475464   4.        
  3.64939094 -29.52426147   2.93151903   2.        
  1.75515699 -19.89661407   0.853149     2.        
-7.13529205 11.82501984 -8.2800293   4.        
3.60057092 7.85384417 4.27838087 3.        
 -8.58372498  17.14707184 -10.58779907   4.        
-1.38243902 -1.23115504 -2.22650099  4.        
 0.861458   -5.42197418  0.49261501  3.        
  2.06482697 -13.88931274  -0.5          3.        
10.43727112 12.98057556  7.54476881  3.        
-7.74287415 22.1793766  -8.62908936  4.        
  3.30807495 -35.78705978   3.09857202   2.        
7.27077484 6.37950897 0.34823599 3.        
-4.50910997 11.44501495 -4.71371508  4.        
  0.86212897 -10.52190399  -1.42526305   2.        
  1.859604   -17.13936615   0.79342699   3.        
  1.98241401 -21.18744659   0.32296801   2.        
-0.25602001 -8.32898045 -2.64987206  4.        
-0.132339   -9.88497925 -2.38375807  2.        
  3.88109589 -35.87107086   3.746979     2.        
-6.88420916 19.14665985 -8.69689941  4.        
-6.42895508 19.4630661  -5.9092412   4.        
11.58464146 11.00189972  3.18634009  3.        
-1.94338202  0.49653599 -3.3258059   4.        
-3.759094   -0.175301   -3.96978807  4.        
 0.02877    -7.99780989 -1.48254395  4.        
-0.951042   -5.27687788 -3.059448    4.        
13.6705246  15.91178894  8.44552612  3.        
10.05397034 12.27181244  6.38040209  3.        
 7.14945984 12.92171478  8.36618042  3.        
  3.79425812 -35.99965668   4.49957323   2.        
-5.29898119 14.28507996 -6.59567308  4.        
 8.72614956 10.37113953  4.61608887  3.        
8.10029602 9.84370422 4.25793505 3.        
-12.22710419  33.84458923 -10.08093262   4.        
-3.95461988  7.28834486 -5.70892286  4.        
  3.03546095 -28.5514183    1.92425501   2.        
2.41747999 6.88924408 4.06723022 3.        
-1.96949005  1.29771399 -2.71383691  4.        
-12.03605747  32.69282532 -10.96511841   4.        
  1.90393102 -11.40383911  -0.71340901   3.        
2.5988009  8.09276581 5.30911303 3.        
-5.74252319 13.94913483 -7.87423706  4.        
-5.06307983 12.54891968 -6.62963915  4.        
  2.230057   -19.36000824  -0.29266399   2.        
 0.92933702 -0.76087999  1.30706799  3.        
-3.51222205  1.42077601 -4.76177979  4.        
  3.17871094 -23.57750702   2.1490171    2.        
-3.65472388 -1.62126195 -2.94689894  4.        
-4.13642883  7.86880493 -6.18011522  4.        
-10.42581177  28.5095768  -11.1980896    4.        
-1.76557195 -1.09587097 -3.43853807  4.        
  2.17660499 -12.51254272  -1.22790504   3.        
 2.06447601 -1.61664605 -0.104431    3.        
-7.30498505 21.65685272 -7.25195312  4.        
-7.06626892 21.42613983 -6.51013184  4.        
  3.10965705 -30.46697998   3.24288893   2.        
  0.36941499 -12.97187042  -0.94268799   2.        
-3.51512098  7.46343994 -4.80441284  4.        
-7.07289886 13.47740936 -8.94680786  4.        
 -9.02222443  25.32719421 -10.50463867   4.        
 8.5927496  14.33190918  9.62588501  3.        
 -9.50001526  27.18191528 -10.40716553   4.        
-12.60468292  34.02799988 -10.78625488   4.        
  2.33937097 -17.10115051  -0.89968902   3.        
  2.68608904 -36.27428818   3.22283912   2.        
13.907341   16.31394958  7.7721858   3.        
-0.66017902 -3.97150397 -2.33026099  4.        
-1.71295905 -6.17091417 -2.57223511  4.        
1.96427906 4.20089006 2.33947802 3.        
-7.68095398 11.06113434 -7.48617506  4.        
-11.19993591  29.78427887 -11.44073486   4.        
  1.22716498 -13.1033783    0.218658     3.        
  1.94857001 -24.9780426    1.36166406   2.        
-3.11250305 -1.63571203 -3.77053809  4.        
  2.44124603 -18.02419281   0.320099     2.        
3.06128693 1.43148005 0.107758   3.        
4.7097702  4.21064806 0.26593    3.        
  2.60977888 -34.71094894   3.88931298   2.        
11.50172424 14.79899597  8.85516357  3.        
 3.67422509  1.08879101 -1.40817297  3.        
8.31668091 8.44251156 1.95620704 3.        
-5.52618408 15.37911987 -6.4377141   4.        
-13.74806213  35.97310638 -10.53646946   4.        
  1.020401   -17.18560791   0.84539801   2.        
11.20185947 16.58431244 10.70620728  3.        
10.85258484 14.32439423  8.86923218  3.        
-4.95529222 13.12657928 -6.10092211  4.        
-2.48534393  1.76431298 -4.07940722  4.        
1.14274597 1.53761303 1.78241003 3.        
  3.21740699 -24.68120575   1.56613195   2.        
  2.91487098 -22.50877953   1.27569604   2.        
-3.17424011 -2.59140801 -2.74249291  4.        
-8.92821503 27.11170959 -8.94958496  4.        
-9.49639893 28.32242584 -8.59393311  4.        
 2.63034797 -2.90644097 -3.1383059   3.        
  3.45125604 -28.52844238   2.53958106   2.        
11.39705658 11.47963047  3.80050707  3.        
-2.30411506 -0.71706402 -4.01239014  4.        
  3.07403588 -31.59342194   2.25341797   2.        
 6.14657593 10.81673431  6.21554613  3.        
10.2115097  15.76174927 10.31558228  3.        
  3.37870002 -25.90931511   2.32199097   2.        
  2.00232697 -22.33763123   0.62564099   2.        
  2.59201097 -24.00373077   2.10449195   2.        
  2.94068193 -28.96120071   3.02621508   2.        
  2.60784888 -26.53516388   2.51089501   2.        
  1.08586895 -19.87976074   0.54000902   2.        
-4.05235291  8.15335083 -3.64511108  4.        
6.21516418 8.28862    3.34710693 3.        
  3.21448493 -33.63654709   2.54888892   2.        
 0.82347101 -3.53550696  0.858307    3.        
-6.69876909 18.8816452  -8.00732422  4.        
-5.28178406 13.69621277 -7.37976122  4.        
-9.68836212 29.09553528 -8.60577393  4.        
-10.83044434  30.80735016  -9.36160278   4.        
 1.26529706 -4.30647993  0.156982    3.        
11.8048172  12.18807983  4.68810987  3.        
0.237358   2.89358497 3.03683496 3.        
-5.04402924  4.05313921 -3.90197802  4.        
2.60641503 5.03124189 2.47723389 3.        
12.41189575 14.44820404  7.69482422  3.        
 0.213135   -7.72755384  1.96859705  3.        
-6.66558123 20.09648895 -6.15267897  4.        
  3.21709394 -32.71223831   3.39755297   2.        
-9.30373383 27.8246994  -9.13949585  4.        
4.46186113 8.89962006 4.91805983 3.        
13.49940491 15.17972565  7.16149902  3.        
 8.25362396 13.13516998  8.75805664  3.        
8.70444489 8.92584991 2.32440209 3.        
 -8.53166199  16.46057892 -10.30377197   4.        
-9.33063507 28.06713104 -7.88183594  4.        
  2.06030989 -31.62237167   2.59112501   2.        
 -7.94992113  20.92977142 -10.27392578   4.        
1.48144495 5.17012787 3.14382911 3.        
-5.35280609  4.84927416 -4.15600586  4.        
 2.44826508 -5.84772491 -3.36764503  3.        
 7.44289398 11.20509338  6.35848999  3.        
  2.43262506 -32.46088028   2.93463111   2.        
  2.36989594 -12.18362427  -2.56408691   3.        
  2.27530694 -15.94136047  -1.29348695   3.        
8.24704742 9.58599091 3.6130681  3.        
  2.96780396 -27.46627808   1.72537196   2.        
1.94782996 6.40577698 3.8344419  3.        
-0.61299902 -5.64922285 -1.592682    4.        
5.63510084 6.45889282 1.71554601 3.        
 0.74821502 -6.93041992  0.62149     3.        
  1.83783698 -22.03334808   1.279266     2.        
4.34375    6.46341705 2.53744507 3.        
 0.50860602 -9.07061768 -1.61328101  2.        
  3.31051612 -32.45330429   2.64956689   2.        
-2.86381507  0.337791   -4.57766724  4.        
13.25793457 18.00952721 11.37976074  3.        
12.40855408 15.54727936  8.671875    3.        
-5.29774523  3.8007741  -4.9258728   4.        
13.15082645 15.45780945  8.30151367  3.        
-10.37950134  29.15823936 -10.57745361   4.        
  2.00859809 -12.88298798  -0.48144501   3.        
7.47235107 9.87652588 4.63949585 3.        
  0.113205   -13.55291653   0.84484899   3.        
-3.94308496  4.05535078 -5.46615601  4.        
 4.09700012 10.00881958  6.519104    3.        
  3.92052507 -32.06184387   3.3374629    2.        
 0.35694101 -4.12951708  2.45278907  3.        
-7.37147522 20.59207916 -8.99438477  4.        
  4.08440399 -34.62971115   3.01852393   2.        
7.73664904 6.86730194 0.53207397 3.        
  2.9700551  -23.24893188   1.440979     2.        
  1.93091595 -29.89585495   2.37356591   2.        
  1.61341095 -18.47000122   0.70672601   2.        
-2.75040388 -3.81634498 -2.52468896  4.        
-4.46610308  1.39907098 -3.65527296  4.        
-8.28924561 24.89056396 -8.32666016  4.        
-4.0990448   8.49901581 -5.88583422  4.        
 8.64588928 11.474823    6.45425415  3.        
-7.43727922 22.81522369 -6.72689819  4.        
-8.13837433 24.08567047 -9.06481934  4.        
-7.36099195 16.96076965 -9.81591797  4.        
  1.66801405 -14.85334778  -0.69458002   2.        
  2.00119805 -25.29992867   1.99917603   2.        
-3.56127906  6.12337494 -5.3215332   4.        
-8.2388916  23.03710938 -9.93481445  4.        
3.12918091 6.2180562  3.06298804 3.        
11.96009827 11.88785553  4.05325317  3.        
  2.36742401 -13.31703186  -1.83145106   3.        
 0.149887   -8.59139156 -1.14978004  4.        
-3.93288398  2.72711897 -5.08706713  4.        
-3.39690399  6.34256697 -4.63015795  4.        
0.32440901 0.33027601 2.30197096 3.        
  1.46498096 -10.45608521  -0.204651     3.        
 2.32254004 -3.86283898 -2.8031919   3.        
 2.56473494 -2.56237006 -2.53823805  3.        
  0.49202001 -14.6710434    0.83840901   3.        
-11.28929138  31.60206604 -10.56796265   4.        
  1.43157995 -13.54140472  -1.02142298   2.        
11.05861664 12.42251587  6.09512281  3.        
6.04451799 9.89165497 5.10336304 3.        
  2.36560106 -18.39473724  -0.25555399   2.        
-10.35398102  30.19766235  -8.58053589   4.        
-8.36269379 23.71382904 -9.9367981   4.        
-0.43041199 -7.47875214 -2.76638794  4.        
-13.37533569  34.86730194 -11.25048828   4.        
3.70964003 4.25759077 1.38339198 3.        
 0.61761498 -7.76001692  0.76647902  3.        
 -7.86606598  19.65687561 -10.31564331   4.        
-2.59850311  3.18931603 -3.94122291  4.        
-8.70471191 24.99671936 -9.96237183  4.        
  2.25251794 -22.66123199   1.69491601   2.        
-7.16278076 20.29859924 -7.86163282  4.        
-6.77766418 16.93164062 -9.1661377   4.        
-5.83045197 17.27108002 -5.69680786  4.        
  1.72737098 -23.41062164   1.54602098   2.        
-3.74079895 -0.82301301 -3.19122291  4.        
 1.86838496 -8.40560913 -1.21756005  3.        
-6.80661011 20.45316315 -6.82699585  4.        
-5.58354998  6.45906782 -5.66159105  4.        
-2.83689904  4.47588396 -3.58783007  4.        
  2.30120111 -14.80387878  -2.03424096   3.        
3.26754808 4.85479021 2.0028379  3.        
  1.74586499 -18.07402802  -0.34506199   2.        
1.05298603 5.56196594 3.79800391 3.        
-0.59554303 -5.93912506 -2.77481103  4.        
  2.28530097 -15.26556396  -1.04711902   3.        
6.82222795 6.52878618 0.85244799 3.        
  3.10670495 -31.90962219   3.284271     2.        
-6.37879896 11.15024567 -7.94796705  4.        
-3.20522308  6.21504211 -3.39120507  4.        
-8.5699234  25.90002441 -8.09570312  4.        
-0.070023   -6.90348816 -1.80987597  4.        
-11.46640778  30.54899597 -11.39407253   4.        
-6.59410906  7.33408403 -5.89050293  4.        
 0.405579   -5.53558397  2.04534888  3.        
  0.64087701 -15.52651215   0.81668103   3.        
5.50883484 9.04248047 4.37817383 3.        
 1.705971  -7.5104599 -0.318268   3.       
10.15074921  9.41445923  2.04519606  3.        
-7.42384291 21.3574295  -7.85342407  4.        
  2.33256507 -16.80675507  -0.14712501   3.        
11.8583374  15.83167267  9.67617798  3.        
-2.11354089 -4.94372606 -2.64764404  4.        
-4.79870605  5.07128906 -5.46487379  4.        
-3.01433611  5.23614502 -4.43029785  4.        
-2.67871904  4.0667038  -3.05917406  4.        
 7.78976393 10.51409912  5.52307081  3.        
 1.78366899 -7.05937195 -0.850586    3.        
  2.37403107 -11.9658432   -1.90176404   3.        
6.76429701 9.46704102 4.37383986 3.        
4.92144012 7.62827301 3.23614502 3.        
5.34287977 5.37480211 0.76965302 3.        
12.94168854 15.1451416   7.73355103  3.        
 3.67540002  0.565521   -2.08856201  3.        
-11.67383575  32.90345001  -9.33825684   4.        
 0.30651101 -9.3212738  -2.202209    2.        
-6.10987806  5.57952118 -5.13574219  4.        
-0.65901899 -9.03955078 -1.804901    2.        
-8.60137939 25.83302307 -9.2376709   4.        
-7.27846479 19.19673157 -9.37310791  4.        
-10.99990082  31.00791168 -10.4659729    4.        
 -7.88407898  16.27027893 -10.07583618   4.        
  3.57158709 -32.73545456   4.12286377   2.        
-3.27489495  2.98506904 -5.06439209  4.        
 6.36554003  3.70418501 -1.94955397  3.        
-4.2526021  10.07260132 -4.51815796  4.        
-11.23194122  31.99468231  -9.8555603    4.        
 1.79536402 -0.78918499  0.40118399  3.        
10.72377014 10.21816254  2.6217041   3.        
  1.00016797 -11.64264679   0.25060999   3.        
-1.172562   -1.90969801 -2.22534204  4.        
 3.1259079  -0.19901299 -1.438416    3.        
10.64632416 11.31741333  4.18615723  3.        
-4.81552887 12.23062134 -5.28338623  4.        
0.90592998 3.617203   2.67260695 3.        
 -8.13378906  17.61424255 -10.4463501    4.        
-6.68608904  8.84703064 -6.86032104  4.        
 2.25386095 -4.72187805 -2.971802    3.        
  0.85517901 -18.38773346   0.67654401   2.        
 5.29200697 10.07249546  5.73364305  3.        
 2.70883894 -2.53565192 -3.68017602  3.        
 0.65552503 -9.9034729  -1.31604004  2.        
7.39347076 7.49046278 1.54663098 3.        
 9.27005768 10.51628113  4.25152588  3.        
-2.87411499  3.82907104 -4.3468318   4.        
 -8.62826538  18.66411591 -10.96398926   4.        
5.44894409 4.72540283 0.089508   3.        
4.11518097 9.54553986 5.92718506 3.        
  2.26648688 -10.76127625  -2.09155297   3.        
  2.74398804 -20.23730469   0.86746198   2.        
11.32085419 12.91989136  6.70349121  3.        
  3.16640496 -34.00908279   4.06472778   2.        
 2.64088392 -0.068153   -0.150391    3.        
5.33686113 7.29376221 2.79962206 3.        
  1.18370104 -16.51846313   0.79443401   2.        
  3.51631904 -36.46843338   4.12088013   2.        
 1.81956506 -6.27105713 -1.05075097  3.        
-6.12456512 16.22005463 -8.42111206  4.        
-6.25411987 17.08408356 -7.94198608  4.        
1.33538795 2.942101   2.19122291 3.        
-3.73501611  8.12390137 -4.79421997  4.        
-5.33862305 15.08251953 -5.42392015  4.        
 -0.029579   -10.89891148  -1.17373705   2.        
-2.55184889 -3.03835297 -2.41046095  4.        
0.59027898 4.36977386 3.30801392 3.        
14.10826111 16.65127563  9.0847168   3.        
 8.80272675 11.0911026   5.95022583  3.        
4.17895508 8.14126587 4.15283203 3.        
  0.48938    -10.46367645   0.72409099   3.        
-5.04365492 12.91783905 -4.55615187  4.        
-6.65473223 19.31357574 -7.32949781  4.        
 9.81305695 10.9260788   4.50799608  3.        
-1.91624403 -0.152481   -2.20651293  4.        
-2.03797889 -1.38426995 -1.88336205  4.        
  2.09518409 -14.24588013   0.400879     3.        
  1.809708   -11.81639099  -0.061035     3.        
 1.91841102 -7.39585114 -1.51122999  3.        
 2.05184889 -6.77339888 -2.14398193  3.        
 0.53834498 -4.84984589  1.36880505  3.        
-1.62834895  0.020142   -3.01928711  4.        
 1.26355696 -2.86798906  0.36944601  3.        
 3.02806807  0.63690901 -0.55365002  3.        
  2.47343397 -30.34127045   2.74591088   2.        
  2.60749793 -33.17801666   3.67062402   2.        
  3.48014092 -27.34184265   2.62701392   2.        
3.30519891 9.12540436 5.94610596 3.        
 -8.4825592   19.9175415  -11.08151245   4.        
-5.37237597 10.36114502 -7.3847661   4.        
  2.56124902 -19.2177887    0.76977497   2.        
  1.37037694 -16.18474579   0.037567     2.        
-6.21024323 12.4969101  -8.36175537  4.        
5.94072723 7.3143158  2.43814111 3.        
-2.32323503 -3.83339691 -3.309448    4.        
-4.12524414  5.02953291 -5.74926805  4.        
-7.64856005 13.05826569 -8.77459717  4.        
  1.62630498 -15.54161835   0.031281     2.        
-6.48860884 19.01560974 -6.39663696  4.        
 1.74124897 -4.0043869  -0.176208    3.        
 -8.4131012   20.63925934 -10.93490601   4.        
-6.38703918 18.07998085 -7.10119581  4.        
0.518318   2.39113593 2.64419603 3.        
-1.33121502 -4.94618177 -2.23324609  4.        
-10.43006897  26.03803253 -12.00631714   4.        
-7.34429216 22.29359436 -7.20495605  4.        
12.75985718 13.63243103  5.39813185  3.        
  1.12871504 -15.79644012  -0.91577101   2.        
-0.909073   -6.93071795 -1.68286097  4.        
-4.25685883 10.29711246 -5.54919386  4.        
  2.12143707 -31.20524597   3.09762597   2.        
  3.05474901 -29.79332733   2.14767504   2.        
  1.35125005 -17.48836327   0.33148199   2.        
12.49254608 16.71542358 10.24258423  3.        
-6.80725908 17.99774933 -9.0140686   4.        
  2.56536102 -24.21083069   1.13400304   2.        
-6.1385498  13.72290039 -8.38394165  4.        
-2.82228804 -2.6731801  -3.51004004  4.        
-1.66986096 -3.31262207 -1.64788795  4.        
  1.02307105 -14.62770081  -1.22879004   2.        
9.75680542 9.00036621 1.76837206 3.        
11.92905426 14.6999054   8.02069092  3.        
  3.75141096 -30.74850464   3.24960303   2.        
1.364586   6.15049696 4.01928711 3.        
  2.84639001 -25.45388031   1.30700696   2.        
12.96683502 16.4559021   9.46685791  3.        
  1.20669603 -12.12556458  -1.13754296   2.        
-5.56840515  6.73775482 -6.32388306  4.        
 6.54400587 10.50871277  5.82965088  3.        
  3.77275109 -34.6921196    4.21057081   2.        
 5.28511095 10.48840332  6.22592211  3.        
 7.92344713 11.48976898  6.65615797  3.        
 9.94693756 16.20841217 10.6789856   3.        
 1.13359106 -1.82369995  0.75628698  3.        
 7.98938799 14.02366638  9.44915771  3.        
-13.23283386  35.29281616 -10.79098511   4.        
1.52478004 0.394043   1.11321998 3.        
 5.13885498  1.82049596 -2.73617506  3.        
-10.16042328  29.18492889  -9.66744995   4.        
-10.88078308  28.76790619 -11.68493652   4.        
  2.69792891 -30.55729294   1.73419201   2.        
2.20334601 1.83540297 1.04858398 3.        
-1.215675   -3.87041497 -3.11318994  4.        
13.46622467 16.29916382  8.9565134   3.        
5.03830719 9.1219101  4.80300903 3.        
6.65022993 7.02971697 1.45742798 3.        
 2.62894392 -0.93075597 -0.99078399  3.        
-4.65000916 10.39883423 -6.81222486  4.        
10.60198975 15.32781982  9.76623535  3.        
11.62136078 13.93790436  7.75714111  3.        
 0.59817499 -6.20950317  1.03832996  3.        
-5.80374193  9.00218964 -7.16949511  4.        
-8.57572937 26.49973106 -7.83953905  4.        
12.68148041 12.78101254  4.72415209  3.        
-4.61698914  2.12774706 -4.16534424  4.        
-7.860466   23.45059967 -7.674438    4.        
 8.92921543 13.28717041  8.769104    3.        
 -9.85424042  26.60459137 -11.34121704   4.        
-7.56962585 14.74359894 -9.53378296  4.        
 9.32563782 14.87953854  9.837677    3.        
 4.86357117 10.6344223   6.84243822  3.        
 2.88658094 -1.52425396 -2.99261498  3.        
-7.12607622 20.18801117 -8.47351074  4.        
  2.97824907 -21.86212921   1.36605799   2.        
-6.38386488  6.52362108 -5.49813795  4.        
2.84732103 3.89498901 1.68798804 3.        
  1.07103002 -16.96535492  -0.373566     2.        
 9.4169693  15.44774628 10.25204468  3.        
  0.28630099 -11.5279007    1.05218506   3.        
  0.19558001 -12.6097641    0.84933501   3.        
  2.21218896 -15.3034668   -0.381042     3.        
-8.0480957  25.43786621 -7.21261597  4.        
 1.159904  -6.7122798  0.059174   3.       
13.658638   16.99774933 10.03558254  3.        
  2.64331794 -25.14756012   2.37817407   2.        
  0.73923498 -11.43125916  -0.93130499   2.        
  2.16243005 -14.03990173  -1.09814501   3.        
7.77901506 7.27636719 0.99276698 3.        
-1.33026898 -2.60096002 -3.02020311  4.        
 5.37880707  3.76760888 -0.91769397  3.        
  2.75394392 -33.73762131   3.19024706   2.        
  3.08101702 -29.83331299   3.19104004   2.        
-12.55769253  33.54410553 -11.20523071   4.        
-5.14165497 13.44198608 -5.21987915  4.        
-4.71629286  9.34664154 -6.85098314  4.        
  0.87010998 -15.10134125  -0.36160299   2.        
 0.710648   -2.43664598  1.45742798  3.        
  0.370781   -12.07350159  -1.83297706   2.        
10.98204803 10.652565    3.06173706  3.        
-6.79262495  8.53879642 -5.89276123  4.        
-6.46369886 18.07041168 -8.08569336  4.        
 1.22620404 -8.75665283 -0.022125    3.        
 0.961685   -4.79602098  0.584656    3.        
 9.41901398 10.24207306  3.60971093  3.        
12.16758728 13.60618591  6.88989305  3.        
  0.964607   -13.92993164  -1.384583     2.        
 5.57291412 11.30731201  7.30160522  3.        
-2.23407006  1.78586602 -2.45742798  4.        
-1.11133599 -2.6699369  -1.99624598  4.        
  2.55194807 -29.43121338   2.2346189    2.        
4.20394087 4.56420088 1.19610596 3.        
 1.21756005 -1.100227    0.87768602  3.        
 3.43084693 -0.35968    -2.88330102  3.        
-4.80219984 11.78334045 -4.23336792  4.        
4.17354584 7.05224609 3.11209106 3.        
  1.59017897 -21.03470612   0.86062598   2.        
 4.10430193  0.96657598 -2.70065308  3.        
-5.8211441  15.93764496 -7.73309278  4.        
13.73141479 15.83037567  7.24276686  3.        
-7.50963593 17.52914429 -9.96740723  4.        
-0.90697497 -7.98566389 -1.82363904  4.        
-5.81996918  4.94033813 -5.21472216  4.        
-2.40837908  1.12326002 -4.05670214  4.        
  4.01081896 -33.70363235   2.68185401   2.        
-6.94415283 15.7809906  -9.33062744  4.        
-4.07263994  0.85195899 -4.27453613  4.        
  2.01465607 -23.99632263   1.782745     2.        
-4.21127319  9.4289856  -4.02822924  4.        
 0.173447   -0.253708    2.32894897  3.        
  3.11341906 -24.34390259   2.17178297   2.        
  1.42221105 -19.36914825   0.65390003   2.        
6.16843414 6.13171387 0.87567103 3.        
  0.48935699 -13.66708374  -0.89453101   2.        
  1.697281   -20.56945801   0.30914301   2.        
-0.26523599 -6.12138414 -2.16781592  4.        
-5.65787506 16.09025574 -5.28741503  4.        
12.87864685 13.83378601  6.00039721  3.        
  2.85625505 -20.48700714   1.44689906   2.        
  3.08661604 -34.91263199   4.19650316   2.        
-8.13156128 24.58747101 -7.831604    4.        
-0.60934401 -4.91188002 -2.51812696  4.        
  1.13743603 -13.92865753  -0.210205     2.        
-2.76044512 -1.09109497 -4.12576294  4.        
13.44881439 17.94564056 12.05734253  3.        
-10.65113068  29.6813736  -10.85205078   4.        
 0.25422701 -9.05109406  1.64791906  3.        
-8.87133026 27.18356323 -8.35629272  4.        
  1.75587499 -16.40283966   0.509583     3.        
-12.56423187  32.76016235 -11.41452026   4.        
 4.33908081  1.50045002 -2.51245093  3.        
3.83201599 6.09552813 2.52743506 3.        
  2.38639092 -17.25113678   0.249146     2.        
 3.06726098 -0.91931897 -2.18746996  3.        
7.17298889 9.0712738  3.64352393 3.        
-4.42311907  3.06405592 -5.12496901  4.        
 6.59983778 11.47024536  7.13037109  3.        
7.42244005 8.69433594 2.90853906 3.        
-7.54164886 12.29025269 -8.46954441  4.        
  1.93875897 -17.92933655   0.86978102   2.        
6.79457903 8.13893127 2.65643311 3.        
  3.75351691 -33.44091797   4.07266188   2.        
5.26834106 8.1832428  3.59579492 3.        
  0.192085   -10.87015533   1.07495105   3.        
-0.27466601 -9.15921021 -1.25048804  2.        
-4.52186584  6.4630661  -6.17584181  4.        
-8.27888489 15.26643372 -9.86380005  4.        
-1.81827497 -5.5400238  -2.75646996  4.        
-2.96216607  1.88070703 -4.74801588  4.        
-8.20775604 14.14414215 -9.34121704  4.        
-12.00045013  34.10323334  -9.59841919   4.        
-5.21102905  8.41127014 -6.84924316  4.        
-3.01753998  5.65384722 -3.41632104  4.        
 1.61451006 -9.23952484 -0.134735    3.        
-4.05979919  0.69480902 -3.12316895  4.        
 2.35775805 -1.46034205 -0.67977899  3.        
  3.27111793 -35.73337555   4.00591993   2.        
-4.71023607 10.90833282 -6.51916504  4.        
-5.60703278 14.88391113 -7.81521606  4.        
-4.03478193  9.9720993  -5.05767822  4.        
10.67642975 14.05561066  8.31369019  3.        
 -0.090294   -11.12670135  -1.80053699   2.        
1.07598102 0.82882702 1.69433606 3.        
-4.47824907 10.52125454 -4.08599806  4.        
-2.6408689  -1.97898901 -3.8565979   4.        
 5.05240583  3.1961751  -1.28878796  3.        
-1.47140503 -0.887802   -2.9629519   4.        
-2.59003401  3.48442101 -3.22793603  4.        
 4.46762085  3.07881188 -0.51300001  3.        
  2.01131392 -26.89893913   2.28353906   2.        
 -0.157234   -14.74111938   0.85607898   3.        
-6.57012177 10.57040405 -7.75576782  4.        
 0.196548   -6.52250719  2.15860009  3.        
-3.94905901  1.81438506 -4.74194288  4.        
-11.92301178  31.64272308 -11.45617676   4.        
12.33322144 15.70254517  9.23419189  3.        
12.70872498 14.19998932  7.03012085  3.        
2.74155402 0.99335498 0.41522199 3.        
 1.71004498 -5.31941986 -0.48150599  3.        
-7.86315918 23.63444519 -8.23538208  4.        
-7.89484406 22.93070984 -9.02072144  4.        
  1.58404505 -19.11122894  -0.24502601   2.        
12.06586456 15.07301331  8.70529175  3.        
1.81971002 0.006195   0.64480603 3.        
  2.19324493 -19.60833549   1.11190796   2.        
-6.77529907 12.27111053 -8.39532471  4.        
9.1808548  9.49008942 2.70153809 3.        
3.18957496 8.27783966 5.04553223 3.        
 0.093201   -2.08027697  2.52322412  3.        
10.13233852 14.75672054  9.52542114  3.        
-4.89020491 12.00539398 -6.74841309  4.        
 9.47679138 13.20084381  8.42547607  3.        
13.96450806 18.00390625 11.49279785  3.        
 0.27132401 -9.51600647  1.24533105  3.        
 2.22248101 -8.89612579 -2.26004004  3.        
-3.18611097  4.17937517 -2.76403809  4.        
  3.74604011 -35.1004982    3.04165697   2.        
  2.23582506 -30.53164673   2.22872901   2.        
-2.18701196  2.02406311 -3.63174391  4.        
-12.76039886  34.87472534 -10.12417603   4.        
 4.29393816  2.34221697 -1.17739904  3.        
11.58188629 17.20036316 10.93746853  3.        
-4.79740906  2.9866941  -4.37634277  4.        
-1.63154602 -4.01052094 -2.38098097  4.        
 2.31930494 -7.88267517 -2.656708    3.        
  0.47435799 -10.24802399  -0.88888502   2.        
 7.00540876 11.75621033  7.42678785  3.        
-2.23625994 -0.114929   -3.9286499   4.        
0.114021   0.66174299 2.72470093 3.        
3.69657898 3.48455095 0.85549903 3.        
-0.99087501 -6.19035292 -1.45291102  4.        
10.34270477 13.24850464  8.04608059  3.        
  2.99457502 -32.26190186   2.03207397   2.        
  2.02814507 -11.94591522  -1.09216297   3.        
 0.77560401 -8.94696045  0.58557099  3.        
-5.38268995 11.13757324 -7.37942505  4.        
 8.59217072  6.26983595 -0.219574    3.        
-4.99277496 11.36101532 -6.87557983  4.        
 2.02674103 -5.15888977 -1.46914697  3.        
-10.15475464  28.54389191 -10.69366455   4.        
  2.69879198 -27.79667664   2.56100512   2.        
  2.2283709  -15.92053223  -0.32156399   3.        
 9.350914   11.19166565  5.59286499  3.        
  0.514961   -11.52748871  -1.92657495   2.        
3.68715692 7.21453905 3.56887794 3.        
-4.12397003  9.06432343 -5.79977417  4.        
 -9.4052496   24.18630981 -11.53631592   4.        
-4.87544298  3.50229597 -3.75927711  4.        
-2.75539398  2.24339294 -3.57247901  4.        
3.90945411 3.16496992 0.20282    3.        
-4.21563005  5.9309392  -5.97247314  4.        
  2.49524689 -31.38864326   2.30377197   2.        
-7.40861511 11.40740204 -7.98849487  4.        
-4.42319489 10.87237453 -5.50872803  4.        
  2.73916602 -32.70629501   2.47943091   2.        
 5.50270796  2.96550012 -2.04751611  3.        
4.4235611  5.06699419 1.422943   3.        
  0.217949   -10.49258423  -2.20150805   2.        
 1.87268806 -9.0495224  -1.11770594  3.        
 2.03287506 -6.13014984 -1.55975294  3.        
 9.510849   12.74288177  7.61022902  3.        
 6.2216258  12.28610992  7.87225294  3.        
13.50619507 14.50587463  6.08563185  3.        
 2.47825599 -9.90220642 -2.72006202  3.        
10.43460083 11.72767639  5.32559204  3.        
-1.97824895 -2.10952806 -1.80188     4.        
-5.59676409  6.02154493 -6.02157593  4.        
9.27896881 8.06213379 0.98580903 3.        
-7.60326385 21.68226624 -8.31903076  4.        
  3.83825707 -35.25891495   3.70419312   2.        
-0.86495203 -3.08185601 -2.29522705  4.        
  3.87002611 -32.60243225   2.81759596   2.        
-3.08169603  5.29988098 -2.96508789  4.        
  1.30950904 -15.1381073   -1.04214501   2.        
  2.51245093 -29.09570312   2.68557692   2.        
-1.20286596 -2.00427198 -2.82711792  4.        
  0.12839501 -12.06845093  -1.24774206   2.        
8.79174042 7.61737823 0.79830903 3.        
-7.21424913 17.98460388 -9.70513916  4.        
-5.53120422 15.02866364 -6.98925781  4.        
  3.21236396 -31.32364273   3.4155879    2.        
  2.74792504 -35.79871368   3.51599097   2.        
  2.61040497 -30.83450699   2.97680712   2.        
 -9.76285553  25.31257629 -11.65365601   4.        
-3.15874505  0.81167603 -4.63565111  4.        
  1.51998103 -11.06028748  -0.491211     3.        
-7.86862183 24.28887939 -7.04934692  4.        
10.67977142 16.85261536 11.00997925  3.        
-4.91901398  6.93795776 -6.38635302  4.        
 -8.70008755  21.70529938 -11.06051636   4.        
  1.97021496 -10.16872406  -1.03924596   3.        
  1.39330995 -18.08823395   0.31304899   2.        
10.20605469 10.99119568  4.03189087  3.        
8.10596466 9.05815125 2.81958008 3.        
 1.616539   -3.14791107  0.036438    3.        
-5.45788622 11.83330536 -7.69607496  4.        
  1.49788702 -22.5477066    0.79028302   2.        
-5.25482178  7.81700897 -6.70718384  4.        
-4.72724915 11.82450104 -5.83178711  4.        
  3.3103559  -26.43579102   2.14990211   2.        
  2.10110497 -10.83959961  -1.56326306   3.        
 3.41603804 -0.64233398 -3.64007592  3.        
 8.43351841 12.71903992  8.00131226  3.        
-1.29000795 -4.76343489 -3.29577589  4.        
-7.16584015 10.5211792  -7.54776001  4.        
2.13656592 1.21184504 0.84030199 3.        
2.39339399 3.99226403 2.00439501 3.        
-3.55380297  5.28870392 -5.30069017  4.        
 -0.037796   -16.45251465   0.751221     3.        
 0.44119999 -4.42738295  1.71621704  3.        
 0.29513499 -5.43141222  2.57888794  3.        
  2.47800398 -26.72002411   1.668823     2.        
 2.07097602 -4.85832977 -1.94455004  3.        
 2.34327698 -7.16467285 -3.35714698  3.        
  2.22676802 -14.69734955  -0.69415301   3.        
-3.55868506 -1.48754096 -3.47769189  4.        
  3.78738403 -34.27113724   3.500458     2.        
 -8.94325256  23.33760071 -10.915802     4.        
-11.90869904  30.6883316  -11.69631958   4.        
-2.06365204 -4.56407213 -3.16101098  4.        
  2.86966705 -35.09150314   3.58276391   2.        
-1.84646595 -1.71419501 -3.57028198  4.        
-2.30728889 -4.20346785 -2.36019897  4.        
-4.70537615  8.73324585 -6.75204515  4.        
  3.1694181  -34.80607224   2.88842797   2.        
0.69989002 0.49349999 1.92172205 3.        
1.10559797 4.73815918 3.03771996 3.        
 5.84542799 11.72350311  7.55679321  3.        
  0.66182703 -14.13128662  -0.59277302   2.        
  2.31494093 -27.38498688   2.3187871    2.        
-4.69184113  2.4935379  -3.56329298  4.        
-4.01953077  9.45361328 -5.2437129   4.        
 2.3368609 -8.2647171 -3.1494751  3.       
 3.31164598  0.066399   -1.90243495  3.        
-8.5817337  26.19219971 -8.82098389  4.        
  2.27041602 -16.64817047  -1.20632899   3.        
  0.74714702 -12.78982544  -0.58624297   2.        
 0.91207099 -2.97415209  0.800201    3.        
 4.58003998  2.28538489 -1.69476295  3.        
 2.77135491 -2.05369592 -2.57272291  3.        
  1.85237098 -17.51722717  -0.39718601   2.        
-6.70311022 15.32124329 -9.09195042  4.        
 2.0445559  -9.68469238 -1.63262904  3.        
-4.35240889  8.35249329 -6.44210815  4.        
 2.6007309  -0.50249499 -0.51672399  3.        
  0.98727399 -11.10487366  -1.32132006   2.        
 7.90829515 11.98538971  7.38842821  3.        
10.00896454 11.86745453  6.0123291   3.        
-3.49906898 -0.44709799 -3.50817895  4.        
 2.73262811 -1.59588599 -1.77392602  3.        
4.90712023 6.61612701 2.43316698 3.        
 1.37464094 -2.167732    0.40487701  3.        
 6.62857103 12.97840881  8.52481079  3.        
4.21522522 8.48523045 4.61856079 3.        
  3.60102105 -36.03765106   2.71057105   2.        
  2.44847894 -21.55480957   1.33438098   2.        
 2.31740594 -8.82115173 -3.04568505  3.        
 1.22036695 -9.81587219  0.168274    3.        
 -7.75973511  20.44023132 -10.07043457   4.        
 0.70935798 -3.86856794  1.27627599  3.        
 6.1556468   5.12459612 -0.15914901  3.        
-1.97955298 -2.90317512 -3.75393701  4.        
 2.23500109 -3.24889302 -1.85510302  3.        
-5.2950592  14.22034454 -5.54305983  4.        
-2.86086297 -1.37519801 -2.70696998  4.        
  2.71311903 -27.96156311   1.95022595   2.        
14.06924438 17.98116302 10.31448364  3.        
11.70311737 13.35884094  7.03985596  3.        
-8.30377197 24.63658905 -9.2093811   4.        
 -8.24383545  18.26581573 -10.66891479   4.        
-7.70698595 21.31253052 -9.45742798  4.        
-3.3780899   6.92471313 -4.64349413  4.        
12.08525085 12.93395996  5.83520508  3.        
 9.74515533 10.13200378  3.18792701  3.        
 7.09811401 13.60285854  9.37393188  3.        
-6.20149994 18.07184601 -6.08548021  4.        
2.40895796 2.95568109 1.42102098 3.        
 1.77256    -6.07934618 -0.53109699  3.        
 -9.86424255  28.23808289 -10.17642212   4.        
-0.83008599 -8.21311855 -2.77206397  4.        
-10.57090759  30.00987244 -10.4211731    4.        
12.52902985 13.12174225  5.36779785  3.        
-7.48115492 18.57954407 -9.94464111  4.        
-5.05430603  4.11658478 -5.37622118  4.        
-6.67203522 16.42799377 -8.97872925  4.        
2.22396111 6.07564497 3.427948   3.        
-3.66151404  0.087921   -2.86282396  4.        
  2.49401903 -26.12963104   1.53912401   2.        
  2.98081994 -22.1880188    1.79983497   2.        
6.49988604 9.79283905 4.79190111 3.        
 7.74647522  6.19499207 -0.15573099  3.        
2.40575409 0.224411   0.38928199 3.        
6.6510849  7.70349121 2.2774961  3.        
6.89496613 7.44709778 1.75457799 3.        
  3.67240095 -31.64038849   3.0627749    2.        
5.23362017 6.0956502  1.69888306 3.        
  1.19131505 -13.64105225   0.27355999   3.        
 -9.14855957  21.36753082 -11.58075047   4.        
-4.54061079 11.19710541 -5.96679688  4.        
 -8.83298492  19.41864014 -11.18994141   4.        
-3.26816607  5.07371521 -4.88226318  4.        
 7.11110687  5.19544983 -0.83871502  3.        
10.23566437  8.58441925  1.26242101  3.        
 2.08425903 -2.56055403 -0.57214397  3.        
10.75745392 12.92175293  7.11300707  3.        
-9.24966431 27.53407288 -7.91812086  4.        
  2.37764001 -12.97506714  -2.34295607   3.        
-1.56651294 -5.40891314 -2.08450294  4.        
-0.82167101 -5.10479021 -1.59033203  4.        
 2.47640991 -2.77764106 -2.05133104  3.        
3.10105109 6.69244385 3.47167993 3.        
-5.3224411  13.1661911  -7.28713989  4.        
12.11431122 17.25608063 11.00476074  3.        
  3.39386702 -33.12658691   2.54406691   2.        
 2.54210711 -3.45662689 -3.17990088  3.        
  2.89239502 -30.26846313   2.4095149    2.        
 -9.30970001  22.53857422 -11.61166382   4.        
-3.94849396  0.212418   -3.64733911  4.        
8.20409393 7.59607697 1.07769799 3.        
-5.15073395  5.72509003 -5.96438599  4.        
14.27204132 17.18035889  9.74356079  3.        
-6.12338305 15.05496979 -8.42626953  4.        
14.02015686 15.74841309  8.07119846  3.        
-1.58907294 -0.76166499 -2.06796288  4.        
 1.71824706 -8.24511719 -0.55831897  3.        
-10.6636734   28.20566559 -11.65338135   4.        
4.52899885 5.76480913 1.95330799 3.        
  1.05939496 -10.91870117   0.30981401   3.        
-7.74760389 15.21609497 -9.72903442  4.        
 3.85811591  1.565552   -1.24929798  3.        
  2.41243696 -21.01654816   1.44332898   2.        
 6.49842787 10.14481354  5.36422682  3.        
10.72335052 11.59915924  4.80279493  3.        
-6.64456177  7.79073286 -6.20040894  4.        
-6.1567688  17.72336578 -6.77871704  4.        
 2.01986694 -3.35247803 -0.917633    3.        
 5.73261976  4.16339922 -0.87558001  3.        
 0.95141602 -3.99852705  0.56130999  3.        
 -9.22254944  25.93212128 -10.37994385   4.        
 -9.55688477  27.69568634 -10.22540283   4.        
-0.62417603 -9.5305481  -2.24618506  2.        
-2.78401899  4.29605103 -4.08502197  4.        
11.29319763 15.93930054 10.00552368  3.        
 1.10951996 -7.93845415  0.209534    3.        
-6.25442505 14.4154129  -8.59963989  4.        
-5.95613909 16.40470886 -7.08377123  4.        
 0.927086   -0.25798801  1.47757006  3.        
  1.82892597 -20.46940613   1.01525903   2.        
12.45501709 17.67607117 11.42483521  3.        
  3.51893592 -29.01389694   2.74291992   2.        
-7.77004194 21.82905579 -9.29641724  4.        
6.13736677 5.63227081 0.43200701 3.        
3.44484711 2.43017602 0.319702   3.        
-5.25741577  4.84273481 -5.60006714  4.        
-5.0377121   3.01878405 -3.90228295  4.        
  3.81412506 -33.3588028    3.10928297   2.        
 0.02784    -8.80502319 -2.45077491  4.        
 -0.47678399 -10.07704926  -1.99365199   2.        
-5.13286591 13.99103546 -4.91143799  4.        
  3.1019969 -26.110672    2.7805481   2.       
-5.33357191  9.47856903 -7.18743896  4.        
  0.73410797 -14.66915894  -0.787292     2.        
-6.90850115 14.74037933 -9.19406128  4.        
11.80770111 12.4857254   5.30844116  3.        
-6.09329224 17.01029968 -7.44399977  4.        
  1.13481903 -18.99732208   0.331512     2.        
  2.75985694 -21.32483673   0.87240601   2.        
 0.31274399 -7.13049316  1.71954298  3.        
-5.16178894 13.71678925 -6.42532396  4.        
 4.02042389  0.16361199 -3.24502611  3.        
 9.92995358 13.86165619  8.87939453  3.        
-3.57585907  6.99812317 -3.53942895  4.        
12.33610535 13.44315338  6.39990187  3.        
  2.28633094 -19.82996368  -0.063049     2.        
  0.332001   -13.78944397  -1.38119495   2.        
6.82056379 5.81838179 0.033081   3.        
 6.9959259  10.40862274  5.3939209   3.        
 -8.17572021  21.88816071 -10.2991333    4.        
  1.28157794 -15.46333313   0.42361501   3.        
 -8.83826447  24.76333618 -10.41333008   4.        
4.83678389 9.81616211 5.7852478  3.        
-1.83448005 -3.52751207 -3.57431006  4.        
-6.25421906  9.81782532 -7.46463013  4.        
-10.67395782  31.43784332  -8.72784424   4.        
  1.706146   -24.54547119   1.53198195   2.        
-6.75889587 11.49716854 -8.12002563  4.        
10.40055847  9.78813171  2.35165405  3.        
-6.13352203  8.63989258 -6.98504591  4.        
 6.42591095  4.53317308 -1.112427    3.        
 4.18361712  1.62311494 -2.02041602  3.        
2.00374603 6.97094011 4.37942505 3.        
  4.33484697 -36.02125168   3.95929003   2.        
 -9.30631256  23.39678955 -11.60623169   4.        
 7.44861603 10.12021637  5.10153198  3.        
  3.00592804 -34.16904068   2.65847802   2.        
  1.43149602 -14.68992615   0.32132      3.        
-11.14656067  30.69081879 -11.00622559   4.        
 1.99343097 -8.2178421  -1.68862903  3.        
-7.65362597 22.60129547 -8.22982788  4.        
10.60432434 12.27888489  6.30889893  3.        
  2.23607612 -25.76409912   2.04269409   2.        
-1.89876604 -5.01620483 -2.17288208  4.        
-11.88491821  32.99120331 -10.56460571   4.        
 0.67142498 -1.171646    1.55148304  3.        
-5.64601898 16.32501984 -5.75314283  4.        
  0.67524701 -16.62163544   0.84823602   3.        
  1.76395404 -16.36690521  -0.61093098   2.        
-9.70006561 28.48480225 -9.7328186   4.        
-0.22016101 -7.34719896 -1.46395898  4.        
-4.90044403  7.48305511 -6.52481079  4.        
  2.68804908 -22.27101135   0.832214     2.        
-5.84899902  7.18883514 -6.3685298   4.        
  2.47946906 -28.44381332   2.04028296   2.        
11.24687958 15.11087036  9.29986572  3.        
-0.86634099 -3.99224091 -1.80221605  4.        
  3.09571099 -25.28276062   2.10287499   2.        
-5.8062129   4.74348497 -4.73452806  4.        
3.19020796 7.87731886 4.59655809 3.        
1.95156097 3.33384705 1.91101098 3.        
-7.44849396 16.448349   -9.85018921  4.        
-6.39569807 15.45963287 -8.67831421  4.        
-6.72735596 17.49312592 -8.93276978  4.        
-4.77659607  2.67707801 -4.81628418  4.        
-2.16216993  0.75511903 -2.29180908  4.        
5.24882507 8.60970306 4.04220581 3.        
-2.98308611  5.58480787 -4.04385424  4.        
  3.02372694 -33.65195847   3.63052392   2.        
  2.25199103 -15.17695618   0.28228801   3.        
 2.389534   -3.88622308 -2.29135108  3.        
  2.11097693 -18.79528046  -0.051392     2.        
  2.24512506 -17.60081482  -0.99023402   3.        
 1.92712402 -4.9142909  -0.98321497  3.        
 8.0866394  13.51845646  9.09390259  3.        
-8.04324341 22.15140533 -9.87594604  4.        
-6.9201889  20.98661041 -6.73672485  4.        
 0.84236097 -2.07992506  1.109375    3.        
  3.21203589 -30.7826767    2.55847192   2.        
-10.46440887  30.01171112  -9.74533081   4.        
  2.99096704 -25.88118744   1.55990601   2.        
  2.246948   -15.98223114   0.64694202   3.        
  2.63512397 -35.9949913    4.16274977   2.        
  1.97016096 -11.03185272  -1.10443103   3.        
 7.77172089 12.37258911  7.94647217  3.        
2.9081881  3.426476   1.38412499 3.        
-11.47927094  32.53307343  -9.63601685   4.        
0.844154   1.66685498 2.19412208 3.        
-3.1885221   3.48992896 -4.97140503  4.        
1.66097999 4.42727709 2.68530297 3.        
-5.48693085  3.813133   -4.39773607  4.        
 4.24637604  2.60931396 -0.70370501  3.        
-12.4992218   34.4812088  -10.36932373   4.        
-2.30804396  2.44792891 -2.71981812  4.        
 2.43553901 -1.99449897 -1.169312    3.        
 2.15330505 -1.03173101  0.12789901  3.        
 1.753075   -9.47111511 -0.56881702  3.        
 1.50138903 -7.08763123 -0.117004    3.        
  2.75894904 -31.86981583   1.804932     2.        
 2.25180006e+00 -1.63289490e+01  1.34579996e-02  2.00000000e+00
  1.99269104 -18.52228546  -1.15826404   3.        
 0.52988398 -1.87163496  1.650635    3.        
-4.4199748  10.98387909 -4.44522095  4.        
  2.40530396 -11.50886536  -2.12551904   3.        
 2.02459693 -4.01318407 -1.27789295  3.        
-9.62355042 28.17401886 -9.32772827  4.        
13.41591644 17.3766861  10.37451172  3.        
 2.26939392 -6.81819916 -2.94360399  3.        
-3.71038103  8.38954163 -3.98449707  4.        
  3.24724603 -31.89236069   2.627563     2.        
-5.43101501 14.81578064 -6.48519897  4.        
  3.18336511 -28.12406158   2.71252394   2.        
 0.18675999 -1.16964698  2.51208496  3.        
 9.10992432 13.81311035  9.19281006  3.        
11.49837494 12.74991608  6.24829102  3.        
-7.39675903 20.35573578 -9.45059204  4.        
11.13994598 14.05946445  7.91433716  3.        
  2.09063005 -23.80075073   0.98928797   2.        
-0.59762597 -6.90264082 -2.87045288  4.        
-1.46314204 -2.30625892 -2.10073805  4.        
-6.43821001 18.26190948 -7.59164381  4.        
-0.61682898 -8.00463104 -1.37527502  4.        
6.12970686 6.93777514 1.783813   3.        
-8.97509003 26.14009094 -9.69885159  4.        
  1.23865497 -18.81934357   0.79403698   2.        
-0.206276   -9.70982361 -1.18746901  2.        
 7.43483686  5.54527998 -0.65087903  3.        
-5.40527296 14.04079437 -7.025177    4.        
  1.18611097 -13.15914917  -1.36175501   2.        
3.73460388 5.29658508 2.01141405 3.        
-1.34381902 -7.13319397 -2.54492211  4.        
8.86647797 7.30488586 0.408966   3.        
-0.88449901 -6.36624908 -3.01016212  4.        
8.43204498 6.96612597 0.278198   3.        
 5.04367113  2.38316393 -2.25860596  3.        
-2.59808302  2.80206299 -4.27789307  4.        
  2.17789507 -15.9396286   -1.82492101   3.        
-4.20833588  1.70932806 -3.35403395  4.        
-8.03076172 22.80913544 -9.5319519   4.        
3.04135895 1.83738697 0.403992   3.        
  3.26986694 -35.28646851   2.99804711   2.        
-4.64155579 11.86868286 -4.94995117  4.        
1.47058105 3.97386909 2.5384829  3.        
 0.23281901 -3.58291602  2.23495507  3.        
-6.51527405 19.10454559 -6.88995409  4.        
-13.01731873  33.76122284 -11.40487671   4.        
-10.42492676  30.64099884  -8.9788208    4.        
 2.46659803 -4.7564702  -3.42468309  3.        
4.46749878 7.42240095 3.29184008 3.        
-5.24252319 12.16996002 -7.21569777  4.        
-6.16011095  8.05667114 -6.61242723  4.        
 -8.74081421  22.85471344 -10.77481079   4.        
 0.82244098 -5.89141083  0.72259498  3.        
-10.22851562  27.22679138 -11.47479153   4.        
-3.86731005  9.12319183 -4.22543287  4.        
-10.6207962   26.5298233  -12.03707886   4.        
  1.27856505 -20.83850861   0.45809901   2.        
  0.89319599 -16.11943817   0.172333     2.        
  1.46212804 -15.83428955  -0.390228     2.        
-3.82523298  8.96855927 -4.81484985  4.        
13.15338135 16.68741608  9.86810303  3.        
 0.339798   -0.71533197  2.23608398  3.        
 2.01094794 -2.1998291  -0.234955    3.        
2.13705397 5.26433611 2.9291079  3.        
 2.03975701e+00 -1.39573135e+01 -2.53299996e-03  3.00000000e+00
  1.65753901 -20.06927681   0.195557     2.        
12.59386444 17.16593933 10.43130493  3.        
9.28371429 8.42320347 1.39663696 3.        
  1.93980396 -12.53814697  -0.123199     3.        
-3.25183892  6.51442719 -3.78716993  4.        
-5.58349609 12.73688507 -7.67925978  4.        
 2.13732195 -7.28595018 -2.10723901  3.        
-4.05353498 -0.266922   -3.559937    4.        
 8.94569397 15.5841217  10.33874512  3.        
-6.98131609 18.75086975 -8.98327637  4.        
 0.263695   -1.66363502  2.30093408  3.        
  2.30033112 -15.77252197  -0.79119903   3.        
-11.80084229  31.15721893 -11.46191406   4.        
 5.95145416  3.70580292 -1.63241601  3.        
-3.67552996  7.35105085 -5.30246019  4.        
2.72285509 7.24428606 4.23361206 3.        
  2.26552606 -30.95779037   2.48257494   2.        
  2.51082611 -11.02325439  -2.53292894   3.        
1.81309497 1.46701002 1.16607702 3.        
 9.74372101 11.89983368  6.48815918  3.        
 1.62889898 -4.54980516 -0.113251    3.        
 2.28646111 -2.54542494 -1.41073596  3.        
 1.68730903 -1.83804297  0.20611601  3.        
 0.622688   -8.48869324  0.86154199  3.        
-1.18901098 -5.53421021 -1.55777001  4.        
 2.13353705 -5.94680023 -2.17044091  3.        
-5.56649017  5.77867889 -5.44891405  4.        
-2.32642388  2.48857903 -3.29586792  4.        
  4.10128784 -36.05675507   3.34503198   2.        
4.33353376 3.85769606 0.29858401 3.        
-9.85240936 28.79259491 -8.25140381  4.        
-5.8419342   5.77660418 -4.64047194  4.        
  3.14545393 -27.06588745   2.86367798   2.        
  1.77993    -10.21328735  -0.53143299   3.        
-4.26702118  1.17795599 -3.25665307  4.        
-0.127731   -7.823349   -2.54379296  4.        
 0.51319897 -6.78085279  1.41702294  3.        
10.67398834 13.40527344  7.46401978  3.        
4.95896196 5.24281311 1.04907203 3.        
14.12210083 17.71705627  9.7784729   3.        
 1.15348005 -5.79866791  0.224365    3.        
-2.56381202 -2.0034411  -2.41873193  4.        
  2.39511895 -32.85856247   3.30197096   2.        
  1.03469098 -14.41034698   0.39990199   3.        
 3.8495481   2.310287   -0.43319699  3.        
 -8.0187912   19.26398468 -10.5949707    4.        
 3.37461805 -1.20328498 -3.46838403  3.        
 0.50638598 -9.3073349   0.78259301  3.        
-5.79370117  7.66384888 -6.66012621  4.        
  2.42465997 -22.28731537   1.24615502   2.        
 2.28276801 -5.929214   -2.91275001  3.        
-2.00868201  1.56409395 -3.19543505  4.        
-1.30834997 -3.6858139  -1.54705799  4.        
  3.47239709 -32.28750992   3.36187696   2.        
 3.33657098  1.63454401 -0.243469    3.        
  2.15416002 -24.47480011   1.168854     2.        
  3.54528093 -33.06115723   3.64620996   2.        
-7.17681122 10.00997925 -7.22415209  4.        
-3.55485511 -0.56050903 -2.82220507  4.        
-1.98310804  0.93321198 -3.04022193  4.        
 7.33838701 12.60443878  8.04498291  3.        
-1.65004003 -5.88197279 -2.17797899  4.        
 2.13676405 -5.09919691 -2.45907593  3.        
13.15808105 14.86334229  6.84255981  3.        
  1.880669   -22.90523529   0.82034302   2.        
6.01530504 8.97267914 4.15866089 3.        
 -9.04053497  20.8144989  -11.44998169   4.        
  2.82718706 -34.45914078   3.53085303   2.        
 0.88637501 -7.4527359   0.49777201  3.        
  3.16848707 -29.4299202    2.92956495   2.        
  1.29210699 -18.09942627  -0.16473401   2.        
-7.42294312 13.84276581 -9.16018677  4.        
 0.196739   -8.00667572 -1.94107103  4.        
  2.37332892 -17.17294312   0.785065     3.        
  2.95734406 -26.91608429   1.62588501   2.        
14.12266541 16.10487366  8.40707397  3.        
-6.70033979  9.65341187 -7.21758986  4.        
-4.68743896  6.00811815 -6.07089186  4.        
0.057411   1.68324995 2.96978807 3.        
10.48910522 16.32050323 10.66772461  3.        
 8.40433502 14.69232178  9.94699097  3.        
-5.34173584 14.98345184 -4.9463501   4.        
11.52044678 13.58668518  7.430511    3.        
-3.91466498  4.58790588 -5.62072802  4.        
-2.68397498  0.76666301 -4.43154907  4.        
7.3326869 8.2722702 2.4936831 3.       
-2.37757897  2.97982097 -3.51782203  4.        
  3.37329102 -29.72658157   2.53243995   2.        
  2.29751611 -10.11653137  -2.32244897   3.        
3.96976495 8.81014156 5.13622999 3.        
-1.07775104 -7.96297407 -2.31759596  4.        
-6.12985992 17.3661499  -7.1062932   4.        
 2.07336402 -4.3755188  -1.89858997  3.        
  0.64621699 -12.81728363  -1.65188599   2.        
  3.02193403 -26.78473663   2.47531104   2.        
5.72224379 5.67531586 0.74298102 3.        
 8.96535492 11.6578598   6.76876783  3.        
  4.10349989 -36.53426361   3.57846093   2.        
  3.85978699 -34.80679321   3.41012597   2.        
-4.48062897  1.84445906 -4.58550978  4.        
-3.23926497  4.56610918 -4.93774414  4.        
-0.927055   -3.87234497 -2.72137499  4.        
 0.75470698 -5.14105988  0.97396898  3.        
 2.88579607 -0.51357299 -1.16073596  3.        
6.51089478 8.6180191  3.540802   3.        
-4.28028917  9.39649963 -6.11343384  4.        
0.87708998 2.54456306 2.31549096 3.        
  1.13108802 -12.10455322   0.201965     3.        
3.542274   8.60726166 5.22994995 3.        
 0.25407401 -8.56687164  1.57479894  3.        
5.83960009 6.29498291 1.29168701 3.        
3.33917999 3.16884589 0.94836402 3.        
-1.23494005 -6.42480516 -1.88241601  4.        
  0.37902099 -11.9606781    0.71429402   3.        
  0.23323099 -13.20504761  -1.48599195   2.        
  2.91093397 -24.76574707   2.06051612   2.        
 -8.7514801   23.67690277 -10.62069702   4.        
 2.12803602 -8.45028687 -2.10647607  3.        
13.25970459 18.48659515 11.43875122  3.        
-10.12121582  27.8624649  -11.08563232   4.        
  0.65326703 -17.43936157   0.66796899   3.        
  2.22930908 -18.6361084   -0.64773601   3.        
-2.86709595  4.77439117 -4.01983595  4.        
-0.801476   -8.88567257 -2.24514794  2.        
  1.711151   -12.94425201   0.169098     3.        
-6.65851593 12.74267578 -8.59475708  4.        
  2.44063592 -19.27239227   0.18585201   2.        
-7.10086107 19.56801605 -8.62286377  4.        
-8.05965424 13.27864075 -8.88415527  4.        
  2.53223395 -20.24464417   0.43792701   2.        
-3.88222504  1.22158003 -4.53213501  4.        
0.52772498 3.27044702 2.8873601  3.        
 5.82989502  4.76660204 -0.217255    3.        
5.04383087 4.65595198 0.33480799 3.        
 -8.89442444  22.37966728 -11.31192017   4.        
 -9.51829529  24.92221069 -11.38766479   4.        
10.01420593 12.74484253  7.64459181  3.        
  3.62007093 -35.56109619   2.68115211   2.        
  2.82286096 -28.91673279   2.1469121    2.        
  2.675354   -32.10965347   3.23849511   2.        
  2.80207801 -23.03108215   1.05053699   2.        
-9.46379757 27.55767059 -9.69366455  4.        
-7.70084381 23.26330566 -7.26525879  4.        
-11.01085663  29.29929924 -11.57827759   4.        
-5.90526581 11.84547424 -8.01873779  4.        
  2.3745501  -31.99313736   2.86560106   2.        
-0.203934   -7.14028883 -2.51943994  4.        
  3.4976809  -33.64377975   3.58453393   2.        
-3.43666101  7.39057207 -3.91650391  4.        
-6.02820587 17.03921509 -6.24945116  4.        
  3.65684509 -30.69180298   2.72293091   2.        
-3.0778811  2.733742  -4.7121582  4.       
 2.36740088 -0.621773    0.018219    3.        
13.74924469 18.36871147 11.27722168  3.        
0.31243101 1.09091997 2.54882789 3.        
  1.10260797 -12.64531708   0.24133299   3.        
13.05722046 17.33095551 10.72921753  3.        
-2.54830909 -0.010277   -4.27127123  4.        
 9.51576996 12.27547455  7.25799608  3.        
0.72970599 4.02852583 3.00894189 3.        
 0.401207   -5.13847303  1.78558302  3.        
  3.34339094 -28.42303085   3.04434204   2.        
-5.5897522  14.3952713  -7.92553711  4.        
-6.44095612 17.55631256 -7.98867798  4.        
-5.62102509 15.83865356 -6.30197096  4.        
-0.75164002 -8.43297577 -1.83645594  4.        
  0.081139   -10.8312149    1.53369105   3.        
  2.32054901 -14.98210907  -1.51858497   3.        
-2.46350908  2.26150489 -4.11633301  4.        
-5.31177521  4.37896013 -4.11679077  4.        
 -0.14807101 -12.5226059    1.30041504   3.        
-5.08084917 12.85985565 -7.01959181  4.        
-10.20521545  29.70773315  -9.49203491   4.        
  2.33612108 -13.69671631  -1.39034998   3.        
  1.85958099 -11.38197327  -0.241089     3.        
3.21033502 2.72470903 0.85031098 3.        
8.78668976 8.36855316 1.60690296 3.        
-0.63729101 -5.40144396 -2.7285459   4.        
  4.04474592 -34.16010284   2.98541307   2.        
 9.66075134 14.16136169  9.12612915  3.        
14.09973907 17.76785278 10.77999878  3.        
  0.397194   -14.20886993   0.86084002   3.        
-7.78287506 23.79064941 -7.18008423  4.        
-6.96311998 13.96226501 -9.01712036  4.        
7.75672197 8.09736633 1.93481505 3.        
  2.68895006 -19.7561264    0.759094     2.        
  1.42406499 -21.53554535   1.06710804   2.        
-5.9393692  12.87088013 -8.26553345  4.        
  2.333565   -14.27366638  -1.61364698   3.        
 7.68632507 13.6945343   9.27246094  3.        
-8.26288605 24.86981964 -8.79672241  4.        
  0.033966   -15.79602146   1.05075097   3.        
  2.62246704 -19.01185608   1.18887305   2.        
-2.78259301 -2.46601105 -2.513062    4.        
 3.46566796  0.070312   -2.41015601  3.        
 0.26748699 -9.83345795 -0.97250402  2.        
 0.47882101 -3.39089203  1.68478405  3.        
7.73772383 9.41411591 3.68783593 3.        
3.70755005 7.57151794 3.90246606 3.        
 -9.0499649   24.20314026 -10.82693481   4.        
-5.22903395 14.29015446 -6.13043213  4.        
 -8.16073608  19.83151245 -10.74966431   4.        
1.60081506 2.36949205 1.789307   3.        
-6.00614882  6.41431379 -5.94650316  4.        
-3.02487206  4.11623383 -4.68637085  4.        
-11.24190521  31.64133453  -9.54656982   4.        
 0.37128401 -4.88272095  2.58584595  3.        
2.2743609  4.55307007 2.32748389 3.        
-6.67606306 14.39929962 -8.95669556  4.        
12.17089081 12.47938538  4.72332811  3.        
  3.00550103 -27.58906555   2.84878492   2.        
 4.85983992  3.78533196 -0.29180899  3.        
-12.02700806  33.45183563  -9.70281982   4.        
5.90193892 7.63434601 2.83691406 3.        
4.42540693 9.85511017 6.10140991 3.        
-3.2207489   5.75187683 -4.41140795  4.        
10.65496063  9.40135193  1.84838903  3.        
 7.11359406 13.16176605  8.87753296  3.        
  3.0188899  -31.00811768   3.12637305   2.        
 1.32511103 -6.28591919 -0.04184     3.        
1.21511102 3.37508392 2.40747094 3.        
-1.024086   -2.8853991  -2.71524096  4.        
-7.15851593 20.75771332 -7.77096605  4.        
-12.37937927  31.63236237 -11.6149292    4.        
-2.14768195 -2.07062507 -3.83093309  4.        
  2.92866492 -33.17087555   2.52554297   2.        
-9.91260529 29.24946594 -8.1739502   4.        
  2.9052279  -23.23568726   1.98602295   2.        
  2.98976111 -25.5567627    2.61901903   2.        
11.98387146 14.23036957  7.78836107  3.        
  2.32249403 -12.86325073  -1.49874902   3.        
-3.75992608  6.53859711 -5.51037598  4.        
 1.96516395 -4.35318804 -0.94665498  3.        
  3.47175598 -34.60498047   2.46957397   2.        
10.35102844 12.56187439  6.8875432   3.        
-2.14279199  0.70191199 -3.69348097  4.        
-12.40024567  33.1194458  -11.0958252    4.        
  3.64355493 -30.00691986   2.99685693   2.        
  2.90919495 -32.75604248   3.7502141    2.        
-11.60617065  29.71717072 -11.76168823   4.        
-4.38056993 10.14429474 -6.06979418  4.        
  4.21609497 -35.51328278   3.80099511   2.        
-5.02477312  5.28469086 -5.81326294  4.        
8.67633057 9.77854156 3.521667   3.        
 3.09774804  0.99163097 -0.26037601  3.        
8.2753067  8.77014923 2.41513109 3.        
8.14833832 9.35873413 3.21908593 3.        
12.81891632 16.05350494  9.28582764  3.        
-2.97607398  4.88681793 -3.28973389  4.        
  2.02488708 -23.05570984   1.50271595   2.        
  2.059654   -12.92776489  -0.94146699   3.        
-5.2595439   3.03697205 -4.37533617  4.        
  0.395271   -11.70823669  -0.75631702   2.        
  1.80920398 -15.60124969   0.558685     3.        
 8.8174057  12.18864441  7.23590088  3.        
 -0.160294   -11.62228394   1.46517897   3.        
 -9.80815887  27.51800537 -10.58477783   4.        
0.48010999 0.008591   1.99826002 3.        
-7.49213409 21.23155212 -8.3125      4.        
-1.52619195 -6.50820208 -2.830688    4.        
10.43331909 14.22842407  8.66915894  3.        
  2.94300795 -26.19604492   2.35366797   2.        
3.35842896 8.80010223 5.62039185 3.        
-2.71558404 -3.68866706 -3.05895996  4.        
 0.74998498 -9.93321228  0.40762299  3.        
  2.53165388 -19.9765625    1.26806605   2.        
-10.1000824   29.20703888 -10.16189575   4.        
11.10374546 10.04314423  2.34548903  3.        
-0.87089503 -7.26386976 -2.96365404  4.        
  2.47718    -30.06781006   2.35385108   2.        
  2.43812609 -26.20130157   2.24008203   2.        
  1.88927495 -14.67918396   0.26315299   3.        
-10.56613922  27.42062378 -11.75939941   4.        
 -9.7336731   24.13401031 -11.9102478    4.        
  2.35671997 -13.53378296  -2.23846412   3.        
 -8.42899323  21.08829689 -10.83251953   4.        
10.15197754 10.70128632  3.58898902  3.        
 8.159935   10.78504944  5.62014818  3.        
2.49388909 7.79299879 4.97524977 3.        
-3.96299005  0.40224499 -4.12591505  4.        
 2.84912896  0.206421   -0.51821899  3.        
  3.36013794 -33.60463333   4.24771118   2.        
-5.49584198 13.55506897 -7.87414598  4.        
-6.20681    16.6472702  -8.23351955  4.        
10.29660034 10.15775299  2.83688307  3.        
-9.04614258 26.85948753 -9.349823    4.        
 6.53640795  4.94805908 -0.71926898  3.        
-6.95624495  9.27492523 -6.56387281  4.        
 7.02092695  4.366714   -1.32186902  3.        
 5.2261281   3.05686903 -1.69189405  3.        
  2.62759399 -18.41178131   0.63610798   2.        
 2.35775805 -4.32636309 -2.73574805  3.        
-7.81345415 23.01010895 -7.89407396  4.        
  2.82059503 -20.8300705    1.06543005   2.        
  1.05854797 -16.5479126   -0.18197601   2.        
11.79067993 14.72418976  8.50610447  3.        
  2.05465698 -21.63098145   0.41747999   2.        
  2.83863091 -30.11347961   2.90563989   2.        
4.29499817 6.04651594 2.23931909 3.        
-4.8531189  12.83909607 -5.65301514  4.        
-3.54196906  4.257339   -5.37286377  4.        
-6.92467499  8.10285854 -6.01467896  4.        
-1.41265905 -5.41729021 -3.24996996  4.        
-1.58476996 -0.42301199 -3.128052    4.        
-0.581505   -6.95297194 -1.36309803  4.        
  2.97777605 -25.14461517   1.61853004   2.        
-0.92040998 -4.65919495 -1.63092005  4.        
 6.94033813 11.41727448  6.76956177  3.        
-3.42371392  7.3332901  -4.37506104  4.        
-8.35011959 25.69729614 -7.5064702   4.        
 -9.37033081  25.70869446 -10.81707764   4.        
-6.43227386 13.52149963 -8.70318604  4.        
-10.75682831  31.17623901  -9.09384155   4.        
2.61964393 2.181633   0.91842699 3.        
  0.118141   -13.06011963   0.86969      3.        
1.492378   1.38098896 1.48059106 3.        
-13.43447113  35.64170074 -10.50616455   4.        
  3.62622809 -31.50488281   2.55465698   2.        
-5.53111982 10.75784302 -7.58621216  4.        
-7.56214905 19.57294464 -9.89266968  4.        
3.39112091 5.89654493 2.63720703 3.        
 -0.204926   -10.37480927  -1.53851295   2.        
-2.49242401  2.87229204 -2.58035302  4.        
13.94258118 16.33209991  8.80291653  3.        
  1.17536902 -17.24266815  -0.025909     2.        
 1.80609906 -3.575912   -0.320526    3.        
  0.157234   -10.05374908   1.70526099   3.        
  1.27470398 -14.82819366  -0.46499601   2.        
-2.09938097 -3.15899706 -2.46228004  4.        
 9.65634918 14.62744141  9.65078735  3.        
-8.35190582 23.8562088  -9.50396729  4.        
  0.81346899 -15.57194519  -0.67532301   2.        
  2.09110999 -14.33842468  -0.42883301   3.        
 6.02510118 10.97124481  6.62625122  3.        
-11.34414673  31.97920227 -10.2961731    4.        
-6.69202423 20.02920341 -6.70852709  4.        
  2.41806006 -27.62358093   1.87582397   2.        
5.63203382 9.87979126 5.29806519 3.        
-4.99850512 13.32655334 -5.63659716  4.        
-5.87726593 16.80287933 -5.76571703  4.        
  2.93328905 -31.21691513   2.46438599   2.        
  3.43954492 -35.07723618   3.87438989   2.        
-5.73662615 15.48397064 -7.86230516  4.        
-3.99680305  6.90391493 -5.95349121  4.        
  0.625404   -10.38312531  -1.90902698   2.        
 -9.39970398  22.96586609 -11.73352146   4.        
-1.20024896 -1.56565905 -2.51916504  4.        
-3.03578901 -0.626625   -4.18133497  4.        
  3.59052992 -34.07122421   3.856323     2.        
3.68454695 9.36302853 6.01623487 3.        
 4.38571882 10.33522034  6.64273119  3.        
-7.79584503 14.31596375 -9.41851807  4.        
9.34267426 9.0240097  1.96331799 3.        
-6.73905897 13.17150879 -8.75714111  4.        
  0.79589099 -13.49633789   0.440155     3.        
-0.49652901 -8.72084808 -2.64630103  4.        
 9.76146698 12.30393982  6.77850294  3.        
-10.32411194  30.66814423  -8.5385437    4.        
-13.01053619  34.51708984 -11.14471436   4.        
 3.05342102 -1.15660095 -2.64074707  3.        
-3.589149    6.1869812  -3.15365601  4.        
 7.33292389  4.75113678 -1.24102795  3.        
 -9.25553894  26.89559937 -10.15664673   4.        
-10.16717529  26.43738556 -11.7729187    4.        
-7.42678118 21.07050323 -8.8510437   4.        
 3.22877502  0.71217299 -0.95175201  3.        
  2.64997911 -23.01850891   1.66198695   2.        
12.42614746 12.13941956  4.07388306  3.        
 9.75996399 15.70715332 10.39038086  3.        
 -9.67993164  26.79595947 -10.9710083    4.        
-9.19425964 27.28501892 -9.31838989  4.        
-4.48297882 11.06246853 -5.10348511  4.        
-0.157654   -6.55648804 -2.11270094  4.        
  0.62783098 -11.53806305   0.503326     3.        
 2.94577789 -2.01610589 -3.584198    3.        
 0.56302601 -5.91967821  1.39697301  3.        
  3.20257592 -26.06381226   1.91912794   2.        
 0.61687499 -9.50538635 -1.56494105  2.        
4.39685106 4.37695312 0.80087298 3.        
 -8.39102936  22.84696198 -10.34741211   4.        
  2.32656908 -17.14784241  -0.45187399   3.        
-2.04524994  0.15933201 -3.62686205  4.        
 1.87067401 -7.89528704 -1.39938295  3.        
-5.54211378 15.34273529 -5.86132812  4.        
-7.5177002  13.43280029 -8.9979248   4.        
-4.45851088  7.66362    -6.41796923  4.        
-11.23980713  28.79415894 -11.97064209   4.        
-5.56399488 15.54295254 -5.45922899  4.        
 4.68344116  1.72070301 -2.728333    3.        
 6.79882002 10.81563568  6.1434021   3.        
1.34901404 5.48049212 3.43991089 3.        
 0.59650397 -6.69518995  0.98431402  3.        
 9.00999355 14.58940887  9.70507812  3.        
11.43869019 11.8423996   4.06094408  3.        
 -0.188629   -10.31653595  -2.27029395   2.        
  3.4138639  -27.46537781   2.11648607   2.        
 0.39816999 -8.63572693 -1.65390003  4.        
