1633
444
4073
319
460
1797
892
2092
1617
3850
2428
2022
919
1128
1813
670
194
2741
3038
2798
792
514
524
2313
1418
2306
3434
481
1600
3110
3736
1051
3387
894
1915
2926
3783
1260
463
666
2188
1747
1815
3062
3448
3502
2699
3404
139
1543
428
3848
817
295
1250
610
3622
2774
1603
2919
3486
3034
60
281
913
3352
3060
3652
891
1057
3240
3018
3751
2730
643
234
1667
3270
80
2469
3508
1133
1759
125
112
2635
2955
2460
1550
3721
4014
3600
661
239
1460
2604
3798
2905
3764
836
1736
3635
311
935
3419
163
2623
1754
645
588
2354
1699
3832
948
3671
3207
1665
1442
2865
968
2715
2426
3266
393
2959
1017
3450
1807
2277
3716
3835
495
1751
3433
3250
3211
2065
91
3513
1854
3707
322
1030
3147
1370
152
88
3898
3401
2454
1411
3862
436
2615
3343
3195
1986
1316
432
989
3319
1722
3119
361
1789
280
2819
2599
3129
1555
3951
1029
151
1566
3523
1125
915
34
3228
3370
3512
3834
1591
1081
2889
787
1226
2029
1361
766
3589
3332
3003
1448
4006
3806
1064
2804
3558
65
