3540
348
3861
1340
2703
45
1532
4093
1749
162
2070
2297
3167
1293
1812
723
156
4047
3841
3990
2314
3714
1987
520
1814
3670
251
1289
848
2692
884
1273
724
100
954
3795
3038
1487
86
3900
2349
1443
3961
1956
2308
2582
1061
1565
604
2451
525
3672
302
2639
1946
3123
554
3263
2771
3724
2995
123
3652
2749
1883
1717
3798
958
2689
3951
3002
3538
1020
3826
889
2903
832
129
3474
3721
1867
3069
46
502
136
1378
1981
3307
547
1099
3132
2032
388
945
3101
1381
77
872
1344
2183
2091
1633
41
1395
3744
3925
3777
1833
1029
2168
382
3438
561
3388
1837
1531
1093
2347
209
2076
804
3406
630
1952
295
3664
708
1067
4085
3494
3687
114
3514
267
568
375
3457
3066
802
1094
1193
1313
2329
1889
379
3001
519
3501
540
2444
3679
3094
2922
3173
535
2958
1471
3117
1246
3534
3447
841
567
1703
1182
3393
2971
1728
1756
670
2336
1684
1661
1105
474
2498
4012
4081
1789
2215
200
2004
3716
1525
1666
4039
3146
2164
2735
131
3882
1434
2609
1404
668
1275
2762
242
2343
1528
