1632
3649
1186
3338
2924
3369
1741
126
1122
2885
3535
4020
1119
2309
3052
3246
2569
3058
2533
3460
1056
2246
2847
2549
3780
3991
360
1406
2012
2222
3309
2985
3256
3657
3980
622
1870
1866
577
2421
755
3800
2238
2792
2353
2083
1529
517
2212
575
3553
41
1397
248
621
789
2719
2500
1438
3016
2585
3797
1879
1377
1833
1794
1093
1419
2470
2700
2232
3160
2036
1236
919
1312
1686
67
7
1602
336
370
329
1233
2629
3994
1311
699
2321
3889
2876
2852
2729
3814
1074
1238
152
1938
2643
79
2423
3266
1519
1044
2034
1856
2501
1043
2176
335
2814
873
704
1764
1026
3186
3394
1409
3716
3982
484
2583
2395
663
1730
3020
2463
2293
2093
3295
37
4091
3826
525
3452
653
1638
455
3054
2066
2073
1433
3214
4085
3434
733
2641
2915
3619
2835
51
473
846
2623
1421
1029
2994
3173
1023
4023
779
225
377
2884
1161
2424
2741
876
2575
1073
1867
3503
229
987
2479
2183
2790
288
2611
2635
2894
3557
3979
3976
2970
509
1289
3402
1064
590
3710
2871
2046
1892
631
515
4087
553
1210
2526
