3223
142
1182
642
130
3405
3527
2432
2983
1063
1344
195
3352
2109
3021
3378
412
3392
970
1037
2739
3940
1149
3807
1591
1059
2281
1510
1326
584
734
2308
1659
3013
365
1739
1928
500
1694
4087
3966
2956
2974
1643
883
2709
1956
3347
1986
2288
6
1884
2615
1101
4030
3130
2733
1735
1391
1597
3957
988
1668
2049
1501
570
2331
60
3226
1529
1524
2007
3690
80
2568
2966
2552
3120
2901
2634
2382
1249
281
275
182
2782
225
301
2456
2146
560
3682
4052
2665
3057
2667
544
3532
3933
3110
1575
3452
1624
3032
1825
3911
3581
3829
3659
1505
3745
1123
952
482
1250
2691
2367
1893
1876
832
2452
621
456
91
1673
1926
3437
2537
1567
88
1559
3672
272
985
929
2438
1561
721
3411
284
1612
1355
2475
3429
3277
3512
2915
3202
1820
158
3097
2459
1881
3107
592
4036
489
1040
3362
3131
2242
1813
3426
307
1695
3894
2692
2072
930
1827
3233
1528
1056
2845
903
262
2414
1648
784
1686
837
59
1964
602
1918
3323
1842
2963
2373
3743
2775
2251
99
3948
3320
1468
3646
2268
1558
2278
