736
812
3147
1830
2566
959
459
1696
251
3552
1445
239
2398
3338
2345
2562
3527
350
1498
1294
3959
3626
2458
3172
76
1917
1673
1882
1159
2008
2001
592
3402
1687
2862
3235
732
722
4072
2983
2487
2343
3677
537
711
2693
1918
156
2580
2144
3394
163
3622
2186
3693
2939
1141
1976
992
3560
231
3476
2451
440
164
2992
2858
3345
2381
962
1996
3594
2486
3687
1733
2735
2208
958
145
241
2907
565
2569
363
2665
3655
3066
1968
264
223
1407
2807
2362
2308
2126
415
3886
3550
994
3042
3105
2200
3368
3122
3396
276
2393
2706
886
3474
3564
2125
3969
3583
3744
17
1929
1425
1609
1439
3638
1016
4061
536
3726
334
3190
1489
406
1006
1988
3381
219
3526
3742
3986
2298
970
1109
3009
1405
2179
3820
715
2728
836
2090
33
2360
2324
1653
3131
1419
2868
328
208
3225
3934
4049
3831
3459
375
3008
2913
834
2064
1528
3698
2740
3128
1649
2823
3397
2894
3378
3115
852
1645
2560
2570
3892
3068
2588
1588
2177
3566
3119
947
1548
3740
2491
3710
2803
3536
3707
1264
820
3802
3861
1542
