2830
3130
592
3611
1295
3100
1059
26
1215
199
3704
3996
1386
3770
1130
1254
3253
1116
2107
3041
707
2779
3495
2474
848
710
775
1439
3441
2869
3595
1128
3393
3222
1364
1683
3658
3795
2473
1708
3807
2486
1134
583
2284
355
3139
2666
3873
252
2778
741
1431
2997
363
2801
1783
852
1182
3622
3142
2653
2904
1102
380
2105
90
1790
719
573
510
398
1729
2482
1326
752
2259
678
3818
789
1477
996
698
3736
2764
623
236
1029
3799
2005
4071
146
2526
2973
711
311
237
1532
2160
1448
328
2034
774
3848
1399
3614
5
1642
3174
2106
2236
1341
2991
2521
966
1911
2483
2818
2033
1145
1682
339
182
2168
1831
1883
2546
4008
3155
2614
3475
496
295
872
2467
995
828
1777
3870
3482
2953
1109
2860
1222
836
33
3306
947
781
2103
1406
1949
3489
2110
3825
3178
3427
3177
2826
3902
880
3990
3908
2401
2565
2890
150
3244
2181
3991
3590
183
2522
2726
3603
988
2340
3467
1788
161
506
3028
2270
458
3516
4062
1597
411
2207
2296
3060
3518
1490
124
1021
1328
3543
3537
423
3038
