1816
3354
21
3593
2050
1139
1621
2725
2263
2331
2912
1732
1893
1973
3072
3556
3033
4052
630
1289
962
1573
1616
1261
2188
3458
2837
1427
3838
2964
3787
65
2918
3416
1770
1456
2340
604
3193
2617
3167
732
3168
2038
2211
1843
3254
3945
337
3921
2651
3587
929
1327
9
3138
2459
1518
3257
3456
3015
1793
2722
1598
1262
1604
3067
157
1309
970
2059
2032
3269
2384
405
388
1232
2435
3626
3118
2922
3738
1076
3135
3483
2003
2556
819
2801
2951
671
3296
1337
2981
2632
1591
2420
129
2698
3157
927
2112
2160
147
2023
1747
1852
2495
2794
3539
2075
4069
357
2646
459
3129
587
3298
3557
2676
937
953
2427
445
2218
1034
1595
2578
2571
1385
2493
3276
1336
2230
3821
1465
3391
2297
2178
2909
2857
1091
1348
251
2594
657
648
4082
2486
1901
3285
2217
3134
291
1005
3355
956
1733
1011
3052
2328
1060
1946
4009
828
812
2228
3124
2265
3258
1374
3657
2313
3043
2541
1279
2852
2212
3567
3544
1666
118
197
3683
95
1596
2483
2091
3742
2867
2751
2734
3835
3499
4010
2123
1804
591
2419
1436
