1592
3388
2699
2488
2993
1943
916
268
3818
3256
1154
2279
1423
1086
3956
3331
2075
3359
3941
1422
3718
1865
2389
1828
406
327
3869
3722
2994
417
3745
1046
1941
3409
1517
1813
821
2187
1509
3314
1790
122
3357
1749
774
857
2671
1972
476
1275
81
168
338
2269
1864
29
2549
537
323
151
3721
514
1784
2010
2321
2986
3701
3690
3051
2029
1986
1781
1069
3020
815
3790
1151
2978
3757
111
3210
2338
3590
1230
3854
847
2030
1926
276
3609
1382
3096
1241
547
3347
1554
1494
1068
3731
1701
17
2062
4080
1843
2596
2290
3025
1158
504
2170
2150
3012
109
3585
4082
3710
2008
742
1021
3650
2243
2216
3139
2459
416
3133
1557
1117
1215
3193
3549
2190
1804
3932
2101
869
1802
3508
2191
1923
1582
2260
4060
2976
2616
1463
1288
3780
2521
427
1071
4059
62
454
103
3385
2167
351
592
1988
2000
2919
989
1814
157
2595
3240
2561
1676
3277
3899
577
619
87
3812
139
1361
3378
254
2226
2316
561
653
3637
3310
863
3342
2653
3335
4012
3298
2140
956
2203
1271
3983
2765
1061
183
2283
