95
81
84
1066
3294
1275
896
888
1276
42
1004
3542
805
3388
935
679
1569
2962
2317
2299
1806
3697
796
3846
3554
3033
315
1229
3841
900
308
1623
292
2964
1142
2623
1245
3223
1564
3117
3145
1099
989
3156
3705
583
2053
886
1930
859
1005
662
936
1317
1151
2281
1477
2056
2818
1085
3278
2132
3163
3431
1081
1948
1562
2732
666
2367
580
3438
1370
128
3622
2217
3536
2562
1628
956
3385
3685
2326
3740
3649
1244
2115
728
129
2134
2504
1499
3004
445
2592
4019
3798
2107
2097
820
1664
1666
1777
2519
2125
1953
3069
2837
3731
2797
3521
502
2898
1353
50
1369
2408
1788
2729
3975
1205
2082
3974
784
825
2799
2847
2246
3194
1971
293
1661
2038
2531
1041
3299
2833
478
3084
1918
700
365
2911
3549
2033
2929
2170
826
3739
3330
1859
3582
3863
3878
1793
1128
2726
2532
907
598
1328
2507
2433
3398
2417
3270
515
2318
51
3089
3264
3259
450
3319
3939
2051
2091
3040
1167
2151
108
2778
3077
661
366
1510
3097
1408
3588
735
592
3193
4031
1648
2570
245
3498
1780
2772
2828
