604
2961
3729
1418
1736
1887
1624
1005
4005
2940
2821
379
3069
1231
1527
1271
406
2759
3994
1946
56
1022
3373
3184
3222
600
3335
779
2107
108
1562
3893
3013
1798
1767
2779
1208
1013
3560
1192
3875
497
3165
1158
3863
1195
266
2687
3786
1268
902
132
3503
4086
2666
772
1334
1584
2511
1576
382
3059
2187
2994
1653
3385
3193
1153
2563
70
1719
2003
538
3120
2
1605
545
3074
4073
375
3699
3914
3205
3624
3306
3448
129
593
350
1193
435
2253
2109
3251
2188
125
2052
3121
1199
1394
1893
842
1245
2223
2496
3903
3156
3551
2782
3001
381
1338
1239
195
447
3648
3125
2491
3701
25
1720
1443
813
4002
3349
2010
4092
904
121
1264
160
3499
2909
274
1037
2823
392
2744
1829
275
3649
482
1608
805
2136
3982
3279
1213
2230
1104
3876
1093
789
339
1029
688
3905
2619
4016
527
227
234
3500
2270
1687
403
2218
2704
3851
1169
2972
2358
1598
1435
1028
2999
3305
3594
171
89
939
1930
2208
1504
1581
2228
3986
828
2156
3079
2041
3667
2129
1839
3325
1287
1556
674
31
85
