210
3224
3362
3776
2924
2013
3898
3273
180
414
1966
1747
1769
3050
2147
91
644
3293
3107
1936
2145
4005
3123
75
1528
3062
2882
353
2683
2779
1256
2564
423
1358
4043
9
1743
862
939
1323
1809
3402
3082
2602
436
3376
1636
3931
1650
4016
1116
2222
2930
2634
2130
707
2643
3534
2737
4004
2016
3705
1150
638
1808
3059
404
2682
3061
1529
3164
4030
3142
3356
3480
3688
1989
3626
584
2954
2223
3544
615
3464
703
1333
3303
1363
3520
2261
958
3323
1897
2975
3152
244
120
268
3304
203
1236
3119
931
3130
3057
3324
61
1694
524
2984
2359
2086
2561
2323
3116
2154
3351
1499
867
250
889
4017
2933
3913
1237
3326
2242
1762
1704
2138
2081
3268
3023
1294
3984
1458
2979
3084
3321
1830
909
799
3575
2269
3310
4019
3566
4067
3235
3818
3996
709
943
756
1073
1230
44
2661
3513
678
3146
1578
3912
700
3873
3246
1509
951
2100
2415
1646
1012
3101
552
393
2542
1245
1202
2476
1505
94
3662
1129
2688
2971
739
3128
2605
1870
692
684
2525
3158
2209
2648
875
145
329
580
1074
