44
1694
2889
3688
1554
318
1018
3327
232
3461
3543
3394
17
449
1141
1348
2685
1224
2673
3337
839
1383
1549
85
1462
1602
3131
3248
2041
2155
2440
1291
3115
2823
911
3936
1740
2645
3586
1589
3966
3979
2063
1909
322
3244
2131
1536
1296
2255
3099
2569
1899
780
2657
3588
647
988
3176
1053
1021
2722
3928
25
342
4089
2684
2704
2810
67
1336
1356
2061
2988
3232
1829
3735
3206
3412
2958
1553
1468
1897
1249
3207
3910
2790
1583
1691
2007
1924
2354
2557
2249
3715
1551
3250
2682
1867
3754
4087
765
2376
2401
1662
2340
2334
2635
3374
1239
1067
3769
2842
3197
1798
1967
3927
1801
3537
2189
3186
69
1022
1507
2999
3490
775
3950
643
2549
1477
1153
2236
3405
2074
1860
2963
1615
3926
3450
1826
3513
3850
1266
3686
3225
234
522
1618
3844
767
2290
726
2113
1561
960
3890
1545
3891
1143
3648
410
3074
2336
1685
1623
2198
1281
4048
3819
1564
980
1142
3467
2070
3852
2343
3386
3618
2572
2108
2350
1339
1807
413
2563
941
2339
553
2660
3156
1980
937
3758
282
2799
3379
494
46
3947
