514
555
74
739
1106
3129
3838
3542
922
23
956
2281
158
748
1242
366
1965
1602
3104
1489
2003
843
3503
526
3649
3300
3381
1191
2487
1475
3382
2339
1337
756
3224
3993
1739
2525
260
1770
552
1136
69
3536
558
136
3188
153
2083
354
1044
3880
19
2669
1569
123
3874
93
1730
3504
2863
3449
3271
2845
3442
1400
3698
1169
1051
3419
3841
1684
1176
1689
3351
3251
1676
2688
3105
521
3421
3671
3458
1707
1370
1573
1708
2028
232
1445
3110
2950
49
3142
3919
1113
2938
497
2693
3178
2554
3376
915
1523
1114
1971
619
3809
2914
3272
3096
3663
3888
1984
494
918
1440
1286
3508
4037
700
3563
2056
241
2491
3699
3757
2273
3122
1884
3906
2421
3037
2925
1316
1832
1184
903
3772
1897
2692
1473
66
1576
2236
362
1964
3728
4063
2445
1877
2552
502
426
25
1871
2074
2183
870
300
3522
1503
3121
1666
3816
1847
2921
3035
2179
2081
3172
3219
1056
3568
983
3268
767
2719
3526
1587
967
1215
2607
3849
27
3401
2467
3920
1950
2052
3682
1080
3590
2160
924
2469
3318
1387
386
709
