3373
3036
341
4073
1418
1297
228
3422
2266
1456
2815
2251
954
663
1419
1830
398
1349
266
2600
415
933
1030
3967
3402
2569
2192
3068
2801
906
823
3336
1147
678
260
2257
3074
3210
892
4000
832
1411
349
665
1467
1394
3179
2367
773
3825
3053
1423
3733
831
4037
1172
442
1015
1651
2784
584
1180
1320
3909
3759
3801
3929
871
1634
808
3114
3776
1637
728
3240
2242
2861
658
3869
4032
820
729
1021
1831
632
2869
2854
435
1326
5
3821
1975
3109
1148
3481
2392
108
1702
1904
2886
2186
2911
1857
3483
980
3859
1457
1983
1678
826
2632
624
412
1173
1154
2583
2840
3126
3056
1580
3774
935
1101
1122
2613
3120
10
3994
3862
2590
1017
1313
4067
3588
3165
117
790
2245
1808
2812
2077
1480
1464
1486
4071
2233
3832
3383
1241
1585
2133
159
3668
1343
4029
1514
1303
713
2
2072
318
3630
1643
2817
236
3650
2443
1229
1345
79
2913
3681
902
2860
3818
2470
3844
2005
1586
1431
2155
1767
1978
915
1339
2064
2284
3638
883
3022
807
1358
404
1054
503
3092
3394
1501
3489
284
