3421
3844
2405
26
2750
1581
2243
1678
1471
1700
3084
297
2492
37
3555
2462
1872
2159
597
2904
2398
1344
3880
211
184
2197
1954
29
966
1086
3293
3754
2321
1209
1971
2294
437
170
3136
422
2571
3651
141
1114
1373
969
107
1038
486
1435
3669
1812
2219
2845
2608
428
4068
3229
2042
2661
3693
578
3607
504
192
3424
814
2732
3916
2404
273
2063
2191
2585
864
1835
1279
1692
3993
3042
355
3289
2189
881
1538
276
4083
3240
1684
1975
2204
2037
97
3350
1841
225
2360
2535
2963
1893
850
803
2499
1434
3876
1136
1765
3846
3801
3907
516
624
1828
632
634
2687
2351
399
2621
2985
3629
699
2483
3416
314
3082
2547
2701
1283
278
93
2677
110
1200
2912
3070
3883
3752
2229
3108
2743
385
1366
3364
3909
1950
260
2070
3819
2524
2266
921
2962
627
3238
1863
3714
4011
3275
1060
2478
2085
1147
1175
2330
3944
3800
1842
3418
914
1925
1133
1636
3399
2733
671
2748
2543
2280
78
1287
2196
1743
2688
2
3127
591
3121
1537
2491
3091
3609
1881
3728
1708
1833
2310
2129
645
3186
