3734
2976
2837
102
630
1424
109
2629
2648
2595
2010
494
3930
1378
815
3987
444
1821
1456
2807
2717
241
527
160
1871
487
4079
67
979
1762
3616
2174
744
153
3272
1463
1364
2635
932
677
3660
751
2821
2523
4041
3730
3076
610
1942
1531
3845
1758
1216
14
1764
2778
1898
3710
3969
3358
3165
2806
3123
1823
2662
296
3018
2367
1770
147
3920
3875
1992
278
2520
1429
1376
2748
3879
3264
3273
2030
1239
2171
3548
1115
2555
2348
2708
3846
1848
1311
840
902
3235
3371
3824
2448
3313
2534
2924
659
3124
625
1839
1037
1956
1316
1153
1818
3518
3868
2800
3886
2602
3398
3324
3249
2769
4095
621
1040
2205
980
3674
3091
3553
373
58
1502
3428
2521
1031
3854
2074
516
2910
2070
105
3475
2730
903
2159
3583
34
989
1121
1218
18
724
356
2938
992
2125
3176
3526
3383
1854
1732
3055
1510
3539
3591
429
1265
3230
2925
730
359
3825
2130
1178
921
3357
2815
1773
1906
3348
1420
3890
3290
2334
3566
2792
1106
4084
1142
430
3216
2324
2729
772
674
1362
3154
2508
3675
2208
679
1593
