214
1892
2607
139
887
553
3093
2302
1953
3149
1847
1744
2084
4073
3032
1269
2363
1212
2912
3785
2
94
3249
2432
508
2711
3632
2225
924
2925
1010
3989
2426
2602
2483
3148
1423
2373
1754
3603
3645
3701
2545
1305
2600
2424
12
2260
717
323
150
554
3101
22
844
3633
1399
121
203
3554
272
3143
2310
1956
453
4019
546
3076
2369
1971
1715
3820
3717
3974
1800
2920
1550
1035
2003
3736
2318
1038
69
4032
3444
517
3853
292
2115
736
3069
3442
1236
2828
2049
3122
1335
3059
408
2989
3240
1371
820
1214
1714
2025
3037
3220
1076
960
42
1481
3318
2335
3131
3515
191
2297
711
1879
596
3715
224
552
2541
2819
2273
202
287
551
3049
2204
2387
50
1488
175
3363
622
3944
1011
96
951
1323
1346
3132
2342
2568
3748
1628
39
387
3611
3541
763
2582
974
794
439
3424
1594
3303
1621
624
3878
1751
3066
2041
510
1283
2013
621
3852
702
7
3694
1518
1058
377
1725
643
1027
878
2404
2107
2591
1909
353
3474
3368
2799
2390
4030
904
3084
2804
2472
2264
1310
3973
3436
