24
4082
1341
3993
3173
483
427
1814
3399
136
1085
1353
986
2644
219
3295
2640
3698
1206
3405
568
3210
702
3328
453
360
2837
3420
726
1673
2660
3035
716
400
1337
2327
119
3385
3147
2471
59
3563
2786
1757
2495
3730
2210
3215
3233
3529
289
566
450
2677
3853
980
4033
199
2343
384
728
3923
3046
3006
2382
2511
2630
3646
147
126
2735
3844
4078
1704
372
823
1345
10
3682
3145
3017
2282
1603
3752
2465
2441
699
252
2769
1587
2643
3822
3661
3198
3836
2831
3569
2021
1204
3158
1923
2682
178
3025
1115
2371
481
982
3325
3786
2085
470
1411
703
3969
2524
1492
221
1933
2218
1125
3537
2956
2072
3037
1165
3495
2073
2121
124
4014
906
494
1543
3674
2255
4022
524
1198
299
3703
3756
3613
163
4048
3765
2387
1099
3895
151
1180
1255
3383
458
2582
599
2555
2019
3284
1855
649
3803
1221
1536
3825
471
3462
1510
755
2530
3271
1864
3571
1515
576
1714
1889
2131
1999
355
1404
3913
1237
2440
3636
3085
2893
2683
3947
3275
3400
3355
3807
701
3687
1234
3792
3318
3657
559
