98
1965
1165
2884
3427
2793
635
3935
2866
347
344
1019
1904
30
1372
793
3335
894
142
3134
3747
2625
2201
566
2207
1212
518
1426
628
1141
3036
356
3978
876
530
1874
3699
3360
1023
1055
1804
3253
2290
3816
3631
1338
1306
2926
100
773
2731
175
2839
1570
316
221
2518
380
3216
710
3203
2803
3615
1554
3652
3702
3391
2498
3057
1558
369
370
1200
1526
290
681
1798
4087
2968
711
1656
3861
1139
2746
2653
1108
1015
3523
2570
2938
1891
2155
3509
2107
3432
3040
1601
2707
3896
1603
3321
3161
2725
2749
2258
3957
46
2295
1032
585
929
2783
1757
1044
1411
695
3339
1464
557
3635
1025
68
510
690
623
1193
3455
3830
1460
2486
6
1659
1706
1191
455
1882
1700
1850
2477
978
533
3845
1905
1080
3220
3309
1801
2021
3469
2163
2983
450
742
505
844
865
283
2590
1818
2228
2635
1666
1843
2332
2364
2896
357
3893
148
2508
1251
1444
670
1957
1908
2028
2686
2792
2067
2846
905
2683
1588
97
1920
3214
198
2601
696
3727
3774
2190
366
3658
3212
1007
1652
3594
325
602
