3499
831
1002
3944
2852
756
2906
552
3609
3196
3307
3109
3678
3174
3199
1093
489
2651
94
1119
90
481
53
982
495
1426
2211
3098
1026
2463
3648
322
3580
810
3913
671
1493
115
1221
1411
349
1691
2229
2354
3263
348
2496
3446
2662
3406
2764
2372
855
519
233
2992
1057
2262
2824
1461
1109
1177
2863
2796
762
1277
420
3274
839
1839
2246
1863
4085
2329
207
2002
107
3633
1417
3617
3096
430
8
37
1833
821
3127
2083
3315
728
3243
2389
2520
182
3659
1413
2276
3366
1502
3224
974
2309
682
235
1773
3215
1989
3306
4046
1200
2167
3779
394
1576
3032
1708
4020
300
3358
3487
3963
4037
3163
385
3828
1259
3375
1808
2121
1471
1644
625
3197
3513
1314
1144
3490
2453
1063
2137
3493
3042
102
898
1499
3481
2010
852
3079
2363
3005
786
3627
2180
1120
2189
1343
71
599
2593
27
1869
3772
1605
3160
3891
1905
2129
63
3590
3750
73
1949
1355
178
931
3556
2536
2205
1007
2885
3639
234
1321
1442
3872
2045
2282
2754
2728
380
1678
3349
4025
3855
2522
1593
1727
2052
2020
