328
3108
1400
1060
2971
3334
976
1830
1520
1725
576
111
1655
675
294
1399
2074
622
410
3346
3687
1149
3044
3069
793
2149
3827
2557
2954
1675
3477
1205
770
2593
1613
1676
3551
1629
2856
2464
2064
3352
1450
2695
3031
583
1429
156
3736
2736
19
285
3591
1651
3923
899
353
2942
2106
3430
3637
2019
1900
277
2718
66
3500
3877
786
1388
3447
3559
2299
3758
1771
2170
749
61
1685
1412
2907
2203
2427
1516
1788
669
2343
1883
3540
3419
2725
3169
2209
1733
4036
1011
2837
3030
3986
3993
1521
626
4032
2823
2325
1948
738
2463
125
4058
2811
62
2317
420
4029
1112
2972
3021
2045
2818
1157
148
2926
4013
3208
2253
3846
2096
562
889
3389
557
3642
2770
3217
1811
1656
2194
2673
901
3981
1200
1560
1455
1909
1640
1050
637
1997
3357
526
370
1930
6
2516
1546
2841
2067
3482
812
3237
922
839
3072
2365
2613
1057
2764
352
1837
1801
1102
2891
2051
3968
3509
461
1669
1981
1912
1519
1139
3349
1736
3374
1569
2703
4091
3250
256
3443
2091
2769
139
1734
1283
2892
422
508
2022
