4006
2790
1854
2204
1233
1825
3338
4038
3153
2225
3957
1205
48
550
1637
2702
3479
3062
3825
443
3675
1318
468
3802
3778
390
405
2768
2082
2460
1575
4050
2866
2182
1584
3752
2994
82
3674
2870
1183
360
712
1666
3887
125
180
1923
461
2417
1690
1412
2237
223
1070
3165
3415
1869
2762
2166
3645
1723
1693
1744
913
1573
429
853
2381
1828
1785
3833
1650
304
2772
628
905
891
973
1796
3529
1602
1519
3162
1490
3335
3943
3048
3575
1245
1604
229
341
844
2824
4002
1970
1737
1172
2833
641
1068
932
2637
1472
1951
3937
967
1278
3227
427
270
1334
3829
1212
1705
382
1419
1815
3270
2316
2012
1309
1863
1174
40
966
1746
343
1748
695
250
533
2311
1801
1883
3368
1349
3224
616
2195
1892
3086
1614
2700
3482
1175
3370
1873
3658
3844
1576
2608
367
3264
1026
1536
104
659
66
3274
1697
2818
438
3890
1321
1293
2892
4018
3144
1295
4015
1589
211
1284
2450
4091
3827
2609
3175
420
3757
24
1479
3495
329
3921
2809
2587
2736
2464
2842
2532
2073
2650
1210
2636
1491
1297
1167
