2687
3609
2005
3423
1814
357
756
1040
2803
1152
949
2601
3376
3183
3298
3697
3436
1193
3496
2622
218
1547
2722
1963
966
1734
1722
2153
1686
1876
573
1363
2085
1955
3140
564
3959
1952
1665
3536
641
3882
892
968
3263
3433
2324
582
3814
2836
23
43
3809
4040
1347
3990
1578
249
3665
3414
807
2711
3724
3292
241
1696
2392
3130
3299
3404
3795
2269
3840
2846
3799
658
1286
3899
1974
1169
1530
3505
1045
1477
2349
55
1157
3266
3655
3354
3687
3112
801
2528
3396
2371
999
1296
1027
146
2151
843
1526
398
158
1706
1691
3992
2946
520
3755
2149
1372
431
745
1888
2015
802
2551
3567
1302
3603
1920
2808
2046
3340
2778
3921
2959
3276
549
3601
2126
3278
2311
397
3082
3570
3562
3721
598
3106
3388
2524
1122
3933
3306
2214
702
365
929
3238
1652
1438
3346
603
1708
943
3024
2729
3455
1481
1449
2222
1441
3457
1186
2608
2278
3056
2640
433
984
1134
1304
168
1136
515
1277
1444
1977
2247
767
32
2433
2425
1459
68
2073
1131
3531
2185
96
361
3485
3000
4013
2191
2870
40
