1226
1204
1718
2456
1229
2680
1759
574
3064
3066
3773
1053
3220
2463
3830
3737
2790
2334
3554
3556
3201
3452
1801
3807
3783
3415
538
754
1489
2771
2447
74
2155
1445
3162
3438
4079
863
1511
2351
3934
1344
148
3679
1170
3820
3214
2480
1848
1533
409
3833
42
3666
1694
3367
2496
2056
2132
1169
3778
2575
2402
51
3780
3741
3043
3211
2841
3525
2095
3937
3418
3642
1146
2922
142
2969
1558
2817
941
2230
2679
2824
152
3416
2703
2069
3362
238
3890
135
2963
3908
2712
2359
3614
3899
966
3314
2428
1018
1675
3037
2723
3795
2278
2466
1366
2104
3480
2513
2058
706
1085
3644
3546
232
2534
2753
3841
440
3846
107
1863
1348
109
2820
597
3348
2432
2161
2960
3258
1354
1014
3579
518
1930
1065
1869
3343
253
1698
2991
3957
3168
3782
837
3014
1860
894
3001
772
4053
1581
3278
1143
3217
2462
3095
776
3482
2593
2248
1888
1476
3786
2336
3581
2728
1168
2371
801
483
2630
455
875
1793
2247
1908
4002
3534
10
1690
1288
1600
2988
750
2582
2194
1430
252
603
858
860
3451
2208
1575
1181
