2770
96
1832
3226
3323
924
820
2042
1781
2145
381
30
3805
626
2436
3113
1173
2909
4028
1767
902
2955
3236
12
2645
2550
1570
3398
3965
1984
4040
372
2743
4
165
3766
3352
3400
3798
1294
1385
1526
3387
2467
3723
2445
1441
3099
14
95
3557
1384
1154
2674
2102
832
2429
90
3141
3029
2084
2156
3502
678
2416
125
1377
1425
1581
1095
1486
2846
2945
1934
2704
1813
2689
983
3892
2497
3742
3432
2545
414
2586
1153
3850
362
1770
97
4068
3285
1597
726
2394
237
2808
2663
511
2589
3744
463
2726
329
347
2513
1312
968
1371
476
343
3925
3659
1130
1098
2240
715
3782
836
1119
516
1101
3911
1913
3662
2195
3408
4013
648
1529
2218
2799
1205
1596
3640
67
2962
3314
4017
3567
799
1874
3511
1072
1165
1406
1830
3868
1883
670
1811
211
727
354
2856
3851
2215
2437
3564
2956
1492
2378
588
3247
2787
2018
3820
3308
3607
1106
1222
3391
220
4021
664
2979
149
1605
3845
2537
1405
3959
1491
1589
1890
2511
2348
1982
2481
856
271
3870
350
899
3339
2532
2202
3472
1261
654
