732
2768
1926
989
2816
1524
1260
2384
2176
2842
3750
744
3979
2947
2509
3838
2352
1024
2079
2158
3026
196
3423
3060
3848
2131
1543
3352
1346
529
3370
3320
673
2866
3397
3564
3317
2347
3444
1748
1280
244
1299
3694
1523
3281
3294
1043
1800
1429
2500
119
1810
834
1958
373
316
1124
2002
3040
1465
3430
657
2795
3589
1988
118
3607
2750
1070
3133
1914
1665
1044
1453
2337
2047
1239
1463
1051
2205
3761
802
1186
3833
467
460
777
2062
2969
1729
3702
546
3376
1930
1464
1723
3255
3344
1158
525
340
2136
2495
969
1755
3193
535
2423
2167
2679
1441
74
1652
441
3280
4053
2691
2443
3433
211
1509
1668
3365
3809
3605
870
613
1955
4026
3611
1068
3490
2258
782
425
2986
2981
1984
1466
2058
2907
1078
1727
2283
3820
2077
111
2994
3058
3069
2520
324
3270
1704
2780
359
1683
3719
272
2312
988
178
465
2140
1725
2004
2601
2350
686
1480
3076
2240
3899
1277
2003
2351
783
2019
269
855
2237
352
1310
3012
117
1202
380
1662
361
2184
2094
2584
3965
3307
2198
2418
334
1614
2536
