2886
2247
428
1347
1307
3465
3161
1537
2126
545
2417
674
738
1344
1605
42
839
2809
2976
2003
443
4084
3445
2617
1176
3729
3794
3839
2863
1532
3222
1041
754
1080
2399
1860
2629
1632
3513
619
1967
2314
2075
3518
3164
2380
745
3499
2805
1475
2567
360
2914
1350
1111
857
2554
2338
4086
1018
773
387
1007
3099
1153
1115
1281
3920
1016
2230
625
3959
1453
226
3850
1443
3550
2422
3360
2239
3588
3004
1434
1222
3840
1985
1405
974
596
1524
3106
2146
3467
1444
3693
339
106
1787
912
489
3884
1263
2664
1861
1202
1834
3715
311
2302
797
1335
2638
182
87
2395
2647
657
2693
253
1784
1512
2563
1890
3361
2804
3610
3987
2913
2174
389
3324
3217
788
1191
3907
766
2952
2008
2750
2860
9
3109
3187
1086
1919
3719
493
3741
3660
3829
2322
351
2074
2296
597
2188
2826
3040
3301
2660
3998
2120
936
587
33
483
4080
1977
3037
3911
3478
938
3298
1491
1945
1232
401
2608
3578
2744
1893
3570
3901
2549
1468
1696
3769
2888
3116
1288
2939
3240
1937
402
1545
2215
2591
1411
490
1112
