862
2805
3906
2051
3722
2994
154
579
1359
828
789
2888
1182
827
1933
2728
2193
1396
3294
504
798
633
2137
3857
1451
3889
3503
2069
3039
1303
2156
1141
1512
3375
1392
592
1961
201
136
3478
3829
275
1043
3711
3015
682
1356
2941
3959
455
2743
2103
2870
2036
3026
3062
2573
3254
2585
4056
269
1215
58
507
3024
1535
1706
279
2529
2286
1308
1921
800
2507
2471
3196
548
710
1637
1287
1006
3086
1952
2173
1017
1026
254
3363
1644
3801
1946
899
12
3821
2971
2567
776
3554
795
2891
2799
2767
759
2053
979
194
1458
1213
1178
695
3971
1106
2
1570
2016
3236
589
784
1470
2500
2675
359
1596
2413
1230
729
3834
1125
397
1922
414
242
220
2267
2407
2063
541
3644
1430
2079
1808
1354
1095
139
887
2306
108
2446
1690
3987
3852
2082
4013
2651
3608
2927
3924
1255
1394
3070
3332
1846
3935
2447
2753
1404
2479
1657
3018
1083
3574
1500
2687
3269
2744
3464
900
3967
3980
2023
519
3523
1195
2588
3200
3432
147
2185
1590
2192
4030
3376
2923
3963
1202
3978
4002
2178
620
1773
