1773
2311
1195
1553
1576
1177
1496
1634
2618
2773
3841
775
1621
2318
1092
3423
2310
2349
2893
3057
3171
3127
1398
2945
843
983
4084
2986
2229
1045
1074
2006
3535
1440
529
2089
2660
1167
2782
2151
4053
1730
2810
1249
3946
106
2927
728
1486
2239
1184
2645
516
10
191
3771
2357
3198
828
2399
2437
2251
2753
3092
2550
1635
2635
763
2946
40
2778
1830
3382
3667
844
2995
3289
4054
3634
181
923
569
2749
3625
2219
3610
1368
3147
3942
2358
1129
2439
1885
514
2214
3123
2706
2882
609
3840
1207
3622
1786
591
2075
3683
2827
3650
1041
1191
1341
2095
3795
1332
3952
1833
3775
1598
2476
875
1414
2478
2372
1065
903
3999
2519
17
2106
1369
1479
799
24
2278
1179
951
2939
1978
4046
532
1204
3958
3582
2325
170
3987
1513
3129
2704
602
4039
3699
1829
1171
1295
483
969
3385
3639
3051
2669
3640
2078
2936
3592
495
2875
3135
1007
83
395
2817
1698
2595
4021
465
1198
2193
3407
1999
3108
1038
1977
3573
2474
3304
1622
1525
3266
0
1456
1146
484
3369
1048
1702
3796
1012
3300
2475
