2247
1805
3294
2671
3897
1281
9
3632
2329
293
2237
2796
2588
943
3403
3266
1252
3539
1033
2885
2685
3368
3084
150
2763
3476
1539
1359
1339
2215
1463
1067
1019
205
2473
3586
1214
972
3868
3461
2909
1467
3729
3500
592
1873
1689
965
3977
2123
2249
183
1693
1166
847
1336
1925
1152
1940
3419
3800
1737
392
2690
116
1756
2756
3004
3314
900
833
3219
1750
2451
1639
4076
468
358
1549
2504
1492
1319
766
534
444
2353
2531
2255
1729
3726
460
3458
2949
3717
1342
664
1795
2703
39
2267
973
589
2411
3095
2738
559
2966
926
443
421
1969
3996
2218
1680
964
2041
3296
1165
330
648
4036
3643
2486
2519
2822
3561
2789
2895
1121
2285
3912
2335
2934
1010
831
1223
2798
3838
1521
937
3020
263
1185
3244
6
668
2151
1338
298
91
3532
3518
598
3973
2735
2453
1597
2076
2635
3220
2318
2328
247
477
1232
3763
2807
332
1668
1813
2945
3614
1957
174
1591
454
869
4091
3081
2864
2996
586
959
3448
2775
166
3842
3985
3055
385
870
1438
3169
3059
1326
3884
3316
2039
57
715
