1899
2107
1273
158
1463
1691
225
322
973
954
2247
2458
573
1022
2357
1785
675
3600
3927
194
3170
223
3475
2751
3788
1798
3393
3141
3342
1574
3380
2878
3194
217
4005
2104
1503
3067
2515
3222
21
2685
3879
3537
330
422
1325
3371
3979
1912
2842
1702
688
1564
3178
3819
2932
1292
1850
1744
1590
2232
2546
2255
1447
3540
3899
1054
2438
3740
3511
2056
1096
1261
3810
3840
3960
213
3682
203
1208
969
2854
2640
2109
4091
1245
1178
518
343
1990
579
3353
1401
1358
1994
1511
887
458
2763
2536
4027
1329
1525
556
1881
831
1264
375
731
1570
3403
2294
1241
1726
2188
1751
1102
769
3955
3318
4033
3478
3200
2663
2159
3451
2937
3355
2049
3514
8
1042
3420
3135
2875
3333
1929
3767
2655
2211
2990
365
997
3524
2145
934
2272
1456
2897
668
513
4071
1327
426
1029
1749
2859
1235
1210
3157
778
2391
2310
2890
2092
2521
4029
2228
779
776
3519
3937
3124
2803
1319
1927
168
2498
412
3517
394
1557
2954
276
405
3011
3996
143
1069
2884
2493
466
1240
2003
2318
2108
3719
2009
3888
