841
3468
1329
256
3952
2450
3474
2491
1910
2517
1320
4007
3382
1196
1642
2661
660
3180
1436
2145
1391
3124
2191
2227
3597
2848
2140
1088
1356
3878
3325
2692
1105
1375
39
1108
3274
2583
3309
2972
3772
3349
635
3128
3276
748
988
1857
3635
2900
3745
3811
3247
2147
541
4003
457
3439
2368
528
237
1704
3901
1471
1382
2728
1134
3762
1933
2560
764
1521
2125
2686
2179
604
4010
209
3517
2523
3298
2376
477
2095
2626
3957
1305
397
3604
30
436
3824
2068
5
3402
3657
2175
1510
895
3463
1087
2036
2965
2080
437
3815
897
4006
2105
3577
1415
1980
3898
2680
501
616
1675
1016
2955
1800
219
3804
1718
358
1463
230
3790
3228
365
205
2788
12
2871
3117
165
1042
1082
406
1808
891
1285
1601
1740
3194
987
3109
2447
1578
900
3039
1673
2047
1448
982
502
2744
1345
1605
3703
3624
3496
1776
3846
2070
2434
1693
2488
4044
2899
3478
844
3520
26
1043
737
2223
16
2585
2862
4066
2842
1408
3217
2991
1056
1101
3101
3726
2266
1404
1361
573
2575
1054
3725
2615
999
419
4019
2022
