1727
2404
2794
953
2755
1553
3530
1808
3825
2807
3877
2257
87
341
2428
908
929
2419
1782
198
3443
1005
299
1489
2579
1592
3701
2736
3137
336
1793
1593
3017
201
3164
1211
21
3389
2573
3637
164
472
1836
3344
2164
3165
2670
4070
562
3955
2590
1488
3046
708
1737
2987
1614
3161
3481
153
3907
1274
3174
630
586
1934
2667
2900
2080
1524
1937
712
718
3498
2724
2845
2880
135
1101
3301
3842
2955
570
2778
810
2654
3144
347
374
1886
2891
777
1801
2141
1090
1670
2918
411
1918
3117
1424
3636
3245
401
2413
1319
2282
470
3814
3819
3731
1766
3625
2999
396
2171
3497
2773
513
4035
832
3867
3500
2831
1659
2165
2933
2344
3899
2331
1074
2498
1003
2902
2339
2349
1885
3231
1525
1674
3904
1475
789
2657
1442
682
4091
1457
2937
607
3838
879
3287
3747
2779
3115
2500
3515
2601
3241
2680
968
3475
3976
2281
2908
1225
3541
2054
1013
2647
2756
3604
2567
2606
503
2984
3732
1313
692
3365
531
3432
444
3801
1635
618
174
2967
684
1087
2797
1988
2995
1580
1254
2901
3238
865
2618
