2397
2391
404
1616
3493
887
3591
1002
1918
4033
130
3413
3487
3516
2135
1304
2738
695
1876
1896
3809
3517
1987
2284
3108
2684
3710
1028
1853
1035
4079
3542
3808
4095
807
372
2915
969
80
2727
1700
3978
2122
176
3026
1430
2465
2376
213
1922
3242
3705
3081
2948
691
3039
1390
470
291
1699
4027
980
3657
1211
3053
166
3171
2519
1167
3292
677
1200
738
4041
3528
467
3016
1824
1315
1577
238
2214
1019
3907
2953
3694
194
3244
1004
136
3008
805
103
2490
1861
1880
2712
725
2971
2841
2970
3848
3228
371
1677
1481
2902
1645
1442
2775
1610
526
2177
2466
1354
2881
2776
638
3994
1868
2018
2786
2372
279
2602
197
1255
3783
2344
2318
586
314
581
462
1808
1214
1838
289
2268
1859
2871
1784
2922
2942
1321
1054
740
3330
3920
2003
3128
2413
3653
2322
3296
877
1806
2448
2938
1748
1010
973
459
1177
1839
2997
2164
1102
1382
2963
3527
3917
1299
2706
3268
3742
3914
63
2634
1970
456
344
1410
3229
393
1129
3309
405
2731
1865
2824
997
2510
1272
1910
53
4094
1086
1509
1466
