16
124
3238
2277
3276
2626
3846
2118
3972
3204
2904
2862
1815
1832
1519
2729
496
2073
2270
1270
3422
2721
2459
772
149
1502
3166
706
3895
3110
3370
2453
1588
928
1441
2857
1018
3940
2637
3948
148
623
969
1473
1029
1877
4091
2500
1174
1256
189
805
48
555
2806
392
3590
275
3400
2639
618
1910
558
2711
2060
3541
2407
293
2594
1746
1205
2946
900
2664
841
2763
2368
3299
644
3103
4030
614
3032
2038
1098
3251
599
2781
2899
3421
1998
4
1773
1297
3457
2214
2279
2988
3441
1110
3092
1062
2677
3592
3332
305
3580
2024
2613
3158
2176
1958
2620
3143
595
2671
955
1530
140
1539
2423
1728
3652
3245
3284
557
2503
290
3088
2874
688
1790
1617
2190
773
2554
1987
1709
2486
1744
2023
2807
4078
2974
2812
3900
2591
2597
3082
2641
228
899
2601
808
2844
1014
3406
1563
2369
3036
1757
568
1731
3838
3958
364
1759
1733
3624
184
3000
3206
3186
987
506
416
602
2306
2643
4021
3617
1426
1085
2683
2982
2281
3382
862
2093
3113
735
583
1836
940
3805
3920
487
2959
1737
388
