1145
269
1928
2386
594
2059
999
2531
685
2532
832
1723
2036
528
1962
3357
3583
3269
2737
928
1937
1018
3236
2512
164
357
3707
191
1520
1667
1935
3987
316
100
1824
79
2790
3913
3136
2106
7
3902
4020
1684
3413
2427
1830
2975
588
1471
1613
123
3804
2748
1919
1607
859
1762
1724
2181
3220
1820
620
2763
1230
2990
798
3480
868
2626
2528
3277
65
1963
3355
446
2573
2430
1719
402
1413
3218
1708
818
978
3731
1682
481
1193
76
1507
2024
398
3688
236
2719
3152
3717
1202
331
3725
1498
720
3572
2223
3591
3010
3551
1949
3406
215
1920
2015
2491
140
4087
3256
395
520
2298
121
3781
169
3724
2196
1384
420
3449
2165
3388
2769
1196
1881
1720
233
32
3943
2664
1474
3715
621
201
2965
49
4066
1575
493
990
1657
3806
2674
2555
1096
1722
275
1822
1391
3384
92
1167
2062
3643
1081
3790
3577
1236
1735
3028
889
2843
862
1571
120
1375
3744
1591
380
2488
2466
2226
3899
430
3654
1581
35
839
3223
1882
3307
516
1114
1434
3958
3002
566
2931
1197
3027
865
3318
