1658
1698
1395
2968
2653
559
1465
3272
594
964
2038
2529
2438
3089
1175
3918
4049
3454
313
2444
2759
2920
3975
2218
107
3515
1784
261
939
2608
2193
977
1836
1743
523
3966
1633
969
2671
1983
2445
2284
73
267
1666
639
1678
2682
162
3165
1887
3341
716
3851
349
412
1950
1037
2778
2395
3645
1404
1986
542
780
1237
2235
1557
3640
4007
3142
3844
1835
1063
518
3941
488
3205
1116
4088
3233
3867
1742
755
2309
2100
2429
1957
836
2021
3175
3938
366
2885
376
1461
3691
1634
3477
2719
2618
304
3988
1855
3664
2138
2023
2103
875
1032
612
1119
3090
1390
2105
3210
955
2552
2541
3485
3538
2730
54
2665
2020
2220
1012
3444
3669
2472
192
3724
1877
1472
486
3521
1589
3912
361
390
240
3392
2307
3792
3904
1409
2287
3019
1514
791
1208
3125
2754
1446
834
629
1850
3109
605
2198
1099
2420
224
2773
3699
1509
714
3325
111
3612
995
3342
1720
2711
1013
2864
3854
833
881
3361
3555
208
464
3584
575
3836
1372
1281
2457
3982
1829
1184
3570
1992
1022
593
451
3304
2524
1389
