1410
3252
3887
387
3841
2486
3603
403
2734
2735
2816
70
2583
4035
1175
1200
2241
2778
1218
2355
552
3930
1915
3200
2811
2
3377
341
2029
111
412
1956
2924
887
248
1597
119
273
640
3691
2805
1093
321
1484
609
2005
409
576
355
676
2706
879
2755
1972
817
873
3473
2356
1069
2917
1998
2280
2145
347
3215
2382
432
2665
2876
1351
2980
429
3990
1181
2089
757
3209
932
1010
2389
221
997
243
3134
635
547
2941
1823
1157
2659
300
1325
1091
3161
571
4051
136
975
792
1019
425
102
2923
2146
236
2637
3943
1530
2159
1748
732
966
3438
3614
913
3746
3083
2290
1265
149
483
3566
3338
2590
2422
10
1184
210
3308
875
35
3502
527
1677
2737
3412
3968
1118
1836
1693
3254
2130
3123
2982
3977
593
2075
2606
1156
870
2435
1617
2880
1324
920
1731
2788
3360
3024
1659
848
1786
3111
1219
279
1923
933
3458
2524
3679
3687
1416
1947
656
185
2827
698
6
2904
2613
50
564
833
3329
603
3531
2612
1907
2598
3671
2493
3979
2501
2543
519
2521
113
854
834
3641
