4081
2867
91
21
1843
3975
3570
1512
3184
463
1376
2123
4057
2673
2981
2128
1371
3613
940
3319
2837
2424
2617
176
1703
141
1272
899
2555
508
2292
1467
2836
1421
3535
1951
2974
2946
630
4011
3837
2706
782
1684
2884
2241
204
976
2120
557
2737
3526
149
3560
3227
2103
3048
2097
3107
3306
55
2689
3245
3360
3858
2678
2568
415
2590
1060
307
2531
85
3265
1329
2978
1706
3199
2808
755
524
1920
2112
1387
653
340
2594
3142
584
51
352
1977
2675
3110
262
2311
1330
795
1928
720
3692
1899
2939
1763
1556
569
3924
2519
2919
3485
3391
3497
3122
3859
2039
260
3380
3711
1864
25
2736
1425
992
886
229
1043
1820
3928
122
2791
1363
2629
1239
1846
1852
696
1701
1986
462
2802
3472
2957
2416
3145
2567
3260
3634
807
1808
533
404
3321
3657
3882
1861
1473
2734
3120
2
3423
2482
552
3768
1871
2221
605
535
4065
305
3819
725
2688
1258
432
2972
4050
476
2404
2280
3717
1572
2868
1498
3208
2312
2019
1123
1378
32
2741
2189
2310
767
96
1417
1677
1907
2333
247
1825
