3371
2661
2960
3527
2567
1029
274
3221
1887
1125
3767
1330
3987
2808
3115
1431
2155
1157
3387
4063
2428
3626
611
854
845
2415
3229
3532
1141
2097
790
1046
2920
1848
3924
2277
301
2505
1628
3669
1781
1155
3373
303
2683
2427
43
4010
1374
2303
250
3048
2243
2615
1843
1976
846
374
222
3235
2998
2239
2146
3398
2981
3144
1762
102
1664
360
3131
3797
1073
99
4055
181
47
2721
2251
3196
2135
1344
2117
1857
3566
1341
1053
3727
2089
1272
2429
3698
2606
1889
3696
270
1684
1560
1674
244
850
95
1745
2892
3379
3773
3866
368
516
2017
1407
1798
2561
3756
1766
2351
2225
3230
634
2649
2985
3597
46
699
652
1556
1350
2764
2061
2460
1308
828
2254
890
1327
499
3516
1646
3502
2034
2743
2714
1468
3377
910
311
2592
3654
657
393
288
2275
3646
2946
3060
3029
765
873
3347
49
1226
1804
3166
1175
1424
2996
1130
461
602
2766
2340
3327
3809
3259
2527
1939
837
3079
496
723
682
2246
279
2307
3869
140
2165
4003
1719
3863
2060
167
293
2129
937
3921
1403
664
1921
2741
