2954
1979
2579
4017
1155
1828
50
3062
1358
638
1226
2538
1098
135
190
69
3536
112
1650
3345
1154
2552
1643
1943
1533
1308
2441
3244
515
2487
1753
862
2501
246
2554
2982
3354
1806
180
2942
817
737
3428
3924
3879
1972
2177
1870
3547
1447
2511
3545
328
1460
40
2660
568
345
2331
121
4045
2092
33
1764
3789
3598
1879
333
3404
3532
3762
2609
3886
211
4069
1687
2605
1792
1534
2817
3596
2055
1932
3274
810
2444
1880
1638
4002
2941
2656
3001
541
1555
2748
2510
2659
1714
52
434
830
3247
1161
3775
70
2706
2117
1780
1613
2007
1868
3546
3964
794
1366
3759
894
1773
1660
3475
2499
2508
773
2989
3641
3855
1116
3876
2862
3593
1710
3508
4091
1309
4001
1399
658
3556
1193
1075
751
147
1240
1225
1937
270
2319
824
2931
3927
171
3101
4059
3218
3075
3194
1931
2393
1489
637
166
2201
989
22
2038
3162
3019
100
3128
3525
3949
1635
625
3741
1190
1143
2468
414
2490
2316
2974
418
620
4040
669
2520
664
229
3007
622
579
377
2099
3018
2534
2794
2900
3981
2584
1795
