4086
606
2367
2147
3295
2030
2275
3619
3448
546
3399
3525
2725
635
1733
3333
1472
2288
548
1878
1301
2559
1661
1094
1883
1443
2768
200
3325
3630
205
790
4084
2822
3353
840
2848
2167
1894
4005
645
1956
1080
3357
860
3376
1636
478
633
354
2107
1083
3822
630
1306
3742
2012
2737
1903
2338
2464
3228
1621
2293
2921
1716
729
1205
2926
3003
2089
2937
3538
1868
593
3312
3548
770
3626
584
3999
820
2212
3054
1726
3599
3798
2078
2909
2530
2743
1360
1234
1957
31
873
1260
1155
3914
453
1109
4011
382
1102
2137
3806
824
1920
3550
4064
2941
890
349
465
3116
24
3045
1490
1253
3852
101
2749
1366
198
3075
1298
1827
1762
1327
2103
3899
1466
567
320
3445
3509
3071
822
787
2463
917
271
3189
2404
2658
3344
526
3652
3316
1186
1371
1539
4057
160
1178
1907
718
2989
2373
3513
1295
2194
1731
2878
558
1130
3833
2439
3625
1538
45
579
1964
344
3150
3106
3718
3427
1014
2079
1288
3983
2508
3410
1129
1296
3669
3265
413
3923
663
2598
2867
861
287
2150
648
2151
3370
1547
