2829
586
962
3828
3172
1496
572
2516
3637
3904
288
779
210
1316
492
1392
2733
3527
1513
1390
1904
1776
2444
3244
3559
3910
398
2465
912
920
3844
3039
3396
3890
835
1848
128
1819
3717
2105
409
2525
1937
979
2781
1970
326
400
2244
473
1196
3483
3449
1814
3068
1529
544
437
3677
2870
85
3153
2164
1043
2919
2046
2626
2443
2324
3315
446
36
860
3675
4063
3223
770
3916
2573
2424
3775
481
3218
2567
376
568
2323
1358
47
127
2799
45
739
1899
28
412
2455
281
3394
2746
1093
463
3701
2322
3562
758
2689
2074
3258
2042
469
1761
641
1050
3071
1000
2599
109
86
3936
3727
606
2856
4006
3267
1251
3349
163
2236
1812
3166
1778
3818
3999
2667
805
2566
1788
1416
3956
2789
2821
138
2620
909
149
980
168
1913
3137
2348
2006
2355
2678
313
1581
714
1026
263
808
2152
299
1100
293
858
3872
2816
2706
2362
938
2473
718
1382
2859
3580
1065
2862
284
966
2078
1632
3401
1909
1877
2560
2030
2487
687
1159
1603
170
3242
3690
973
2845
3215
840
529
2168
781
