905
1910
1822
1751
1294
2466
1254
1012
2557
1564
2745
1881
2041
3783
1813
2681
2512
2834
219
1354
197
3279
4072
2827
2311
1295
2170
361
2394
1775
3183
3625
1162
3379
3268
1260
3658
2460
1663
538
3000
2184
73
2284
2349
3945
68
2846
3873
2427
2412
1870
692
3716
1191
2801
3150
208
2986
1096
3064
2964
2126
2105
121
636
2968
1171
332
1486
567
4090
225
141
3144
752
1122
2379
4019
967
3473
3228
2764
668
2101
1635
236
1415
2782
300
1164
915
3851
3053
593
1885
1736
2162
3011
157
2160
1532
774
2083
100
4086
1760
1442
1123
1583
1001
1860
2246
158
2271
1763
3294
2097
339
432
3309
2604
2563
500
1796
1305
2472
2203
2590
348
1906
3636
957
3461
2614
3758
135
406
2835
2665
4065
2651
3086
2896
3055
292
1266
600
2291
503
2829
2458
871
3242
3990
1252
2426
1382
964
1220
2886
804
2442
3971
1453
1231
1073
2850
1844
3182
1335
3662
630
2465
303
2204
4069
3850
185
2421
3057
895
2899
3096
2852
2895
863
3234
3065
111
1285
78
64
2228
3570
551
1970
414
4093
610
