2331
861
653
3489
2725
3348
1358
1069
3997
3798
684
1841
3169
3330
1113
1221
1234
206
3842
3
4068
2920
3488
3352
369
4073
1729
4031
689
1993
1074
1784
3353
3941
2973
2784
2535
1017
2071
1416
3877
1333
2714
508
1081
2085
1674
721
161
3895
2606
2110
737
3112
3995
187
1500
3845
3034
3607
3747
1892
3368
2768
1388
244
2062
970
123
2066
104
3840
443
39
2244
2675
2147
3098
430
207
1099
3925
3131
898
1082
2438
2035
129
2063
497
692
2742
3159
522
2007
1273
1672
2425
3252
2197
192
2426
1806
1609
3605
3265
3636
309
687
2983
2946
2189
147
778
2932
2571
1112
266
3820
1068
1926
485
344
1937
802
1934
418
2501
1867
1648
2075
768
1832
2439
1298
1761
3462
2463
3881
2749
324
1788
2410
3337
3980
2866
1988
3763
3774
3351
2213
2810
2679
581
3175
1452
225
3205
101
2732
148
3326
221
2815
1494
578
2774
3156
1823
3143
664
2891
998
473
1491
2619
1897
2919
2303
2482
590
3750
176
1143
167
2581
1305
3546
2635
273
117
2123
3967
2634
701
367
3725
2432
1133
3554
