3608
1894
4023
3656
1314
4083
3305
1592
2781
1447
1250
4094
397
1127
1195
1481
3430
3887
3481
3888
3826
2389
2801
850
296
1938
3145
3531
2869
1669
3710
3830
1009
675
1446
516
826
2834
2035
3438
3998
1474
65
3825
2174
3702
1272
1093
4070
352
3378
2140
205
1070
2730
4055
3819
3388
2349
3158
3780
3572
935
434
409
1626
2505
3348
2482
3828
3785
3042
3975
3959
1086
407
524
3832
3139
2402
1585
3034
3946
2309
2076
92
705
3429
3568
4064
1096
4037
1385
4079
1228
692
3591
2175
2068
1207
331
1366
2406
2218
1565
2716
2261
3705
1345
2919
3270
648
421
2324
1158
2331
3762
1503
3478
3463
2112
1302
2333
2
481
3918
3496
2946
3881
897
1766
2088
1081
3424
1453
2227
1150
1855
1507
1821
2949
1307
3141
869
2749
2519
1323
564
2134
2439
3691
268
3806
3373
1614
948
917
3966
389
791
3507
283
1721
278
1940
2306
419
2785
3944
3246
2010
1724
3262
1629
183
3897
2683
380
1968
841
1783
1952
3858
142
696
3169
3128
932
2240
2987
117
2158
3548
2640
1758
2118
12
2111
1983
1678
