21
2998
1293
3789
2020
2527
3955
2969
3994
1715
1287
2443
4041
1373
3195
1474
3581
2325
942
2392
1123
2990
1817
1536
1970
2782
2654
2375
1112
195
1389
2516
107
646
3447
1102
607
2345
3274
696
556
420
3429
2692
3875
1606
3864
3592
369
3862
2521
3989
1974
1676
2328
1780
2057
2522
2626
2753
2615
2973
1730
1578
1922
2162
3770
2575
2503
1495
734
3919
1945
2109
1585
1294
3413
2088
2334
2693
1886
774
3211
1804
1268
1859
2271
1747
1466
3311
2280
3729
4081
2589
2980
1952
1053
3042
2824
829
3643
731
244
469
781
3313
2602
979
2272
115
1910
3908
1328
268
309
1894
191
1947
648
756
1433
1443
2507
579
2765
893
3788
2480
3286
1409
2598
3950
464
2167
1213
2795
3580
3505
2296
2718
2135
1423
2446
2461
415
2427
3825
3391
2544
3866
2055
3405
4014
3791
274
729
2540
3715
1197
793
2138
3330
950
819
512
2172
110
1689
3794
235
4056
2914
616
1479
1504
2659
1175
2365
3465
1890
3884
1722
3874
2293
2013
2876
2936
2007
3824
3114
1438
2
1758
3914
304
2994
2247
1295
182
2490
