955
226
878
3080
3850
2505
2149
1645
2113
2443
3789
2611
3522
1607
3936
1785
2933
3033
2953
1554
2090
796
937
675
1574
2700
764
3909
3085
391
4047
609
1044
3225
319
2715
3124
1904
3223
3988
3092
1551
2859
3382
1150
1674
2918
3007
807
1663
1215
3592
2809
492
192
1732
1877
519
3722
2618
1272
2398
3034
2639
2586
523
634
3730
251
453
1771
2823
2479
2164
1037
2562
1120
2934
817
1802
320
1901
2706
1039
3581
2480
3035
3197
411
2097
2270
2044
3457
4011
261
2549
719
2592
255
3051
1662
763
777
792
2698
2278
199
3523
1073
1113
76
3647
2702
3975
483
1797
3899
3926
2064
3149
3112
203
50
2648
1210
1747
2650
4028
1891
2757
617
3460
2701
1266
1388
475
1773
2328
1274
3788
2227
538
1217
3762
298
2724
1387
58
2575
1950
3918
1547
2502
1596
2070
372
753
3273
4054
756
3574
3479
856
1497
2525
1349
1801
712
3687
1181
36
3892
51
2208
2037
1791
925
2942
1350
7
965
2303
3077
694
704
3260
1991
2890
1480
2311
37
2293
1648
1216
2994
1133
3313
1176
1682
3177
