1273
3059
2190
2393
4010
3572
1335
3129
1725
2289
872
81
2318
10
1286
236
2868
1934
1961
1498
2550
964
2504
3578
2340
3072
620
4043
785
2009
1417
2491
3955
941
3261
1692
1015
3482
1945
567
527
1550
1843
3568
1371
277
722
1013
1928
4063
720
2740
3097
1512
3686
2327
3736
3342
3310
3127
531
954
1872
610
1305
318
3896
3041
1904
303
816
1968
3159
3130
1104
879
1599
2862
3942
2810
1103
3113
152
4086
1227
2206
1487
3671
3451
2272
1314
971
301
1822
77
80
3199
2623
2792
1209
3763
1956
4055
156
1726
564
2538
2066
1977
948
4051
1073
3197
1855
3995
3562
1106
2945
1804
3262
1978
3681
2391
1198
2746
4004
1207
3580
3752
2067
3951
2248
1110
3755
5
3271
2382
3861
1821
1730
3921
2833
2186
1803
60
2456
9
2588
2047
2593
2311
2488
779
427
1540
2077
2919
2389
3883
2852
3391
3586
2987
1541
8
2927
3060
2305
3102
1300
280
2837
3487
393
566
1731
2733
113
1213
770
383
503
1129
3741
924
296
3776
542
2162
2415
2405
3481
1965
1780
756
1396
3721
794
1434
1544
