2593
1552
27
3346
3781
3546
3551
947
4073
640
1168
670
3565
3270
2794
2601
2710
372
1750
1208
1334
751
1506
3694
2432
217
1975
3886
696
1236
2985
3486
2654
3954
1177
1256
3405
3458
3568
1158
1429
1440
54
3736
2171
2252
2599
37
2466
1532
1949
2134
1656
637
742
2538
3724
1501
714
3860
2845
3939
1609
1416
3672
909
3676
3297
1985
2332
1551
2733
2420
1677
294
2324
2578
3292
3142
2912
1207
2214
2460
410
46
2397
500
3604
679
3511
319
1367
2630
1329
3982
3245
133
1369
2968
2038
531
1988
2183
1540
1434
3166
2292
2071
3410
88
1456
2650
918
1226
258
2819
3351
2254
2206
2957
3214
2048
2022
3759
3113
1218
1448
3664
2182
3679
2792
3552
2848
1008
2642
912
506
540
2746
2493
2899
656
385
2141
205
1615
536
1774
3409
2473
3943
3887
3218
1747
3554
883
1737
2547
2592
2126
25
74
2894
3955
278
351
2260
1340
2184
664
1129
1407
1401
587
3125
2621
701
4039
1599
2916
2410
2943
2557
672
657
2405
2475
3290
2973
872
3720
2585
1078
747
3917
1128
1179
3788
3415
3895
