823
2746
1127
227
3446
3627
542
758
2446
1308
2380
283
948
1155
1382
983
1237
3982
1895
1952
1396
3662
1775
2277
962
1095
953
1000
3706
1817
928
3472
1919
851
3473
1809
1957
2829
3804
4027
1655
1692
2054
2229
2538
3071
221
3007
3750
340
810
789
1549
15
3498
3278
2897
256
2245
411
1178
3722
1501
2041
584
1356
4007
1175
2074
3073
1625
1094
608
2340
2432
670
3583
839
1651
3417
3036
2065
1378
141
2346
2447
3420
3134
1316
2153
3964
710
426
83
585
2018
2640
1391
3026
1087
2322
1053
235
2299
1239
3671
3594
590
2228
1351
2176
2567
2026
3254
3104
2468
511
103
2616
2341
2329
2629
1590
1176
2518
88
3729
950
4069
705
2925
677
1409
46
649
2173
1157
2429
3237
392
910
3616
1355
3719
3342
1636
3274
1404
1768
59
225
1910
42
1622
228
565
501
931
3142
832
3238
352
2230
648
1209
2046
3531
446
3086
2614
1527
2295
1226
3437
3135
3988
813
3322
3143
2427
2655
2751
2146
1289
372
294
1858
3656
1318
480
1111
3219
943
3165
2931
1999
1713
223
3516
4040
