3201
3518
1326
3103
1880
2036
871
29
1396
2435
2830
1570
3839
1254
3449
3222
1574
4030
774
3614
1921
3101
1975
3375
2888
2463
3036
2679
3255
1048
179
1931
237
3489
1073
1147
828
1209
1713
1507
1349
1516
1463
482
1148
784
1806
798
2571
3409
1667
2814
510
1840
3745
3661
553
2224
1576
354
435
775
3910
3019
2178
807
791
2550
214
1831
1288
2166
4055
2874
3355
599
2275
2048
716
766
1053
3729
3214
605
2439
1011
3039
48
2870
1009
3557
1764
3533
70
2175
2644
2587
282
2590
2758
1222
3726
484
2040
3000
732
1363
2749
2611
3642
2131
3432
3437
2383
1841
77
2433
2696
3515
3982
1190
3278
3283
2091
324
2479
935
1726
2046
2744
2012
1167
745
1100
3149
1458
142
1924
3119
2757
3059
146
3340
1872
2308
1377
2522
2230
1951
2753
3616
3196
865
988
1029
1648
3445
3828
2796
3075
1135
1155
4095
2999
1884
1916
3865
3168
810
251
2019
2914
152
80
3539
934
1647
1587
2145
1786
2006
3151
1900
332
3670
2608
23
3875
412
272
3021
1270
2004
2569
2200
208
1391
982
1890
2619
