3894
2086
232
1419
1233
1517
17
1679
2752
4046
2259
3764
2504
1402
3675
406
2168
1873
3138
1212
3482
2604
656
601
723
1607
1706
1665
1310
1666
3454
2289
3684
421
3596
3966
724
1489
3865
2063
3093
1704
2430
2484
3447
532
2445
1736
623
304
1575
3562
3170
3191
415
1154
1264
3015
329
298
1866
3018
2102
4051
1780
2941
3035
647
80
2692
3803
3594
3391
373
1037
1243
3579
1843
705
487
495
2881
65
3512
2595
848
1648
3231
506
504
3715
3160
1888
2664
3016
1366
166
1357
2900
1750
570
251
1096
3062
2712
2334
1831
417
2372
1473
1287
3491
239
667
471
2910
3746
2424
2846
2529
455
3877
2233
3434
1839
1160
3405
3263
154
1452
920
30
2130
1315
1560
3509
3843
887
1844
2149
1758
1080
1464
3069
567
194
1698
4056
3573
3331
489
1418
3800
783
1283
3262
725
1519
3614
1733
2851
1227
804
3274
1525
963
1162
3074
1136
2751
639
192
283
3707
3056
2140
3651
3783
2170
1580
1609
413
2117
4004
3964
596
895
688
2984
909
3571
3483
2932
1808
2500
3982
1437
3685
1845
3645
