3755
3807
4086
1791
3121
528
885
1306
3579
2163
2189
61
739
1218
463
3622
2696
707
1897
531
542
3302
3628
40
3846
769
3337
2276
39
1682
3919
2428
1792
2964
2495
2651
201
183
402
290
2238
1775
1008
755
1855
2714
276
209
1113
3633
801
3079
2459
1669
1971
3600
2471
2858
3235
1024
853
2318
2971
2263
1828
3287
1155
379
3348
3957
363
845
365
436
1893
2713
141
3844
3664
3888
309
1259
2982
3358
1040
1179
2729
2565
2050
3081
86
3555
3385
2715
3137
1255
1996
3798
471
2158
147
1149
3060
1332
3131
2034
3862
422
251
2174
4068
576
3891
895
1588
83
3670
3412
1136
2268
3537
506
3226
3442
261
2293
1989
4021
1273
1830
3233
82
3917
1110
3796
555
3452
3293
2842
1084
2882
3450
136
1622
2709
1029
2300
733
1287
2490
2121
2311
98
1142
1167
988
3847
3290
855
3374
2812
850
2676
3199
2312
2914
1207
1291
1844
3849
1168
3604
925
2670
1184
1773
1349
779
3406
2536
509
3403
2042
3972
541
63
227
2372
38
981
2068
1148
1387
1428
3584
2859
2180
3316
938
2358
