2876
2968
1943
3864
744
2559
3038
2276
1655
3939
952
3843
3189
3202
2384
2768
946
370
3394
1524
3521
3947
3513
1341
3161
2669
3926
2632
2454
667
1878
2364
3279
3234
213
1183
1921
1153
1731
512
3019
1632
767
3014
1235
606
7
657
2706
3499
2735
1626
1043
316
3117
2500
1010
649
49
908
3024
387
1958
3247
1274
2043
618
1769
2790
2750
1110
2738
146
2799
1829
3645
1453
2313
3656
1847
3178
1811
1081
2511
2229
3043
3456
1933
1002
2797
3875
987
3945
1419
3132
784
2210
1642
4041
2782
1323
208
690
1511
3604
3068
475
2794
84
2579
557
1490
2423
2305
1359
2187
1254
828
259
3266
1807
3447
342
114
541
574
856
1080
346
1279
2665
3584
3453
1790
1182
1443
1668
3730
3956
3303
3806
1478
602
653
2560
459
2888
1856
527
38
260
3337
1236
839
2825
1088
2521
508
957
1109
3821
3492
1421
22
2780
1890
477
933
1945
21
1176
3944
3994
3093
4051
783
1820
1227
2615
2198
728
948
2771
2412
2019
2112
3831
2221
2118
3204
1432
1388
1297
3722
2289
3897
949
1324
1079
2962
