3190
3759
2742
3472
2506
2061
2184
2257
919
591
1161
3451
2430
3687
2987
793
3746
2949
1135
16
3237
2967
2240
3044
378
3661
3584
2232
4086
982
2601
2576
3796
64
2474
1374
1013
1018
3761
2395
1523
174
3577
157
307
3039
3914
3019
212
3797
2213
3136
3148
709
243
2095
3576
3016
349
3502
2308
3622
869
628
3589
2583
2571
1300
2693
3079
1588
2133
1876
1352
3078
48
446
3652
736
1529
1772
2981
2019
652
4090
1392
3846
1958
2890
3897
600
2848
756
1131
2230
1717
3877
330
1874
1497
1314
2707
3272
1227
2142
1755
2464
3715
3908
3824
3839
3059
2348
396
1712
1449
167
2132
2410
3580
480
2323
3686
2706
1101
3697
1980
3904
2376
149
1698
2471
989
3676
966
185
1120
1789
1124
1765
2500
1042
3615
2627
2919
968
3779
738
3359
1151
2454
2424
639
1058
321
3902
2855
2676
649
3739
2023
1790
358
604
1921
3345
3377
3623
478
3632
972
3466
4035
2831
2911
1808
1901
724
3536
2930
1704
98
996
214
1429
2793
2433
1389
3071
221
3881
806
2370
1383
1173
1009
2145
1482
812
3154
