1154
3783
3529
2787
168
1334
344
2848
2198
2010
2264
1094
3762
2154
2858
3792
543
3945
1750
2980
1284
2160
527
3897
1878
2141
183
1509
3488
3086
2174
1203
218
2161
2853
2479
882
2770
3702
3910
411
2634
3573
2955
2869
1252
3683
3064
3391
3409
1254
457
874
1101
652
60
1263
1898
3899
2653
3165
3686
2558
3118
2886
3642
1551
1238
521
1512
651
2111
100
3708
3392
3273
2743
3815
2314
2396
1325
1012
3295
1933
3139
1285
1016
1370
2656
3179
3235
2023
3286
2002
2810
1712
2552
3243
1817
2316
2534
3485
1025
802
3044
1980
2110
3049
2904
1717
1091
499
2592
1549
535
4006
3685
349
1261
2059
3009
3274
566
3811
1676
1625
118
1296
1960
1104
3087
2028
3536
2178
2785
154
2910
1813
3231
2349
3475
1408
3807
3341
2703
3758
728
2353
1204
3024
3467
3445
3965
3581
2689
1328
3693
2476
3651
1189
128
3250
4067
1926
204
2594
3893
2108
3984
3004
4024
3625
488
3227
3299
3566
1675
1969
3861
1106
3011
3368
130
2455
2757
2083
1666
1655
1731
261
597
2001
3437
3387
1142
2553
803
2507
293
3317
