3775
3603
2996
3442
3506
2003
1929
171
3842
2639
796
2589
1649
2080
1878
743
1984
2981
3367
3992
1228
2765
3668
3033
2508
798
2328
3198
1372
2211
2584
64
380
3462
2895
3297
3804
2539
2181
2563
8
2100
2569
1157
772
175
3530
2430
325
1151
3718
2368
2507
2193
1374
1590
991
523
2349
1072
3185
375
3902
2806
1249
1084
2556
850
3408
2684
1994
727
1811
376
2546
1452
3958
2552
1417
1578
2079
3989
2466
3504
2470
1225
3665
1560
844
2459
123
3302
63
2266
226
1977
2907
273
1300
741
816
2611
1025
3397
4026
3351
3101
3791
1812
1747
3882
1921
2830
3292
1725
3037
1319
2300
1211
1605
3887
142
3365
1688
1290
709
3107
3872
20
2241
2533
2452
1514
2978
2933
2516
3517
692
216
338
4048
2369
3795
35
2185
259
2785
688
410
251
2548
1766
678
3296
1344
426
1461
3635
547
1001
2427
474
3008
3776
2097
4005
2586
1945
2862
1029
980
1990
172
1055
116
121
1262
3248
1559
329
521
3437
3147
580
419
1490
2410
1341
3237
1857
3647
3793
2221
2531
3541
3209
2567
3737
1175
1948
