1538
3482
1987
1125
3083
267
2296
797
30
867
2299
2936
2109
2432
1798
571
173
718
563
613
2420
687
1504
1591
721
3078
995
3612
1569
94
2308
3158
4015
1979
2785
3295
3044
2604
3708
3285
493
840
2645
3596
362
1881
617
2671
2495
1105
1142
2261
2636
81
856
3908
2088
1198
2909
3855
3852
873
820
4040
3994
2922
3869
47
3815
1320
2888
2906
1399
2796
1396
809
1619
3671
689
1603
1482
3738
1256
646
1438
3235
2461
3202
2016
393
3923
1480
2171
462
1454
203
1364
515
2898
768
2114
3498
3787
3116
775
2479
1732
3424
679
2134
115
382
2273
3811
4062
2081
624
614
690
2098
4014
3571
750
1892
2437
1665
3740
80
3514
274
1676
2656
976
3228
2033
1205
2892
1014
459
3774
3987
2551
2554
2430
3453
1789
1746
296
3892
1802
419
1272
395
582
2178
3448
4043
1775
3904
1
2754
1734
1919
2211
3150
2073
1944
1196
1121
3831
560
609
2231
1866
2738
3216
2589
1826
2067
3853
953
3042
1034
149
3644
1282
4045
2103
527
2008
223
920
1371
2436
3927
446
347
3398
456
3326
