3883
1946
247
3544
3668
2689
2259
998
1807
2985
3501
1089
101
692
2084
1528
312
2308
3209
2360
1175
2793
37
866
572
963
633
3231
1290
819
1887
3245
2950
2721
3309
3335
2935
2964
684
1842
3098
2122
2331
2230
1334
1178
4004
2845
876
1642
1638
212
1753
3022
1520
3684
2655
2293
1726
1686
1331
1250
156
845
764
930
357
3076
1976
1199
1974
1100
2101
3724
3615
3150
604
2927
131
4069
1993
1265
134
1981
2018
3998
2723
2626
1821
880
3824
3794
4033
717
2175
2464
1978
377
1505
2965
2720
2198
3233
686
1163
3473
1574
2597
1822
142
2570
441
3898
87
1358
2361
4068
52
2297
3979
806
2762
1746
3290
1326
2948
3305
3006
56
2289
1536
3481
3010
3542
2769
2920
1815
2146
483
1926
2477
236
1671
43
1447
2568
3308
3030
3490
2925
3552
1206
742
3314
1971
3797
3347
2177
3904
3980
1743
890
3392
3713
3572
1947
1208
461
2851
2247
413
258
3077
508
2387
3637
1889
567
2738
3199
2642
1649
3311
3217
1626
2951
3261
2013
530
2294
3028
1591
221
2501
2865
1985
1366
1177
2199
2795
