3903
3783
2340
745
605
2988
242
90
1930
803
1443
1083
518
3665
750
2055
167
3764
2926
3235
1684
1504
1140
315
888
1210
2708
2330
3928
3493
2369
3356
1728
3450
85
3924
111
897
2765
1352
2658
604
95
1367
3439
924
3731
1844
3642
2221
503
3523
2436
3724
1472
2762
2976
1417
1768
3726
2428
2227
1764
2414
3
1136
1898
642
830
4073
2307
1069
2149
3528
4059
477
488
2301
1439
3388
3194
2203
4001
4012
107
3690
2920
1398
3646
256
966
1547
1772
1830
2984
3631
1432
175
754
2067
42
3183
2635
1701
1794
1671
499
3499
1564
225
1556
1297
1273
186
2175
546
2566
530
506
2939
3006
2017
3301
3684
827
914
3572
3069
3669
496
3619
1578
4068
2761
3977
120
514
3312
722
891
1907
624
1153
2190
2423
2987
5
1631
2471
3392
1732
1323
2680
132
2720
3045
2674
1058
2346
1642
498
2718
1648
1643
1157
1102
2183
2457
2031
3909
2461
3778
2024
3513
1282
1950
466
3831
2194
1708
1810
1506
2029
3837
3545
1342
635
524
1935
1879
2265
139
1780
1156
3366
3357
2185
145
3446
1251
