2481
2369
3072
4048
1781
881
3084
1893
4052
311
2487
103
558
2927
2412
1338
574
2917
2391
806
0
962
1561
3979
1416
3625
170
383
1503
2907
1993
597
2177
3526
183
2231
3011
1626
1399
1128
1825
267
4041
1770
3051
3221
88
1882
3902
3517
1307
713
2245
1496
2406
347
1652
1765
877
2722
1625
1690
799
2390
2750
3162
2326
2090
1721
1617
3277
1249
2743
1730
2648
846
1535
4085
415
2224
3764
2595
1337
450
2712
3535
1423
2853
914
2443
248
3735
410
2005
3551
898
1411
3857
1855
3188
1693
2753
434
817
2347
307
177
536
639
907
3853
3001
1108
1668
1643
3959
2578
3652
1906
44
1308
2946
875
497
603
798
1606
2424
2460
1609
2124
2397
3679
1735
91
1298
969
2448
1786
2969
3266
1896
1173
3170
1526
1889
1994
408
1501
2668
1823
841
3336
237
2060
4057
3571
2328
3859
2977
1694
2
607
715
3686
69
3319
2557
2271
1095
1430
3856
3127
2130
462
1508
975
2216
334
3683
378
662
2940
740
1850
1658
2984
1692
189
1123
167
2635
1549
452
954
4072
3442
3886
1107
389
