421
1622
3342
3474
2608
1787
2902
1016
1883
2659
3030
1193
132
523
3215
111
2345
786
848
833
2730
2771
1771
741
2162
3718
2089
1135
2318
921
330
3793
2357
2086
1167
705
87
1565
1643
3410
3700
2640
1045
1429
3441
3429
2511
178
175
1944
2635
3403
3931
2175
3284
1967
45
1153
2467
2415
121
2533
3722
3003
2484
2170
692
3613
2527
3815
162
488
1690
299
3573
2925
213
292
2884
3724
3145
3116
430
3861
2751
2507
3796
136
3488
2321
1008
2129
462
2465
1547
3794
2496
1990
206
3777
1748
3482
2862
3013
3144
2765
1905
3033
363
1152
2576
1718
1108
3469
3729
2242
181
2316
533
2550
3859
1295
3122
3457
3917
2775
3073
1090
1398
3769
2015
3660
1956
2645
1041
2806
3077
3590
969
832
208
853
2624
1235
139
3328
1510
1753
3626
110
1715
951
558
3991
3466
2032
3888
968
1760
3759
998
2210
1445
1797
3370
4021
3767
873
3747
3289
2739
699
1151
3381
1170
1749
1557
1658
2283
3236
2265
3219
3814
463
509
589
2772
1925
3966
2594
1858
2674
2443
1513
2313
757
2071
3945
1790
720
