647
2009
3529
963
1433
3411
791
1247
2162
1802
2022
1562
2616
3212
2035
3275
48
3339
1515
1899
2273
4025
83
267
1756
3017
287
1755
872
4033
604
1733
3315
3771
3729
1251
1841
598
1110
3732
3830
3252
2196
3596
2953
1162
1333
3834
3897
4036
1824
3822
3330
417
3489
3681
3448
3986
3487
1245
2530
2576
3579
4016
2841
3666
3811
2843
1161
3019
1486
2189
1499
975
3870
3412
1626
3018
3122
3261
1958
4032
2664
2623
515
2093
2595
3103
623
3979
2179
209
2305
3338
1754
3209
2608
1109
569
1810
3258
3929
3276
3362
3226
198
3361
1011
2252
2289
1994
574
581
2527
1842
3758
1619
3908
1763
2804
1978
1370
3360
2371
746
3978
837
2686
3268
4028
595
2361
639
2203
3042
1541
2384
1021
2634
2311
695
2262
2531
3100
3868
15
3950
362
3234
781
2646
1069
597
328
4062
1506
256
1787
3974
2591
3349
1290
4043
693
494
2614
3086
3207
3515
3322
985
415
2241
627
1270
1051
1301
3497
2008
2476
851
1840
2407
858
1271
3573
637
1786
2951
227
2363
2973
678
4094
2412
1012
2080
2714
3925
960
