1975
3589
1419
3552
472
356
282
3033
657
2514
1177
3876
3465
1200
4029
2378
1222
219
1591
3202
2469
2211
2955
4008
378
3457
491
3877
3213
4068
1743
3936
1257
1020
2585
717
2189
521
803
2171
3150
1294
2895
71
2111
2561
2554
790
3448
3635
2943
68
2929
3054
132
533
3198
1752
2208
3672
1339
3223
1392
2251
2503
656
1727
2506
4037
2178
118
3930
2976
1324
1796
2451
3402
3117
406
3532
3427
86
3625
2533
345
155
1039
3686
3668
2403
342
3826
3697
4040
2360
2320
1060
1448
3588
280
1081
3308
4047
272
1319
3156
184
3896
3613
2723
314
981
1071
1384
1566
3467
4000
1529
359
760
1478
2891
1237
3597
3226
811
2477
1842
252
3480
3293
158
24
1179
1232
3964
1873
517
2488
2201
1551
1180
1806
3825
3312
3804
754
3233
3194
670
3521
955
3558
1936
396
3827
1590
2319
848
242
871
2212
2993
180
2540
1881
4007
34
3861
2769
1749
2817
735
1965
4021
3310
2152
2761
305
1011
3998
2787
2755
2105
786
3304
2678
3551
1610
2516
3352
1434
2161
306
3570
3269
3161
2680
3461
2997
