350
1692
1767
577
150
2399
3090
2325
4023
353
2622
2172
2708
36
4089
3399
1243
2394
2050
3252
874
82
2408
1560
1938
886
4036
2432
3858
171
3071
533
2765
2526
3779
4004
1275
928
3378
2396
611
2366
2780
1921
1968
2605
2868
2007
133
1337
967
2669
2515
2907
723
2214
1799
3267
2384
2951
4056
660
1085
1068
3290
3421
725
3077
1576
227
597
3944
3822
139
3236
1590
1485
3572
3180
2891
1218
2533
3676
2751
3046
363
1584
418
822
849
2161
685
721
2759
903
1520
2113
1609
343
3212
128
2339
2756
7
2219
3356
3381
2352
765
1546
2287
1923
76
2330
4071
185
24
1267
3268
2289
677
2014
1504
1196
228
3905
1066
2347
2377
1041
2857
2453
2182
106
1629
1259
3044
1200
2692
2435
324
3030
3918
2491
627
3335
83
1418
3124
2746
1757
2340
3119
1950
1251
1627
2081
907
776
4072
3747
2608
48
2319
51
263
2803
1599
2403
4000
3154
151
1220
397
3166
1549
3937
2718
2641
2970
237
957
1272
2916
86
3042
598
3774
27
3678
1006
1224
2553
947
1589
40
2278
557
3907
2808
