1368
3923
3101
3863
286
175
2205
1554
3505
2846
3201
1666
801
2246
357
987
1415
1073
2627
2259
674
1260
2612
2330
3230
3352
1114
1299
3304
1181
3613
80
3406
234
3747
199
1300
3435
1223
3965
1249
3147
3270
3151
2529
3582
759
3003
2783
3635
389
1317
2091
3907
1411
664
2322
3401
3770
2727
2579
2379
711
2110
1972
2750
1909
3288
378
1803
2256
959
2837
635
2927
3486
2153
2126
457
949
407
3113
3386
2770
298
1106
3903
3829
2912
542
2590
3063
267
1157
1674
3531
208
3654
1233
1197
3792
965
2307
3239
4087
2690
2492
1835
544
324
3282
477
3044
3838
1859
3314
755
2127
2396
2556
3746
2957
345
2917
3669
3888
251
167
386
1992
2760
3926
3495
2936
1160
2150
2463
2767
3327
2176
1958
735
2830
2326
3991
1996
1611
436
1513
2226
1735
3852
1635
263
2291
3520
3677
123
4016
2139
1143
1948
3732
157
2879
1825
212
336
737
284
1846
2016
956
905
2518
2714
1097
4017
2035
2903
1264
2475
1955
1677
2597
2598
2650
4021
867
1199
1519
265
171
2811
2966
3606
1864
986
3971
1374
