1628
3948
425
1470
2638
2764
2081
3649
605
1265
2734
3136
1693
1109
2324
2426
3373
2308
1114
3557
4070
3539
2297
3911
1346
1036
3300
3643
4046
3793
174
2996
1554
3145
3879
3750
922
3567
3745
1434
2216
247
1799
1455
682
769
2296
1251
2262
125
2382
3698
1259
2961
1115
3630
3511
3694
1790
1654
547
1956
3184
401
1989
1131
1877
2052
4
3078
231
2795
702
3361
2690
2279
1646
1998
1017
681
1341
1238
1936
986
558
992
3924
589
3256
583
3305
3444
3612
874
3930
1228
2274
2814
2598
319
3907
3877
1655
149
3321
117
1235
1264
2934
2100
507
115
3495
2270
795
580
713
2611
931
3234
2030
3967
2783
3213
3204
2913
1304
839
2623
974
1519
2735
321
1058
2852
1800
3807
1957
2004
433
1810
523
1087
2739
1606
3915
2105
259
2892
423
1524
1915
3810
1217
1209
3207
2923
238
370
1870
2695
1743
84
2702
2427
545
357
946
1074
1436
3197
2914
753
3913
462
3467
3491
3465
2184
2227
1544
703
2143
574
555
2627
286
2162
3786
1102
3697
3945
3084
3344
265
1723
449
1731
76
3718
