1033
1066
1670
2586
1130
1280
925
1233
331
986
273
2407
4035
1662
2943
2114
2011
2131
2503
1859
3153
210
1152
3479
568
2557
3293
238
2619
3983
2247
3081
3615
2611
3817
2614
98
1518
2268
2213
2856
2850
2861
1833
3282
1206
983
3349
1529
3905
1605
3696
1723
1185
3635
165
2050
3512
1070
2844
2338
972
3779
1229
3291
3014
2924
1028
97
1577
3149
285
997
505
3279
665
894
3296
1403
1074
1766
2725
842
3000
2530
2356
1858
3742
2772
647
3672
1611
1651
17
3113
1172
310
2274
2585
3358
1641
2063
2459
1667
1114
3354
2935
518
1791
2290
2514
2848
1818
437
1087
2193
2540
485
2526
502
2510
2449
29
640
2153
2183
602
1962
3076
1823
2678
1674
3015
1991
2402
451
2276
3667
119
2117
2180
1777
2173
526
2874
1816
2952
2340
532
1862
3534
193
3851
2651
3563
492
1380
1275
2843
2672
51
1607
4048
2400
2987
2960
3216
1523
3745
2366
1541
2740
3735
847
553
1313
3176
2770
2764
2359
172
2913
2754
1938
2483
1769
14
2878
1517
2231
131
3827
2949
11
1328
2094
1256
4018
2426
955
