1889
3476
3565
2909
3583
100
1754
3061
416
741
850
1980
3151
2970
2349
327
130
1717
1430
2109
1874
1619
3545
3666
1667
357
1477
546
3998
2585
1247
1916
3503
565
3309
354
674
1675
2308
387
244
1965
2126
3628
369
3379
2774
3021
9
1285
3009
2957
3728
816
1499
3959
2085
2469
3812
870
1782
2263
3524
3569
1228
3491
343
36
2953
312
1331
1379
2882
1840
1005
1161
1927
3520
1895
1024
285
1481
1789
889
2937
2742
1774
399
505
813
3318
470
57
3677
1468
3699
2476
3821
2790
519
2848
3325
2851
616
2744
3776
1790
261
3238
3862
3381
682
2502
3401
1087
2649
3198
947
2125
4042
1955
3001
2373
3078
1808
3693
3123
3380
1922
2670
2837
2674
2141
1798
2055
1459
3571
2219
1393
2220
1368
2657
2884
296
3219
1195
4072
282
1512
551
1032
3622
4031
3030
2267
3977
2483
458
3272
521
160
786
3853
3908
201
423
532
390
432
2090
2697
1671
3824
3344
1553
2521
179
1303
2071
607
3469
2343
1876
1124
905
2531
358
2397
11
2394
3927
2235
3057
88
747
2107
3358
93
2471
2955
