3144
2437
800
1993
1669
2593
3191
204
3742
3294
3220
346
1015
611
1080
981
1333
3907
1747
3027
1222
3986
1457
1278
3690
3319
30
3454
4005
2762
875
1616
3890
1439
319
1915
2962
581
2465
231
1112
2356
436
876
3714
3914
3692
1988
942
216
528
1154
2354
1391
2738
3570
1958
3530
1038
540
2926
1280
2427
1553
1863
2058
2778
2544
2352
2450
3168
3446
3783
3451
3889
791
1451
1212
3397
3400
2614
338
1916
2659
176
2598
332
780
2171
2922
1729
3376
3860
542
349
757
1331
2448
3048
681
3846
2902
3559
1917
3243
472
3753
3452
1344
3687
1906
3356
3196
783
2319
3457
2189
853
2848
2709
1569
1812
3061
3433
2928
2443
3206
1604
1540
2649
3545
636
2143
1157
1936
1484
1007
371
2851
1434
739
710
919
2163
3826
1641
3915
801
2634
2051
1632
3132
2998
1961
2461
3529
3393
1720
288
350
650
2786
1236
3798
1227
2273
1146
2550
3806
188
2940
3627
3816
2632
1724
1586
894
2002
1349
3085
3362
314
1531
2535
958
2232
454
733
3146
893
2531
3422
1895
2325
1912
955
1736
1141
331
3963
