1466
4089
2631
1722
1964
1217
1499
1576
621
170
2467
3311
1974
2516
2843
1155
2280
44
2199
2840
466
13
2168
781
2822
2231
336
1027
2374
1380
959
3282
1498
2447
3945
2830
3184
1808
2758
545
275
918
3898
251
1249
1203
2002
628
2647
2587
2887
3833
2600
2218
279
7
3404
2496
1771
2439
1265
3778
3306
2052
853
1034
3182
3477
4090
3236
3226
1067
2018
916
3159
2249
3616
2096
4024
1147
2969
1040
3321
3158
2733
2671
1057
3021
3715
650
723
330
2734
2169
3459
2844
1235
1287
1042
924
1320
1307
1440
1078
2723
1001
1865
2739
2661
543
1520
998
1131
3865
1904
3996
1854
1970
1309
1548
326
3567
1348
553
1931
1834
33
3253
2507
1730
2833
2594
2498
1918
1023
2033
732
2315
253
3213
3056
2930
3399
1474
1762
881
3112
1776
2502
3387
4076
1777
623
2045
1778
3128
3466
1527
2307
1626
3536
1433
1163
1641
1285
475
3935
4078
762
3442
675
502
1056
2094
551
339
3349
259
1793
1038
1485
2521
2510
2167
3745
185
2811
5
1572
462
2141
2400
1122
4041
3195
3068
272
2226
29
3537
