2909
639
4000
1137
1028
2854
3846
533
1324
1749
177
45
1843
3285
1767
123
798
1025
1515
4025
526
492
1571
1418
1416
2963
2342
1892
764
2629
365
1156
2214
2953
785
2359
819
1990
1049
2652
1800
686
2075
585
2049
1153
1740
3480
1682
4063
1411
2005
2225
749
1730
120
606
1987
2373
2063
2888
1197
1947
1865
3367
2930
2285
2433
3510
2637
3401
2256
3656
242
235
1303
2503
2799
3981
3805
3026
657
339
1751
209
2533
1922
658
1015
148
3628
1191
547
1722
3725
3271
885
2764
85
2384
577
366
2592
1660
3180
1491
1714
3413
3333
164
3874
1338
2946
3332
603
335
1657
678
2360
2208
1246
2478
3709
1677
2292
3558
3383
880
2066
3588
509
3461
894
965
523
1702
3578
1371
1909
79
3389
578
3748
3295
361
3721
2471
1386
2534
2740
302
3621
1488
571
3958
352
161
1508
3982
2040
1507
2980
301
1601
1519
2774
229
2762
2435
3813
2320
4024
2853
1931
881
2879
1041
2947
674
2154
2352
3826
2645
2814
2970
3505
2185
3845
1265
3561
820
831
3217
1247
877
2440
74
2628
2606
541
