566
1514
3323
2761
898
2146
3080
850
2733
2702
1661
1794
3723
366
2603
3366
3551
748
3989
3250
3255
3129
3221
1139
3637
3530
3830
2042
2666
2204
3289
3208
1593
1132
2610
3362
1266
1399
2129
2655
733
962
2752
3709
3187
2349
2391
946
1242
551
3179
3301
524
779
1108
3545
857
2695
683
822
301
1952
1944
2079
2953
3548
1523
1645
917
2182
1156
966
2422
1496
845
2481
264
2974
2554
1678
3636
675
2373
167
4050
3377
1104
1708
1633
1841
1587
2705
3986
943
1872
1269
2707
588
3000
335
299
3547
2565
2964
3088
691
1387
1376
345
3018
1833
1434
1313
695
2942
435
3338
317
2396
3036
4059
1074
3642
662
261
3401
3319
1194
1374
2882
3229
2868
2446
107
2751
1464
760
1505
118
3767
3357
1210
3340
206
305
3605
990
3914
639
3236
3716
2275
495
3967
16
2279
549
2197
414
3663
3411
3212
2393
1651
3799
3140
2744
3227
3158
1589
3037
3916
1674
3774
3404
135
3906
2243
540
1450
2539
3956
1012
360
3658
3394
3004
3078
1004
1049
60
3093
2160
298
3704
2468
1788
3594
2006
999
