436
3701
2715
203
3964
1369
3969
41
1682
865
202
3770
123
914
1136
225
306
1629
1898
268
18
1756
1055
1912
866
2699
1809
1569
696
1681
1535
3681
889
542
1354
3167
3336
1470
760
3278
1695
1237
251
4015
4073
2926
1175
3810
2313
3840
3293
1911
443
468
2577
3825
2096
4055
3200
755
655
314
2838
2841
113
1931
2579
1198
3364
1910
1291
685
1820
1276
3510
3186
1708
1387
3419
2756
2711
3404
2339
2010
3631
2198
1554
1130
3276
1486
2916
2352
910
1341
3089
1819
3583
969
3832
1537
2775
363
73
3730
3903
2964
3670
3649
3121
3355
2602
3807
3891
864
93
3777
2351
2392
339
3103
2232
2086
1639
1686
2156
2076
2457
1579
2543
3195
905
2950
3262
3435
129
1097
2067
2184
1498
3396
2558
3284
709
3127
3446
3498
793
134
462
2820
1525
1386
919
2644
2243
1199
2015
1220
2288
426
2854
1324
1259
942
3026
2431
1710
1505
2676
497
3514
797
513
2620
302
51
725
3299
3931
904
3250
1653
3688
4048
607
4065
2677
2843
1444
199
323
672
3054
2921
324
1448
750
2674
1965
3280
