1286
301
776
2576
3028
628
3880
2792
2673
2266
650
2620
936
1319
1163
81
258
2735
2694
3408
3361
3694
3601
1233
1611
900
287
2272
1666
1592
24
2101
2770
3286
757
3605
2559
2456
200
2043
1351
3592
38
718
1194
3476
2900
3712
1830
3216
1480
1077
2504
1796
2934
1875
1016
2613
579
3532
2873
2279
1005
2644
390
1288
729
3212
3924
1220
2075
593
4029
66
368
3173
556
1513
975
1328
3013
2165
885
1595
1769
1885
3730
2215
2961
1558
794
2110
504
3631
2685
1965
2066
3417
157
577
3765
1294
1854
3043
1227
3809
1646
866
489
2427
2204
1493
861
2332
697
3650
3066
3697
2047
2654
2158
124
3114
1344
2869
3501
785
2965
3761
1657
1216
341
1633
3181
469
3116
3673
929
1994
915
230
934
1892
1097
2429
2708
2401
398
2879
2865
4049
1949
1597
3410
227
3135
946
578
1281
2086
572
2004
1529
587
3835
165
1528
1844
1260
1563
3070
487
2816
1951
945
3131
3279
2285
3816
2026
311
2907
1118
667
2328
74
16
1731
1469
853
1314
957
1616
2087
3469
356
2475
1583
715
602
