2059
348
3092
1285
3681
1835
1536
41
3930
366
971
2060
933
1149
3872
2534
3892
1777
4091
3566
3167
2610
280
445
2625
678
1376
265
2917
585
754
1574
339
1891
4082
2115
3809
1652
2921
3361
3820
1690
2329
3
1486
2855
3345
1790
1881
823
2452
814
2633
2593
3524
989
1898
3870
2936
1612
3563
2418
2489
2193
3654
3405
4032
847
3366
1794
2909
829
755
1194
1666
1916
514
3527
816
1626
475
1442
3419
2569
1507
674
2030
2881
641
1610
519
179
1907
1833
2
1806
2041
1848
3519
3609
2028
2636
2624
492
948
2009
2104
1258
598
2281
1593
2258
2765
676
3291
2989
851
2457
1434
677
1800
2315
1270
3344
3972
3548
2629
2942
1931
3745
2426
1398
3472
2911
3647
2194
3858
237
1887
2645
2289
1732
570
3126
1340
3235
2415
881
3308
196
3700
2091
1885
2123
178
3459
1441
360
3664
370
2902
2344
2543
607
3087
404
2925
1999
2284
528
2304
2904
1606
2147
3765
2144
3246
325
3474
3302
2083
1828
3008
2519
3613
292
3894
1855
3053
1002
389
1658
4067
3997
652
332
945
1121
1224
1721
