1581
3640
192
1975
13
3137
2686
3379
49
2579
635
269
1317
1436
2773
3535
2231
78
2647
2630
3303
647
2308
910
3539
3700
3289
1293
1934
2664
832
1452
3443
1918
1175
960
349
1921
3928
1658
3499
674
3800
2688
3345
3380
402
1848
3859
872
2008
1121
764
1420
1573
2607
1950
2342
2117
3006
1598
652
2185
376
2969
3835
823
1557
795
3875
1873
3060
3490
3578
3622
1547
1543
1977
1413
2698
26
2732
1539
3840
3502
1417
3520
3902
3512
2736
1394
2961
716
1864
464
621
2802
1352
1159
3498
1620
1474
1677
1646
2865
791
2627
905
2960
1066
2360
4061
3406
4087
3190
316
3054
196
497
550
2384
2974
1622
1974
3050
1747
852
3930
2936
35
721
355
3822
3549
1969
598
322
3476
2547
2414
2947
1570
414
3177
2574
3586
557
1551
128
676
1059
318
1807
1326
3322
3327
957
2946
1142
166
4020
3005
3637
1868
3762
381
123
855
912
3227
599
785
2375
3999
421
3906
2556
3507
3752
684
1475
619
3407
2244
954
2832
4044
3285
2418
2150
2956
1246
2115
2580
2771
97
3427
441
313
2846
