1979
1129
127
4083
1596
2401
832
1725
3636
2165
442
3644
2304
1482
2990
1662
214
740
3527
2321
409
2685
2355
873
628
25
69
1895
4064
518
1655
530
2026
963
1822
1525
758
3812
1780
2049
3978
2251
2926
2074
580
4053
1202
2030
2130
1254
3055
908
315
316
2952
3373
1509
3442
3203
1092
2157
1975
753
3630
2033
4039
2296
2993
2212
1436
1526
3544
3682
1029
2928
1299
672
478
769
3872
3714
913
2096
222
396
294
711
2748
1381
108
3965
2445
2938
720
965
2832
1411
2944
4094
1167
1013
1196
3493
3626
3017
593
571
3288
3439
2305
273
1887
581
1865
3834
3104
811
2254
3267
3619
2593
1989
3029
1958
2270
704
3972
338
661
2172
3979
3741
253
2178
1850
3545
3347
578
3495
3486
2255
978
3758
3087
319
1080
516
3622
2182
130
1422
2751
1535
2565
2082
355
1818
2651
3082
431
1957
1432
3075
3043
1776
2479
1615
2816
1699
1187
138
1221
1984
148
3410
3826
2492
2742
2482
2403
1503
3528
1045
1358
2683
2574
2370
2804
422
1916
1941
3851
2398
1272
3731
1227
3836
911
780
561
