1103
1647
1589
3287
2722
982
1040
1089
2454
1148
2769
1978
1260
1929
65
1455
435
2956
3738
1911
128
2587
2752
1965
1506
1032
1401
3437
2555
2381
2417
748
3746
2833
1957
890
2166
1203
78
189
1342
259
3783
1245
3443
2216
1571
1452
1259
2013
1933
2856
2372
706
3495
2047
1544
3004
4094
2634
3361
769
2495
1205
1169
1782
3843
3063
1813
1682
817
1715
3154
915
2802
989
228
3478
309
2816
3248
1217
2304
2982
1692
393
1769
3020
587
660
2797
1909
3351
2663
109
4045
3616
885
1787
964
1625
3702
2980
186
2426
3967
3054
4076
1419
2779
2629
949
1273
3951
1946
729
3349
4083
192
3295
2992
1801
3960
731
1171
2676
2055
1987
2131
1487
787
241
510
3732
550
3564
3759
2967
1278
2099
1160
1119
59
3000
1877
3955
738
899
2908
1952
3982
1858
2609
688
400
557
194
824
2662
386
387
1104
1215
525
2059
1851
204
1223
383
290
270
1270
2028
708
816
3704
2282
3193
2704
2976
2621
1352
647
594
2257
271
2642
2734
2665
1984
2333
257
3952
457
3394
3130
696
772
50
809
