78
3104
2090
4020
3003
1265
684
1546
2286
3767
2
1790
1915
1066
73
459
2041
3489
2185
4049
1024
2296
1984
2299
1644
4047
3694
3948
1949
3970
1059
3555
427
1221
1969
1131
3618
996
1053
3284
1891
1848
2080
1307
3519
1971
1554
3051
1520
1014
2751
3292
86
1712
3754
3234
2745
1767
2044
2840
1517
2833
644
3976
164
75
1228
2341
536
362
1999
248
1140
1172
4056
3509
1762
1205
3765
4017
3824
1425
3651
2201
3386
3375
1136
1955
1715
1149
3580
3884
1390
1737
1173
614
1409
3743
2277
166
1400
1559
993
2968
3272
1681
2626
749
2997
581
3193
2179
120
3159
1004
1489
194
2206
1401
2397
19
2060
46
2456
3632
2269
2978
1329
2120
555
170
2910
3548
1297
162
3507
1890
535
659
3833
3839
2447
3368
1896
1501
3682
2550
343
3420
2984
1393
2253
2333
3132
1504
2346
2393
1959
735
177
2004
24
703
1630
208
1485
497
907
2453
3841
3919
2255
3170
1972
2866
2859
1922
1061
3297
3128
1582
1593
271
2214
1615
1743
619
2038
1583
1543
312
349
1587
2955
2588
2271
757
3026
1261
1522
