571
2217
2107
2088
3854
4039
2522
2771
741
2871
2251
2665
699
476
1550
135
1271
1050
682
2399
3331
223
2225
1746
992
1155
2997
940
357
3363
3314
1612
1301
419
2337
2566
2802
828
759
670
1211
1915
2697
1011
1086
943
1325
3371
1633
2400
2014
3738
2172
3614
3504
98
2203
283
4051
3938
3121
3684
3868
798
3498
624
3162
1097
2183
1139
1324
2354
53
3026
1012
3941
724
3945
148
3158
2309
1208
4057
3721
3174
1956
2213
3838
3204
2810
3301
3104
2045
2989
1822
487
1601
585
2757
63
2799
265
3284
3610
3117
1129
3441
494
2439
3867
2747
1451
1939
110
3715
769
1241
3208
3207
1247
1284
2007
946
1970
3824
3093
342
3106
1846
1478
1065
1493
2850
3166
546
1462
2961
4009
3219
746
3156
3654
581
2165
3804
3746
1828
1070
3300
2025
3352
1948
124
3820
557
1258
433
2950
3238
2310
1420
3220
1509
3270
1399
1187
1811
2376
350
732
499
2328
3328
2868
538
1064
2000
2949
441
844
3494
1018
714
1081
2643
3688
1983
1426
1221
1461
2826
3137
2154
3617
2135
936
2038
1583
2835
3433
