3056
3546
1831
3275
359
2352
146
2672
38
2124
2241
3052
471
3099
1996
311
3715
968
3181
1389
1195
3130
2521
1688
3047
460
1625
2093
1401
443
3296
487
718
928
388
1268
3248
1287
729
2881
1331
2403
3606
2394
1778
489
493
1113
3028
3730
3033
3981
435
2212
4028
536
1852
3054
6
1062
3936
3300
638
778
2966
314
3391
2844
2631
551
789
1469
3485
598
3037
4057
2053
2832
2381
3726
3334
1061
3115
1900
1697
3022
1503
2133
217
2142
1476
720
8
583
2107
3791
2232
2918
1120
2743
2468
267
2838
3020
1552
3053
1629
1024
2197
1427
2689
297
1242
362
3446
3082
469
2638
861
3930
1128
3163
3328
1774
3796
1184
3379
1751
835
2945
1289
3179
2207
3392
2739
2011
2964
2982
2813
1042
3483
2037
1224
1418
65
3623
1459
4076
2497
3305
3384
14
1728
986
2750
2487
1533
88
64
3147
175
26
2663
3542
743
1357
1413
1953
3790
3862
1002
2708
2511
1555
3087
3447
1083
3814
3164
108
1100
2002
400
1641
197
3944
1991
874
3227
1158
2416
3803
1684
1844
1652
3002
708
3229
308
3319
