1932
4054
1549
2650
148
2977
1029
2418
1156
2375
866
1432
2092
1837
298
2333
3107
3066
2346
672
366
1488
56
1715
2345
1204
2303
1621
128
2132
2892
3757
2926
2747
444
938
691
0
578
3568
3663
3236
917
4053
3875
3522
1670
3904
721
862
3018
3569
2792
904
1710
1011
2309
2663
1661
1922
2753
2060
1330
3801
216
1937
3213
981
3442
704
2781
3893
3770
3110
2763
2027
94
3532
1107
711
1684
2910
602
105
1505
1859
3570
3306
4081
1437
783
22
550
2363
2992
333
3298
636
1248
2183
3171
560
2157
731
2736
1832
319
2124
876
115
338
2202
2069
268
1910
2573
139
3420
2216
1751
740
843
2649
459
1481
2450
3830
3257
2214
315
3196
2832
823
2775
4070
2656
2137
3577
1596
2173
2135
1382
937
3384
2408
3986
3610
3454
1956
3116
2134
657
2898
4014
160
2888
3715
3898
1211
2448
2603
3126
3214
3781
1662
2361
3794
2172
801
1884
892
1875
2415
346
1428
1320
3222
2759
1518
443
277
287
3894
1401
1336
3967
1812
2644
2084
797
2563
1758
2529
386
121
1929
752
1441
1159
3764
