495
75
3935
2504
1832
1917
234
475
3228
3104
2662
2517
1160
836
1612
1183
3934
524
1587
1777
3733
3199
603
833
2248
2581
1337
1754
2210
1427
2292
90
3641
2837
586
550
1059
2950
3263
1719
1609
349
541
3424
1550
2156
2758
1634
2952
1688
533
144
3650
2995
173
3062
896
2161
3969
4058
2272
2492
2487
2252
1791
210
1811
1547
3450
3037
858
520
2830
2839
2940
2759
756
1475
3420
1418
746
1853
3297
2843
3242
61
3116
255
2063
8
925
1880
72
1268
548
1898
706
4019
3170
2072
1000
1695
1892
2887
2806
1177
3907
3852
3328
604
665
2474
3090
1053
2376
2586
817
4004
1529
631
2738
4091
3459
199
1003
1950
1921
1318
2282
2876
926
788
3050
354
792
962
3560
2125
3607
808
3230
2205
3345
2756
3021
1983
4000
740
1069
3132
1371
3166
3936
3697
538
3630
2753
3472
2014
755
2084
2751
409
2050
1396
3721
2914
2629
2595
1596
404
3798
3307
3081
229
1123
2304
2166
1146
2419
3970
646
563
388
649
1879
3291
1874
2541
545
3
676
3451
300
1464
1361
52
1559
3223
784
