1948
2921
1144
3910
2814
1561
3847
2793
1289
1762
3489
1250
661
1359
1618
1996
2293
1119
1918
3603
2834
424
1020
1882
2526
2131
836
1788
3340
728
2320
2999
1694
3444
1378
3596
1987
2687
3869
2478
1388
1925
370
2037
1012
3430
2910
3576
1446
627
2771
3152
968
3370
4014
4055
758
2863
24
756
388
558
1527
2479
4054
127
1329
2300
3636
3883
914
2018
4039
351
1875
2372
3415
326
1315
3835
714
3946
3943
14
3199
2042
3429
3778
3107
2738
2123
629
637
3573
1709
1344
2346
2175
3265
1424
175
1428
1117
2581
623
2716
1498
2100
165
104
3746
2362
3695
3550
1509
1368
670
3762
1717
733
4049
4053
3236
2435
3803
4009
3881
3224
1151
1912
2088
217
3041
941
3369
2227
2289
2876
482
2878
1923
2107
3019
3189
3155
3604
3088
875
2134
3954
3078
268
3490
784
3113
231
3513
3401
515
3402
3310
283
3681
828
258
77
1396
3076
2161
420
1866
2186
1939
1928
2614
1266
381
3454
809
1001
186
2712
3018
1449
1665
1632
3395
2544
91
2212
1901
3022
2262
964
3709
1243
922
2575
2887
152
