3403
1475
1139
1000
1629
2341
539
3065
1359
2768
545
3164
2371
4028
2918
1673
1122
1620
1699
2464
2794
296
3922
3515
3519
2386
1295
1466
1805
1646
2822
478
1975
2022
2798
3253
1784
698
3931
2250
967
3705
405
3386
3491
2835
1480
644
1675
3179
1051
2996
1166
1196
1178
142
1255
810
3363
2037
1720
3859
1972
2992
1674
2935
1396
3915
583
3932
1682
3700
1808
2643
2535
615
3220
3613
1351
2750
2109
181
1839
3221
3901
3690
1731
3656
664
193
2661
1314
364
223
1429
2831
994
3856
168
2139
217
3042
10
3777
1509
2059
1662
3339
3860
3686
2775
3631
228
3041
3407
451
851
3661
3427
2555
1517
3499
2819
429
2217
1527
1886
3838
1840
2334
3062
3239
1752
811
2737
2012
3958
1282
390
928
980
1858
899
3174
1689
2090
2816
2685
3555
731
952
3375
1788
2222
2133
208
2499
3841
1510
987
650
1376
528
834
3266
4056
3217
158
3058
1228
173
2950
3397
1033
3262
1645
3577
3124
555
1936
3967
785
3658
2483
4033
2252
2834
3267
1323
931
2844
1899
1070
1092
738
2958
575
3871
1239
2616
