622
1507
755
3337
2435
2643
432
2187
2878
3998
2908
2161
2541
2209
744
2531
2981
1886
3252
877
680
3542
2706
493
2313
1500
2239
2119
902
632
2747
3320
1246
1615
3784
2692
1588
1473
582
3715
976
3822
958
3051
3697
1597
1414
1859
1430
1996
191
721
1023
2211
103
1480
257
3255
2662
3708
663
2829
200
3982
525
3788
1222
1118
1428
188
2558
1881
2915
3383
3689
1860
1138
2592
2539
973
3851
2087
1772
2447
27
1271
872
3036
1101
461
554
1369
2007
157
4015
71
797
4080
3948
2849
2050
1042
1553
3913
618
4059
1671
1872
1703
1076
3475
1142
1698
2626
1989
1933
1083
1220
1502
2733
328
3087
990
2477
4072
2195
791
939
838
2212
3170
2591
3688
2124
573
181
3674
2728
3903
895
3007
3030
2924
1725
716
1027
2601
3733
429
698
2176
3745
1842
1513
581
3023
2454
3605
3294
2624
459
1315
1907
3829
552
2290
2364
2039
2525
1851
3898
88
1237
3501
1503
2302
3346
2303
2185
740
2216
3200
8
443
3803
501
2748
519
2930
1270
3573
268
3934
1535
3541
3796
3038
291
324
4065
