3618
3790
1501
1185
2307
278
3724
1567
3649
1286
550
2838
1799
2381
1349
2097
4021
1073
1902
236
1776
1843
2413
2823
3932
2779
1852
439
1762
3950
662
2364
1881
2004
403
2854
861
3842
4062
3989
3651
1400
3315
3038
432
3793
3680
107
963
1396
1118
2332
2538
1283
1820
1759
1638
3261
494
324
3893
3277
2229
3385
594
2324
867
3030
3981
3826
421
3362
633
3227
715
3643
282
2546
2721
2642
1390
366
3525
4027
2926
3401
2173
2479
1804
1149
211
3923
1681
608
838
823
3884
4032
3878
280
1654
92
1078
342
3733
3642
3210
3782
1634
3101
3173
2001
3910
2196
3856
2162
3166
2091
824
3213
2016
3490
2115
1471
1235
3196
987
2234
3529
1775
2903
2033
1849
1593
4089
1403
3321
3338
3677
319
2668
1045
2237
2829
1331
1417
2109
3937
1467
2640
3628
1353
2457
1911
2458
1713
1094
3666
3556
571
3083
238
2055
2114
2927
1757
3687
1252
3769
3801
2464
1791
2345
784
3616
2677
1905
2390
3189
2093
3052
2803
828
3462
377
1450
2564
1364
952
3699
2018
1748
3051
2220
3938
1186
1823
339
536
244
