827
2157
2596
2700
2398
670
4063
3919
498
1036
3400
3119
139
4085
331
958
3066
3794
1620
2430
1391
2774
435
2610
3352
2613
227
2608
570
840
2731
3622
2627
2689
2140
201
378
983
2992
913
2848
1329
3766
3906
267
1411
1937
1278
2986
228
956
2480
505
3185
2339
3332
820
3416
1033
3886
3387
2456
1364
2650
3208
2611
3016
3
1802
3626
2752
721
2211
425
1738
2481
2787
1090
4025
959
1304
3269
1690
2942
1174
3264
2515
3172
3010
528
1704
3970
396
1818
2155
78
3178
2372
3733
2268
2442
3373
44
289
687
3991
1553
239
875
468
548
2644
2628
2819
2482
1254
1902
551
819
1554
3521
653
666
62
2869
1176
2511
2989
3618
1885
287
1133
1280
1797
2097
330
3563
1425
2641
118
605
3132
2873
2887
1850
2031
673
306
1446
2797
635
3031
1118
1819
1375
3252
1657
1315
2732
3159
659
1761
2711
3821
2185
1600
446
111
3852
115
1109
3631
3157
3636
1972
1042
954
2590
2414
741
1915
2592
987
1749
1894
1916
562
717
647
3982
3324
402
3570
493
2325
1047
1546
3993
246
1799
