3049
1474
1291
1873
2077
174
1598
2496
2707
1611
1260
2082
1546
3220
3510
1608
2041
2284
1098
2536
788
2428
631
1767
891
109
1165
298
2514
3211
978
3254
1872
3427
3305
2586
2133
1029
1974
917
1861
956
1108
2762
1897
2770
3816
2963
2454
778
302
1638
69
212
705
547
2375
2724
2768
3310
1592
70
56
1742
472
439
355
3999
2973
2633
787
1174
3795
2907
2178
2210
2276
1650
2141
1859
3521
3282
2334
2138
3502
1570
534
565
1537
1530
3399
2435
1544
1406
3646
3817
3586
2460
1670
2087
750
1773
3736
3128
3606
2612
969
1270
754
648
3366
821
2863
3691
2651
1497
624
313
485
1064
2293
348
2947
3070
283
1013
1144
3526
1941
2941
2691
1130
3774
3348
447
1000
2902
3561
152
178
3208
197
257
758
3524
2573
3810
1942
3002
1342
3847
743
1358
1392
3568
2059
3041
292
2875
370
2070
3052
2971
3823
3579
3171
3097
1825
3856
729
600
1143
3020
3753
2504
947
2845
3739
1471
3105
3923
3340
269
1975
2244
3452
1212
2239
3722
3819
2005
3165
1911
2136
3043
1582
1704
595
837
3272
