3877
569
1577
2282
3672
1763
2231
53
1582
2700
1901
820
42
3113
3749
1106
2828
1756
3334
3558
4050
235
3300
481
883
1053
1388
1238
331
92
2290
2917
3586
1368
3528
234
4036
2450
3862
3177
2297
1048
2622
3630
1223
1617
230
23
133
802
735
2157
1293
1406
3360
153
2998
1753
1136
747
3664
2394
3341
2442
2491
145
1173
477
2411
22
3459
3926
1781
3784
2215
764
3977
3081
1329
657
3412
2690
3264
1924
2839
239
635
219
789
17
1869
3761
1969
1918
1151
292
2637
1983
64
1801
3728
1937
2543
969
407
2329
3192
2153
1717
372
1693
3959
417
2702
3608
3864
1886
4044
3516
2142
2169
1101
1997
3521
942
4095
651
3848
1411
2896
3985
1739
1838
159
2097
1850
2375
443
301
1005
519
3515
724
1225
589
428
4032
2048
3396
97
2605
1946
2390
3492
1689
2544
3136
1805
2643
1814
265
2006
3117
2906
956
1369
129
3207
1312
1409
128
2789
1809
1166
535
8
2695
1304
839
3878
630
1870
1253
3945
531
2354
4075
1794
1721
1237
1996
1593
1867
2540
3532
2908
50
1298
4004
1663
