3386
3130
658
2740
2631
3400
2919
1840
1300
3572
1846
403
2813
119
1509
225
672
1064
364
59
1990
152
1188
3377
727
3382
2731
3387
3333
1672
3298
3787
1900
3252
2513
3258
3500
58
2671
985
1287
3364
1330
2353
2535
806
3928
3104
470
3411
38
1183
3029
3049
3066
656
1522
1108
2374
1945
1858
123
822
1245
974
1265
1857
361
2503
635
994
2656
1046
3463
2462
989
1852
1894
2248
3152
495
2048
3895
2448
3736
791
1429
1532
902
719
2986
12
89
3077
703
1393
2295
707
1414
2734
1825
1515
1364
1407
696
3825
1053
2897
2453
3054
2761
1162
744
3457
589
880
3013
2711
79
1743
3156
3860
3294
3978
1977
437
2936
2163
308
2704
1446
2118
166
754
1225
747
3091
3976
2543
1342
2378
1629
684
1677
2094
184
3728
1930
230
1079
2679
4014
4092
863
1007
712
882
3549
1173
2096
227
1499
4065
4095
2801
3439
238
2382
1284
715
1566
3668
1928
594
3155
947
1102
3632
3526
2783
3790
3820
3638
1772
2036
3118
262
3119
2012
3217
620
319
2724
1004
2330
854
3212
1047
3141
1229
