3957
958
3057
2415
453
3989
1297
2394
2426
3923
1299
3356
1397
1578
2538
3072
198
721
1012
491
2697
102
327
1655
921
2682
1568
1264
3150
644
406
3902
3260
203
1062
4058
1564
2082
1457
3354
2281
343
407
2270
2423
819
606
1133
3909
2541
2642
2390
1559
833
2213
1448
2056
252
1864
1630
992
768
3926
281
3185
3980
1610
1255
3705
3701
1134
3570
695
3029
1815
2716
2817
2890
1757
1687
1302
1121
3046
3505
383
997
125
1002
3603
541
2750
3413
1672
779
1593
3370
1322
2548
3993
3155
1261
92
3743
3224
2955
378
2670
2336
4013
3816
1782
1070
1320
3248
2376
974
2117
3450
1170
3307
4055
2527
439
1354
1557
2693
2787
3456
2617
3295
2720
492
3188
1111
1681
569
1802
2141
3015
2602
1075
2773
3541
973
1649
4032
1645
3724
3302
2116
2319
2112
3912
1785
2744
489
1922
1081
2943
1204
3740
3966
3994
2743
631
2788
126
1192
2446
3998
1544
2103
2524
1000
1140
2843
953
1124
24
2469
1551
2253
3335
2856
1
3864
4030
729
3606
2362
31
366
3004
724
2597
3625
2428
127
1015
2025
