1365
3717
4048
2164
63
2233
1002
3567
3302
1518
1007
194
932
1017
2693
1628
1192
3841
3791
1638
2333
4087
796
1538
207
3375
3988
1147
1171
2377
2591
3637
2948
3835
2045
3602
2153
312
3334
2234
300
2214
897
2204
493
2098
3410
387
585
2438
759
454
3912
1737
3990
1513
17
4054
1359
1208
2449
2897
767
1176
2178
2800
2639
1885
1114
1645
1827
1323
3786
2539
3338
599
62
3415
4037
3618
3270
2506
3134
3963
3226
3349
373
2932
1335
363
458
3976
1472
650
3979
3917
2406
2873
2802
1488
1332
1944
12
1070
576
356
1406
2749
45
123
829
2766
677
3493
1665
37
1801
1083
2133
2253
3606
3318
368
1272
324
1558
3793
777
2831
3155
3486
2520
1663
27
2633
461
3128
820
3788
313
872
3947
2885
362
100
3540
983
3401
4045
840
1804
3137
1040
92
3328
3087
3193
2444
2477
102
2716
941
1301
2825
749
1122
24
628
705
2494
3344
416
3490
4086
1615
80
2195
1499
2658
1071
1883
101
710
2632
468
481
880
1163
412
192
2349
962
931
929
3124
1214
1823
1708
2120
439
