1928
3761
3044
589
398
3583
1179
2386
1187
975
3320
421
90
1275
3893
3497
3496
3595
1412
361
3268
4014
590
1057
517
2317
2756
2624
3852
483
2205
1098
2352
2009
3427
1819
3672
2481
2244
3236
832
3693
2897
3212
569
3682
1570
3160
3328
1255
370
3345
2570
161
187
1883
1141
390
175
2110
674
3625
1851
1847
3543
3453
3537
2757
3778
2578
1721
2708
2068
1387
2631
667
392
1655
1630
1408
3163
2595
2889
3485
3598
808
1205
2217
1126
2574
2196
1912
509
2163
890
2454
3083
3109
2030
3150
1479
3416
1192
3550
3273
818
3102
1782
1884
2000
2665
3925
23
1575
4013
702
2950
2682
3385
3181
3708
2946
1070
1504
118
974
2351
4084
165
1260
3817
650
1907
2027
2793
1686
3129
2327
3538
4006
206
519
2374
2095
812
2448
816
3408
3931
467
2113
1308
1153
3014
1669
3306
2723
1963
1643
3855
3011
3379
2298
2857
2594
2728
1837
3009
3851
2512
298
1584
303
2758
3880
1563
3756
3419
436
3314
431
1825
2249
3204
1243
132
1931
3512
2285
945
1953
629
800
915
3638
1059
1709
2060
3299
1631
