3391
3833
368
2637
2525
169
369
2072
225
769
1281
1334
2084
109
770
2508
3616
4012
2835
2186
1420
2105
3461
2857
2755
1014
2457
1362
1157
2257
3850
17
876
316
3751
2427
2696
163
1650
1731
982
1861
1582
3385
2824
1620
1570
3614
626
3607
3203
712
2839
3898
637
1019
4078
3079
180
3243
1670
2702
123
662
2385
1584
424
3651
3478
3016
886
1270
3899
3296
3263
2347
3967
919
1826
118
2062
1610
1571
990
2786
1279
3331
1012
3222
2058
542
3166
2877
3204
1794
717
996
3982
846
1912
2573
2858
3802
4054
1913
3188
1431
2286
274
3937
605
1703
3170
1833
117
1852
2783
1680
3420
3494
3477
2819
2109
3752
2157
3929
3440
3578
3866
3109
116
2952
339
2847
1275
554
3383
337
2289
2792
3340
1730
2024
2097
1497
3776
1868
1316
3894
1153
2644
4063
1722
873
760
4058
1147
2132
3293
2106
2129
2709
1307
3279
1248
1360
330
2911
791
1822
3082
1340
1005
624
1457
3962
2670
818
3918
2904
2772
4013
1508
483
3686
260
3286
1577
3325
3048
607
1543
1871
447
1891
96
847
2259
3714
943
