2034
4045
4082
663
2479
2735
3547
3616
340
1537
164
1204
1792
4013
1199
463
3688
2732
518
1455
2118
3454
1742
3189
161
693
894
2409
2926
2551
2763
1045
615
1875
303
1786
919
2139
1366
845
2761
3532
3455
2772
1433
980
2507
3039
2890
68
457
2035
2002
2133
3178
3109
3079
3262
1603
1500
2627
3922
3363
913
3111
103
2446
2187
2070
27
3012
3726
483
1142
3939
3268
1640
3710
3884
2346
1195
1874
4037
1705
2192
641
1283
147
2898
3452
1460
1519
1931
1561
1080
3254
441
3088
2639
2873
617
2269
3654
2779
3419
3382
213
1954
720
2041
732
645
2565
711
3406
2592
530
1116
1836
2972
1085
3244
505
4
2248
1347
2705
2099
258
3292
3314
495
1187
2155
4033
166
2988
973
74
3870
4027
2795
584
2545
1612
3793
1532
3172
3216
2361
2073
1077
2825
3830
1067
381
508
1744
549
4085
2602
3119
1137
3901
1439
2449
639
2661
1054
2030
838
2916
2881
1194
1904
1447
2267
3734
1009
1374
503
321
349
414
3051
2759
956
3913
3603
826
3963
3398
171
1290
545
2717
2084
1958
2540
888
