38
184
2085
1101
3473
1197
3857
1606
1427
1011
1436
1718
198
2274
1583
3580
3743
140
1397
779
2859
742
2083
252
1496
3388
3768
1234
515
1414
1854
1571
2817
820
577
2053
3494
3253
1723
2976
3464
1309
3250
129
3393
3105
254
2377
4034
2813
851
385
2168
3456
3361
3971
2258
377
1895
459
3412
3390
1899
1602
3625
3505
236
4077
2369
2943
3510
2857
1256
3799
1992
4062
1613
2980
642
1341
1666
305
3934
981
2345
2773
501
729
3273
1322
2188
2509
1203
600
3207
3511
2662
2340
2588
2458
2159
1135
2304
98
2866
1620
3367
2163
2742
3309
2795
2610
63
705
1124
1457
3967
732
3883
1209
3713
3521
2092
559
3443
340
1246
2926
174
1857
359
1695
3245
3541
2394
2310
3885
3077
3493
1936
26
181
3480
1943
2979
1658
670
2554
1694
2191
2578
758
314
1259
3639
2266
541
3312
3844
3496
1459
2849
2853
3427
2566
4089
864
2854
1979
2379
3929
792
1841
597
3865
69
907
1357
3441
1338
420
1379
2911
2798
1978
2238
1961
1636
1035
3304
2719
3007
684
2571
422
2228
2271
2253
3579
1300
