2435
2843
1316
2073
1412
1938
2514
829
2109
2615
2692
1093
2036
190
823
1715
3780
702
827
1085
3335
2386
766
205
4095
3790
1903
933
3961
3121
1847
3596
1308
3707
1936
1209
1394
1411
3719
525
1008
3698
3597
1914
606
1511
2582
3062
1934
3331
879
748
3240
1012
1427
882
3406
398
3663
1046
1184
1297
3047
3839
3769
366
1034
3175
2249
1052
328
198
229
1310
1468
1731
711
3402
44
1650
1066
1103
1776
3703
3193
2541
1540
3516
743
3901
3100
3747
759
2553
701
1768
477
2973
3320
604
3786
659
2257
312
1846
3027
300
976
2802
3170
2207
3539
2424
436
1328
3394
884
2641
265
2175
2677
2353
2942
3709
280
301
2186
1578
438
3484
2990
2131
1352
2302
2530
427
1958
194
2470
393
4028
1647
1253
1901
1270
499
2212
3156
2206
23
3800
662
2196
4062
2689
2272
597
1843
1000
323
3635
1656
1317
771
372
171
184
2883
2929
1339
2040
3862
1842
1626
1629
3064
1271
2829
4017
346
2594
1086
3317
1741
1450
997
2132
1135
1655
2425
93
3776
1780
3995
939
1521
3520
3069
544
1368
