3416
2013
3267
2044
3147
389
4082
1230
3736
200
321
2565
3816
2161
3501
4050
1882
517
3279
2874
3077
910
1874
3108
2623
632
546
151
717
3378
3164
2455
3092
3557
1693
1679
661
2872
2183
2135
731
2548
2352
3159
1816
1712
760
2753
2755
2053
2045
2957
360
3447
3141
1133
3371
2469
3384
2399
1130
1117
2923
509
2499
1075
3656
2528
2504
3598
3266
1037
3520
659
3220
464
2951
3919
3508
1533
3111
2507
1417
618
364
2980
2700
3496
202
847
1158
272
2611
1562
1493
3210
3749
3608
1639
1966
2629
1090
2539
1998
3776
1613
1941
3238
81
2069
3506
3566
1381
2863
3465
1053
2200
2956
2595
4094
3362
2007
2637
2930
1564
3194
1727
3123
2304
971
3275
1231
1055
1647
2272
3455
1439
3028
1726
1382
958
1702
658
1520
2973
3505
3941
1582
2843
334
3440
684
3972
1738
2186
1598
3093
169
2327
2880
2512
3492
1912
2287
2960
2722
573
2904
1302
3263
3258
523
4029
208
3664
1603
3130
1194
2159
3369
983
3417
3469
2938
1113
1036
1967
3657
3072
1287
2984
3158
3641
1363
127
3477
2763
507
1788
721
