3155
1841
553
3547
1129
2745
3551
1497
498
496
3650
697
2704
491
902
3335
1796
3569
394
93
3134
2605
2971
3584
1595
200
2175
2641
1946
1310
684
3759
188
3264
3928
3360
3494
1453
2187
1340
17
1061
326
2062
1519
580
3331
3278
2177
3887
85
4017
1614
3818
3711
2862
2858
2666
380
227
3051
1234
180
3373
3164
495
151
3452
1654
1233
1330
1200
1458
980
297
4087
737
2976
1210
1409
2267
2885
2096
52
2984
1495
3381
2640
3598
2761
323
3572
849
886
720
2927
3800
572
1764
3236
2844
1520
2318
2431
3104
493
748
1351
171
1633
1912
3172
3771
2791
3723
2149
993
181
1661
1752
3131
927
2553
1489
3556
3267
906
346
2008
3034
1784
1311
296
3226
2496
2254
2426
3199
2889
1437
3897
1988
82
3248
616
2210
1597
3270
2
856
3285
1383
1538
3954
1898
1722
1818
2266
59
2643
878
2508
2937
2373
2020
1485
3601
2982
1785
2064
3296
652
1481
3831
485
1283
3426
1277
97
1303
1229
247
3715
236
3450
2363
1487
556
2159
3467
2601
1005
55
3731
3693
3489
2825
476
904
3230
