1160
1757
1416
1250
1866
3016
210
1029
577
1223
3713
3634
542
2836
1013
60
1403
3158
3397
1056
3883
1422
2868
665
1342
2708
280
471
2553
3730
330
1699
859
832
3912
2639
58
3762
1001
2977
713
977
2555
3753
670
3450
2105
2142
1877
2919
3469
1454
1902
1612
1917
1089
190
1062
961
900
3680
1737
2636
2941
1851
2883
3367
281
1266
3778
1839
2528
2301
3410
3727
234
2319
2006
778
3343
482
1011
1856
2172
2897
2548
3034
2173
1718
530
3262
1136
1848
3132
812
3067
3791
1988
3093
4041
3491
699
160
770
1771
2955
3479
329
1340
3294
3633
476
3918
608
3363
990
1750
1452
4007
3725
1684
845
449
3135
3815
3101
2433
628
4074
3344
2551
1106
2022
1770
1946
3099
1204
3164
2328
3610
3836
3757
621
470
2247
2223
1228
3587
3032
1845
3081
1778
2945
2312
2763
3940
929
1154
2770
645
2610
934
2751
2054
3820
3628
554
1155
971
3292
3036
2602
2207
474
1600
914
1039
2630
3338
472
2004
3173
1407
2435
2994
3201
416
2791
2167
3064
870
2299
1433
3178
3881
2713
1552
3383
1690
2617
