2272
472
2421
708
580
754
63
1156
4085
3267
1317
4038
1943
3303
2303
3508
316
4029
390
3683
760
3723
3153
2401
196
1066
2360
2667
1940
2095
3388
142
3016
826
1760
645
2551
2633
3963
3859
3226
3377
133
2182
3674
1578
1887
1382
4017
3638
4052
2982
1434
3415
3288
3165
3799
1331
2902
3100
832
361
3576
1470
3371
1846
2128
2050
291
1758
528
1522
2801
1555
1483
505
1804
789
2860
2262
3362
2922
3636
3913
1416
2489
1204
452
3952
1022
4062
743
3602
1885
1194
3000
2561
2200
3848
2738
2645
3947
3236
21
78
2643
16
518
1913
476
419
2802
1061
2859
1231
394
573
780
3348
427
502
2311
781
1648
386
3739
566
3200
1656
3265
3087
1034
253
630
2874
3986
696
2675
4053
1401
1142
1399
3760
831
1168
3518
2750
2816
2261
1738
3667
1627
3488
582
2590
2955
1659
2196
3300
1702
2789
1935
3690
3991
2831
1687
1975
3722
1052
516
3770
978
4040
2086
3956
673
1866
70
1081
2500
3918
2743
615
3212
1754
1537
1281
1253
1493
1972
2405
1275
711
1304
1921
336
372
1295
370
2520
