609
1406
744
2054
3341
3719
2094
614
3618
529
519
1205
642
3751
1108
2089
98
1394
399
3895
2682
2693
1681
3460
1962
916
589
4092
1491
2711
4028
3825
3826
1966
1216
1260
1796
1539
691
1615
1098
3387
65
261
3567
1863
1708
2832
3708
658
1636
3434
741
1570
2024
838
1838
3705
3529
1112
2579
2320
335
2110
218
852
1909
2703
2772
2982
293
3038
2467
4
2744
973
1843
2183
2768
1453
3648
3122
966
726
3563
3121
3323
903
2058
3086
1016
1314
3009
2586
3276
671
3107
2367
2049
1197
1512
860
3441
858
3890
2348
2755
2181
2480
1918
961
3530
3337
2298
1439
3108
3518
380
2570
848
543
370
1282
2917
2934
3246
3097
3593
3243
1468
2033
3926
3235
2262
1410
297
2948
4006
648
853
456
3982
2659
2394
3999
1827
1903
2686
1551
1645
3952
1641
2247
1638
338
2231
4041
3833
3501
2816
465
3095
1756
1900
4095
1825
528
1144
2292
533
1730
3636
2938
3652
3521
3128
832
631
2328
2903
944
331
1086
2461
1950
2295
782
3588
3213
4035
971
1331
2257
1438
1188
1336
2064
2107
2493
3617
