2059
1054
2354
1765
2285
1056
1679
2592
728
1997
655
192
902
857
1001
1650
2049
3769
3521
733
2278
2635
2759
1538
1966
385
2794
2873
2313
1306
2451
808
3705
975
1948
1437
3614
45
2972
15
358
1267
1951
238
3689
2226
2978
491
153
3652
2591
2202
2275
1200
3739
3125
2043
3636
3591
2089
2940
3866
3892
83
1910
2867
2078
3005
833
1665
805
3772
3048
2626
3413
419
3227
1299
2965
1509
843
2222
381
3878
2762
2531
3537
3431
2167
3141
940
1838
748
961
2661
1528
2086
2839
1276
2227
3744
1684
1399
3734
3821
156
360
1879
699
3799
166
2911
3717
2063
1630
1623
2197
1602
2516
679
3168
3940
3957
3218
372
2214
3634
812
23
2280
1492
612
418
2124
3138
3128
2467
2600
1436
2906
1494
3229
2973
1423
2844
4015
899
1766
945
3347
1534
2068
3766
2376
4094
2204
3360
661
2967
2469
1742
3455
453
2099
793
3704
950
688
3949
296
1011
658
333
1021
165
823
602
1880
247
1886
1079
2894
1426
3263
1504
3869
392
3300
3319
2136
539
22
2541
3367
315
1393
2041
701
3191
2979
