1854
2491
3235
1151
738
1106
2634
1689
3252
3906
187
1069
2523
287
1770
1413
3982
2618
3603
4086
3705
832
3714
2287
2457
354
2813
1883
1730
3051
2281
2235
3610
756
258
261
2077
1202
3043
279
3840
3476
2453
226
684
2290
1724
123
1246
1692
1889
957
3950
804
2302
1642
650
2176
363
2764
3122
1355
3502
1467
412
501
919
3146
726
1995
568
2270
563
2964
2649
609
2873
2558
771
1034
3928
1671
2424
2633
672
2840
792
1454
109
1581
1242
2175
282
3561
3118
902
304
794
1028
4023
4053
4075
3399
1203
1445
984
2041
2205
3849
4048
3084
964
3404
27
2965
3225
2269
3836
2510
714
1769
2838
2071
1960
26
3270
1543
312
3039
1261
3354
136
2855
3908
155
959
2025
3340
1613
2448
1750
1966
224
1653
2988
1608
3393
3175
1717
3452
2058
3959
1354
3387
2239
3976
2344
1121
1707
1921
637
3065
1741
1008
2276
3317
1985
2377
3637
3507
1442
923
132
2718
3747
1963
3847
494
2664
1473
167
2586
1362
508
1645
2354
2023
3251
1843
3723
2860
1890
1293
2319
1077
178
2247
2088
3070
949
