1295
319
504
1770
4060
3381
3599
1135
1038
2340
1965
112
669
1096
2486
2140
3291
349
3778
1265
3891
2166
3735
2341
3066
977
2551
2359
1915
3865
3139
575
3614
2082
586
3954
3571
432
3832
1266
2251
324
3438
2716
1613
2749
3892
1544
1826
3375
1018
1337
3655
2230
492
3006
1764
2914
135
845
1829
2443
736
53
2094
2306
75
2985
1190
1731
1169
3319
1644
1035
3324
2369
3330
1054
1140
1316
2266
320
2097
2259
1816
3119
2797
114
3908
3201
3812
1921
1378
2197
505
1192
2069
3616
735
18
1230
2025
2730
3526
3779
3846
2591
2972
345
3178
1344
2764
2067
91
3109
2650
191
4083
2192
1801
2007
3963
2219
526
3649
160
657
3304
1478
732
1060
1073
1421
3578
1622
1834
2398
3257
1141
2493
1109
613
2124
899
4088
3463
1485
2607
819
3172
2388
531
3459
496
1095
3230
1785
2468
2837
2314
568
3567
1806
1429
3102
904
3791
1462
3710
2357
2220
3408
3341
3854
3197
1794
2565
1581
1301
998
3067
581
1900
1221
1700
1940
2975
2596
225
3259
3329
8
634
809
2159
415
3776
1183
3889
3270
