801
1424
1496
1965
745
2093
1154
1981
639
3895
1622
933
1806
2854
1218
1414
2617
443
2230
1190
276
3202
3774
278
380
2995
4020
917
608
1077
3512
3496
676
2472
2818
3338
1449
1212
356
2162
3953
2969
56
3410
2369
2522
3181
835
1835
3215
270
2705
1805
354
1855
3686
771
2792
2339
3765
2228
822
1011
220
622
2286
3083
3947
514
1482
3988
1908
3900
3627
1253
573
2586
1784
1447
3403
1752
2216
3411
2992
3818
1043
1005
1293
854
2459
1655
600
1529
4015
1866
3713
0
1184
3837
765
3778
1827
1453
3095
1328
1526
2887
901
1535
3557
215
2076
1930
1966
959
1878
3987
2372
191
3069
1809
2045
1102
3804
1607
2325
1849
858
588
3667
2449
2353
6
2529
1325
414
3616
2845
2532
3769
2653
3925
807
1761
3599
1862
2103
2124
3018
2298
1405
815
3029
231
84
1250
2349
645
2687
3758
1596
3655
4062
1112
1201
2398
2194
1783
4089
4030
3090
1178
3497
1109
4065
1279
1316
1515
1380
1033
3291
2166
2177
3387
2530
2279
2269
1620
1295
3811
1417
3077
2130
2174
2287
3364
530
285
3505
2538
