3759
2388
3251
2423
2137
1394
2823
2020
3647
2543
690
2788
3985
1428
1761
3943
3431
2245
2108
211
717
3770
314
2814
2194
1403
794
587
347
706
3476
545
183
293
3673
518
1510
3529
3795
1741
205
3626
1018
3611
3914
1275
2939
2200
886
2765
52
2830
1696
951
4083
3840
2351
3137
2519
186
3662
3312
1489
3294
1492
1542
551
4010
282
2926
2690
4038
2113
2668
1727
3832
719
3721
885
357
1985
692
1805
1643
3698
1587
1480
2752
3413
2550
1392
344
3420
3207
360
325
2739
957
766
908
22
3311
1171
2472
251
2296
581
2782
1262
2399
3505
4080
3929
1594
2481
167
1475
1412
3363
573
1658
3333
3429
2476
1775
66
2621
3878
800
1312
1496
2935
2007
927
3395
596
1707
471
712
1505
4005
1418
1595
2442
3031
1084
244
4058
1477
253
3777
402
3350
3132
3616
241
2641
3592
1228
2454
1180
899
58
3316
1089
1299
4072
228
972
1271
1061
3907
1671
1453
1808
857
664
3295
2869
353
3121
2817
4077
451
2466
1198
2145
1085
624
260
2488
846
2143
1872
4064
2586
1096
2114
445
2725
