3862
2444
1520
1171
2408
2916
3951
3911
3371
1783
235
619
50
1346
2749
2492
1553
188
2937
1457
2563
2893
3802
2327
2721
1197
3789
2634
1825
2627
871
589
1754
2442
2287
2147
211
191
1108
4060
4054
318
540
1417
102
3718
3702
453
1920
2458
1769
1331
3257
3096
2184
642
2635
3033
3600
3875
3493
2470
2173
1689
3706
1052
2094
3920
3687
600
2222
2381
2409
3820
383
1940
180
2455
209
1669
1732
1132
568
90
3627
3957
2304
857
2439
2237
1821
2407
808
204
1839
957
698
2003
1752
907
3641
3612
3557
2672
955
2570
2520
441
1192
3321
3691
1495
3169
2548
14
2540
1294
3549
2890
3374
150
3106
1666
2771
2079
2300
3879
1426
1324
2960
3315
1398
1678
1378
3171
2146
523
2403
2396
2616
870
270
435
3780
309
1731
1781
19
3314
2923
3399
1636
900
2578
2939
3739
3025
1971
2162
2091
4079
1906
2484
3713
1259
3307
3272
38
3196
2110
63
153
1081
3533
3303
3753
838
2947
132
2862
598
690
3063
4073
849
1101
1552
1963
645
1684
2303
3964
1864
2415
3983
3480
1935
2915
3518
1467
