4012
3337
1740
1422
603
374
3458
741
3947
2616
3245
1400
3263
3053
483
4049
2957
1413
2827
206
3582
1341
3258
1851
2639
3990
428
3343
2292
2042
2673
1367
768
1093
2421
1772
419
3188
1623
3814
2774
877
2064
1799
3879
1032
114
921
1239
1863
996
2303
2784
1205
224
1625
977
2203
1770
454
2861
2032
1706
299
1305
3274
3755
2724
2926
2604
846
1568
2596
3503
3731
3326
931
3047
2234
3227
563
3822
2646
1944
2881
3912
582
925
2271
1660
1541
1802
222
1213
2989
495
1579
1961
458
416
3535
3434
2390
3678
3448
2570
3122
3874
2285
1148
3403
2952
602
1228
3716
1
4010
3715
2411
117
3857
2885
1474
3179
2733
1134
329
3542
3675
3206
3488
414
3632
1403
546
3046
785
1787
3756
4009
1540
957
2435
3524
1526
565
2483
309
2141
1624
1847
2906
3256
1160
1484
2409
2859
2843
2391
1509
1235
2460
2790
479
2496
1616
1094
499
2276
1829
3193
3595
2005
543
538
3953
1328
441
3436
2591
3430
906
3037
1908
3338
1256
3286
2363
2643
3713
885
4007
30
353
2003
3376
200
2108
1848
2352
