1486
2006
2225
3771
3010
464
2781
2899
2153
1384
2239
214
1648
3507
2178
472
3889
637
713
1676
477
69
179
1252
2601
2749
573
950
3870
2866
337
1736
2103
3387
3859
1295
1191
2302
414
1181
1009
3948
3497
1446
2388
2441
2912
3095
2985
1650
3898
1119
2726
850
1590
1306
1882
1387
2753
3633
1399
3388
431
667
1929
1131
2327
3990
2696
534
1651
3724
1270
1609
546
2515
1512
3081
1629
1503
2409
688
1661
3168
3428
3888
1542
1577
1778
3020
905
2793
3440
1302
215
1419
732
3280
1397
2966
542
2324
3431
2084
1852
3822
367
565
2314
3117
2548
385
585
879
134
3366
1434
815
1321
1202
3076
977
549
581
1808
2435
2285
52
898
3689
1468
3759
2031
3991
3182
2982
3923
1078
411
1551
670
1
1227
999
1204
3803
2203
203
2477
928
2482
443
1992
3756
271
2695
1777
186
1691
1683
3172
2249
2371
1598
2303
739
886
853
2879
3778
705
721
2918
817
866
3435
4046
3914
1160
2605
913
1089
259
1970
3666
1568
2799
1964
156
2765
495
1604
908
3992
1158
1062
2861
639
3552
3804
