384
253
275
143
3169
684
3740
1639
235
1645
2934
1172
2074
203
1642
3782
2738
1038
4022
3761
3278
3796
1239
351
470
2116
1900
3811
2339
942
1393
1154
2290
659
503
3960
2380
1815
855
624
3673
3011
3694
1208
240
3034
2010
2085
2022
26
748
2008
2834
3289
1858
843
2473
4091
1159
2006
3617
1600
3757
2245
1730
3674
3541
1023
3738
3600
3884
1294
180
3214
2882
3089
2077
1434
1058
970
816
1941
1631
1795
1124
261
3070
1253
3693
2279
3670
2813
2699
2364
687
3062
349
605
3018
568
3762
2194
1606
2307
2124
1356
30
907
539
3519
563
1251
344
3832
2225
147
2287
3343
1015
793
3129
1373
3187
507
152
2095
144
2495
2708
909
2497
1031
484
323
366
3320
1872
49
1543
2744
43
3377
776
1508
3263
1441
15
2900
2954
2986
2860
1995
1594
834
4011
1045
2615
3391
1954
3910
3414
3023
184
830
2919
1485
936
4081
3260
3219
2471
1386
1511
3963
2765
1602
3615
2545
2567
2419
1191
512
2311
57
2827
1596
2296
1773
3467
644
1563
2421
746
3032
2781
2303
1956
1049
1633
2368
