2150
860
3112
1108
1043
2756
2909
1320
37
1177
2373
449
1396
409
3742
2911
2768
3427
1280
1747
652
1861
627
1428
3280
2131
2726
3555
3374
473
2026
2008
2653
245
3286
2655
726
244
631
2493
1779
2061
2098
3487
3579
4057
2916
2038
2245
301
1712
2634
1059
40
3651
764
3640
1159
818
3787
194
2172
1441
3070
3157
2693
696
124
3131
3254
1898
2437
4084
1598
3134
2071
477
1046
2187
1391
2637
3712
3276
2632
3923
943
799
1258
374
2956
3228
591
2083
2707
2923
3378
2866
320
1032
1507
276
3840
359
495
786
1954
3480
3136
3496
94
3689
4054
2237
2112
3821
1856
2287
3474
1068
3806
257
2182
49
327
153
2753
3257
3760
2724
785
3420
134
3762
1192
1281
3441
436
2855
972
1399
2184
1004
533
4015
3341
566
881
3964
1296
317
491
2720
1392
1890
1956
1634
2972
1484
9
2217
1157
3953
1011
976
892
1208
2239
2298
2230
2953
3841
392
1353
1751
3121
1465
3412
1355
1767
2617
3545
3028
3397
265
1113
3024
781
2065
2456
3460
1240
1438
2185
2670
3786
3366
1966
2579
3624
934
