190
1505
3795
1340
4018
3396
750
3998
3598
2330
754
438
3546
2937
3964
3848
225
1663
286
2117
2695
4071
643
3388
786
2101
2043
1988
450
3875
2299
3778
1724
1062
258
361
69
974
1564
3975
1416
849
229
366
875
718
1717
988
3275
302
1092
3216
548
2214
3256
654
2784
2295
1005
1515
156
2590
1957
79
2845
3771
3009
819
2179
3591
2462
458
483
3885
37
2229
2989
2015
4087
2077
3221
953
3977
2021
3007
2683
121
377
11
1084
112
4033
1311
1342
4082
2481
927
2516
3888
1428
3233
411
1579
2044
3524
2196
3980
160
1179
971
1140
3991
850
3036
2447
1594
3431
1245
1855
283
3511
594
3827
3063
673
2588
3217
3392
3681
3534
2490
3301
1201
3383
3229
1673
2789
713
1795
158
2080
3637
303
15
3045
3151
2223
1423
2037
1417
3928
2187
4065
1429
3926
1986
1899
1955
2440
4048
2173
3376
3263
2369
2851
2534
3358
1450
1324
3132
167
2438
1401
540
1389
3711
4078
2226
369
759
1941
2328
2219
3969
2182
1135
2478
2441
1819
2922
3905
824
263
252
912
2370
1932
1937
1139
2652
