6.283920 86.726448 9.233069 0 0
5.310070 68.256943 6.458544 0 0
-11.054598 45.776718 -0.109468 0 0
-10.533263 169.631393 -13.452044 0 0
-13.193649 130.219162 15.518388 0 0
-5.761414 168.138657 -0.696594 0 0
-30.338518 213.312057 -30.017145 0 0
-18.235912 129.311432 34.496029 0 0
-9.429151 158.717682 -36.207638 0 0
-16.308556 212.737610 23.897917 0 0
-101.018730 430.373413 29.128561 0 0
-14.671928 135.962265 -64.142418 0 0
-35.949692 154.207199 -12.547319 0 0
-18.524191 268.494263 6.862713 0 0
-10.002194 139.176788 -49.499435 0 0
9.218137 163.645538 1.470464 0 0
5.988017 134.742767 -38.025780 0 0
-27.335373 209.526321 -35.021915 0 0
-20.287245 162.233261 -1.340969 0 0
34.918003 92.649925 6.716065 0 0
-18.837168 401.625671 96.712967 0 0
-49.990341 383.376892 -73.045113 0 0
-13.931870 122.959106 -39.322502 0 0
-21.835461 63.035316 -6.067406 0 0
-5.264358 241.722458 -76.719650 0 0
-3.018906 153.355072 -17.610512 0 0
-2.021550 128.770493 13.226469 0 0
-20.999220 55.654213 -2.536464 0 0
-49.613735 371.863892 16.839418 0 0
7.342885 390.523926 -0.687416 0 0
5.659160 61.765099 5.432872 0 0
-16.441624 402.023315 3.518961 0 0
-40.543716 55.531532 -11.555213 0 0
-12.864693 128.064667 -58.446636 0 0
11.334823 194.446579 35.959126 0 0
-13.006790 399.552704 104.664528 0 0
-41.821022 157.679794 -6.299129 0 0
-9.045945 404.544983 6.530574 0 0
-16.121832 147.214096 -42.307743 0 0
-28.937807 323.730652 -48.357044 0 0
10.727589 151.590134 -35.938759 1 1
37.087063 152.731796 -30.137924 1 1
67.583847 153.859634 18.497774 2 2
60.555923 137.656464 -27.311296 2 2
10.539269 144.943634 -83.398163 3 3
45.747143 133.774567 -120.088173 4 4
18.529444 140.557358 -103.911247 4 4
28.092567 130.197113 -115.370872 4 4
50.666241 144.449982 -71.570724 5 5
58.308136 148.241577 -79.804970 5 5
31.291862 153.577698 -122.547112 6 6
16.753839 151.410950 -127.564667 6 6
-22.026155 177.963959 -89.726707 6 6
-9.295326 156.022156 -127.226982 6 6
43.638924 160.741379 -107.972992 6 6
-4.459134 252.449509 -17.441935 7 7
-25.675968 239.653229 -45.348778 7 7
-15.003321 245.306915 -70.761154 8 8
2.754243 255.858551 -86.959679 8 8
7.152509 254.975357 -72.356667 8 8
52.627640 174.155701 -81.568184 9 9
43.248066 178.839584 -80.606750 9 9
-57.924652 223.951630 -36.971886 10 10
-55.817749 230.156174 -30.539814 10 10
-31.918253 244.664261 -43.649334 10 10
-81.439484 153.983078 4.359334 11 11
-26.296860 142.456299 34.059395 12 12
9.617727 144.280380 50.390278 12 12
-49.932579 110.055031 64.088341 13 13
70.122986 132.252579 63.038834 14 14
46.968300 138.574692 60.572609 14 14
-17.740267 191.260574 29.629963 15 15
14.051852 206.454666 28.268246 15 15
71.591263 199.915283 -9.187780 16 16
88.620682 188.327042 -36.014256 17 17
94.998505 184.281693 -49.701492 17 17
122.580521 170.513321 14.634374 18 18
105.895599 161.177475 4.363194 18 18
-80.230286 160.358337 -102.244400 19 19
-92.885559 150.271011 -88.573494 19 19
-52.852619 170.506622 -85.540329 19 19
-107.482208 136.430695 -82.609467 19 19
-46.892673 165.948959 -97.043655 19 19
-82.202377 161.886200 -82.730606 19 19
-46.838211 321.591644 61.261269 20 20
-33.970402 326.977448 62.866573 20 20
-31.952280 327.554840 72.330391 20 20
-18.820076 324.536133 84.164131 20 20
9.885622 324.821259 79.017303 20 20
-73.529884 262.087311 -87.916412 21 21
-74.610779 257.658386 -82.256157 21 21
-43.842953 267.969391 -85.077667 21 21
-39.245052 280.887939 -79.456528 21 21
-27.631857 269.434662 -81.179955 21 21
-46.749054 251.487076 -107.215790 21 21
-89.537712 314.020782 22.233883 22 22
-81.587288 311.126129 44.104736 22 22
-113.563858 308.927704 33.046207 22 22
-75.355881 314.148254 70.870071 22 22
38.726067 403.007904 92.379295 23 23
8.226978 412.151276 76.265030 23 23
44.823799 408.016022 99.610924 23 23
2.357545 401.602539 92.038086 23 23
2.219532 403.504852 84.955574 23 23
100.466110 388.872467 -50.513519 24 24
99.823410 401.071106 -42.459064 24 24
88.434921 394.162842 -64.728363 24 24
-99.199425 444.879730 49.251335 25 25
-107.202950 439.942352 30.314501 0 25
-114.205917 439.134979 57.789368 25 25
-106.562500 436.342590 43.494236 25 25
-103.242081 444.149200 60.287914 25 25
-120.418007 435.815582 54.118179 25 25
-27.050320 439.233734 11.699271 26 26
-23.036264 452.908722 22.857691 26 26
-16.465805 446.125793 14.845037 26 26
-127.297737 439.172089 2.462948 27 27
-98.642967 442.944061 -5.016550 27 27
-134.304443 439.112854 -14.425959 27 27
-97.865738 441.567230 14.738024 27 27
-80.306854 376.197418 -136.644806 28 28
-62.098114 385.856598 -84.486801 28 28
-71.883629 386.034271 -95.170944 28 28
-85.202568 375.141388 -125.644691 28 28
-163.728836 408.461578 29.656033 29 29
-164.033173 415.599609 50.921253 29 29
-145.752838 426.104736 46.314983 29 29
-154.363815 423.411987 35.059570 29 29
-183.030457 403.227142 34.597553 29 29
-183.600784 398.559784 67.320778 29 29
29.957697 202.084518 19.723463 30 30
50.351063 201.617889 36.023075 30 30
-9.052767 254.028061 -112.545937 31 31
51.740002 232.985413 -122.887367 31 31
38.371353 260.825317 -114.437553 31 31
26.736368 251.761353 -120.267838 31 31
25.032091 258.325684 -111.163010 31 31
-93.911530 373.081940 -41.790401 32 32
-101.950668 376.667267 -43.516560 32 32
-92.215988 375.177002 -59.458496 32 32
-77.955322 370.113556 -66.835510 32 32
-44.737770 384.788116 -42.575840 32 32
-36.098560 264.585724 -159.629395 33 33
-28.381020 266.570618 -143.876358 33 33
15.836378 261.536346 -169.328262 33 33
-5.286221 246.590500 -190.584961 33 33
-1.974523 255.075287 -191.104202 33 33
-16.564720 361.228394 -103.624138 34 34
-1.811423 379.048187 -75.166374 34 34
-33.199844 372.220367 -86.283875 34 34
-24.551065 385.102631 -61.549915 34 34
-28.380640 369.828888 -73.428680 34 34
-83.610214 163.747253 33.042648 35 35
-71.081863 322.939819 96.178596 36 36
-89.780487 321.423828 83.696815 36 36
-83.139755 316.293182 131.496292 36 36
-99.744026 302.860352 124.077454 36 36
-81.971367 320.886841 124.629593 36 36
-95.015816 318.965515 114.484047 36 36
-51.142227 392.941376 181.107132 37 37
-18.718914 400.212769 183.174225 37 37
-25.671040 401.046997 154.449387 37 37
-56.862991 392.009705 176.588135 37 37
-59.657337 407.731354 98.503723 38 38
-47.395168 401.840118 95.445297 38 38
-102.297783 407.671631 83.256172 38 38
-62.927876 409.932678 89.940292 38 38
-20.974617 409.226959 71.470497 38 38
-64.450020 410.204620 57.158661 38 38
-32.786564 412.545227 62.515732 38 38
71.861259 421.901001 23.848282 39 39
55.278427 422.036530 -11.462553 39 39
36.300728 415.608368 -35.130589 40 40
53.765553 397.898987 -55.399460 40 40
28.318218 419.165344 -41.866982 40 40
33.995628 402.771667 -52.895035 40 40
-33.577995 172.225342 -133.703644 41 41
-34.091080 175.706528 -109.271347 41 41
-43.865196 164.952240 -131.955139 41 41
-51.369354 201.805939 151.764648 42 42
-47.212196 206.203110 154.929260 42 42
-88.913292 181.072464 169.953705 42 42
-55.024673 197.372955 131.315628 42 42
-64.443718 189.998627 157.773880 42 42
-96.586655 172.655319 101.504471 43 43
-74.972359 205.105103 65.709213 43 43
-74.153107 197.652893 78.882576 43 43
-110.031319 171.957565 97.392242 43 43
-2.002112 213.089233 129.198669 44 44
-17.568571 204.894821 111.520752 44 44
7.526714 204.522171 131.737503 44 44
14.836201 198.645844 143.470032 44 44
-26.133608 142.825592 25.607925 45 45
-4.004510 194.914429 62.718899 46 46
17.582350 186.153046 93.910683 46 46
-13.980235 250.033676 -16.038321 47 47
-65.037834 158.340363 23.726336 48 48
-37.518799 172.927887 -12.075966 49 49
-31.819960 24.253603 29.073456 50 50
-20.429529 27.318977 20.305840 50 50
