-21.922861 110.650208 3.966658 0 0
-0.763759 123.714211 4.733179 0 0
16.897089 230.703598 -18.083725 16 0
-52.640373 200.417084 24.239500 4 0
-19.415970 155.125702 12.291533 0 0
58.608135 163.967545 -37.955803 0 0
-9.375801 123.069267 33.733559 29 0
1.172610 66.293633 -3.724287 0 0
-40.387432 124.874229 -48.414658 26 0
-12.370748 120.919777 -3.251782 0 0
79.459717 187.042374 -42.794521 16 0
-10.461875 323.662872 -12.952127 16 0
-5.614508 268.854034 -9.884170 16 0
-2.466217 233.776321 -7.595626 16 0
0.217416 81.265663 -3.844894 0 0
-0.748567 304.175232 -6.449693 16 0
3.508429 124.767891 -4.811376 0 0
11.946081 107.562714 34.814537 0 0
-15.064458 89.954979 5.070259 0 0
-2.170590 70.756294 -8.029052 0 0
-9.816866 326.053650 -3.699029 16 0
1.195724 235.497269 -2.126831 16 0
-7.513313 322.094574 -0.745455 16 0
-3.282261 126.506668 19.573568 0 0
17.277199 244.218201 -27.902567 16 0
0.440086 309.344604 6.271441 16 0
-12.237902 100.680779 14.153375 0 0
-13.337504 111.199348 -25.426947 0 0
-23.252975 152.750839 9.787850 0 0
24.450365 264.806366 -32.014320 16 0
-64.375801 228.105560 36.102158 4 0
-34.289101 107.237160 -41.860039 0 0
13.842135 222.712860 -15.546344 16 0
-38.895260 177.490112 18.016657 0 0
-2.881513 152.518433 14.771030 0 0
2.098301 154.702881 -2.544270 27 0
-6.444630 161.765564 3.527943 0 0
9.899004 124.812187 10.215979 0 0
25.316467 99.949677 -3.165253 0 0
145.212662 165.062469 -97.489967 1 1
123.403816 193.380951 -52.129978 1 1
102.032402 198.090637 -59.331207 1 1
116.742416 199.779160 -75.628281 1 1
142.894028 170.699982 -86.469879 1 1
144.585815 184.700211 -69.153694 1 1
121.903091 195.856964 -83.280228 1 1
104.398300 199.903503 -54.979782 1 1
142.726120 189.070358 -64.168076 1 1
-97.969589 156.134613 60.354866 2 2
-115.301964 128.813873 7.991819 2 2
-101.092667 149.179031 25.135969 2 2
-97.503326 154.314224 16.558842 2 2
-111.355164 138.824265 49.445927 2 2
-124.815933 129.307449 42.782551 2 2
-115.009911 139.779800 28.728840 2 2
-108.609779 148.524475 58.563171 2 2
-85.636223 166.254486 30.021605 2 2
-100.981483 256.380035 56.180302 3 3
-98.075600 320.880920 14.916345 4 4
-95.652214 318.717529 24.365074 4 4
-105.992767 306.628296 -29.371759 4 4
-91.446938 313.355499 -7.861522 4 4
-97.034050 310.555389 -26.000929 4 4
-82.814445 325.167633 5.670025 4 4
-117.377533 301.436890 -25.985401 4 4
-61.576351 157.012314 84.685181 5 5
-69.452866 172.974930 68.010506 5 5
-50.366451 173.400040 77.705688 5 5
-51.256504 137.926025 121.466026 5 5
-73.263374 167.087128 76.814003 5 5
-49.573296 167.272095 76.764015 5 5
-73.038712 157.990509 93.126953 5 5
-61.644829 158.252350 101.302544 5 5
-89.011101 117.381493 -2.513084 6 6
-87.551086 119.840263 14.876204 6 6
-75.904945 121.386574 8.157482 6 6
-84.723595 122.106667 0.697716 6 6
39.925320 331.506958 27.281464 7 7
1.037117 338.431580 32.412231 7 7
23.138723 330.412231 10.674869 7 7
-27.862289 331.272614 22.610569 8 8
-21.165739 332.756317 13.287660 8 8
19.512220 133.235458 80.301971 9 9
37.687820 130.831802 70.550980 9 9
78.683243 105.752380 64.166290 10 10
74.136284 108.129272 59.093346 10 10
69.072075 113.532928 61.334103 10 10
-40.022636 335.152008 28.108578 11 11
-78.227348 319.249207 63.441730 11 11
-61.018715 331.693878 26.819145 11 11
-67.398026 315.575592 60.617916 11 11
-49.115730 306.819519 81.852402 11 11
-68.422295 320.247498 50.995251 11 11
-49.774303 319.544769 64.479019 11 11
77.647888 185.791199 -86.406242 12 12
75.750168 172.156357 -110.898560 12 12
87.549210 180.652893 -88.982742 12 12
57.166275 206.965317 -76.975159 12 12
56.970669 198.729599 -85.544571 12 12
65.467964 203.027557 -70.988991 12 12
-81.090729 242.740143 85.733246 13 13
-75.875496 233.509567 76.187416 13 13
-57.810989 254.515305 52.508179 13 13
-81.563942 239.089493 56.723621 13 13
-47.784351 241.487350 47.681965 13 13
-78.400818 254.714386 55.456360 13 13
-106.995712 240.706024 8.897172 14 14
-86.714340 249.036423 4.926527 14 14
-71.608749 248.825317 37.124329 14 14
88.678551 275.939362 15.503548 15 15
74.506668 288.572632 14.791887 15 15
85.523560 290.910736 -7.609715 15 15
85.484741 284.530975 11.513075 15 15
54.467731 308.896637 -43.016300 15 15
52.358528 293.965881 -26.776619 15 15
56.993149 290.282318 -7.199902 15 15
90.057961 280.237030 9.997272 15 15
34.082470 289.223389 -46.356087 16 16
42.873775 299.688354 -52.379284 16 16
19.544664 290.321411 -67.811775 16 16
7.696066 266.853638 -83.604492 16 16
42.970047 292.171814 -71.128822 16 16
38.464485 286.510834 -54.820499 16 16
21.074291 294.768646 -56.753647 16 16
36.726204 265.049042 -86.074013 16 16
42.689243 104.530220 -15.921955 17 17
47.062386 99.409004 -14.867335 17 17
47.299995 92.616875 -22.315742 17 17
42.084728 132.901413 14.352424 18 18
36.242065 131.098206 23.807518 18 18
27.792824 129.756561 6.765634 18 18
51.462528 126.957253 32.294674 19 19
49.205418 125.766617 39.614475 19 19
-44.109653 152.110626 -18.238298 20 20
-55.383488 158.298264 -9.020871 20 20
-24.352856 148.408722 -60.735386 21 21
-16.122400 146.445816 -45.340637 21 21
-31.500074 139.082489 -78.317909 22 22
-27.552269 136.922150 -81.072533 22 22
96.802574 193.112839 13.140199 23 23
123.715851 174.953857 -21.777168 23 23
114.227753 185.699509 -24.718843 23 23
108.667282 181.602081 0.341392 23 23
118.211456 174.109390 -16.478937 23 23
103.500893 188.126038 -1.958248 23 23
123.888031 178.043533 -11.324853 23 23
-67.946304 114.612297 -25.349253 24 24
-59.606728 122.126793 -25.719265 24 24
-46.757080 151.046219 -41.909519 25 25
-65.188599 140.138809 -34.737183 25 25
-65.023170 136.767822 -59.165501 25 25
-58.806011 119.789589 -40.600941 26 26
-57.643425 125.112267 -31.024668 26 26
-47.908749 130.516663 -54.507381 26 26
-60.233913 115.416008 -50.033012 26 26
0.418421 149.459244 -7.448053 27 27
-2.004711 136.059509 -15.458280 28 28
-3.512602 137.037613 -40.426563 28 28
20.757410 142.458618 -5.393630 28 28
-18.891344 128.163055 34.767376 29 29
-29.687197 129.301880 21.165600 30 30
-62.336990 123.846169 7.614845 31 31
-37.986320 129.702866 45.309338 32 32
-45.584679 128.830139 37.763222 32 32
-50.320995 136.256668 20.915451 32 32
71.445137 309.156952 -63.643143 33 33
63.112396 302.354736 -80.882156 33 33
71.202988 293.385956 -86.167107 33 33
91.051620 295.394745 -44.555286 33 33
112.259003 270.877380 -79.410194 33 33
99.150833 291.668793 -81.279327 33 33
108.673813 286.514465 -79.000053 33 33
77.748993 298.563019 -62.315147 33 33
112.536774 278.270477 -83.707565 33 33
37.380989 336.449615 -81.718346 34 34
-6.693071 335.811035 -92.202309 34 34
10.990159 338.514648 -114.005508 34 34
28.927954 341.364288 -82.042175 34 34
15.219944 346.361267 -69.342918 34 34
36.884975 339.553375 -75.423401 34 34
-28.533968 335.452393 -133.819458 35 35
-32.476692 337.820282 -117.587608 35 35
-79.649857 330.682892 -62.181694 16 36
-52.034126 340.289703 -61.891743 16 36
-50.981300 333.153503 -65.724335 16 36
-20.650614 340.330383 -86.567932 16 36
-61.286579 328.302368 -81.951309 16 36
-52.186359 335.590546 -79.703018 16 36
-125.702187 316.298035 78.485023 37 37
-92.377708 332.960724 49.246895 37 37
-117.260712 321.007385 62.035339 37 37
-88.317230 336.579132 40.041889 37 37
-114.517029 323.825989 33.095470 4 37
-137.334839 148.725220 78.320839 38 38
-106.020393 162.840378 82.861145 38 38
-138.719086 151.221848 73.363503 38 38
-140.608887 142.137405 79.300224 38 38
-124.394890 132.088837 112.262238 38 38
-94.592133 163.018478 104.898010 38 38
-122.713669 138.363022 109.154182 38 38
