-3.538887 582.311340 -9.347753 0 0
-10.455731 342.543335 -25.982395 0 0
-29.265278 507.170227 -29.199451 0 0
-27.722595 281.611694 -6.913623 0 0
-18.021360 467.964142 -10.056262 0 0
-22.783318 32.488651 7.065666 0 0
-19.480255 489.567413 -1.426042 0 0
-40.099873 278.334442 10.083381 0 0
-30.140867 406.072998 -8.028558 0 0
17.828796 141.462433 -30.983618 0 0
-14.467982 65.738106 -5.523294 0 0
-35.429039 117.527573 -20.696299 0 0
-26.201151 301.760895 -8.203333 0 0
-27.791056 195.844620 -0.288564 0 0
-23.026466 509.071198 -6.529635 0 0
-14.788447 217.684860 30.869606 0 0
-24.614107 247.143433 91.849152 0 0
10.286469 222.374710 -11.724315 0 0
-27.942797 282.983704 -14.778088 0 0
-24.441645 520.907593 -3.491659 0 0
-62.345734 173.860825 -22.773077 0 0
5.932735 577.850342 11.504189 0 0
-23.411081 228.524094 33.437485 0 0
3.752519 571.709290 3.809055 0 0
3.531283 523.430908 -25.829529 0 0
-13.746949 102.987846 -30.213726 0 0
0.947460 130.131546 -31.820215 0 0
-23.561003 564.504761 -8.160300 0 0
-19.432634 169.020233 11.218319 0 0
-11.078413 525.995728 -14.030961 0 0
-0.455502 554.610962 -21.230696 0 0
-31.313780 460.040558 -5.374328 0 0
-37.314911 133.696320 -11.234838 0 0
-32.478390 476.866486 -19.784729 0 0
-46.175602 502.150635 -12.522250 0 0
-8.341156 580.064209 -14.567429 0 0
-12.678403 92.630974 -30.862665 0 0
-36.664566 461.437988 -14.025290 0 0
-15.796953 33.155556 -1.954309 0 0
-12.724914 98.558525 -3.377939 0 0
-42.238976 521.544983 -4.126038 0 0
-3.741279 356.782928 -22.467176 0 0
20.633757 75.862534 -7.796038 1 1
5.869775 212.090652 33.504402 2 2
-9.901454 241.744598 32.866390 2 2
16.844334 224.174194 1.918710 2 2
42.558632 610.361267 -20.114738 3 3
3.700001 604.578186 -60.924812 4 4
4.910601 600.058228 -17.139668 4 4
13.272335 594.969543 17.701702 5 5
9.955093 571.082886 39.177971 5 5
-16.000563 279.203644 160.621536 6 6
-40.950748 272.834381 170.142044 6 6
-58.310627 282.936890 131.567429 7 7
-72.262505 260.073608 145.417023 7 7
-73.492828 267.717163 128.785324 7 7
-88.543411 275.295593 115.581863 7 7
-2.348401 270.215179 137.909607 8 8
27.312944 245.817062 118.891418 8 8
15.693930 257.832184 131.442841 8 8
-8.635134 278.003387 119.354927 8 8
-124.749237 549.256775 59.988613 9 9
-92.307846 583.290833 51.968418 9 9
-96.826469 588.875549 34.174793 9 9
-28.274485 559.329163 48.412754 10 10
-34.467522 546.257080 17.673607 11 11
-76.553963 552.288513 48.150009 11 11
-48.029839 550.639648 36.719322 11 11
-72.929688 540.475037 59.629337 11 11
20.455574 399.567657 -3.247401 12 12
70.774696 137.305267 79.221901 13 13
73.686340 140.058960 86.987350 13 13
61.279934 168.746567 7.828270 14 14
59.703304 137.454468 22.625942 14 14
86.415390 112.678177 26.470449 14 14
82.922226 129.197815 25.003435 14 14
23.757950 145.359161 72.637726 15 15
33.833454 134.181717 86.208870 15 15
19.062727 133.209763 94.710938 15 15
134.206345 130.740524 -3.381687 16 16
111.541496 161.489441 -23.849131 17 17
103.632004 168.124130 -24.314474 17 17
84.642632 150.067139 9.887948 18 18
84.089439 174.603317 -42.008850 19 19
54.657413 191.455276 -34.426430 20 20
62.383488 171.598923 -4.378169 21 21
69.820602 482.804565 7.047508 22 22
71.733727 473.455811 5.879256 22 22
85.191818 473.738342 15.658550 22 22
66.336525 490.467285 -19.278770 22 22
77.387054 467.765656 3.046113 22 22
16.573915 528.691467 -56.726662 23 23
25.680023 533.416687 -70.575882 23 23
-27.307171 565.211853 -31.890974 23 23
30.731911 524.459534 -71.402527 23 23
33.265537 475.941223 17.386669 24 24
50.660122 443.316162 49.077705 24 24
28.437462 484.997314 25.344219 24 24
42.983147 385.557526 50.963600 25 25
34.623749 400.034180 33.480888 25 25
28.911015 412.372314 28.736250 25 25
16.730572 406.731537 -1.697846 25 25
54.229107 390.771545 -38.108673 26 26
63.267231 391.195282 -26.587540 26 26
43.569382 417.091309 -31.928761 26 26
66.327515 416.769592 -17.140495 26 26
35.728065 418.119049 -36.486546 26 26
55.027462 439.611572 26.467964 27 27
63.838833 433.713989 24.543215 27 27
48.465034 413.765442 23.684937 27 27
62.087234 403.430176 6.512779 27 27
74.024673 371.858093 29.298552 27 27
89.595436 100.195343 -21.516586 28 28
103.658432 70.734047 -21.669355 29 29
109.161583 80.947220 -17.669628 30 30
61.547939 86.215027 30.122108 31 31
32.921337 90.256386 -41.274208 32 32
66.203812 105.071739 -13.471362 33 33
-16.492981 504.231537 -116.580048 34 34
-6.691018 518.891296 -96.001419 34 34
-86.520164 174.224106 -64.729225 35 35
-72.015007 197.147690 -54.102085 35 35
-7.538977 77.625298 34.727333 36 36
-44.789917 81.431168 19.927237 37 37
-20.247797 88.424545 25.898314 38 38
-114.679207 111.485649 -31.523849 39 39
-105.883133 122.953857 -35.912708 39 39
-98.704834 95.970665 -65.885880 39 39
-77.343620 97.841934 -33.573406 40 40
-70.193336 127.437553 -29.280594 40 40
-85.908577 127.712242 -31.599678 40 40
-104.925598 116.289780 -16.255888 41 41
-81.747551 116.463837 -11.291414 41 41
23.292721 88.971191 -91.621422 42 42
-15.546914 115.426193 -48.256355 43 43
4.188653 108.426247 -46.383873 44 44
21.747097 479.588196 -91.929054 45 45
-17.359489 530.014954 -53.110977 45 45
-11.348867 529.266174 -62.468746 45 45
-24.278402 536.831482 -68.502609 45 45
0.158672 527.311768 -71.701790 45 45
-17.958689 532.924377 -65.819000 45 45
7.277755 494.612762 -92.944664 45 45
22.348736 499.462708 -40.825443 45 45
-8.074451 535.901611 -80.366943 45 45
-118.452171 276.677368 25.752565 46 46
-139.074203 268.701294 51.843395 46 46
-117.755493 170.249100 -16.692659 47 47
-102.220741 156.779343 6.994009 47 47
-118.998932 156.067459 0.928151 47 47
-91.648796 254.626724 -11.355702 48 48
-84.311356 264.233948 2.744949 48 48
-108.020500 303.853790 -26.358232 49 49
-127.109100 307.689056 -33.654743 49 49
89.082359 250.531372 -46.214554 50 50
51.580574 261.102966 -35.673233 51 51
30.667891 278.954498 -62.758972 51 51
38.747749 269.566101 -84.294052 51 51
23.790277 280.535248 -88.674530 51 51
65.356224 227.368027 -6.011394 52 52
69.094490 237.433960 -3.290698 52 52
-126.536713 561.847412 -0.104111 53 53
-99.763382 583.353210 9.730444 53 53
-90.548225 566.046631 7.191919 53 53
-103.027878 559.093872 -33.533283 53 53
-63.320251 534.976074 5.927768 54 54
-60.476936 558.117004 13.930930 54 54
-55.521484 574.067749 4.572267 54 54
-73.610893 571.596436 36.573860 54 54
-118.774658 582.224182 23.615522 55 55
-126.257027 567.798096 11.933273 53 55
-58.755997 501.374481 -73.217987 56 56
-57.869980 485.856689 -77.946915 56 56
-44.963837 532.976562 -69.239868 56 56
-75.092766 484.413635 -57.882217 56 56
-13.309422 72.708046 21.972841 57 57
38.731724 250.944305 -51.632969 58 58
-20.936750 268.600433 54.385998 59 59
-4.352203 264.758148 87.338898 59 59
-24.693127 270.984894 75.738968 59 59
-85.131416 300.510223 6.714723 60 60
-85.168221 306.184235 -2.378088 60 60
-87.726669 263.482361 29.515642 61 61
-90.602165 265.678314 50.278915 61 61
-53.605007 293.718872 -27.063538 62 62
-32.846359 305.639984 -61.875332 62 62
-56.958488 206.504364 -27.145147 63 63
-45.426262 214.407623 -18.649534 63 63
-66.156349 200.222031 4.828140 63 63
-65.976570 253.683838 24.601835 64 64
-38.357662 244.985611 15.645148 64 64
-74.008232 227.379898 11.646660 64 64
-16.377361 548.017334 18.335201 65 65
6.269986 530.497070 25.854355 65 65
13.333779 505.874390 2.275655 66 66
20.229868 557.145264 5.454272 66 66
3.070191 517.805603 14.794797 66 66
2.852662 562.194458 -31.571304 66 66
-23.206085 520.236145 14.253865 67 67
7.543960 481.343628 0.973728 67 67
