14.174410 263.857788 8.939925 0 0
-7.395705 164.305344 -36.331638 0 0
1.314770 50.927319 0.744924 0 0
-25.743683 106.885353 6.528779 0 0
11.022913 170.469788 4.317368 0 0
-26.005352 110.184914 10.119262 0 0
7.322624 188.737259 6.717934 0 0
14.296105 205.189514 9.130758 0 0
16.193544 122.303001 9.381576 0 0
-4.217116 168.194489 -44.636147 0 0
13.809253 232.777283 1.072453 0 0
-28.865587 241.862503 -18.722511 0 0
-67.538948 159.252121 8.605990 0 0
35.021519 146.644302 40.728954 0 0
4.874782 195.201859 -47.421108 0 0
-2.215988 254.309311 -5.834854 0 0
8.652179 169.669998 15.265398 0 0
-9.884155 119.955528 2.161365 0 0
9.861593 232.289093 5.304530 0 0
9.570642 181.693024 1.381511 0 0
19.691948 251.880646 -0.223134 0 0
44.710701 91.345825 -5.833469 0 0
22.578749 264.035553 63.901554 0 0
-3.148971 19.594858 4.700332 0 0
55.687664 176.949692 58.181435 0 0
4.043452 119.293640 10.478827 0 0
41.417896 159.336533 47.783463 0 0
25.956688 137.627579 33.357395 0 0
-11.915470 157.627975 -12.421702 0 0
7.269369 151.694595 8.974891 0 0
15.388246 99.104477 4.847672 0 0
-6.789295 94.193703 6.738162 0 0
8.624896 97.858688 14.273830 0 0
-7.097478 112.036484 4.440431 0 0
25.345383 123.019592 27.643373 0 0
-0.556339 163.317963 4.226624 0 0
6.954437 121.648048 1.502391 0 0
-10.485346 191.328247 -17.306072 1 1
-28.734358 169.091782 -8.466289 1 1
81.159874 172.710175 28.774136 2 2
83.406418 152.104492 22.901621 2 2
75.587975 175.701111 40.771660 2 2
60.726414 190.620316 52.833481 2 2
71.259468 180.530350 34.113277 2 2
79.495720 153.358780 20.251497 2 2
8.981258 35.188957 -20.389030 3 3
-0.003464 33.031925 -26.132322 3 3
15.967676 32.491219 -17.179455 3 3
-3.563131 46.214699 -18.207100 3 3
42.555695 98.662056 -34.271282 4 4
28.104929 75.645508 -48.345558 4 4
58.772095 105.175072 -17.563492 4 4
64.110748 101.877251 -21.858751 4 4
33.271210 90.839760 -42.233250 4 4
76.794724 100.944077 -17.030384 5 5
75.036011 103.944504 11.733773 5 5
73.399063 109.882584 8.843809 5 5
95.602654 97.592178 -4.601908 5 5
42.806168 133.405029 35.605312 6 6
45.559055 126.842842 25.631683 6 6
97.141434 187.279800 73.666214 7 7
90.788200 189.504883 76.529526 7 7
92.905846 193.667740 88.743126 7 7
76.194267 195.525635 73.178955 7 7
32.250027 187.334106 -163.517548 8 8
33.239609 229.012848 -114.422523 8 8
17.445995 214.355011 -143.527695 8 8
24.051302 229.643509 -86.787628 8 8
0.265444 216.016678 -147.472137 8 8
33.439945 230.189133 -108.747803 8 8
6.744552 224.382675 -125.065323 8 8
6.665161 226.794006 -83.238869 8 8
15.441318 229.663147 -114.038116 8 8
58.137032 277.427124 -22.968588 9 9
61.866058 274.069183 -68.849457 9 9
53.600994 280.331726 -35.619217 9 9
-7.845829 264.186737 43.853012 10 10
-20.504152 268.026215 37.630436 10 10
-6.982535 266.329132 39.211140 10 10
9.588024 264.144653 53.769726 10 10
-39.853897 248.070526 54.986034 10 10
17.073414 270.418182 48.957230 10 10
-15.851568 265.723785 50.747505 10 10
-29.684956 251.129486 60.086014 10 10
18.165493 264.783417 69.787369 10 10
-31.311535 252.608490 73.572319 10 10
-8.225627 264.599243 60.300240 10 10
2.453434 268.575958 66.358322 10 10
72.403862 107.165443 -32.922493 11 11
94.316452 98.857895 -30.455996 11 11
78.245956 107.312958 -25.693642 11 11
80.043556 100.354874 -43.630646 11 11
90.541191 97.230064 -31.854313 11 11
69.986923 185.319778 71.712769 12 12
26.652142 172.618576 97.587852 12 12
47.100300 194.657104 69.370087 12 12
61.480904 192.217361 76.353584 12 12
59.708492 188.062027 71.374573 12 12
26.316414 140.556396 115.906967 12 12
63.456009 192.256760 86.055626 12 12
38.575180 186.713943 75.914345 12 12
24.054449 167.899719 -42.301712 13 13
42.004414 137.597809 -56.088814 13 13
24.452757 161.855606 -44.489204 13 13
6.826101 166.051758 -51.134563 13 13
-32.330894 258.480103 20.499918 14 14
-43.542446 273.375824 26.386786 14 14
-37.040443 257.015717 18.065792 14 14
-43.885544 271.808472 34.996033 14 14
-39.659111 153.221573 -46.239716 15 15
-15.358915 165.702728 -51.245785 15 15
-19.523493 159.914444 -45.528652 15 15
7.806300 288.021484 87.369919 16 16
38.276302 285.150543 89.574715 16 16
19.679049 258.649658 143.461472 16 16
35.340443 256.970245 135.857925 16 16
42.951351 249.248276 148.148743 16 16
23.713974 276.985596 96.947823 16 16
9.989432 283.250641 102.024323 16 16
31.935442 270.116486 122.152107 16 16
25.481396 267.794586 130.179581 16 16
36.875313 284.247711 85.271568 16 16
-71.094055 167.312210 12.563188 17 17
-83.179733 157.005859 -11.481438 17 17
-84.492760 148.845108 -18.710386 17 17
-69.028290 164.205505 6.064330 17 17
-55.579674 159.272964 -25.446514 17 17
-76.399689 146.189621 -24.082207 17 17
-2.681999 43.440029 19.946980 18 18
-23.284365 41.155182 30.212067 18 18
-20.714861 35.737400 13.676629 18 18
-15.361435 190.275726 34.073433 19 19
-21.470280 180.604126 36.781967 19 19
-125.831627 145.619125 -1.636535 20 20
-109.580750 158.113983 13.710878 20 20
-75.144936 163.538925 11.998553 20 20
-94.980736 160.804459 3.444574 20 20
-120.318916 150.865677 14.254106 20 20
-31.627415 173.400589 86.166969 21 21
-42.535736 173.556549 77.485031 21 21
24.676331 233.419083 -50.434105 22 22
80.065460 200.652725 -36.163940 22 22
68.400742 207.850189 -62.677547 22 22
80.429962 193.579575 -49.511326 22 22
57.586445 212.853622 -65.638718 22 22
82.864052 176.336655 -39.985718 22 22
53.301159 214.682587 -67.262878 22 22
15.908727 227.028351 -62.139385 22 22
47.409645 209.526840 -71.854965 22 22
34.921257 235.635757 -38.114441 22 22
24.933546 119.574074 11.936820 23 23
-7.614707 162.144043 -73.153091 24 24
-2.792962 156.882904 -100.070587 24 24
-12.137732 147.784866 -106.124687 24 24
-39.297039 244.966583 -55.658783 25 25
-51.982006 250.713562 -35.717213 25 25
-58.069363 243.168167 -56.966148 25 25
-47.032341 233.446396 -63.123379 25 25
-38.543766 252.200821 -50.576172 25 25
-40.532906 203.694260 -93.796150 26 26
-68.612381 191.084015 -89.338745 26 26
-45.935772 217.799957 -62.135365 26 26
-60.628677 175.284393 -101.272110 26 26
-16.877918 222.002762 -72.364105 26 26
-27.564518 203.459305 -95.566650 26 26
-14.015268 215.615143 -81.294525 26 26
-39.693199 222.578674 -67.809608 26 26
-72.403748 270.967743 -10.019341 27 27
-77.985695 266.951263 -19.629608 27 27
-35.776466 174.822739 22.977013 28 28
-55.821022 173.719833 18.405064 28 28
-59.806244 174.137222 37.713936 29 29
-71.488380 163.239426 66.748680 29 29
-54.762424 174.820221 52.162529 29 29
-71.705475 170.335007 34.310486 29 29
-64.463699 167.148346 30.072100 29 29
-47.646969 173.955887 45.706379 29 29
-52.858231 160.944839 73.219193 29 29
59.697937 273.294800 -1.272896 30 30
46.805653 279.059387 12.604767 30 30
73.550453 277.069153 3.470317 30 30
68.546303 269.290070 20.028629 30 30
61.382763 277.172791 5.596438 30 30
31.616320 275.598938 18.043270 31 31
45.621025 283.932251 -6.980416 31 31
32.712914 272.721924 -19.670008 31 31
63.050861 245.077087 72.599525 32 32
86.348618 249.941681 33.682156 32 32
51.231339 260.498016 48.219761 32 32
56.019989 260.613342 44.916557 32 32
43.349030 271.092499 54.857845 32 32
37.219574 281.320038 70.509964 32 32
67.664986 264.987396 43.063770 32 32
83.714645 258.803467 72.506775 32 32
34.865517 272.324066 46.491066 32 32
52.634941 270.161163 47.694790 32 32
89.929779 250.055237 46.489941 32 32
85.078278 248.593765 39.875500 32 32
102.863281 234.026321 67.630096 32 32
18.974220 119.609497 56.541195 33 33
