19.104679 77.713371 18.047127 0 0
18.708689 118.119629 -16.087055 0 0
22.784044 220.966599 18.374853 0 0
25.534523 153.661331 12.091701 0 0
46.492592 168.686172 19.424133 0 0
29.793577 274.047516 24.968515 0 0
35.822002 280.705475 8.503865 0 0
44.772808 212.531235 32.923870 0 0
25.802097 138.334366 24.653973 0 0
27.599798 164.632828 19.548382 0 0
47.159843 181.157990 -19.422499 0 0
14.016256 112.666077 -10.970748 0 0
25.833561 215.212021 -2.403616 0 0
10.392924 136.270187 -0.987837 0 0
12.413916 118.169388 -15.250402 0 0
39.640781 165.978683 -18.296534 0 0
24.883682 99.088577 4.494904 0 0
17.961365 162.653290 -3.833889 0 0
47.080845 162.997192 11.641407 0 0
24.146269 221.853607 32.237991 0 0
30.947937 224.138367 10.455072 0 0
29.223211 170.889496 -7.867229 0 0
49.176510 173.051987 19.497663 0 0
-17.388939 126.413483 -10.976383 0 0
-19.144911 90.014633 -3.310949 0 0
-9.791340 107.042770 -5.202698 0 0
21.141329 98.150711 8.116594 0 0
53.708199 212.824158 41.133152 0 0
34.507221 296.646698 -6.678702 0 0
-5.860924 58.413528 -14.843552 0 0
42.605282 180.520081 29.131674 0 0
-11.063591 24.307468 6.891528 0 0
14.287855 122.037033 -4.418177 0 0
31.018936 178.189545 -1.850022 0 0
26.859369 170.582748 -3.026355 0 0
-5.399001 61.183456 2.093629 0 0
59.534325 237.131256 6.336198 0 0
53.385384 170.122375 15.987199 0 0
45.046791 186.498062 16.651022 0 0
39.985714 155.313553 6.625226 0 0
-11.035921 111.377518 -6.374926 0 0
-16.195164 65.970039 -4.006346 0 0
18.749815 132.402054 0.804419 0 0
-9.959658 89.676041 1.466690 0 0
-15.026987 74.340675 -10.297507 0 0
62.180603 244.502075 5.549520 0 0
20.017826 117.157387 -9.969626 0 0
38.263977 177.749084 -22.434475 0 0
87.344414 271.341370 -11.155396 0 0
-13.568953 140.894501 -17.170082 0 0
30.891455 128.553131 12.969934 0 0
-10.370243 81.735397 0.369439 0 0
-15.403403 126.320183 -14.963423 0 0
33.459820 138.736572 9.434825 0 0
-34.036732 100.032669 -34.297283 0 0
62.686989 125.872520 -21.482239 0 0
-1.448602 10.071961 0.461664 0 0
-32.306728 94.465744 -30.484976 0 0
-15.262054 142.737869 -22.465515 0 0
30.576473 142.624496 11.501422 0 0
23.747633 273.174896 13.435442 0 0
38.200008 223.101898 32.136593 0 0
17.401609 85.807899 -24.912863 0 0
19.781271 83.233437 -30.300417 0 0
25.162054 121.264801 19.724754 0 0
25.479183 161.525299 43.621948 0 0
-2.884335 20.210094 2.074122 0 0
100.977951 282.378296 -19.354824 1 1
117.973793 287.924225 -43.592098 1 1
117.388603 280.831329 -18.076824 1 1
94.543869 305.346191 44.299461 2 2
77.156013 313.623230 65.466339 2 2
114.332390 264.890839 -5.811350 3 3
98.780861 287.193634 21.349813 3 3
113.734894 261.377625 -2.553246 3 3
110.137650 268.967987 10.317510 3 3
105.921227 273.183441 10.542597 4 4
101.348503 278.101257 -13.532314 4 4
97.072472 283.192017 6.176171 4 4
63.071407 292.390259 -45.255203 5 5
64.615784 296.921844 -47.453018 5 5
33.313881 333.477081 -27.988518 6 6
17.218744 326.956085 -31.348671 6 6
39.007149 308.195099 -21.886786 7 7
60.361366 302.064453 -16.434393 8 8
66.955978 292.290680 -11.625455 8 8
63.465546 304.538208 -19.448839 8 8
48.630726 328.506104 -18.386450 8 8
48.791630 287.058044 77.456024 9 9
39.502579 280.003876 62.626270 9 9
21.316263 279.635010 50.049465 10 10
38.432625 273.214935 57.436283 10 10
12.228389 280.966522 51.691582 10 10
29.221476 281.034760 40.329330 10 10
49.839016 269.291748 30.980852 11 11
59.484379 270.804047 43.983868 11 11
72.843086 272.901917 49.198891 11 11
54.768574 273.851959 51.778168 11 11
83.750046 259.937195 42.841522 11 11
86.986153 246.660934 51.150543 11 11
109.203056 247.222336 -61.836620 12 12
99.486305 250.370682 -53.138653 12 12
128.843781 228.632706 -76.576225 12 12
114.781883 239.039825 -80.625587 12 12
83.861649 207.409744 75.962608 13 13
85.257568 233.467300 68.367714 13 13
127.195457 183.175461 2.955899 14 14
106.478073 198.002487 18.306780 14 14
93.117325 202.582352 41.427681 15 15
84.378090 199.434357 26.916359 15 15
51.928570 235.556580 67.891914 16 16
59.192348 234.589417 59.094017 16 16
74.520325 177.849457 -13.826455 17 17
76.852417 178.993088 -10.005799 17 17
78.454552 177.583084 -16.300920 17 17
84.982536 194.657471 -4.307051 18 18
76.603188 196.035950 -71.046181 19 19
72.761826 200.059875 -40.253986 19 19
56.486641 243.022324 -66.359245 20 20
52.960060 241.773575 -40.202682 20 20
37.178734 239.401154 -86.380241 20 20
48.102978 233.510345 -56.384064 20 20
37.052898 253.373428 -58.942184 20 20
56.136505 242.108337 -49.988846 20 20
10.367685 252.803818 -44.678711 21 21
-20.708036 260.628296 -57.297264 21 21
-14.808799 263.017242 -46.433945 21 21
5.766352 247.479843 -27.511452 22 22
11.334962 248.848267 -34.647892 22 22
9.392178 247.757080 -30.261095 22 22
27.486374 101.305397 -93.768127 23 23
-53.132072 196.838684 49.292088 24 24
-29.369146 195.428558 36.972080 25 25
7.576195 163.117981 57.882313 26 26
17.226774 165.201218 54.666428 26 26
63.508347 194.169754 79.481239 27 27
54.273106 193.526062 83.046440 27 27
70.882156 221.645554 41.447403 28 28
58.061607 222.251190 50.772594 28 28
83.089554 243.647293 -13.796776 29 29
69.889122 241.286057 -24.919577 29 29
72.186821 241.450729 -20.597515 29 29
91.904747 235.959900 -19.387297 29 29
69.165352 250.287506 -34.122414 29 29
-11.594738 182.773468 -93.823639 30 30
-8.486848 189.482758 -88.217606 30 30
46.900391 89.103859 -74.848122 31 31
30.299252 94.003738 -69.187279 31 31
55.012993 95.297440 -40.779453 32 32
60.311192 91.567314 -50.330872 32 32
11.558415 108.450523 -53.298992 33 33
25.842258 104.729286 -56.063606 33 33
-5.136942 106.483360 -49.526245 33 33
-2.956458 112.435867 -76.401512 34 34
-74.937241 190.149689 8.908160 35 35
-65.900719 191.038528 16.254416 35 35
-53.098484 194.797226 -12.432206 35 35
-30.742748 191.649521 -14.114454 35 35
-35.386536 200.042526 -55.937130 36 36
-39.275341 191.092651 -41.003838 37 37
-53.342476 197.784134 -39.870853 37 37
-59.816196 198.175507 -43.703491 37 37
7.815772 194.270752 -61.092674 38 38
29.832342 198.888351 65.232872 39 39
22.994696 192.047028 57.789753 39 39
43.415436 148.033310 32.914688 40 40
50.372387 143.734177 40.649757 40 40
-0.357807 168.694870 -45.701286 41 41
-9.923638 183.454636 -24.513443 41 41
-24.295593 187.412979 -23.382793 41 41
-12.063816 183.185776 -56.707630 41 41
52.921749 199.711014 -44.577587 42 42
40.768131 208.943909 -48.468540 42 42
45.539589 205.508118 -26.133987 42 42
76.221962 188.441925 -1.098846 43 43
62.450199 196.242477 -20.598585 43 43
9.830680 237.241455 -26.679117 44 44
27.180674 248.921143 -27.292990 44 44
32.047211 235.870010 -32.965881 44 44
12.610198 247.084488 -24.642128 44 44
3.582703 113.601273 -74.439079 45 45
81.433937 173.239441 37.716057 46 46
81.430893 178.355621 35.247169 46 46
63.418655 209.164291 36.813225 47 47
6.709368 166.225983 37.224171 48 48
-24.435272 164.521332 18.790699 48 48
0.010111 177.059509 20.855467 48 48
7.715440 174.059937 13.131932 48 48
68.975220 254.199127 -3.748614 49 49
40.733986 244.381927 2.044591 49 49
49.825081 246.610748 -18.795574 49 49
64.963364 252.107025 -2.306900 49 49
90.574074 131.445709 -31.746805 50 50
91.561516 135.776764 -35.500183 50 50
119.791061 127.483269 -42.598305 51 51
100.261803 130.514908 -36.775562 51 51
76.489380 129.189880 -56.970100 52 52
66.308189 264.513550 -65.868439 53 53
77.936172 282.627258 -28.787676 53 53
80.658638 278.752289 -28.730398 53 53
