-3.289416 7.237762 4.261343 0 0
-5.965370 17.605307 6.833063 0 0
-5.968265 18.747581 6.392540 0 0
-1.051517 4.849875 2.471926 0 0
-7.736323 29.442993 3.671330 0 0
-7.143878 30.945921 1.133277 0 0
-8.700257 27.886965 3.495326 0 0
-5.059699 26.374262 0.787184 0 0
-7.143773 19.190947 7.101906 0 0
-1.492563 3.086019 4.333461 0 0
-8.595303 28.333189 0.740813 0 0
-8.743162 28.462280 1.621591 0 0
-4.012969 11.276978 3.073613 0 0
-7.840240 27.156303 3.879732 0 0
-1.031746 0.161702 1.587077 0 0
-9.171799 27.429720 4.496218 1 1
-9.495050 28.826988 5.613785 1 1
-9.300652 29.642426 11.566827 2 2
-9.830645 28.229269 9.641698 2 2
-7.095147 28.424526 15.443401 2 2
-5.182247 33.090645 5.484886 2 2
-9.034567 28.502485 8.938599 2 2
-3.752153 32.124477 6.213260 2 2
-6.945011 24.069191 12.134309 2 2
-6.457973 21.958353 22.317183 2 2
-5.358341 24.493906 14.970474 2 2
-5.983274 28.230139 8.701937 2 2
-8.358881 22.935841 12.794208 2 2
-11.563749 28.591496 12.068025 2 2
-8.050261 24.312529 18.427916 2 2
-11.471085 24.863604 15.603227 2 2
-7.487608 19.789471 22.650711 3 3
-11.924643 16.099430 6.364254 3 3
-19.617426 7.129270 13.133787 3 3
-11.356356 19.275700 12.537631 3 3
-22.198378 -0.469682 21.256081 3 3
-22.347984 3.194865 23.305983 3 3
-12.418126 15.677726 11.435623 3 3
-24.857082 -0.774296 16.450230 3 3
-16.862436 9.946148 13.139432 3 3
-21.069582 8.539279 6.987157 3 3
-13.178830 14.925027 10.312778 3 3
-17.915125 6.759842 15.073882 3 3
-14.001804 16.054619 5.587055 3 3
-17.668165 9.510311 12.176425 3 3
-8.061395 18.151106 10.166320 3 3
-24.600077 -1.070680 17.262659 3 3
-24.315153 3.634014 8.414285 3 3
-12.270431 10.504459 21.141184 3 3
-23.882187 -0.253599 15.385645 3 3
-6.956164 18.903339 23.898613 3 3
-9.886964 17.200798 7.217770 3 3
-18.409847 7.771736 12.240273 3 3
-23.504543 3.735145 9.184988 3 3
-18.406738 6.303717 19.718271 3 3
-10.900704 13.679387 25.689795 3 3
-19.770725 11.784786 3.116626 3 3
-22.649378 0.790220 22.839705 3 3
-22.907209 6.914274 3.306395 3 3
-6.969040 18.497356 19.064577 3 3
-11.983294 13.147872 20.779886 3 3
-14.296652 13.205956 12.200209 3 3
-17.965380 14.303710 -1.077485 3 3
-7.467049 19.289789 11.817647 3 3
-9.552863 12.762356 25.575787 3 3
-17.014610 16.161034 -0.223878 3 3
-24.153978 1.802126 13.917593 3 3
-12.516584 15.724442 10.321823 3 3
-16.441549 11.202728 8.554268 3 3
-19.487249 11.416488 2.200082 3 3
-13.221057 17.229156 4.148742 3 3
-14.280343 16.670019 -0.221363 3 3
-10.137196 13.730558 22.060329 3 3
-12.477268 14.763050 8.290931 3 3
-12.445966 15.597694 13.349465 3 3
-16.473522 12.128293 6.694170 3 3
-21.013721 11.096127 0.401263 3 3
-13.586395 7.014236 25.505611 3 3
-15.228164 22.540827 9.629776 4 4
-15.265237 28.440968 3.745302 4 4
-13.429570 27.762033 3.035252 4 4
-17.108173 21.717682 13.037096 4 4
-19.317036 26.045645 7.814471 4 4
-13.930639 25.678059 8.220867 4 4
-18.946672 20.320950 10.428554 4 4
-16.118944 28.613369 4.709731 4 4
-17.485430 27.524145 6.655547 4 4
-18.182037 16.956354 12.396744 4 4
-13.129512 28.377506 7.194211 4 4
-21.336924 20.203749 11.181246 4 4
-20.581873 19.952213 -3.851172 5 5
-16.290867 15.784233 -2.580023 5 5
-15.261605 20.363180 -1.685958 5 5
-20.561039 22.123383 -1.766769 5 5
-20.775204 15.824806 -2.336614 5 5
-13.450570 29.546648 -0.472635 5 5
-19.316164 14.424907 -1.361722 5 5
-16.844851 16.689640 -7.064944 5 5
-19.774843 14.254734 -3.187525 5 5
-16.248608 28.461399 -0.677278 5 5
-19.039787 23.957325 -1.201144 5 5
-17.077908 28.534187 -1.148625 5 5
-20.916634 20.146807 -2.007842 5 5
-8.250244 20.380322 -12.083830 6 6
-5.784512 27.323179 -6.090242 6 6
-7.309091 18.430199 -12.773807 6 6
-8.256731 19.551569 -11.557716 6 6
-5.544790 22.106949 -7.257631 6 6
-9.591498 24.008799 -5.065096 6 6
-8.974483 24.771170 -9.768434 6 6
-9.264040 22.781822 -8.141621 6 6
-6.553644 19.119076 -12.868917 6 6
-7.632717 26.447874 -7.690231 6 6
-4.720290 16.327620 -10.267054 6 6
-8.682892 24.476036 -4.514022 6 6
-7.532175 13.417315 -8.606490 7 7
8.657732 14.731841 -5.440317 7 7
14.245957 20.267262 -3.118113 7 7
6.052667 -0.881180 -15.682872 7 7
12.762975 1.485387 -11.039439 7 7
19.401037 6.592236 -3.982970 7 7
-0.907800 19.028099 -2.411684 7 7
12.557203 2.003321 -9.271311 7 7
17.154177 4.757651 -4.897208 7 7
8.932952 10.768840 -3.891092 7 7
3.300755 2.958179 -13.059628 7 7
11.005860 19.202051 -4.159220 7 7
-4.138599 5.833940 -12.272605 7 7
3.468307 -0.473848 -14.836641 7 7
16.846754 6.545524 -4.661374 7 7
-4.801810 3.811347 -13.650367 7 7
16.604189 17.246351 -1.361720 7 7
4.759675 15.919469 -5.966537 7 7
10.910845 17.973660 -2.615238 7 7
2.546163 19.818758 -5.354212 7 7
-4.647522 19.191330 -4.554703 7 7
-2.015030 11.258067 -7.534401 7 7
11.631487 5.129706 -7.134243 7 7
7.214985 4.626447 -7.927173 7 7
10.922299 1.442943 -12.843723 7 7
2.335475 7.716432 -9.827127 7 7
6.420592 -0.058493 -15.748911 7 7
8.122593 15.535176 -5.381755 7 7
-4.404619 18.490211 -5.471364 7 7
14.651119 9.872400 -2.680183 7 7
-0.735170 15.229098 -7.726146 7 7
9.421582 9.690396 -6.713909 7 7
9.977336 9.799426 -3.957503 7 7
17.604628 11.074639 -2.198985 7 7
18.926031 9.983530 -2.057910 7 7
3.754074 21.301762 -1.990726 7 7
-3.131501 4.348859 -12.760622 7 7
4.258581 -0.408529 -13.759158 7 7
0.821987 9.588258 -9.831742 7 7
9.710814 18.457346 -4.547634 7 7
-3.359314 18.700449 -4.777909 7 7
15.122847 10.856888 -3.724055 7 7
-6.623393 7.155896 -14.169624 7 7
-3.509659 16.224224 -8.374881 7 7
-4.182002 19.700825 -3.754539 7 7
15.276777 19.131475 -1.712104 7 7
3.225824 7.782193 -7.636173 7 7
-1.804532 9.222395 -8.769869 7 7
-6.244944 8.089095 -13.987905 7 7
0.644851 17.605949 -5.250508 7 7
0.422725 1.911674 -13.531531 7 7
2.888050 11.313643 -8.234294 7 7
4.420629 12.002874 -7.509592 7 7
12.425900 3.627905 -5.753021 7 7
-0.104873 14.344908 -4.610996 7 7
18.011656 9.956264 -2.766598 7 7
0.744086 13.837670 -7.822684 7 7
4.739166 29.018412 -3.468790 8 8
-0.001347 31.764940 -1.772286 8 8
10.037786 25.474316 1.538686 8 8
11.412380 26.495895 -0.899315 8 8
11.628345 30.229712 0.581661 8 8
11.976798 22.829647 -1.175090 8 8
10.633434 26.980503 -0.855594 8 8
9.985540 25.871326 -2.724633 8 8
1.871243 30.682997 -0.594881 8 8
7.355663 29.014563 2.577337 8 8
2.194921 33.236298 2.145534 8 8
9.355661 26.409695 1.938496 8 8
7.639464 30.050961 2.474204 8 8
-0.479652 30.521992 -1.086773 8 8
12.328533 22.682993 -3.479216 8 8
8.609229 27.982609 6.592458 9 9
1.364869 34.011635 5.455983 9 9
-0.396460 31.539076 5.043784 9 9
3.641320 27.915758 7.952560 9 9
7.513518 27.576904 12.772150 9 9
4.446383 27.792297 11.019859 9 9
-2.941954 33.352028 3.874559 9 9
8.694509 28.070465 8.544817 9 9
2.377879 32.075371 7.507063 9 9
5.858249 30.316788 8.311943 9 9
0.219824 33.368340 8.456253 9 9
5.531618 30.117981 10.091915 9 9
10.212400 27.755119 6.868969 9 9
