-37.286175 196.541977 29.394281 0 0
41.790443 200.773636 -20.253933 0 0
29.196867 234.599991 -57.047283 0 0
21.728659 162.300110 -16.049311 0 0
-27.748558 130.374802 19.401463 0 0
-32.089603 156.600311 -21.518393 0 0
63.007305 221.555908 8.942676 0 0
-11.043413 52.670464 4.479151 0 0
35.730610 145.075958 -15.199924 0 0
9.184736 225.035370 -35.592583 0 0
-28.553770 235.339401 4.281359 0 0
33.399055 363.985229 -13.188890 0 0
19.745983 228.584061 -7.448640 0 0
-0.642726 113.743896 -18.947716 0 0
21.504957 288.570709 -73.073509 0 0
37.317097 327.060791 -7.518696 0 0
-30.410786 171.057205 7.423628 0 0
15.638123 168.071182 -22.996519 0 0
32.487179 301.854584 -14.524304 0 0
41.098263 180.152954 -10.847948 0 0
3.886928 135.242859 -22.120295 0 0
30.224062 309.128143 -85.545807 0 0
55.661243 190.803009 -6.299499 0 0
-25.821888 216.932419 10.540735 0 0
49.399208 351.658020 -13.058639 0 0
69.618980 289.283295 -21.577717 0 0
-36.196247 108.667618 -17.012354 0 0
21.260834 238.213181 -17.614395 0 0
62.958054 230.495224 18.734457 0 0
37.262882 215.220078 -51.540424 0 0
9.939531 130.489685 -2.986125 0 0
60.038151 249.920685 -14.598817 0 0
-49.365135 91.144028 7.237057 0 0
14.664021 223.388351 -1.242471 0 0
14.435594 174.194733 -25.852985 0 0
19.255259 192.952164 -8.514415 0 0
-44.364571 83.289413 -116.956367 1 1
-23.962763 123.837044 -87.299042 1 1
25.002289 86.307274 35.810532 2 2
-64.802124 141.401917 -29.508858 3 3
56.404762 325.668427 -129.349518 4 4
33.875942 320.418152 -103.050636 4 4
146.089417 225.392090 -41.446404 5 5
140.153137 228.629791 -42.141018 5 5
133.236847 233.306656 -18.546631 5 5
69.097641 124.235207 -26.104591 6 6
91.456757 102.615028 11.101232 7 7
75.977074 122.238258 10.083243 7 7
42.417118 125.122078 51.904457 8 8
64.585449 122.583794 44.557178 9 9
59.958862 117.576607 54.323765 9 9
-61.316055 219.249573 -75.133392 10 10
-46.699032 215.609863 -64.233139 10 10
-9.447917 212.624252 -67.578201 10 10
31.710884 319.515350 -93.758263 11 11
-50.250107 69.430069 27.888626 12 12
33.953564 205.541214 79.524551 13 13
29.819859 199.351562 99.429680 13 13
36.570465 325.845062 74.551178 14 14
55.460175 315.561523 53.852333 14 14
52.044106 311.692780 72.826782 14 14
20.263210 322.337921 17.474964 15 15
14.079883 309.855164 45.011055 15 15
-2.410604 301.970490 49.581722 15 15
49.958874 258.138153 -107.910492 16 16
51.644421 259.821442 -101.408867 16 16
74.287926 299.236328 -74.101692 17 17
43.531254 309.502777 -99.497269 17 17
43.852093 313.400360 -77.359810 17 17
8.685109 385.160004 -5.330946 18 18
17.319462 379.845001 -23.767654 19 19
130.287399 341.107361 47.498882 20 20
122.905632 355.761322 25.277521 20 20
114.151268 242.212418 61.824932 21 21
106.401169 236.411270 65.812141 21 21
127.228409 327.130676 -43.680443 22 22
140.445816 319.503448 -42.118706 22 22
7.304714 77.995583 92.395927 23 23
90.260269 320.274170 -59.932117 24 24
83.658051 315.060577 -51.058125 24 24
92.359421 317.523773 -25.054449 24 24
46.099136 81.473251 34.662411 25 25
-76.492012 129.306488 -59.060707 26 26
-93.515068 120.341637 -65.337921 26 26
-36.886837 136.193420 -89.858818 27 27
-50.426147 141.171585 -70.335144 27 27
-53.717270 142.249435 -55.222591 27 27
-1.398804 143.915634 -100.119583 28 28
-1.148271 141.947098 -76.482368 28 28
52.867096 209.504532 72.503502 29 29
58.952240 211.879379 44.494884 29 29
100.922150 307.753998 14.448062 30 30
106.502533 297.291595 21.208374 30 30
90.911125 330.310333 -3.471888 30 30
92.461609 274.862305 35.508343 31 31
52.351124 298.122253 45.131599 31 31
61.624443 305.222382 11.693497 31 31
43.886303 313.817841 15.510715 31 31
-50.397633 235.029053 51.381447 32 32
100.298630 277.841614 -35.142998 33 33
-3.655555 154.732086 103.880493 34 34
-14.576403 162.565704 96.380302 34 34
71.602257 361.592102 42.997650 35 35
82.159325 354.404633 40.620087 35 35
96.102585 363.567963 47.288448 36 36
45.026783 398.270935 -5.302332 37 37
51.251240 407.682129 14.238356 38 38
49.988480 403.955383 -21.452677 39 39
74.583649 384.046631 -15.662001 39 39
100.353882 360.531494 -47.503757 40 40
69.030907 374.178558 -33.032349 41 41
109.831360 361.007629 -11.408772 42 42
105.372330 366.250702 -17.982939 42 42
100.735023 345.152069 4.586554 43 43
101.292793 365.458832 1.407305 43 43
34.145126 384.375702 -0.267555 44 44
-43.297325 239.051590 94.993515 45 45
-34.532150 239.684464 88.227257 45 45
36.897137 360.946014 -37.406620 46 46
47.830585 338.505341 -59.168652 46 46
70.252869 356.479340 25.682844 47 47
57.539017 363.111725 24.380171 47 47
54.930157 358.414612 9.521508 47 47
-54.002937 174.093002 46.117714 48 48
-65.636963 186.990540 35.892532 48 48
-58.865570 168.715057 69.445557 49 49
-23.758175 179.411514 59.305676 49 49
17.919321 158.412155 59.277885 50 50
-8.988463 166.117889 -31.775784 51 51
94.039032 292.079071 -37.961197 52 52
81.732689 291.362213 -51.225403 52 52
-9.691373 254.756180 49.420979 53 53
-24.003359 235.527863 48.601002 54 54
-9.193765 217.776688 57.192158 55 55
-34.483452 239.205460 65.676918 55 55
78.889107 122.011993 36.486485 56 56
1.555150 215.944260 67.094910 57 57
31.497013 205.700333 61.818493 58 58
104.629707 263.917023 36.548290 59 59
102.113983 265.027679 2.495768 60 60
84.474747 288.090790 -19.608294 60 60
77.502609 273.402130 17.594719 61 61
87.697578 262.542816 12.666654 61 61
119.566757 231.230576 17.448072 62 62
104.626282 241.174942 18.358479 62 62
99.441978 258.264801 30.863581 62 62
69.664711 241.690826 55.353607 63 63
61.106091 230.625137 56.790424 63 63
85.585510 230.742813 58.242527 63 63
115.809036 239.230316 -14.232724 64 64
98.419182 255.560516 10.906128 64 64
98.810539 256.858856 18.109407 64 64
77.000832 224.907486 -74.624031 65 65
87.792168 213.497253 -80.584557 65 65
98.842567 219.740799 -58.562752 65 65
107.008636 224.123642 -58.142181 66 66
113.104286 224.708221 -53.135551 66 66
101.463387 245.882111 -30.662970 66 66
79.433769 248.897537 -41.073563 66 66
73.677605 246.159485 -55.802071 66 66
-28.643066 102.396896 59.641106 67 67
66.103249 245.849869 -71.806488 68 68
76.019104 236.284454 -77.191803 68 68
55.189419 213.752411 -90.105087 69 69
43.847290 225.309464 -85.121964 69 69
25.309076 221.527771 -92.029312 69 69
23.271160 256.586304 -72.446281 70 70
31.451559 262.295166 -64.190903 70 70
54.227116 128.241806 -48.353428 71 71
-5.013218 255.936356 15.674432 72 72
-20.265497 250.383850 -10.418018 73 73
-3.422325 263.553314 -14.175477 74 74
-24.623888 180.709137 -0.876861 75 75
-34.761665 178.277420 -16.011715 75 75
42.342411 150.886734 19.702343 76 76
-24.741545 71.958954 12.140807 77 77
46.286083 75.348709 40.101307 78 78
-11.214341 152.826920 35.401192 79 79
-20.159504 174.744354 13.182487 79 79
3.603421 170.657394 28.891630 79 79
22.416147 151.629807 27.965527 80 80
16.637894 144.584869 -50.596428 81 81
-3.352120 164.335449 -25.901293 81 81
-10.611396 145.387070 -40.953281 82 82
-0.074028 171.393372 11.235075 83 83
-8.052949 164.947525 -1.485240 84 84
5.660359 127.219490 5.670932 85 85
-24.193405 130.355637 -14.535686 86 86
-7.679049 140.871353 -4.465190 87 87
-5.955581 129.363358 -27.351383 88 88
0.520915 137.610275 -30.398487 88 88
8.795921 74.651543 78.023300 89 89
11.650690 79.530869 59.150246 89 89
24.492619 141.727692 -14.163259 90 90
-27.346119 136.563034 -22.976068 91 91
4.050506 71.938576 -26.889233 92 92
24.319241 228.689346 -21.348642 93 93
58.730598 224.417160 -15.196838 93 93
29.678238 239.093369 -47.975288 93 93
43.889957 132.346527 17.675562 94 94
