-8.662841 135.018036 -18.490986 0 0
0.120091 25.170723 1.018150 0 0
-0.383807 230.868484 -14.392457 0 0
-1.610784 214.381409 -31.778648 0 0
-4.125096 223.105682 -9.005871 0 0
0.825751 198.320526 -2.637227 0 0
-46.008175 111.292427 -5.082660 0 0
-5.323521 96.761841 2.111586 0 0
10.896482 58.858124 16.023132 0 0
-1.339679 76.980141 1.021183 0 0
0.645351 201.789322 -3.991645 0 0
0.541764 109.999496 -0.869228 0 0
-10.329408 157.659073 -33.943752 0 0
-5.320958 224.586960 -15.181810 0 0
-3.282057 79.923592 -0.985203 0 0
-1.155838 81.665497 1.787259 0 0
-1.901959 149.822891 -0.081211 0 0
-7.825378 227.475525 -10.437962 0 0
0.290322 93.047371 1.240106 0 0
-2.906490 131.801590 -0.769491 0 0
-0.844219 187.717987 -2.811816 0 0
47.751915 88.280823 -27.339172 0 0
12.038753 64.161163 10.344975 0 0
114.668030 134.257141 9.233997 1 1
76.981140 169.254974 8.972405 1 1
84.545677 168.965210 5.573134 1 1
123.418282 146.161209 24.963758 1 1
118.822647 153.763489 25.360321 1 1
119.790871 137.345810 19.513256 1 1
116.106903 131.347733 4.204558 1 1
107.805557 138.895096 -3.620019 1 1
81.403206 169.478653 13.969616 1 1
116.124107 130.640274 8.405508 1 1
127.311470 133.683533 23.030035 1 1
-98.195007 144.013275 -22.408258 2 2
-118.592972 135.323151 -20.576830 2 2
-113.567589 135.174530 -27.922138 2 2
-109.336906 134.572845 -39.087887 2 2
-93.319832 145.563110 -14.856578 2 2
-86.604156 142.631149 -23.613249 2 2
-109.723831 142.239838 -16.756880 2 2
-64.699348 128.687119 -33.400856 3 3
-61.585564 101.207153 -58.842041 3 3
-69.837143 130.869598 -29.745329 3 3
-72.096939 105.206589 -53.160080 3 3
-65.447487 130.554016 -30.091461 3 3
-67.577164 135.233505 -21.075346 3 3
-68.097794 142.687073 6.939319 4 4
-86.395607 125.743927 22.407604 4 4
-81.236336 115.499496 43.454075 4 4
-74.526085 131.841919 23.826424 4 4
-66.206238 143.540955 12.094107 4 4
-85.768814 103.666237 40.032799 4 4
-79.072807 129.428650 30.525787 4 4
-54.727623 48.031155 7.471370 5 5
-48.365982 74.865845 17.363153 5 5
-60.347878 66.034882 7.798018 5 5
-61.256489 88.353844 23.333939 6 6
-75.895760 82.170448 21.526453 6 6
-54.663494 88.234703 19.143906 6 6
-22.440050 74.245758 35.951393 7 7
-26.617865 80.842026 30.043446 7 7
46.857082 207.156570 75.244461 8 8
44.396069 219.681335 72.061691 8 8
37.154774 201.217087 85.451401 8 8
37.477707 205.153793 83.712723 8 8
18.706755 233.608414 56.365032 8 8
47.936661 197.265808 83.119179 8 8
12.534823 232.994324 59.080250 8 8
19.269398 219.290817 77.374458 8 8
48.601536 180.537903 87.511917 8 8
17.435570 222.201874 75.026382 8 8
24.110350 213.246674 76.116310 8 8
27.189768 169.156021 40.332996 9 9
44.250690 178.817810 21.170727 9 9
29.304260 176.433792 31.269426 9 9
36.290318 144.142487 68.430779 9 9
48.964748 163.152725 54.063904 9 9
50.459869 166.105347 43.827469 9 9
27.526819 167.535446 43.652386 9 9
27.217770 146.242004 64.378960 9 9
44.546349 152.225281 -17.696827 10 10
55.487934 146.228607 -18.425854 10 10
51.385094 152.107254 -20.234161 10 10
48.894146 155.287262 -17.804817 10 10
47.906116 166.349365 -1.681995 10 10
59.302242 151.293488 -12.543316 10 10
67.388458 129.591568 -28.141821 10 10
61.735481 150.188629 -18.825306 10 10
71.563217 145.950729 -14.811155 10 10
-31.006704 206.875244 -104.378792 11 11
-17.253769 212.284958 -85.116592 11 11
78.208473 59.584064 -51.534306 12 12
79.343048 65.034752 -43.033100 12 12
84.331390 52.033295 -45.708115 12 12
81.213280 65.750267 -39.680099 12 12
-5.111984 197.925720 -122.587486 13 13
-14.418121 191.393417 -130.516235 13 13
1.249457 176.757019 -149.658875 13 13
-9.815721 199.263336 -108.342453 13 13
-19.459721 206.040924 -111.444237 13 13
5.602155 191.245758 -125.959190 13 13
-11.070015 204.687454 -100.811096 13 13
8.367635 194.227371 -126.941673 13 13
-45.410587 198.469116 -41.273705 14 14
-26.175285 232.914078 -54.332844 14 14
-47.507904 204.232224 -40.785561 14 14
-5.224157 242.205505 -42.237850 14 14
-25.861618 231.122223 -59.781307 14 14
-35.914619 228.261185 -36.999363 14 14
-45.790943 209.152618 -41.812611 14 14
-26.947330 219.898407 -51.401508 14 14
-48.079105 200.591599 -40.273064 14 14
27.350691 235.328903 25.710350 15 15
46.369392 223.313797 32.515175 15 15
48.054043 222.032639 29.052504 15 15
34.609550 227.905777 -6.810724 16 16
45.176403 221.737839 -5.148630 16 16
33.691051 211.711014 -4.863111 17 17
39.752682 224.101120 14.448600 17 17
33.690388 214.435593 -1.048643 17 17
49.524567 207.425293 12.820312 17 17
38.232708 227.689346 15.101304 17 17
45.909771 204.633896 2.854919 17 17
55.651852 178.076981 -6.044934 17 17
26.720106 228.418121 -34.257153 18 18
32.720047 224.995178 -32.300224 18 18
14.505328 239.729980 -36.147697 18 18
25.880514 227.540909 -56.145279 18 18
27.999079 231.784790 -48.114529 18 18
27.385201 213.905807 -43.719650 18 18
16.997660 233.343185 -51.015270 18 18
14.831286 178.413940 -95.553551 19 19
-6.376334 214.991333 -86.625870 19 19
3.048082 224.597946 -87.288422 19 19
11.686543 222.133728 -76.191750 19 19
4.816587 194.308441 -95.062927 19 19
21.921650 219.797684 -84.238968 19 19
3.216617 191.718658 -92.054787 19 19
9.266867 172.767258 -96.841034 19 19
5.852427 242.699768 -70.434181 19 19
-0.681957 238.777649 -67.887550 19 19
12.111130 200.306534 -57.834236 20 20
5.939812 200.236526 -55.708778 20 20
26.826441 142.435059 -78.430717 20 20
14.828853 195.980957 -61.792641 20 20
11.010190 186.564499 -68.568741 20 20
32.723949 142.031082 -73.620926 20 20
11.901602 182.677765 -75.581650 20 20
13.861234 200.911697 -73.425026 20 20
2.974870 193.380051 -74.781418 20 20
8.199145 202.081161 -77.442513 20 20
16.623838 190.038071 -74.749031 20 20
-18.781931 203.104538 -75.928246 21 21
-20.744822 208.182251 -74.201485 21 21
-8.522623 204.699341 -53.385136 21 21
-43.927227 185.477036 -66.040497 21 21
-8.697788 199.624649 -48.516708 21 21
-37.714905 188.332932 -81.083122 21 21
-50.644966 180.260544 -58.785801 21 21
-30.849977 202.547409 -64.503517 21 21
-33.208858 199.934998 -70.106354 21 21
-65.411629 151.426682 -89.671677 21 21
-51.509277 187.893265 -53.044991 21 21
-70.314720 158.055206 -69.916672 21 21
-27.846413 204.483704 -63.104836 21 21
-59.690933 159.652298 -84.515305 21 21
-16.392460 210.506729 48.095268 22 22
-5.699930 214.538071 51.523129 22 22
13.702538 232.675751 33.795094 22 22
5.057944 223.427292 40.164551 22 22
-21.860628 199.316544 39.185715 22 22
-25.115223 158.132294 51.626854 22 22
-7.695269 212.856094 54.789539 22 22
-10.225003 223.444519 47.250813 22 22
-11.094709 205.201553 43.973454 22 22
-12.059509 186.002213 60.640411 22 22
43.709789 57.960152 -52.671097 23 23
39.792839 81.628311 -37.763935 23 23
39.572533 86.097076 -32.962646 23 23
29.602453 82.469864 -37.871017 23 23
-0.706730 234.263031 16.530693 24 24
14.210696 231.339859 17.415379 24 24
-0.297369 229.857391 19.901402 24 24
-10.541343 210.500702 37.147625 24 24
16.367189 227.654892 26.904545 24 24
18.023542 222.822418 6.886612 24 24
24.390215 219.651917 9.349665 24 24
17.264750 233.096390 10.754519 24 24
59.972725 85.091698 11.053403 25 25
60.222641 88.130257 -23.843021 25 25
54.046825 88.017296 -23.740406 25 25
8.725203 20.294643 -7.226937 26 26
15.546868 18.366390 -12.537023 26 26
28.040188 21.525244 21.486509 27 27
8.807547 15.798308 -1.759247 27 27
13.059334 22.737808 16.781353 27 27
16.536098 52.224483 28.755100 28 28
15.512844 58.744408 13.213737 29 29
11.664502 66.809723 12.763680 0 30
