-2.994390 104.983788 -4.823733 0 0
0.816649 47.795418 -5.837599 0 0
-0.802521 114.847939 8.525751 0 0
-37.696911 85.844803 2.636190 0 0
-0.129072 60.093426 -8.591311 0 0
-0.940647 13.275053 0.499020 0 0
-18.739300 127.961861 0.970573 0 0
-5.240137 104.621078 -0.453947 0 0
-4.500931 103.020203 -6.306433 0 0
-13.460860 66.466446 -4.120644 0 0
-15.606079 123.323402 -1.671361 0 0
-24.294621 76.039436 -1.733560 0 0
40.893436 89.775681 3.185094 0 0
-6.044148 61.486042 -5.964042 0 0
-2.244126 58.022694 -3.681783 0 0
-0.436619 2.724417 1.485826 0 0
-4.902498 92.843506 -5.089122 0 0
-30.858355 77.433769 0.141327 0 0
-9.182287 38.955132 -7.537852 1 1
-6.092802 35.891964 -22.031925 1 1
-10.523703 35.639660 -25.818703 1 1
-10.226301 31.665058 -26.388098 1 1
6.143549 31.721163 -25.323446 1 1
-19.414719 117.800179 -84.575180 2 2
-4.716036 119.799393 -84.152786 2 2
-22.218328 137.794250 -70.386078 2 2
5.963834 106.353493 -93.454323 2 2
1.912131 139.583084 -71.698746 2 2
-22.760731 109.102882 -91.242905 2 2
3.386383 107.008690 -91.747047 2 2
-10.215150 127.346031 -80.262589 2 2
-23.755836 107.014313 -93.516228 2 2
-19.096926 127.382439 -77.579926 2 2
-0.710691 91.167770 -100.254272 2 2
-10.515746 109.375603 -92.836723 2 2
-4.712080 143.537567 -67.129913 2 2
-9.370339 109.354660 -89.199753 2 2
-24.980869 122.703201 -82.346603 2 2
-9.902386 124.096786 -80.681023 2 2
1.207479 130.254929 -79.625038 2 2
-10.638319 104.409302 -95.088356 2 2
-18.018339 128.947433 -59.910625 3 3
-15.507493 130.436310 -58.855515 3 3
-25.834080 139.031525 -42.656261 3 3
-28.270706 137.803940 -42.425106 3 3
-41.438026 100.588882 -47.552837 3 3
-20.090088 125.863678 -41.653622 3 3
-37.864601 126.233788 -37.166786 3 3
-23.521711 117.475319 -56.418877 3 3
-10.441957 128.789825 -50.234676 3 3
-44.987827 114.039436 -34.214439 3 3
-44.551704 116.809479 -33.319057 3 3
-14.981195 139.664810 -54.988422 3 3
-18.117392 148.726440 -36.147446 3 3
-41.021782 112.198311 -44.026012 3 3
-37.231319 108.881813 -49.239517 3 3
7.196574 141.032730 -32.946262 4 4
-25.915922 128.417023 -32.696838 4 4
11.580765 133.147095 -37.826595 4 4
8.718130 133.330582 -36.091648 4 4
2.921139 144.120346 -44.987621 4 4
-3.749439 142.720016 -31.050520 4 4
-22.738268 132.999252 -28.164669 4 4
10.889183 143.880753 -39.952385 4 4
3.626272 132.019394 -31.535051 4 4
-14.471794 127.525124 -46.256077 4 4
-32.484600 140.804855 -2.252653 5 5
-19.701767 135.011841 -3.947599 5 5
-16.140589 137.514664 -9.228391 5 5
14.794257 125.700813 -48.440582 6 6
29.792721 109.134201 -60.845390 6 6
23.798319 137.352982 -38.946716 6 6
24.059404 119.025902 -62.218338 6 6
33.781433 105.384979 -60.621655 6 6
35.668121 109.490334 -48.845825 6 6
31.828217 116.869034 -41.389015 6 6
13.156239 122.129303 -55.560200 6 6
32.148407 113.171623 -46.416939 6 6
27.791538 110.127350 -63.325836 6 6
33.422752 124.389954 -31.285479 6 6
36.600433 118.615494 -39.219059 6 6
22.933086 136.047363 -43.422043 6 6
27.664755 134.178345 -31.346066 6 6
40.572388 106.330742 -54.266499 6 6
15.429450 130.191223 -40.919174 6 6
7.157904 125.839699 -66.010498 6 6
10.894189 130.842178 -13.634755 7 7
8.656403 135.259445 -16.542973 7 7
3.674571 134.625641 -7.580163 7 7
-80.494850 72.226524 2.060523 8 8
-80.316490 79.065086 -2.930349 8 8
-73.288414 94.870110 -3.370536 8 8
-83.377045 68.162743 5.780931 8 8
-78.719536 84.459846 -3.301213 8 8
-79.128685 78.295540 9.321587 8 8
-74.385513 87.463966 -2.294733 8 8
-56.822868 79.225266 16.213266 9 9
-52.442356 95.228424 15.323022 9 9
-58.304092 87.815613 11.056633 9 9
-48.667255 84.900391 23.884291 9 9
-49.927711 81.792023 24.881596 9 9
-49.955360 84.372414 26.092072 9 9
-59.536274 67.613205 13.756084 9 9
-52.990784 74.461342 27.659470 9 9
-46.323330 88.235802 -13.109675 10 10
-44.558441 87.991135 -7.106763 10 10
-61.113834 89.467941 -8.310184 10 10
-48.950035 87.157234 -11.393573 10 10
-49.025974 82.602028 -20.672117 10 10
-61.780182 95.880447 -5.626189 10 10
-4.265644 136.698090 -15.220671 11 11
-8.479535 134.388214 -2.683304 11 11
-10.612811 132.579590 -9.809983 11 11
2.617602 42.239449 11.178539 12 12
-1.262716 42.580853 26.535734 12 12
-16.897629 28.007034 22.752283 12 12
-13.242493 35.363453 20.822008 12 12
-21.767719 39.268593 17.826563 12 12
-1.823702 43.109894 17.799538 12 12
60.148438 91.756302 -10.185476 13 13
74.762047 67.796310 -17.373596 13 13
59.188061 89.651794 -3.471286 13 13
68.789581 78.337746 -12.292736 13 13
61.032402 87.805595 -4.900789 13 13
57.914371 92.770500 -15.261364 13 13
68.018585 80.674721 -17.487629 13 13
63.275066 84.914574 -6.657516 13 13
57.004326 73.796860 5.053150 14 14
46.246048 95.998672 3.633129 14 14
41.146107 81.751205 12.591429 14 14
54.145466 74.858093 3.306979 14 14
43.393208 54.424614 21.257792 14 14
50.016342 75.044014 6.172793 14 14
43.548077 59.768227 25.842157 14 14
44.783466 57.564510 18.536123 14 14
45.929737 58.481094 15.856256 14 14
51.359093 79.035431 -14.839785 15 15
38.506840 83.670609 -1.182788 15 15
54.080330 93.662285 -1.174374 15 15
53.549198 70.030952 -19.338776 15 15
55.140362 73.533623 -17.726971 15 15
42.614258 72.498611 -24.889751 15 15
56.513092 69.341766 -17.140112 15 15
58.486301 72.592384 -13.638920 15 15
49.680702 83.341484 -13.889761 15 15
48.055885 94.959648 1.772944 15 15
50.618862 88.438904 -11.095052 15 15
9.988674 102.957481 69.352951 16 16
10.946190 107.677139 71.830673 16 16
-9.229670 110.738777 64.048393 16 16
1.941937 123.114807 53.063591 16 16
-4.318352 92.264977 72.026581 16 16
2.365024 127.748962 57.339344 16 16
-5.221508 129.308762 48.955021 16 16
2.969279 100.138573 68.163025 16 16
7.007521 127.987053 51.604939 16 16
8.488912 97.032326 72.594421 16 16
-3.620651 105.605331 68.055183 16 16
21.014557 122.668587 69.888100 16 16
22.023283 113.127373 72.720253 16 16
9.399941 119.347557 65.911453 16 16
-13.060987 119.798866 57.742168 16 16
12.156968 133.517929 54.306194 16 16
10.386069 134.061783 48.973793 16 16
-16.473034 115.101257 37.233463 17 17
-18.758066 118.754822 24.760380 17 17
-6.942289 117.237640 44.622841 17 17
-17.872641 108.930840 31.040171 17 17
-27.634563 110.118439 24.533255 17 17
-20.543320 122.502693 21.035683 17 17
-22.923880 112.214447 31.386700 17 17
-16.344227 107.464401 39.162174 17 17
-24.757156 123.063698 19.474411 17 17
-12.068052 113.074387 41.684258 17 17
-10.088088 106.662323 44.456905 17 17
-6.084363 118.970757 38.608109 17 17
-18.731216 109.609901 36.814339 17 17
-20.966282 88.412819 33.934658 17 17
16.382233 112.458138 25.277437 18 18
16.693157 125.192192 15.678557 18 18
19.259005 112.790627 24.017340 18 18
-4.577140 124.483452 16.087105 18 18
15.761876 118.141853 17.073029 18 18
3.258169 116.774834 18.261726 18 18
9.494726 132.802368 19.371841 18 18
33.334957 97.078888 26.534195 19 19
24.662222 128.312851 16.188602 19 19
28.092741 94.877075 37.943241 19 19
16.248268 133.458939 30.109522 19 19
31.941978 100.253067 24.262705 19 19
5.922950 125.559181 43.084637 19 19
14.368904 103.143913 39.671318 19 19
11.875272 110.546471 46.109577 19 19
7.221776 115.623543 35.796490 19 19
32.697979 106.824539 25.234785 19 19
32.233685 101.232674 29.245628 19 19
30.340057 111.901443 30.765270 19 19
24.430882 98.806763 41.186790 19 19
33.851059 105.555054 20.719667 19 19
17.521301 106.426018 34.175293 19 19
