2.879338 107.560570 0.629915 0 0
-14.289164 90.295822 -3.577830 0 0
23.788013 84.467712 5.060629 0 0
-57.426102 65.953743 -21.654106 0 0
2.460425 106.296028 -4.019166 0 0
-3.211568 32.292564 -2.067912 0 0
-12.965179 80.468040 -1.227962 0 0
-2.214267 13.977020 -1.626351 0 0
-6.550929 40.690559 -5.560610 0 0
18.837202 74.142014 4.252083 0 0
-3.387269 82.283836 2.025697 0 0
0.744278 111.640419 2.305390 0 0
-1.324337 94.894661 -0.591132 0 0
3.305696 102.858780 0.016478 0 0
16.112326 71.938957 3.073541 0 0
-7.119969 40.280239 -3.187101 0 0
-15.041251 92.989182 -4.438833 0 0
-2.316795 1.950242 0.425308 0 0
-0.058122 84.728081 3.053132 0 0
-42.766228 52.949749 -15.264583 0 0
-19.444914 103.750923 -7.581025 0 0
-1.511971 86.107025 0.056717 0 0
-5.529298 120.931793 5.466403 1 1
-10.953537 123.147583 -0.714407 1 1
-28.197620 79.589584 -38.908661 2 2
-13.970045 113.974693 -35.854988 2 2
-19.435463 80.363800 -41.905876 2 2
-33.095543 122.758301 -20.911798 2 2
-26.314875 105.595200 -30.723845 2 2
-43.627056 110.062592 -24.740337 2 2
-31.067314 106.901321 -32.374699 2 2
-16.990616 98.210960 -39.627811 2 2
-21.928585 111.368797 -29.498610 2 2
-32.291664 120.161346 -23.956747 2 2
-37.479271 81.768547 -32.310860 2 2
-19.463291 120.959122 -23.418318 2 2
-23.524448 89.568687 -37.171619 2 2
-45.995132 110.421494 -21.694754 2 2
-43.571869 107.715942 -25.949183 2 2
-20.380650 118.475220 -25.465916 2 2
-26.977194 118.628151 -22.542356 2 2
-35.165829 115.301224 -21.437387 2 2
-28.446688 106.938217 -28.572235 2 2
36.638885 85.231087 -25.008856 3 3
31.953686 103.430450 -13.901690 3 3
35.549862 104.608772 -7.028397 3 3
46.177944 102.117813 0.174241 3 3
45.597305 89.354523 -14.845181 3 3
33.920891 103.481842 -12.297795 3 3
52.275078 91.565430 -7.488751 3 3
51.656384 85.405144 -11.571792 3 3
45.009464 77.678101 -19.376825 3 3
40.732460 78.296112 -25.023418 3 3
66.567093 91.080620 -6.039685 4 4
55.973373 104.353256 6.407374 4 4
69.669258 78.827530 6.410136 4 4
67.156059 88.028587 -3.607998 4 4
59.266460 102.067863 9.752338 4 4
71.648254 87.768867 17.786442 4 4
69.713654 75.258995 2.350768 4 4
70.711418 81.168663 6.685518 4 4
69.945610 92.565468 24.695389 4 4
-60.999676 64.585960 -16.161329 5 5
-49.230732 61.624065 -2.082140 5 5
-64.534294 47.420383 -5.109870 5 5
-69.188751 58.192425 -14.082762 5 5
-58.628597 65.581726 -16.907703 5 5
-57.300911 63.281445 -15.497987 5 5
-71.761101 52.013397 -12.117107 5 5
-56.875332 59.637524 -10.116278 5 5
-60.020817 103.657570 -46.031116 6 6
-58.019444 108.870850 -25.166945 6 6
-57.299549 118.994499 -17.404528 6 6
-56.932133 105.974663 -38.030235 6 6
-53.096481 114.783813 -27.957172 6 6
-70.617073 76.945900 -48.306969 6 6
-59.746452 104.201302 -27.678028 6 6
-66.143631 87.762657 -45.534031 6 6
-59.272831 108.120422 -23.326286 6 6
-48.265263 127.123543 -34.189621 6 6
-71.761482 77.809036 -45.639496 6 6
-65.075119 87.029297 -50.477413 6 6
-51.755043 115.322037 -41.483650 6 6
-54.375301 112.282227 -29.259211 6 6
-69.349373 84.833107 -43.373215 6 6
-56.142090 112.464317 -40.012825 6 6
-60.431267 98.188171 -42.694843 6 6
-55.559277 122.627838 -21.134083 6 6
-64.534416 92.245972 -49.733696 6 6
-51.108189 121.063667 -38.985329 6 6
-63.012283 97.711983 -46.437428 6 6
-57.535782 54.143784 -33.670948 7 7
-46.405193 45.039970 -44.674538 7 7
-46.210938 49.355728 -41.858986 7 7
-60.666027 58.039341 -30.242373 7 7
-51.191833 49.736847 -39.216599 7 7
-59.238384 65.694984 -26.209116 7 7
-55.086811 59.547520 -33.191387 7 7
-49.429329 65.874817 -27.076838 7 7
13.426359 16.694666 1.982211 8 8
6.632075 20.978947 -6.036084 8 8
21.694262 13.940654 -8.338538 8 8
4.634365 21.266735 -1.845075 8 8
-80.765869 47.028618 -37.491150 9 9
-81.380402 53.112865 -15.129975 9 9
-74.778152 60.706051 -14.796046 9 9
-76.851578 61.195976 -15.981469 9 9
-81.645477 46.095501 -34.741299 9 9
-80.549530 44.410362 -31.454805 9 9
-76.387802 58.341896 -16.306530 9 9
-80.354652 53.089260 -18.065666 9 9
-68.865021 62.929081 -21.619495 9 9
-78.420090 51.756588 -40.320011 9 9
-0.130508 8.330737 25.344385 10 10
5.959077 15.068105 16.874147 10 10
-4.688151 13.083072 23.942827 10 10
-14.959836 18.190069 12.714317 10 10
-7.036864 124.555923 -6.231263 11 11
-1.387698 112.638847 -4.983402 12 12
0.910569 114.131447 2.748877 12 12
18.641062 116.349213 9.749952 13 13
35.488747 99.261925 30.696043 13 13
31.181557 94.839821 12.918530 13 13
26.654833 95.461533 12.790471 13 13
15.779911 115.153877 22.341436 13 13
13.410195 115.764053 22.638918 13 13
36.420254 101.836243 21.486233 13 13
30.722317 106.579300 13.711169 13 13
7.534116 117.539284 25.503187 13 13
29.690435 100.723381 32.367531 13 13
28.147848 97.914085 -1.394876 13 13
26.740551 106.917557 26.693707 13 13
33.541309 93.499077 9.826504 13 13
45.279060 86.604431 19.161205 14 14
44.448933 75.266716 28.614498 14 14
49.727695 97.283615 16.110500 14 14
47.233761 104.055161 11.940586 14 14
52.444874 79.607452 12.071111 14 14
45.965408 88.352119 16.435772 14 14
42.745808 103.668411 16.804104 14 14
40.820534 95.734802 2.452633 14 14
42.107452 74.753059 30.335705 14 14
33.042599 89.828590 25.252018 14 14
43.314629 79.029213 30.053604 14 14
41.563633 77.870575 31.246101 14 14
49.041569 98.117737 8.599617 14 14
45.251488 68.500755 23.364315 14 14
10.552146 94.814018 40.813828 15 15
8.281301 95.404991 46.893784 15 15
18.813810 95.037300 31.540586 15 15
8.134940 109.740196 41.585518 15 15
10.256844 106.060509 42.161812 15 15
24.898296 85.258400 39.773434 15 15
15.621526 84.220940 46.412788 15 15
13.742773 93.552505 37.949711 15 15
6.902206 105.164589 40.437164 15 15
5.627220 106.486832 41.800419 15 15
18.266014 89.729713 44.094448 15 15
16.936903 94.792236 33.943092 15 15
18.665895 87.203140 35.271271 15 15
5.586713 113.994461 29.056057 16 16
-15.227223 103.590408 37.022366 16 16
-4.029730 113.834679 29.843428 16 16
-6.452980 95.855331 45.381531 16 16
-2.647911 96.759514 45.290825 16 16
-13.908998 100.662209 27.093021 16 16
-12.720975 87.431488 44.042721 16 16
4.604528 110.933884 32.407032 16 16
3.676383 111.711388 36.413975 16 16
-8.063283 110.655251 34.871574 16 16
-14.928926 86.291504 43.739937 16 16
-18.742876 108.421310 31.536264 16 16
-2.850095 117.030457 22.341942 16 16
-20.566442 79.692879 46.690918 16 16
-19.865023 117.684242 -15.610921 17 17
-32.249229 117.390266 -18.512827 17 17
-31.146606 110.461273 -4.160784 17 17
-32.668869 123.867867 -3.230143 17 17
-26.309893 114.144508 -8.144434 17 17
-35.678730 113.358780 -0.638352 17 17
-33.375504 113.336029 -13.832355 17 17
-48.295902 99.945129 -1.527916 18 18
-57.025429 95.832352 -7.521199 18 18
-48.444084 93.895363 21.929417 18 18
-51.363724 87.662018 5.759146 18 18
-52.136375 110.069199 -6.197199 18 18
-53.328026 98.923470 -10.110742 18 18
-55.114719 84.071083 1.022151 18 18
-45.647484 94.977844 22.530979 18 18
-44.703651 108.374603 4.172153 18 18
-47.577095 103.578323 13.224278 18 18
-56.244789 93.458481 -0.175705 18 18
-51.881012 97.274597 -7.596858 18 18
-45.015396 111.445084 9.734619 18 18
-34.159954 128.178787 -7.749754 18 18
-46.295200 103.807320 6.019949 18 18
-52.057869 79.676704 17.204538 18 18
-40.486160 119.426132 5.448600 18 18
-47.119942 97.599236 13.354862 18 18
-46.225983 97.774330 16.454939 18 18
