-15.338876 157.438766 26.780865 0 0
-13.031714 126.846352 3.118730 0 0
2.237119 105.740540 3.764637 0 0
-53.278114 158.840042 -5.346690 0 0
-22.846264 81.125244 4.483099 0 0
-0.178595 136.070236 -11.717691 0 0
-20.410864 190.543442 31.801224 0 0
-24.105200 174.526962 32.512691 0 0
-10.627219 24.270231 -0.121455 0 0
12.567101 110.787163 -16.731256 0 0
-21.989218 195.440964 30.655231 0 0
-15.668698 97.698372 -1.190479 0 0
2.448294 106.298859 24.884037 0 0
12.340551 103.788490 -14.672524 0 0
-47.925903 173.979111 -19.143768 0 0
-4.957420 16.028910 2.137973 0 0
-4.040971 96.588257 11.015067 0 0
0.634768 82.852837 20.936190 0 0
0.130586 97.411415 8.866445 0 0
-28.824562 107.666946 -7.927517 0 0
-35.020805 85.008675 8.405754 0 0
-29.137087 151.279312 18.881741 0 0
-47.780605 155.312103 11.533427 0 0
-39.034130 125.204071 3.135045 0 0
-56.845943 235.839005 35.474483 0 0
-50.079430 266.073914 9.158045 0 0
-6.968725 174.657486 15.917607 0 0
-10.305544 177.761627 8.638143 0 0
-30.608624 85.644463 11.118969 0 0
-16.562075 68.319656 4.952999 0 0
-5.189375 124.969109 25.528313 0 0
-34.835430 117.541611 6.182274 0 0
-9.815867 54.534279 -1.915787 0 0
5.556157 97.200516 -9.688031 0 0
6.860129 80.761452 0.779750 0 0
-0.554300 114.236977 2.143749 0 0
-60.625141 170.600281 -12.216305 0 0
-9.243848 133.061859 25.349960 0 0
11.178179 253.820450 24.800945 1 1
15.166658 257.481262 23.396555 1 1
51.078178 238.359741 31.771599 1 1
-84.746246 187.516968 -30.074165 2 2
-97.616745 167.582275 -29.685215 2 2
-78.769012 184.791626 -30.077621 2 2
51.133728 117.687012 -20.240398 3 3
27.890842 109.248749 1.881836 4 4
26.298817 120.551201 -8.027128 4 4
24.428047 131.160156 -26.109301 5 5
-91.539749 252.256607 -50.057972 6 6
-86.403267 263.886932 -50.615009 6 6
-82.855621 258.461792 -59.837601 6 6
-96.298653 264.488464 -43.376663 6 6
-95.139427 284.522797 -18.276503 7 7
-75.362572 269.435730 -31.835756 7 7
-98.948090 287.867065 -9.272378 7 7
-38.976097 263.237823 -23.884527 8 8
-44.461884 265.219971 -20.664507 8 8
-45.195999 257.366089 -34.624748 8 8
-36.036041 216.522507 -46.531338 8 8
-63.819023 262.127045 -36.931797 8 8
-54.393085 226.628281 83.509651 9 9
-60.641266 209.535294 87.524780 9 9
-32.820244 226.124985 101.729248 9 9
-68.882095 204.852783 87.111214 9 9
-73.918053 186.956253 83.985588 9 9
22.567757 82.506767 -41.652744 10 10
-59.086079 277.106201 63.100639 11 11
-50.811672 235.783752 75.160011 11 11
-68.463203 275.079620 69.303123 11 11
-45.124580 254.850113 70.348038 11 11
-56.840446 256.996765 67.709724 11 11
-122.847687 283.384186 -16.611032 12 12
-114.954483 259.876740 -21.509890 12 12
-113.514778 274.061523 -18.314941 12 12
-90.743324 183.745041 45.214985 13 13
-82.661896 195.933868 39.225941 13 13
-82.575111 111.886642 14.007589 14 14
-67.193100 114.829964 -10.809850 15 15
-56.296124 96.742897 33.570572 16 16
-12.121093 118.930580 65.850418 17 17
-68.977005 294.931488 4.780040 18 18
-65.148895 281.295471 18.960463 19 19
-58.017353 267.481232 -16.913952 20 20
-99.590668 230.125305 -3.234229 20 20
-107.133667 220.780441 9.465845 20 20
-70.249786 256.547058 6.369565 20 20
-62.751030 265.344421 -20.538967 20 20
-63.589424 265.618530 -10.411397 20 20
-101.155869 221.717163 1.586956 20 20
-82.644775 295.875916 -2.321414 21 21
-2.760655 239.462662 6.085883 22 22
-0.313050 217.532181 -12.193056 22 22
13.909498 217.382904 -15.157640 22 22
-104.940163 126.354424 73.431435 23 23
-96.071785 139.169205 63.067791 23 23
17.117043 83.122612 -23.316364 24 24
7.909619 83.408165 -38.008305 25 25
3.929750 106.026352 75.961914 26 26
12.436818 110.656479 67.122787 26 26
-22.707895 94.881004 75.620186 27 27
-2.196743 104.048981 65.575005 27 27
-15.488539 94.229057 75.502014 27 27
-15.131641 250.029892 50.358902 28 28
-14.988599 263.501984 48.838802 28 28
-16.612080 263.517059 53.167236 28 28
-21.389648 280.506531 31.339760 29 29
-18.327982 274.617554 21.353956 29 29
-47.654686 277.435944 46.660179 30 30
-38.168644 257.068451 57.185471 30 30
-44.845394 285.608429 44.751904 30 30
-31.989408 293.964478 47.174381 30 30
-38.393425 285.303284 8.552276 31 31
-34.892284 283.769043 10.796600 31 31
-5.613126 201.208603 74.829132 32 32
5.652987 239.029541 20.265045 32 32
-4.071726 234.866684 43.866322 32 32
-1.847935 197.996277 74.971870 32 32
-2.592335 206.739838 72.677773 32 32
-50.418716 196.289398 84.848167 33 33
-47.057499 199.579987 85.583237 33 33
-23.180878 217.671066 68.897583 33 33
-85.243767 142.450760 49.115681 34 34
-77.387650 140.193619 55.575008 34 34
-10.899248 213.912689 38.859924 35 35
15.647713 212.315201 32.751457 35 35
-10.612247 214.970184 33.073528 35 35
16.041908 213.163574 39.294884 35 35
34.041096 161.108627 12.205334 36 36
34.680275 151.615906 19.308769 36 36
18.614588 166.890823 33.468906 36 36
12.801954 114.808662 64.569572 37 37
11.420116 109.792267 55.606640 38 38
22.891441 99.877769 31.985535 38 38
-14.559020 162.251663 -65.105949 39 39
-3.551783 171.070801 -63.917740 39 39
-5.280756 184.070953 -43.938564 39 39
-3.318048 186.550720 -33.089306 39 39
-71.172997 174.667923 38.176716 40 40
-56.634480 179.423355 45.783527 40 40
-70.986015 178.146652 40.542156 40 40
-78.382500 180.046402 18.360262 40 40
-88.039223 181.313019 9.361897 41 41
-93.925034 170.428574 14.188157 41 41
-75.314125 157.657669 4.436481 42 42
-77.072426 157.704514 9.745697 42 42
-51.158012 147.330200 -17.062895 43 43
-45.487766 147.018707 -23.754364 43 43
-46.956074 148.498276 -19.330463 43 43
-61.399925 137.577850 -3.991803 43 43
-36.093128 203.054306 22.937418 44 44
-46.628693 194.271591 46.881809 44 44
-45.483021 198.453918 27.220680 44 44
-107.436737 124.949188 27.703169 45 45
-102.602852 121.887650 27.424105 45 45
-39.931175 161.407364 -34.404411 46 46
-41.318913 155.454254 -34.876850 46 46
-42.526997 153.334198 -40.496021 46 46
-40.865322 159.170517 -37.980122 46 46
21.557219 170.736252 -0.103889 47 47
33.860039 154.635315 6.161507 47 47
6.552479 169.869934 -1.439857 47 47
7.246847 185.867004 -21.379681 47 47
0.145689 167.726791 6.890683 47 47
38.382034 166.058777 -2.875264 47 47
-69.099487 149.580002 -51.146900 48 48
-74.044136 149.385803 -45.389423 48 48
-76.882607 146.254471 -44.077503 48 48
-31.880550 189.392868 19.849844 49 49
-51.772991 181.461517 15.337502 49 49
-52.852577 190.056381 14.968874 49 49
-61.527725 192.141541 -23.760128 50 50
-50.335529 182.934448 -22.203867 50 50
-31.145695 184.331970 -35.645313 50 50
-53.157139 187.868973 10.293850 50 50
-51.157654 176.622925 3.965216 50 50
-41.678253 183.600647 -36.434208 50 50
-24.945749 190.898026 -28.601212 50 50
-52.255341 179.897827 9.961614 50 50
-60.213215 182.198303 2.610921 50 50
-55.251095 198.376785 -18.534290 50 50
-55.208054 194.398773 -8.820796 50 50
-24.509443 178.764297 11.620990 50 50
-62.256580 178.665146 -36.897457 50 50
-17.434793 120.396980 47.980618 51 51
-95.635010 272.208160 82.337128 52 52
-96.573853 265.779114 89.426460 52 52
-105.597107 243.896454 92.492966 52 52
-103.744843 247.457764 94.748840 52 52
-100.964661 238.882614 35.580742 53 53
-111.150864 245.518143 25.051769 53 53
-94.929253 290.438110 5.394986 53 53
-107.261032 247.090179 26.598988 53 53
-97.235710 272.660980 21.415777 53 53
-111.367958 226.449509 35.010818 54 54
-116.840218 222.005264 36.674831 54 54
-115.138008 218.116592 38.003113 54 54
-93.734711 258.078522 48.115639 54 54
-104.373062 234.157516 43.352539 54 54
31.918226 173.712540 35.649689 55 55
36.164303 145.432602 40.429161 55 55
