-0.386199 69.286522 -2.937186 0 0
1.115512 24.542454 3.110832 0 0
10.971221 210.355453 47.467312 0 0
-1.020654 91.126289 -6.109522 0 0
-37.189636 118.678719 10.359194 0 0
64.668495 146.712189 49.572227 0 0
-16.809736 102.397827 -16.478050 0 0
1.558301 0.580520 -1.906891 0 0
-0.577809 97.395699 1.399350 0 0
-11.869959 97.597641 -14.335881 0 0
4.213520 54.969345 -0.154235 0 0
-2.501460 145.793930 3.593135 0 0
-0.578051 171.961029 -25.959091 0 0
-3.241343 177.350342 -31.519760 0 0
-8.670260 243.878006 7.262358 0 0
13.078504 61.842579 -0.379641 0 0
-15.234983 108.446114 -18.556135 0 0
-0.586105 118.157661 -2.520756 0 0
-7.936214 110.352730 -18.613430 0 0
-80.711990 89.179771 -17.915997 1 1
-90.572731 68.936928 -5.262597 1 1
-17.604425 219.872498 -143.986298 2 2
-9.823208 214.083511 -146.764236 2 2
-2.757833 208.425171 -151.141876 2 2
-10.958916 229.927948 -127.245857 2 2
-8.516856 233.340652 -108.918350 2 2
20.623652 225.780167 -114.938164 2 2
11.165682 199.559311 -152.771622 2 2
-4.782496 232.920258 -105.729553 2 2
-23.963427 234.091675 -46.528587 3 3
-49.671860 207.859680 -60.830025 3 3
3.521975 230.319092 -79.437279 3 3
-43.616459 212.733368 -84.505325 3 3
-39.687859 222.835175 -59.058506 3 3
-18.129793 219.530762 -90.730263 3 3
-30.403971 229.282303 -69.165771 3 3
-4.609149 223.903336 -77.562630 3 3
66.732773 94.555473 -14.518985 4 4
77.955612 149.293564 87.670433 5 5
88.131805 146.887238 81.254677 5 5
90.382202 138.085693 90.166496 5 5
94.901108 144.642273 78.384285 5 5
93.382942 149.151123 75.974457 5 5
95.662170 137.122696 59.196537 6 6
82.830284 152.549133 29.527779 6 6
90.511314 146.885605 57.872868 6 6
83.393440 145.034149 41.253242 6 6
93.324150 130.673843 58.826710 6 6
101.563957 120.471649 48.502678 6 6
83.564964 152.209885 66.359169 6 6
56.794937 119.636383 91.840858 7 7
66.615013 150.601791 65.632912 7 7
75.195702 144.842300 78.851738 7 7
48.622807 125.615547 88.693184 7 7
61.521690 154.736969 58.989304 7 7
37.908257 142.271286 63.167828 7 7
76.842911 147.152924 72.056679 7 7
74.899284 124.153229 -11.556337 8 8
67.628769 138.330261 -11.348576 8 8
76.028687 146.434708 -34.956177 8 8
88.432167 114.988747 -24.306709 8 8
72.408981 213.877853 119.236977 9 9
64.330109 209.140472 127.209023 9 9
67.140877 224.699814 109.330528 9 9
35.593098 201.768280 139.246536 9 9
41.917267 207.304947 136.522278 9 9
62.926044 199.181061 131.741653 9 9
39.446640 204.435089 139.186005 9 9
73.325768 78.683029 2.087462 10 10
79.594299 62.754238 13.295588 10 10
15.038724 130.076584 -56.578308 11 11
11.794354 133.561996 -53.907448 11 11
49.996426 163.379959 -35.583767 11 11
-4.444818 149.615341 -53.739708 11 11
-67.401688 71.361168 11.220617 12 12
-71.975929 75.271950 2.312585 12 12
52.866955 151.098251 -50.434177 13 13
53.584637 156.438660 -40.258343 13 13
27.588125 136.985840 -64.653343 13 13
38.846485 141.271576 -62.672321 13 13
8.094608 215.638000 -80.677544 14 14
22.611370 228.687698 -53.503685 14 14
33.392464 216.731674 -49.343773 14 14
38.959953 187.470612 -54.518799 14 14
21.241093 206.009521 -74.324562 14 14
27.050266 187.257324 -84.630775 14 14
19.399599 202.454483 -87.517342 14 14
10.854227 232.198242 -62.061810 14 14
53.010876 85.061600 16.657864 15 15
43.861923 71.193977 26.690712 15 15
71.107140 71.810440 20.398466 15 15
50.088005 80.290672 -10.982704 16 16
54.374550 81.305679 -6.974998 16 16
52.919834 84.803238 -4.795287 16 16
7.126450 217.913376 83.952850 17 17
-6.334068 193.926849 85.275909 17 17
-2.309641 205.165009 97.958504 17 17
3.130093 212.972366 102.274673 17 17
24.607426 241.445435 72.960533 17 17
36.203690 230.723434 93.403214 17 17
-1.525129 215.521194 79.311317 17 17
61.286839 225.969772 54.593597 18 18
59.858837 211.725098 87.987381 18 18
48.237747 229.613220 63.766907 18 18
49.460773 219.781952 87.879974 18 18
63.936691 226.169998 77.579575 18 18
75.655045 215.692184 54.171394 18 18
56.409248 218.345535 97.304199 18 18
65.856705 227.183655 60.664898 18 18
45.168640 233.632263 89.362289 18 18
59.096954 256.145996 37.284962 19 19
58.288017 268.810638 6.933740 19 19
53.259762 248.982605 16.345722 19 19
52.906166 260.198792 46.739170 19 19
48.499741 274.878448 19.983093 19 19
41.972576 275.481110 27.592136 19 19
30.114304 278.994080 30.394835 19 19
31.689995 290.265594 12.326982 19 19
64.000397 260.984955 17.170576 19 19
27.373207 245.565659 -35.897015 20 20
20.878696 268.711456 2.299669 20 20
37.910297 239.206009 -32.794132 20 20
35.526775 232.924973 -25.097906 20 20
33.181618 234.924652 -34.849243 20 20
6.450878 285.011719 -6.370399 20 20
18.823406 264.701477 -7.187803 20 20
40.195408 233.030060 -29.693020 20 20
12.580964 291.396362 3.213468 20 20
16.437038 274.137939 -33.717602 20 20
-17.347111 253.117630 21.747362 21 21
6.002162 284.495789 8.146994 21 21
-15.558232 257.175079 17.719463 21 21
-37.104347 274.326508 22.024574 21 21
-4.122777 274.620636 38.005848 21 21
-27.374613 279.355743 17.246307 21 21
2.364178 278.077942 -5.581173 21 21
-23.356638 277.208221 20.544899 21 21
-13.857640 280.740417 13.167732 21 21
-0.924463 282.919159 -7.372999 21 21
-32.776791 269.272400 5.776786 22 22
-35.766380 265.438538 -11.414814 22 22
-32.833130 267.902649 -2.575407 22 22
-38.622608 267.692993 -19.525248 22 22
-46.170509 120.405243 31.434799 23 23
-58.036316 127.410767 18.794182 23 23
49.370602 201.206161 59.687370 24 24
53.709637 212.769043 55.636013 24 24
36.493114 227.177475 57.758499 24 24
49.087318 204.574585 64.051071 24 24
40.570980 240.617722 52.180649 24 24
54.376427 250.651688 54.272491 19 24
30.263571 232.489166 53.256470 24 24
44.862423 263.820526 53.800152 19 24
36.317204 263.416321 20.192436 25 25
50.204338 223.864243 16.716991 25 25
30.912590 265.435089 29.823950 25 25
27.967239 266.145050 18.365080 25 25
-6.703815 248.348358 30.384066 26 26
-9.362825 236.919434 59.321564 26 26
22.766853 223.990707 70.499336 26 26
12.718236 222.795731 66.790421 26 26
19.272724 255.963577 44.872246 27 27
18.972799 250.854874 54.342934 27 27
3.883838 254.950958 11.993935 27 27
0.268386 249.142395 15.814788 27 27
17.964891 251.063309 49.188854 27 27
11.578770 278.646576 -5.136812 27 27
1.934506 250.531418 57.939182 28 28
-2.355079 241.240067 66.469254 28 28
15.609771 263.242950 54.165558 28 28
37.584740 97.293304 -8.327130 29 29
32.649387 96.133568 -2.882786 30 30
-5.511304 107.959976 -24.832525 31 31
17.092182 141.383713 -13.280398 32 32
27.668535 137.500137 -21.128113 33 33
-50.028709 87.144089 -12.129868 34 34
-48.110924 66.883369 -25.369213 34 34
10.865607 136.022217 -14.043914 35 35
10.571384 98.869308 11.684946 36 36
26.620646 90.751732 16.763966 37 37
13.237878 92.702866 -2.671312 38 38
16.313286 118.830994 -9.987450 39 39
-10.577257 114.210457 -16.401621 40 40
-57.044289 116.282501 3.480338 41 41
-49.903088 109.756126 -8.084845 41 41
-24.968849 140.691162 -64.803070 42 42
-17.341621 139.283722 -80.000061 42 42
-22.140276 133.093704 -82.535629 42 42
-22.941479 129.648193 -48.552094 43 43
-21.251371 132.218460 -39.808830 43 43
-18.356945 140.306381 -52.430714 43 43
-27.576714 98.641937 30.977531 44 44
-33.852001 110.120277 26.992847 44 44
121.197060 142.909836 -63.105820 45 45
104.327980 155.249115 -76.208221 45 45
115.639313 147.457382 -60.182800 45 45
92.532562 161.133301 -66.457039 45 45
121.581596 142.747025 -75.116516 45 45
78.482018 165.464081 -65.216324 45 45
119.860199 137.889679 -71.300858 45 45
