-37.654663 92.872635 -4.858992 0 0
-15.260650 217.557526 -21.834492 0 0
-22.420313 66.469666 3.673003 0 0
-16.453516 57.201408 -2.588866 0 0
-16.640415 52.740185 -48.502247 0 0
-16.778416 203.151901 9.507722 0 0
25.428312 50.167690 -33.498470 0 0
-10.787918 123.519783 9.502992 0 0
-3.581724 1.468687 -1.267920 0 0
-20.378155 195.654144 9.409438 0 0
-12.143399 177.355896 -5.378274 0 0
-21.609135 199.961380 13.873465 0 0
9.624605 90.458794 -4.222086 0 0
-8.876343 24.734972 -1.607055 0 0
-13.464283 214.005402 11.492790 0 0
-2.766214 48.047527 -6.333395 0 0
-8.348259 0.880422 -1.927109 0 0
-58.084145 117.534363 -14.333499 0 0
-9.666426 58.173790 -7.145429 0 0
-51.013000 104.960571 -11.827353 0 0
-9.414054 81.380707 -0.842453 0 0
-12.566773 170.991745 5.208372 0 0
-11.364293 79.976112 6.641144 1 1
-63.780041 168.421173 -55.990200 2 2
-58.984959 169.873856 -52.979588 2 2
-82.501190 151.388824 -82.175049 2 2
-80.716721 170.117844 -44.627308 2 2
-73.902046 166.865051 -58.451847 2 2
11.464195 82.746521 -37.244236 3 3
1.139959 76.437828 -39.145782 4 4
17.418167 77.367393 -23.565481 5 5
71.131607 123.624634 -26.274946 6 6
101.487534 112.175041 -6.984412 6 6
62.760754 131.806641 -11.130621 6 6
94.653458 111.413109 -15.910908 6 6
57.711472 128.176620 16.427893 7 7
53.428066 125.261749 27.937162 7 7
46.419998 126.309692 3.964468 7 7
58.551548 127.413803 20.296587 7 7
34.328079 124.941162 -26.349852 8 8
55.506351 108.470612 -45.351524 8 8
51.361843 124.085854 -28.482725 8 8
45.353321 121.837303 -21.922529 8 8
44.095776 106.035599 7.415905 9 9
70.503372 86.955605 12.508716 9 9
29.690538 141.462646 -29.228952 10 10
28.934174 145.560318 -22.102804 10 10
4.278014 148.172531 -26.207890 11 11
-5.383506 137.928864 -34.928310 11 11
-35.877651 104.797394 31.022850 12 12
37.300915 95.690086 19.549685 13 13
34.579609 104.996178 11.773705 13 13
32.291973 109.249657 -1.239393 14 14
46.495144 101.531113 6.156746 14 14
72.595528 181.860504 73.912834 15 15
46.248013 186.053009 57.584499 15 15
68.692535 186.288773 73.919907 15 15
43.164894 183.436981 64.567619 15 15
58.142456 189.497711 64.021233 15 15
46.706268 260.047424 17.406158 16 16
29.456436 260.341156 22.715126 16 16
27.751635 263.860596 28.330963 16 16
62.032631 247.589478 36.780155 16 16
48.085270 259.283295 38.494434 16 16
12.274968 251.342178 20.733902 17 17
12.419855 223.409821 59.917545 17 17
9.359802 239.043732 44.547085 17 17
16.373781 253.985184 21.733513 17 17
16.633610 225.930084 55.072731 17 17
19.694798 250.519989 23.430103 17 17
-9.922871 236.071945 52.508564 17 17
33.192966 184.951004 44.914810 18 18
41.084068 184.556198 41.640327 18 18
36.583256 180.804596 29.114201 18 18
37.244801 186.222336 43.827934 18 18
21.801210 185.365753 25.149368 18 18
37.696957 179.642899 66.576256 19 19
17.462532 174.576721 67.792992 19 19
13.767211 175.781021 64.907066 19 19
21.744732 179.003143 62.257046 19 19
15.211215 183.100189 47.027180 19 19
30.048769 176.107101 76.705414 19 19
-61.491413 164.885864 -26.366961 20 20
-72.417267 153.643295 -4.914764 20 20
-52.476990 167.239212 -21.151596 20 20
-54.015228 169.074585 -24.769344 20 20
-76.777306 154.852661 -32.292465 20 20
-55.012817 159.975830 -42.113228 20 20
-28.147320 142.854309 -65.577728 21 21
-49.309273 162.461838 -30.027445 21 21
-34.492470 153.144821 -53.615978 21 21
-32.028824 166.173538 -46.329628 21 21
-47.734570 149.418533 -56.791687 21 21
-31.925924 155.386810 -51.910343 21 21
-104.273109 205.781097 26.549330 22 22
-100.146812 211.971298 19.504120 22 22
-109.800583 204.883072 4.002938 22 22
-85.695915 225.188629 15.089741 22 22
-99.515625 213.201370 10.465615 22 22
-92.411407 225.209320 21.175856 22 22
-88.371307 223.662796 11.442141 22 22
32.925804 52.252171 -33.008831 23 23
43.246723 40.012447 -28.572334 23 23
-61.986343 141.285614 -15.864285 24 24
-74.971550 119.893044 -31.801033 24 24
-49.201653 138.480103 -28.211567 25 25
-35.268826 135.314758 -35.172485 25 25
-56.303551 109.062523 -36.595249 26 26
-59.687115 122.039597 -25.244341 26 26
-66.988388 220.132278 37.849937 27 27
-60.369698 233.082123 28.522173 27 27
-64.119507 230.071808 43.466682 27 27
-78.560158 205.063171 56.486549 27 27
-66.731148 218.003601 56.587490 27 27
-62.643997 242.719086 25.492317 27 27
-82.719284 230.202301 30.610991 27 27
-62.367611 227.125076 -15.621873 28 28
-75.216736 232.071243 -7.130104 28 28
-57.362907 234.095459 -17.668905 28 28
-85.061859 228.738144 -3.874272 28 28
-76.350945 207.313660 -27.406057 28 28
-65.276993 224.423538 -17.001860 28 28
-83.887688 232.710724 -3.819243 28 28
-71.783401 215.617874 -18.861382 28 28
7.518128 137.603470 -22.510405 29 29
9.801263 138.164154 -0.519131 29 29
-65.588760 119.327957 -14.081617 30 30
-76.978966 117.099380 -10.658371 30 30
-68.622849 120.681122 2.682451 30 30
-47.787193 98.599373 18.325291 31 31
-22.496351 102.784477 19.499784 32 32
-54.598976 129.234268 -0.250526 33 33
-40.545921 140.256287 -5.893856 33 33
-51.284561 139.114426 -8.018637 33 33
-25.374184 10.309276 -113.314560 34 34
-26.127094 25.882479 -104.150124 34 34
-20.907061 35.077015 -101.473633 34 34
-21.209566 44.973255 -91.248520 34 34
-29.655622 108.899109 19.855459 35 35
11.365658 212.103790 -38.097431 36 36
-19.502647 210.273392 -39.685898 36 36
-9.902989 189.573517 -57.682785 36 36
-16.356758 206.571640 -44.049892 36 36
-28.158234 209.348099 -41.833546 36 36
6.407446 215.196259 -30.940323 36 36
-3.627406 257.255005 2.957407 37 37
23.608402 242.770233 -24.812029 37 37
-6.921342 259.485016 -5.053207 37 37
5.290638 251.313522 -4.469779 37 37
29.236980 245.450256 -13.223217 37 37
15.137922 250.462463 4.541555 37 37
-0.853080 254.106903 -8.618004 37 37
12.297979 240.677689 -19.165588 38 38
37.235283 219.374527 -34.399033 38 38
33.337353 225.316696 -24.057695 38 38
17.699862 228.112869 -47.944397 38 38
34.607674 234.264420 -29.125280 38 38
46.136047 226.433838 -23.420256 38 38
38.876900 238.190735 -22.276920 38 38
36.145084 220.294769 -47.623680 38 38
-32.295078 241.358643 11.880261 39 39
37.523064 221.855865 7.017090 39 39
-11.261417 250.916565 19.047039 39 39
12.919052 232.568939 23.242361 39 39
-15.492948 238.896713 -8.870439 39 39
28.977800 234.096130 15.421576 39 39
-9.146800 232.058655 28.097980 39 39
15.261167 227.648483 -11.887296 39 39
35.435322 225.067001 14.364127 39 39
-20.875681 235.313583 19.745850 39 39
-5.977323 229.740997 27.172121 39 39
-0.793182 249.258118 11.287004 39 39
38.817188 225.050674 11.357830 39 39
2.318708 245.663681 -10.634663 39 39
26.858255 240.993073 3.175519 39 39
-15.347576 238.411880 -13.372291 39 39
-27.706963 232.470718 2.173104 39 39
-0.123750 236.849243 -18.864660 39 39
6.066011 100.916962 -0.451525 40 40
1.288686 100.776543 -7.976363 41 41
15.605093 97.446053 3.059080 42 42
-21.937178 132.533981 -21.931717 43 43
-30.066776 129.771713 -24.323902 43 43
-33.536793 141.341263 -21.059349 44 44
-33.122417 117.506729 -8.123733 44 44
-14.939393 126.543167 -5.123449 44 44
-32.259747 116.813873 2.736363 44 44
-26.565434 51.575989 -79.170135 45 45
-48.865044 37.369381 -63.246410 45 45
-54.941101 33.475513 -57.139404 45 45
0.669259 60.137672 -65.838173 46 46
9.895012 42.436157 -91.833305 46 46
-10.752769 47.206909 -89.073563 46 46
34.771866 43.863953 -48.763195 47 47
33.464691 47.915943 -44.479347 47 47
21.808975 49.525501 -39.663040 48 48
22.619139 44.638157 -45.455193 48 48
-92.585625 106.050537 -36.082939 49 49
-100.612358 102.307182 -23.033350 49 49
-103.534187 99.485023 -26.155813 49 49
