-2.932926 29.240673 3.272606 0 0
-4.341708 70.001740 -3.520656 0 0
9.929908 75.524742 -11.762899 0 0
-6.338068 85.528496 5.073234 0 0
-11.033203 84.641098 19.326254 0 0
-2.435132 113.891212 -45.825977 0 0
1.725906 71.788696 1.706979 0 0
-5.054749 74.241287 -7.206003 0 0
-17.042110 215.892029 11.160951 0 0
26.229347 148.327728 24.105930 0 0
-19.931128 58.076939 7.006434 0 0
-42.595352 179.321640 -6.915172 0 0
-6.167105 80.245369 7.210601 0 0
-17.692104 183.299454 11.781915 0 0
1.041890 57.845860 4.268739 0 0
-5.446577 89.738258 26.130657 0 0
-13.539552 137.855225 -70.029633 0 0
-23.432499 146.009323 5.266704 0 0
-44.394753 175.282043 -5.831632 0 0
-9.785044 173.138641 16.695671 0 0
-33.517399 208.988007 9.777736 0 0
7.534334 64.373680 -7.895933 0 0
7.217377 77.128670 -4.526637 0 0
11.238294 42.861240 -10.515408 0 0
-18.269142 187.423950 12.145468 0 0
-27.440100 157.412537 -1.264422 0 0
1.776578 53.151016 112.630814 1 1
-13.063695 74.413010 92.234146 1 1
-2.093448 46.471012 116.481903 1 1
-12.356647 50.973301 114.092484 1 1
-14.861135 54.506779 112.757751 1 1
-61.333797 35.180382 19.236946 2 2
-53.028542 41.768982 19.252462 2 2
-81.730927 91.041306 17.047771 3 3
-90.228340 83.307457 11.483295 3 3
-89.232628 84.212181 4.190163 3 3
-75.750702 72.984962 36.410393 4 4
-79.185371 75.308846 37.374844 4 4
-74.956078 70.768723 42.648994 4 4
-122.817467 188.537506 -19.705952 5 5
-145.070816 170.178223 -42.259956 5 5
-113.216614 203.494827 -20.963980 5 5
-135.371536 185.746216 -16.194311 5 5
-117.860260 199.160843 -33.044857 5 5
-104.310509 199.998947 -29.962862 5 5
-120.992653 197.061005 -28.898935 5 5
-131.730469 191.615997 -12.542207 5 5
-129.428726 198.712234 -12.225151 5 5
-137.868561 173.135757 -41.954597 5 5
-107.360962 197.102463 -32.246517 5 5
-59.992512 52.290173 -9.266764 6 6
-55.722977 48.257595 -16.512238 6 6
-56.321209 40.586807 -23.497438 6 6
-62.352283 96.332520 9.511424 7 7
-65.170975 76.168335 -12.912796 7 7
-71.080284 87.960075 2.183400 7 7
-48.166370 82.870041 -46.908047 8 8
-44.293724 86.198936 -46.381599 8 8
-40.637276 91.869789 -28.064016 8 8
4.309159 214.177567 81.783424 9 9
-12.854513 219.389801 89.695648 9 9
11.930986 232.444870 68.922691 9 9
18.176664 225.220581 72.782082 9 9
-12.662079 207.861618 91.966980 9 9
14.321811 206.968185 90.727303 9 9
-10.905412 215.501526 91.113136 9 9
-9.242812 209.004456 89.877861 9 9
-2.159856 219.175934 80.977356 9 9
10.457573 223.682724 23.052837 10 10
18.380159 218.196014 55.845573 10 10
3.223132 233.321564 42.925243 10 10
-3.120433 226.871140 46.119003 10 10
2.716920 234.474579 53.756813 10 10
18.574499 218.390823 49.424519 10 10
27.423075 197.842941 29.869173 10 10
-1.322971 234.875122 46.600250 10 10
21.764727 211.432953 48.313515 10 10
1.220292 224.860657 40.287800 10 10
52.422318 169.523224 73.831261 11 11
57.389900 162.450134 72.110023 11 11
46.555016 191.475723 48.766781 11 11
45.706455 152.135605 81.225197 11 11
63.854668 182.285416 51.448410 11 11
28.809319 181.978851 64.381096 11 11
50.870182 188.054688 52.675709 11 11
39.016056 185.979126 48.653835 11 11
55.074417 155.300903 80.150482 11 11
63.265781 178.068909 53.339458 11 11
25.637653 172.977814 74.464584 11 11
-39.720177 107.710274 -126.442543 12 12
-46.880466 131.663116 -93.098396 12 12
-40.273102 115.275711 -118.297577 12 12
-40.842735 129.756897 -105.169281 12 12
-40.801201 100.517471 -128.577255 12 12
61.601250 180.141083 16.120449 13 13
39.640526 173.387665 31.540070 13 13
53.342056 189.130173 15.526310 13 13
54.889355 181.457428 27.535652 13 13
52.786293 159.216629 -3.061023 13 13
35.648079 179.788269 22.874727 13 13
41.090893 197.685287 22.796297 13 13
51.561241 185.297485 25.523912 13 13
27.268429 180.484268 29.193323 13 13
48.163761 160.858414 -4.626127 13 13
60.497467 195.534897 30.995319 13 13
39.465275 191.548599 34.030968 13 13
-16.741680 224.899002 41.573761 14 14
-35.434765 220.629166 54.731529 14 14
-19.009098 227.035507 61.979317 14 14
-35.536678 208.154694 51.354549 14 14
-44.804199 220.104736 43.726715 14 14
-38.028667 202.934708 72.454544 14 14
-32.362988 224.450989 24.120394 14 14
-42.854057 199.770370 53.637665 14 14
-11.962444 225.141998 38.780258 14 14
-13.384084 225.167145 33.520092 14 14
-43.840057 215.675125 57.690712 14 14
-48.450573 185.233963 60.257439 14 14
7.793491 83.445099 36.601006 15 15
11.877333 76.752960 53.081306 15 15
1.703313 93.603882 39.143803 15 15
-15.303694 89.674759 42.468674 16 16
-11.435507 88.110321 51.109051 16 16
-94.179588 175.625626 14.734530 17 17
-64.064636 202.056824 20.813433 17 17
-76.009987 192.450958 27.736618 17 17
-95.528786 167.931549 27.894373 17 17
-69.436241 200.310898 -3.091024 17 17
-75.865891 186.575150 42.311604 17 17
-93.100388 167.329254 31.757959 17 17
-95.688622 168.448975 36.294159 17 17
-88.106293 198.205719 -3.012835 17 17
-70.248802 195.308838 8.034162 17 17
-67.509758 198.085251 10.286045 17 17
-70.847794 203.539795 21.480618 17 17
-53.723030 218.212387 13.293861 18 18
-48.022568 220.223816 28.771589 18 18
-45.725933 221.139038 2.368456 18 18
-37.534927 217.246368 3.668539 19 19
-46.319149 216.001862 -17.294523 19 19
-42.499634 217.021423 -16.694006 19 19
-73.977791 212.042191 -9.747680 20 20
-79.209343 210.386520 -27.276995 21 20
-51.897762 222.255035 -2.680785 20 20
-45.928867 208.380371 -19.951054 21 21
-47.843697 201.495163 -23.662430 21 21
-51.041824 201.590363 -21.326706 21 21
-68.894447 200.283951 -24.992647 21 21
-73.282143 185.790756 -50.123722 21 21
-49.650700 193.670761 -43.519100 21 21
-67.998993 208.062424 -22.819515 21 21
-74.993217 206.863098 -22.482050 21 21
-70.503296 180.400879 -55.645630 21 21
-14.036387 79.635994 -33.367405 22 22
-14.562838 86.605293 -24.308792 22 22
-25.084888 88.247063 -34.113373 22 22
15.712606 103.807610 -73.655815 23 23
15.843692 111.280777 -77.348984 23 23
-5.607593 133.455933 -79.185448 23 23
17.715176 115.803230 -77.080940 23 23
17.353041 117.698143 -66.378189 23 23
13.197973 129.306274 -69.884827 23 23
-5.531175 131.660797 -71.127296 23 23
14.318529 135.134628 -57.216347 23 23
-42.449352 81.728256 -19.286728 24 24
-38.972778 74.737808 -0.888278 24 24
-38.338848 78.965271 -10.232683 24 24
4.968124 87.840652 20.019247 25 25
13.404297 77.998993 24.978781 25 25
-1.910721 79.761124 -1.961148 26 26
-18.861277 80.589668 3.335430 27 27
2.827581 85.053040 13.432592 28 28
-23.121607 133.543854 -69.310234 29 29
-36.905144 117.124527 -56.468781 29 29
-28.657475 129.550888 -54.080357 29 29
-27.031040 132.677597 -50.588779 29 29
-43.683273 103.825897 -74.024429 29 29
-30.046316 130.852249 -66.524513 29 29
-44.629433 113.233994 -50.532478 29 29
-21.869812 65.436783 85.071098 30 30
-21.814529 72.325150 60.811275 30 30
-34.646595 42.660618 81.111153 30 30
-30.215349 70.702362 61.057030 30 30
-24.968920 65.388817 70.837852 30 30
-21.542179 63.642376 79.554672 30 30
-17.763031 71.917091 81.518456 30 30
5.073205 79.919624 72.891785 31 31
21.998268 60.403572 68.195137 31 31
17.808184 77.494370 61.655678 31 31
11.665586 68.705040 78.705994 31 31
23.678413 61.334366 77.505836 31 31
1.091026 75.734268 71.049141 31 31
9.848039 70.705673 69.901047 31 31
-3.488111 9.932792 4.271991 32 32
13.864990 4.982924 25.096659 32 32
12.635627 8.050370 23.244015 32 32
7.094715 11.570324 -15.796022 33 33
-0.556586 16.338243 -10.867148 33 33
-63.077789 42.711292 -5.979887 34 34
-73.549751 27.988087 -1.275764 34 34
