0.320595 39.582958 0.276574 0 0
0.743200 2.069122 3.322335 0 0
-0.132157 2.967599 0.806092 0 0
0.685288 53.278988 14.160269 0 0
0.469347 43.779934 9.030829 0 0
0.467506 3.949872 3.395705 0 0
1.127247 30.015802 3.209307 0 0
2.357910 24.165398 1.915070 0 0
0.649973 23.789595 3.121320 0 0
2.768808 33.887283 3.958746 0 0
2.085678 47.512028 10.832755 0 0
0.983293 36.407753 3.382834 0 0
0.267979 37.999657 2.352824 0 0
0.848312 36.716862 4.599316 0 0
0.520797 28.021538 2.873145 0 0
1.491841 55.151100 16.364189 0 0
-0.192565 53.814083 14.804213 0 0
3.680686 21.574690 -5.391560 1 1
-0.174454 18.663544 -10.944247 1 1
3.307064 21.791578 -4.215310 1 1
15.404194 11.702607 -19.873634 1 1
9.603474 13.200404 -18.371805 1 1
23.679049 12.052441 -20.377327 1 1
16.327700 19.683254 -10.288960 1 1
16.513168 12.926727 -20.678034 1 1
17.425579 11.453024 -22.033199 1 1
5.556239 17.199299 -10.401340 1 1
23.069412 20.281469 -11.500357 1 1
19.134853 12.438856 -20.686613 1 1
12.088380 18.079885 -8.540785 1 1
17.593765 20.670130 -7.814467 1 1
6.765540 13.326812 -18.275007 1 1
3.771606 21.041956 -1.789006 1 1
16.423607 10.852099 -22.769623 1 1
14.252471 13.417691 -20.154230 1 1
27.890238 19.730804 -18.667299 1 1
9.481529 18.994934 -5.999309 1 1
24.977385 19.453598 -4.954484 1 1
20.177645 16.867899 -0.462097 1 1
28.257004 20.497894 -17.746290 1 1
26.082415 20.900347 -6.973530 1 1
1.259898 20.620998 -10.441963 1 1
28.666296 18.986654 -19.272806 1 1
2.519694 19.044168 -12.776603 1 1
14.075318 19.563993 -2.022272 1 1
23.163921 10.123211 -22.220301 1 1
14.683690 12.991623 -17.980225 1 1
24.551794 13.993902 -18.918943 1 1
19.191147 17.915854 -2.959416 1 1
14.737426 13.590891 -16.937595 1 1
-2.794890 20.684668 -9.977985 1 1
25.659466 10.969001 -22.560951 1 1
19.703690 10.691688 -22.445555 1 1
26.455662 16.586620 -19.692186 1 1
-12.060884 24.937737 -4.706510 2 2
-21.084064 26.249132 3.012925 2 2
-33.054958 19.931171 -3.513549 2 2
-31.857082 20.105110 -6.879532 2 2
-21.842762 22.337933 -18.202061 2 2
-25.115974 22.806974 -2.614670 2 2
-25.072626 20.998096 -14.904982 2 2
-21.049393 22.813540 -10.527583 2 2
-24.619301 22.622482 -18.077539 2 2
-7.333957 23.681263 0.365680 2 2
-25.295158 22.275160 -14.839444 2 2
-9.424590 23.845900 -9.289361 2 2
-23.294109 25.424093 1.045386 2 2
-22.408875 21.030336 -15.047952 2 2
-29.390142 21.030392 -11.562982 2 2
-8.377848 23.694206 -8.814446 2 2
-13.537154 24.723450 -13.018248 2 2
-24.421532 22.357578 -10.056551 2 2
-12.816141 22.586788 -9.103108 2 2
-6.754693 24.538668 -2.045169 2 2
-23.721804 21.328152 -10.993176 2 2
-28.617247 23.988472 1.652045 2 2
-23.376041 22.500021 -14.136603 2 2
-22.258360 21.334023 -12.625792 2 2
-17.945881 24.920248 0.066393 2 2
-24.060059 24.324791 1.659513 2 2
-34.101219 20.029982 -15.795995 2 2
-32.084614 21.036180 -1.592887 2 2
-29.505394 23.312096 1.464744 2 2
-31.537106 21.317987 -15.822904 2 2
-21.737617 21.647930 -10.347975 2 2
-14.758002 26.561970 4.308009 2 2
2.827301 59.548553 22.562088 3 3
-0.263051 43.029583 53.816372 3 3
-6.229986 47.989037 49.454720 3 3
-0.902361 47.031837 48.821968 3 3
-9.197058 56.426720 31.581617 3 3
-6.491673 54.738186 33.754597 3 3
-4.529069 56.743851 25.925364 3 3
1.813120 45.354141 48.300793 3 3
8.792879 45.949913 49.943974 3 3
-9.488823 52.252708 39.896328 3 3
-7.677170 51.064922 40.279232 3 3
-1.093681 52.853912 29.055681 3 3
-1.427947 51.241467 34.145718 3 3
2.650925 49.302452 37.108116 3 3
-6.090452 57.692856 26.302191 3 3
2.917325 48.121010 40.839622 3 3
-1.346603 55.183186 25.235037 3 3
-0.077920 45.270245 53.522888 3 3
-3.774974 52.673306 32.100441 3 3
10.578391 47.964264 47.782089 3 3
-6.479253 50.559029 43.999889 3 3
-2.185537 57.551926 19.593594 3 3
-3.128352 49.181450 41.888607 3 3
2.999737 42.584621 56.915787 3 3
3.437412 51.726036 34.814415 3 3
-8.175401 53.518337 36.164345 3 3
-0.647468 55.147526 24.040928 3 3
-5.984426 58.794830 24.370892 3 3
-2.352308 54.458675 25.575089 3 3
11.239022 49.018959 45.853081 3 3
9.958105 48.860607 44.117405 3 3
6.961511 52.657120 34.164036 3 3
-1.929787 47.684841 45.341805 3 3
6.328463 45.678890 51.022282 3 3
-4.753640 48.518269 47.413296 3 3
9.383779 50.237839 43.023270 3 3
30.289597 44.821514 18.053978 4 4
16.269432 51.972446 14.424223 4 4
25.543467 47.657215 18.418449 4 4
9.631784 55.365330 10.308843 4 4
38.640667 43.035091 19.866495 4 4
32.463272 45.144299 21.314144 4 4
20.354984 49.834919 12.065411 4 4
24.813951 46.682320 16.157288 4 4
6.822281 54.330387 17.023060 4 4
9.713254 53.309715 16.666859 4 4
3.998645 54.506664 16.648737 4 4
17.348034 49.552597 19.307730 4 4
20.300600 47.885761 22.587151 4 4
18.823460 50.191193 12.623731 4 4
29.031052 46.222523 21.149418 4 4
25.328136 46.628986 19.031097 4 4
25.048483 48.368599 11.466816 4 4
18.654352 52.794662 7.774307 4 4
32.438217 45.148144 13.341945 4 4
33.939083 44.603996 15.629473 4 4
33.079247 43.976379 18.948196 4 4
20.768122 48.421661 19.100029 4 4
19.565346 51.175568 10.137659 4 4
16.323364 49.942814 17.879005 4 4
27.674910 46.841839 19.376398 4 4
10.360908 55.680237 11.663573 4 4
7.685030 55.477913 13.239674 4 4
23.972879 49.371288 13.140121 4 4
-19.948187 36.188431 18.673046 5 5
-12.735682 45.233456 20.400352 5 5
-21.954355 39.256664 13.354008 5 5
-14.894344 40.486996 28.366421 5 5
-16.124626 44.698048 13.343916 5 5
-21.669865 34.629425 18.707045 5 5
-17.866400 37.867390 18.729681 5 5
-11.530109 47.181179 27.634399 5 5
-19.283894 38.458836 22.659880 5 5
-16.562075 40.705769 25.628841 5 5
-5.583520 51.661903 13.393122 5 5
-25.292038 31.124710 23.480265 5 5
-8.578691 46.620491 19.834362 5 5
-18.003262 37.736774 27.493641 5 5
-9.944162 48.755878 15.918175 5 5
-20.367311 39.521336 15.599329 5 5
-12.639891 41.989384 23.348036 5 5
-16.867611 40.448433 15.852786 5 5
-21.029358 37.091240 21.071579 5 5
-18.876823 34.505547 26.615705 5 5
-17.453133 36.239033 23.701790 5 5
-21.251009 36.315193 22.435364 5 5
-2.072991 54.156643 17.475689 5 5
-8.768766 48.510269 13.509457 5 5
-14.337117 48.393559 10.520160 5 5
-6.512410 53.869476 12.226031 5 5
-16.951929 36.920170 24.817068 5 5
-9.457152 50.324848 13.077792 5 5
-7.837899 50.195202 20.244024 5 5
-22.161724 31.461823 25.373180 5 5
16.655239 52.549820 -11.638040 6 6
14.249982 54.090157 -8.895792 6 6
17.351124 53.494118 -12.116279 6 6
5.557842 45.075081 -1.629862 6 6
7.996657 47.959476 -5.762050 6 6
4.601661 44.454029 -1.989348 6 6
-4.093609 47.681877 -9.413501 7 7
-6.954973 49.292339 -17.491125 7 7
-7.545098 46.342361 -13.638575 7 7
-7.228374 46.566116 -18.949587 7 7
-2.092532 48.997131 -9.208379 7 7
-10.254322 47.038803 -23.747919 7 7
-10.876981 48.105247 -21.920237 7 7
-9.609829 48.526417 -19.663549 7 7
-11.568501 45.676628 4.040493 8 8
-11.202156 45.256351 0.525081 8 8
-10.024154 48.018070 0.611193 8 8
-19.309870 46.407291 2.168194 8 8
-3.698301 42.897026 0.223899 8 8
-14.393671 46.815399 0.965439 8 8
