-12.070265 52.801235 13.478277 0 0
0.912299 57.266777 -5.514774 0 0
0.234748 83.955429 5.260327 0 0
6.129150 198.443054 8.833183 0 0
-20.589844 52.340462 29.895771 0 0
-4.271520 0.974212 0.096741 0 0
-5.670408 13.868249 -1.261599 0 0
-25.585619 176.908386 3.242126 0 0
-8.775492 218.209137 4.752701 0 0
-7.503386 100.286232 -0.766015 0 0
2.042902 190.987930 7.063461 0 0
-4.485400 34.298641 1.681742 0 0
-4.627414 94.589684 -1.008300 0 0
-11.897164 85.193382 1.915545 0 0
-14.760703 82.017776 0.864730 0 0
-4.682426 129.674637 0.365440 0 0
-2.122458 164.212677 3.193760 0 0
-16.594812 67.995628 20.290510 0 0
-3.758901 157.524918 0.877969 0 0
-32.452255 102.653679 14.066142 0 0
-13.513411 58.214725 14.164065 0 0
19.595913 86.825775 -13.763933 0 0
27.503307 28.009066 -31.857033 1 1
35.515251 28.334810 -42.987267 1 1
28.084560 31.844887 -31.962553 1 1
-55.639404 125.604439 5.485308 2 2
-52.208897 128.511292 13.041828 2 2
-49.081314 128.264542 10.142570 2 2
-63.324780 112.908783 -19.812889 2 2
-59.028179 124.984352 2.990029 2 2
-43.222088 122.556541 34.565559 3 3
-24.837860 93.825356 65.788544 3 3
-31.817577 100.898781 62.207203 3 3
-45.330181 117.217529 44.885792 3 3
-29.985197 122.292427 37.927341 3 3
35.354343 207.444794 60.377052 4 4
26.838154 212.897171 60.645088 4 4
27.694740 196.104324 66.716736 4 4
25.820910 232.336395 43.621277 4 4
24.719482 236.510086 45.282169 4 4
32.750267 230.863525 47.090042 4 4
-13.639689 12.908825 10.054468 5 5
-8.768492 11.952240 11.822604 5 5
59.377110 158.813126 45.112194 6 6
-36.236080 56.295639 1.982106 7 7
25.789549 11.521819 -11.004866 8 8
32.973240 20.303669 -17.392670 8 8
10.320584 31.279633 -48.329624 9 9
17.863482 32.370937 -30.828407 9 9
-19.112873 3.900940 2.830778 10 10
-27.513502 -0.028698 2.658068 10 10
20.892805 199.274231 -27.574993 11 11
-1.612573 162.655807 -51.794571 11 11
19.511425 199.125992 -33.205112 11 11
33.454094 200.732132 -18.877789 11 11
-2.799672 173.729279 -33.453911 11 11
15.938540 191.673035 -30.756056 11 11
1.474425 166.442093 -48.902508 11 11
14.370422 202.996689 -14.708031 11 11
-5.971373 191.311920 47.332550 12 12
0.521949 219.101883 49.591961 12 12
7.715290 234.993240 33.964722 12 12
7.356898 238.833298 30.115280 12 12
-9.554539 211.658524 35.895229 12 12
-10.603374 197.606415 43.919025 12 12
-2.972802 230.063248 36.390400 12 12
51.296432 194.799072 1.305817 13 13
50.324009 191.053177 16.547789 13 13
46.126717 200.583817 -3.173665 13 13
46.921543 172.917114 27.352411 13 13
54.102039 192.067154 7.164185 13 13
41.995934 200.304306 -20.050541 13 13
44.205170 201.329163 -11.206553 13 13
48.708427 196.826920 9.362981 13 13
38.766815 156.036835 43.805016 14 14
42.102238 155.761047 43.367023 14 14
67.043938 137.825272 15.076652 14 14
45.650375 156.229111 26.396286 14 14
49.858322 153.594803 5.504967 14 14
36.246414 224.734055 18.557304 15 15
15.721845 241.567093 19.831255 15 15
39.101269 216.463242 9.265814 15 15
34.947208 223.866516 24.865498 15 15
28.083677 229.558670 24.151192 15 15
4.106341 123.810654 83.558319 16 16
10.675596 144.713348 69.489815 16 16
5.156074 145.850037 67.720444 16 16
4.849745 136.106232 75.318405 16 16
5.625165 140.043533 73.610893 16 16
8.599441 142.610962 71.781380 16 16
30.018337 108.800003 -26.464127 17 17
32.294823 109.173492 -29.936069 17 17
5.265376 105.490387 -56.949524 17 17
76.153450 102.588654 -29.881771 18 18
64.270355 108.151093 -25.163237 18 18
45.195084 108.644310 -18.762518 18 18
69.293480 108.614067 -18.403297 18 18
64.400970 108.527641 -40.259125 18 18
31.381138 102.032837 4.897755 19 19
31.857317 100.727364 -1.413468 19 19
34.996208 101.539818 3.571439 19 19
36.475964 100.284859 13.081796 19 19
-15.399205 64.570045 -1.704652 20 20
-24.258444 63.857151 10.256666 21 21
-9.006401 76.309875 46.404549 22 22
-10.590974 76.643936 49.722004 22 22
-27.106829 78.175766 33.342632 23 23
-29.281458 54.677258 53.229576 24 24
-30.971050 42.641582 69.157829 24 24
-24.800722 57.608593 57.883789 24 24
-3.730381 54.288685 59.571014 25 25
-7.038424 58.631195 52.616093 25 25
-18.084694 58.302986 55.605450 25 25
-37.073570 70.485474 34.424305 26 26
-44.572121 68.137497 31.794100 26 26
-43.266418 60.451935 45.636189 26 26
8.777861 74.078163 24.217459 27 27
-4.829658 77.604904 21.379271 28 28
-19.493410 77.256317 37.097172 29 29
-0.766273 74.796494 28.407373 30 30
-89.277954 168.211853 44.689102 31 31
-75.399460 182.304276 27.792381 31 31
-58.425522 191.522629 14.619538 31 31
-73.234032 179.558167 38.500755 31 31
-56.310097 187.911469 37.953819 31 31
-47.088245 188.899750 33.757984 31 31
12.726168 103.494919 6.237683 32 32
-42.186371 224.838074 13.819773 35 33
-43.479908 217.073029 20.953465 33 33
-28.434460 206.205078 45.924408 33 33
-31.276875 190.192902 55.335808 33 33
-30.235388 214.640350 26.441095 37 33
-38.812702 223.802795 17.338087 33 33
-38.716812 223.084824 24.092049 33 33
-34.656422 215.751785 21.889769 37 33
-35.339733 208.304886 45.339790 33 33
-28.675940 166.613358 51.931316 34 34
-12.169646 165.727859 47.287430 34 34
-29.958519 179.536835 25.648964 34 34
-8.461717 171.081741 44.073143 34 34
-21.131763 180.941284 28.394188 34 34
-17.787287 173.631134 45.763836 34 34
-21.919186 177.193192 20.118412 34 34
-64.343964 206.555588 -18.892179 35 35
-73.723351 178.687149 -14.251686 35 35
-55.566242 211.733963 -17.773716 35 35
-63.073662 225.298294 2.544154 35 35
-43.561039 224.082809 10.222691 35 35
-47.060940 223.255310 11.402181 35 35
-60.148598 201.289551 -23.052818 35 35
-70.535637 179.315247 -16.762794 35 35
-67.999657 191.444687 -23.311100 35 35
-47.136627 223.942245 7.195571 35 35
-55.200195 217.967361 -2.209303 35 35
-30.769184 231.488266 -11.832720 36 36
-38.470547 227.483063 -5.149238 36 36
-32.948051 212.065826 15.469544 37 37
-31.527025 214.349365 12.306957 37 37
-28.240904 224.032501 -4.076834 38 38
-15.780365 227.967560 -14.484037 38 38
-24.494690 228.584030 -2.447944 38 38
-1.414362 226.476837 -1.338794 39 39
4.382279 229.189072 9.147300 41 40
-1.313217 225.766052 6.641180 41 41
-31.759531 189.550461 -22.403465 42 42
-28.870483 193.544922 -13.484784 42 42
-33.573254 191.537888 -16.530830 42 42
-23.187155 189.325912 -25.941000 42 42
-34.380535 175.511276 -39.245529 42 42
-30.263050 178.654556 -40.568451 42 42
-35.568344 194.897171 1.481799 42 42
104.574638 179.061172 -45.874310 43 43
56.657494 209.084442 -28.561831 43 43
51.290470 205.952301 -26.128925 43 43
92.394188 195.687790 -28.051699 43 43
68.261108 207.660828 -20.207092 43 43
102.114311 184.766647 -43.466713 43 43
82.577904 196.774994 -30.485828 43 43
86.131310 197.408447 -30.542374 43 43
47.143375 149.036987 84.205276 44 44
57.673550 154.381531 73.246910 44 44
40.776848 152.873749 77.917892 44 44
53.943153 152.465683 75.162071 44 44
-58.179691 127.492439 41.506889 45 45
-81.541946 121.525787 47.611092 45 45
-80.854622 103.312607 65.512901 45 45
-77.100777 128.905746 42.691032 45 45
-65.773819 122.139130 49.426197 45 45
-65.320953 133.349960 30.871422 45 45
-89.709381 207.433014 21.829996 46 46
-92.409798 213.541580 22.058241 46 46
-106.097061 190.258087 26.656849 46 46
-117.633461 174.007156 29.138039 46 46
-89.653923 201.250107 28.466579 46 46
-76.717018 224.417145 26.879528 46 46
-103.733917 191.768967 24.882774 46 46
-95.244072 194.278442 34.567787 46 46
-101.739960 183.368744 34.998489 46 46
-108.669403 170.706497 36.765465 46 46
-109.472610 189.865921 24.119768 46 46
