0.328203 47.662983 35.106865 0 0
-2.983538 52.356525 2.523691 0 0
-1.654667 53.145061 4.374569 0 0
-1.892014 36.536808 0.405635 0 0
-0.765274 1.273950 1.414763 0 0
-11.277703 96.714119 -28.991381 0 0
5.385764 56.002186 51.157627 0 0
-1.407663 32.268055 0.002829 0 0
-6.943600 69.710793 -9.244404 0 0
-13.724558 94.587662 -23.974300 0 0
1.481099 52.552608 53.522297 0 0
-2.868908 44.764992 1.765155 0 0
1.421766 42.439358 1.431044 0 0
-1.741815 37.918331 8.266904 0 0
-5.522084 72.457001 -10.620529 0 0
-7.951579 92.351463 -22.728991 0 0
-5.177031 63.239067 -5.611207 0 0
-2.350777 27.730566 0.520893 0 0
0.130555 -0.289457 -0.458985 0 0
0.218090 57.699997 54.215549 0 0
1.416489 55.585300 3.637363 0 0
-2.309742 6.949272 -1.006196 0 0
-3.788151 87.123230 7.032832 0 0
10.058989 90.886108 12.290070 1 1
3.676730 88.859375 10.120972 1 1
-30.382998 86.842644 -23.662565 2 2
-23.224022 91.734039 -21.399870 2 2
-30.570099 85.710754 -27.779947 2 2
-24.257105 91.810974 -26.606405 2 2
-22.831539 91.442184 -14.941526 2 2
-16.377993 93.716476 -25.149126 2 2
-25.716904 88.923378 -6.002684 2 2
-32.888279 74.182320 -16.127581 2 2
-35.536270 71.296219 -15.977313 2 2
-24.819244 87.144325 -11.551483 2 2
-30.063335 81.714874 -4.500277 2 2
-26.654217 87.405693 -2.659308 2 2
-22.241657 89.705933 -15.528551 2 2
-23.253168 87.224564 -26.023664 2 2
-25.838116 88.845299 -15.153255 2 2
-32.073582 75.882507 -14.563850 2 2
-33.649326 78.467628 -4.730637 2 2
-29.349110 88.761772 -43.723770 3 3
-16.827291 97.235939 -43.985542 3 3
-28.686348 86.234863 -39.915474 3 3
-17.873840 99.288071 -35.001984 3 3
-32.047768 81.190399 -46.281723 3 3
-33.741596 90.409370 -35.398952 3 3
-28.410158 84.954628 -41.279716 3 3
-14.741086 96.741432 -52.149426 3 3
-17.761587 99.685448 -33.045162 3 3
-14.911637 96.746498 -49.979332 3 3
-26.854099 93.897491 -33.298962 3 3
-28.400309 75.152428 -55.518673 3 3
-27.864990 74.884109 -53.321095 3 3
-31.716993 87.188438 -37.250607 3 3
-22.976400 95.093140 -33.639137 3 3
-21.235037 88.749168 -48.362305 3 3
-22.244804 97.972588 -32.807255 3 3
-29.912374 69.539925 -55.637146 3 3
-26.148537 81.357559 -49.456249 3 3
3.885222 40.742756 71.601944 4 4
4.928410 48.839233 70.245316 4 4
-6.421132 40.565456 72.214439 4 4
-2.230785 47.188911 67.173836 4 4
-2.791707 41.282089 69.541084 4 4
13.907274 43.504158 74.947693 4 4
2.369246 37.190666 73.187805 4 4
14.524395 41.422794 75.649406 4 4
5.351343 33.681290 76.051147 4 4
9.879252 39.921555 74.358742 4 4
-13.912203 41.191353 71.914040 4 4
-2.291140 47.998791 69.539749 4 4
10.739764 45.959484 72.669716 4 4
-26.501877 15.966008 4.115726 5 5
-17.983166 18.348167 -1.495038 5 5
-7.313064 21.613888 4.180475 5 5
-21.417089 17.071386 -1.579767 5 5
-17.673328 18.189133 2.506817 5 5
-21.945482 13.761280 6.850758 5 5
22.162865 17.330601 1.920533 6 6
24.210638 15.825504 6.541208 6 6
20.301411 17.685951 0.858200 6 6
8.358986 23.247253 -5.247304 6 6
23.951885 17.128412 1.033139 6 6
22.252211 15.177321 -6.164710 6 6
11.727768 21.854023 -8.195741 6 6
2.034000 90.498375 7.734919 7 7
2.157609 99.972832 3.051492 7 7
-7.544219 97.255898 2.390338 8 8
-7.709810 91.464645 2.267797 8 8
-17.401331 74.244354 30.499086 9 9
-9.294859 74.513176 18.628683 9 9
-24.043034 65.408295 30.073009 9 9
-3.752316 74.963570 22.573298 9 9
-2.312279 76.470596 15.095233 9 9
-19.523445 74.103424 27.838350 9 9
-27.958132 70.204498 19.189665 9 9
-22.734232 67.271225 30.769932 9 9
-17.450008 80.551727 21.763136 9 9
-31.702444 57.784595 10.699839 9 9
-25.204208 58.721466 29.496651 9 9
-9.890366 83.154060 17.031609 9 9
-19.387901 72.880348 13.524945 9 9
-13.974302 83.100365 24.523178 9 9
-16.589457 63.683876 27.418896 9 9
-29.688971 63.665966 19.201899 9 9
-28.485182 59.654419 23.175026 9 9
-13.609256 80.358719 29.061668 9 9
-22.706778 63.987366 15.366249 9 9
-22.293577 79.269936 14.061702 9 9
-19.582884 62.179897 19.249344 9 9
-18.342522 81.108986 18.919310 9 9
-24.380909 77.082100 13.901541 9 9
-15.059150 80.367363 26.538635 9 9
-15.259929 70.102341 32.956886 9 9
14.862101 76.301834 35.015621 10 10
-6.572450 72.027557 32.917805 10 10
12.876842 62.893471 43.506107 10 10
-5.209509 71.926750 34.582817 10 10
10.394599 75.997154 31.593706 10 10
15.555072 66.549927 40.550964 10 10
3.097927 84.249298 24.370771 10 10
9.307545 84.992630 27.141211 10 10
13.187791 69.887291 37.468227 10 10
-2.664968 74.036507 40.118382 10 10
10.571357 87.406525 25.141375 10 10
12.980907 64.144501 45.676369 10 10
-2.896598 75.868774 38.109077 10 10
5.971397 78.370285 33.768745 10 10
0.945865 68.531525 37.895798 10 10
7.140920 66.480545 45.516308 10 10
16.127930 61.692242 46.491730 10 10
20.213093 61.683918 45.430840 10 10
15.871232 57.981026 48.344608 10 10
-17.566984 68.660156 43.583588 11 11
-11.776194 74.174316 40.099766 11 11
-18.760813 81.344337 31.435024 11 11
-28.796766 54.297009 45.664127 11 11
-17.662237 56.629288 50.766415 11 11
-10.317554 83.636902 34.102348 11 11
-9.733447 64.392525 49.058201 11 11
-12.984904 69.831345 45.572235 11 11
-28.369087 62.542580 41.200775 11 11
-10.594131 72.145508 42.594139 11 11
-14.980482 74.917747 37.221191 11 11
-21.648251 51.599083 47.644371 11 11
-19.168175 73.643181 38.682354 11 11
-8.930728 74.260567 44.724728 11 11
-9.315792 58.099010 52.455574 11 11
-17.171076 77.333023 36.736774 11 11
-6.761129 65.292419 50.183681 11 11
-8.860995 64.667374 50.788860 11 11
-4.376151 54.338589 62.030998 12 12
-11.215213 45.023102 55.951210 12 12
-9.332949 55.099491 56.245358 12 12
-5.897220 54.429104 49.499523 12 12
-24.404421 34.831760 55.095650 12 12
-16.511135 38.175713 54.862862 12 12
-27.373831 40.271393 48.422890 12 12
-16.161777 41.285583 53.535091 12 12
-18.808357 47.804955 54.102894 12 12
-6.615880 54.478439 60.342506 12 12
-14.713167 44.404190 63.386951 12 12
-3.401170 54.341488 60.322021 12 12
-22.621716 38.119202 55.858620 12 12
10.397789 49.967175 58.765629 13 13
8.001266 36.749287 53.932495 13 13
19.673317 43.827023 47.159092 13 13
10.248928 34.991901 59.060627 13 13
15.843706 31.310553 52.749195 13 13
3.399304 49.509853 58.223480 13 13
18.468714 40.001667 46.240253 13 13
8.643220 39.962616 64.289749 13 13
10.276357 34.999638 57.043537 13 13
7.102426 39.161720 53.924740 13 13
15.968018 34.913319 50.370148 13 13
17.289883 29.931170 54.590012 13 13
15.203669 30.017521 56.935902 13 13
11.387229 44.327160 50.174122 13 13
14.553742 42.754173 57.428749 13 13
-8.699676 91.287415 -29.835209 14 14
-9.916080 84.627716 -41.222881 14 14
3.766326 67.536636 -40.517006 14 14
-0.896463 84.812340 -31.099325 14 14
-5.150383 90.510056 -34.640129 14 14
7.497270 69.585526 -38.421066 14 14
4.029901 91.290833 -30.438400 14 14
-8.458605 84.761597 -33.087040 14 14
-0.032093 93.485283 -27.444857 14 14
-2.623293 85.699860 -30.915512 14 14
11.550050 84.222458 -31.028610 14 14
-6.411480 71.787476 -38.032902 14 14
12.467084 82.530594 -32.501476 14 14
3.735069 86.151459 -30.474298 14 14
6.605424 76.993584 -33.966309 14 14
-12.422758 89.483139 -34.396339 14 14
-10.684664 75.442978 -36.951469 14 14
-2.239830 83.441605 -31.811749 14 14
4.367978 70.762260 -39.180355 14 14
