-19.651423 147.062271 -18.925611 0 0
9.497852 108.951752 -2.882184 0 0
-14.649492 321.063934 -17.592525 0 0
-6.224336 56.009018 -1.054396 0 0
-15.884224 344.447693 -19.255558 0 0
6.000240 50.512447 -2.830313 0 0
-16.497904 269.399231 -27.937252 0 0
-12.744843 210.317429 -39.348160 0 0
-9.643949 40.299343 10.250927 0 0
-32.550514 147.748413 -1.626122 0 0
-0.613372 91.651199 -8.355569 0 0
-4.948397 -0.139664 2.863071 0 0
3.788713 123.465767 -13.653210 0 0
-32.685638 304.308197 -51.325573 0 0
-37.860508 278.010284 -69.592590 0 0
-6.064096 333.844482 -0.013608 0 0
-32.705975 141.680435 -2.602710 0 0
18.389143 153.353149 21.719065 0 0
-14.372919 128.014175 -7.123211 0 0
-10.323070 49.861191 -3.754504 0 0
-8.345965 146.228012 -24.066944 0 0
-30.984926 103.774483 -5.847505 0 0
-9.644252 229.479919 -49.161572 0 0
49.227203 255.725052 -24.348497 0 0
-54.222073 156.858749 -20.022644 0 0
-11.103323 249.658585 -66.441223 0 0
91.650078 266.295685 -21.402313 1 1
107.555687 265.574005 4.629784 1 1
122.359047 254.537292 -14.136999 1 1
60.966663 185.605713 120.735878 2 2
74.922508 187.213226 108.299316 2 2
31.590321 190.404984 112.617722 3 3
30.586391 203.390991 102.020058 3 3
43.121704 177.426010 53.317791 4 4
64.616249 172.620575 78.222229 4 4
-63.543613 204.583160 84.798668 5 5
-70.045509 199.553070 72.549088 5 5
-83.997704 168.831009 68.999100 5 5
-50.678555 213.643509 95.134819 6 6
-34.142223 213.520721 89.070412 6 6
58.531834 187.312668 63.850422 7 7
31.214218 207.901566 69.309135 7 7
-57.224174 113.458344 41.734974 8 8
-30.961115 106.801147 65.561813 8 8
46.395134 68.752197 5.846159 9 9
17.956106 81.565468 78.094643 10 10
5.905743 67.722191 56.421074 11 11
16.734035 176.705704 -126.663673 12 12
22.988047 174.840088 -109.843018 12 12
16.958740 93.662560 58.873066 13 13
21.771822 78.619812 41.128971 14 14
21.282015 57.422802 44.669315 14 14
6.173608 372.810394 -34.904697 15 15
48.262062 363.061401 -18.410223 16 16
15.703346 342.621094 32.770786 17 17
21.509325 337.276611 22.861313 17 17
-2.764365 351.302673 30.872963 17 17
1.749322 365.137421 9.266340 17 17
-42.724152 371.239197 -24.802713 18 18
-23.818308 356.768555 25.890919 19 19
-31.087538 358.092102 -0.659905 19 19
-32.248253 351.984009 14.923069 19 19
-47.670410 362.219208 10.594839 20 20
-22.538006 297.722198 -134.119339 21 21
-16.946129 301.853485 -165.020798 21 21
-28.863077 379.302826 -36.697659 22 22
-38.264763 380.125061 -32.000259 22 22
-51.773407 243.804688 -133.761978 23 23
-72.094635 227.178757 -148.691757 23 23
44.562637 219.475922 4.245814 24 24
39.878731 209.868851 46.828674 25 25
15.795485 233.176758 23.573900 26 26
-52.891655 337.256134 -62.281025 27 27
-49.803444 346.631134 -51.149220 27 27
-45.244926 347.851959 -56.705719 27 27
6.928461 348.364868 -45.546867 28 28
23.028542 342.799438 -60.701862 28 28
27.038353 333.895203 -78.058334 28 28
-47.128384 322.899445 -49.152073 29 29
-63.545334 319.977051 -48.011948 29 29
-28.260090 329.926941 -59.169270 29 29
-11.095114 335.102844 -89.723221 30 30
-16.264164 344.443085 -64.858955 30 30
-27.710087 343.742554 -78.857109 30 30
-15.278554 333.746552 -81.685829 30 30
-0.539315 338.110657 -12.622155 31 31
20.974375 331.451569 -29.771147 31 31
32.206779 315.338531 -34.892876 31 31
-18.754169 329.815155 -23.558386 31 31
7.016295 278.578613 44.656456 32 32
-5.689743 283.289795 24.315241 32 32
23.900509 272.036499 35.537666 32 32
41.384239 256.972809 5.549337 33 33
41.271172 255.388504 12.478001 33 33
52.930233 257.426636 0.558506 33 33
-6.570782 368.038086 31.928226 34 34
2.034360 352.481873 53.567867 34 34
53.041191 261.555481 -50.322823 35 35
53.836708 262.028778 -28.710600 35 35
64.291176 240.160751 -64.771599 35 35
72.990807 260.351837 -47.005173 35 35
-52.393551 242.822479 24.036837 36 36
-53.655350 236.580887 27.555294 36 36
-15.550058 281.549164 15.112880 36 36
-49.133827 252.223572 32.980705 36 36
35.994221 79.805717 19.851011 37 37
23.102936 73.860207 -17.382412 38 38
55.166515 178.590317 10.270632 39 39
55.891155 180.613022 21.836081 39 39
20.722809 168.369095 35.170986 40 40
26.316011 160.753021 55.335430 40 40
-60.660694 168.603241 52.745499 41 41
-36.749275 166.626434 39.468895 42 42
-51.890347 167.258209 39.398769 42 42
-59.076900 171.064056 22.087364 43 43
8.353522 175.215195 -80.580170 44 44
22.675272 165.489456 -70.240990 44 44
-14.875445 289.928253 63.645897 45 45
-23.127211 286.124451 54.346485 45 45
-17.234924 169.261368 -93.069763 46 46
-9.509732 165.771820 -111.697403 46 46
42.548168 146.979691 -37.114128 47 47
48.972702 151.376740 -27.536495 47 47
27.199598 153.446823 -14.123660 48 48
13.732383 151.744186 -20.731846 49 49
-79.172371 193.044159 -114.899986 50 50
-100.518883 191.038895 -87.457100 50 50
-105.364647 200.979691 -42.568192 51 51
-98.698586 212.899658 -26.267399 51 51
-61.003792 186.946503 -116.420502 52 52
-58.411469 199.801117 -109.881866 52 52
-71.010132 198.435867 -109.452454 52 52
-25.432093 251.727264 -40.252987 53 53
4.605661 286.554169 -115.624962 54 54
22.278761 292.258331 -120.784790 54 54
16.697477 284.599487 -106.244728 54 54
-96.469749 253.327972 -56.386719 55 55
-73.074097 287.661102 -53.339043 55 55
-68.484520 290.691467 -63.314655 55 55
-55.778606 339.910675 -104.367378 56 56
-58.308838 314.316681 -126.945671 56 56
-62.267479 323.487488 -121.434761 56 56
-5.435450 279.582184 -58.963200 57 57
-17.054153 285.070465 -38.540272 57 57
-12.962249 284.238586 -49.006382 57 57
22.589405 276.117249 -50.380585 57 57
9.382534 292.714142 -61.712093 58 58
23.068228 265.450256 -89.872154 58 58
20.024353 277.758453 -67.337952 58 58
32.768517 250.414307 -109.056679 58 58
-25.515387 290.890625 -88.984253 58 58
-21.021215 288.672455 -83.702011 58 58
5.283304 277.995361 -63.286118 58 58
13.364301 275.940002 -74.787674 58 58
-50.095928 273.141724 -116.952217 59 59
-24.976841 295.209106 -97.331856 59 59
-29.156202 276.913879 -125.922943 59 59
-19.283653 287.042175 -121.418083 59 59
-70.783005 265.304077 -82.910240 59 59
-61.483799 266.771545 -86.004684 59 59
-56.105701 281.122833 -39.808453 60 60
-55.744526 289.327576 -62.654846 60 60
-39.619194 281.981506 -58.273907 60 60
-36.672585 226.998154 -134.838089 61 61
-14.475734 234.204773 -117.802231 61 61
-21.043789 221.457382 -139.136017 61 61
-76.967331 221.645645 -98.857132 62 62
-77.250763 227.360809 -114.578331 62 62
-77.741737 224.059326 -87.121468 62 62
-48.235279 200.570938 -81.086586 63 63
-83.866920 213.926529 -104.246193 63 63
-83.095619 184.452408 -52.230915 63 63
-89.474472 199.253677 -69.908752 63 63
-62.981518 126.655670 6.891581 64 64
-73.723244 129.319000 -16.200623 65 65
-66.993256 127.590080 -29.435871 66 66
-51.289253 382.602936 -45.698299 67 67
-56.159184 379.541656 -53.177834 67 67
-79.204781 148.008499 -45.786266 68 68
-66.628738 157.069458 -10.120996 69 69
-49.475346 155.769608 -42.650513 70 70
-61.212826 173.793427 -43.323013 71 71
-58.538441 189.448608 -49.518990 71 71
-24.380545 223.787170 56.065403 72 72
-51.301075 202.197296 31.096506 73 73
-57.144299 200.106094 13.930130 73 73
19.970854 61.955189 -17.399937 74 74
5.262114 57.285076 -7.240557 75 75
9.427832 52.418407 -21.389858 76 76
-31.822956 165.643600 -6.418909 77 77
-87.636360 97.170486 67.219818 78 78
-89.775513 104.040024 63.227913 78 78
-27.558212 226.191971 -16.298157 79 79
-33.201954 203.621277 -5.816946 79 79
-26.383886 191.052841 -13.033263 79 79
-19.154385 218.839859 -54.938927 79 79
-42.590157 204.645020 -21.778234 79 79
-18.527687 223.075317 -27.899694 79 79
-74.396614 106.635872 27.918068 80 80
-79.917015 110.927406 37.899128 80 80
