-3.573373 62.495178 -6.396602 0 0
24.806227 66.183701 -19.223663 0 0
-15.684718 65.893837 1.151934 0 0
-3.154560 17.405275 -2.551464 0 0
-1.263108 1.193836 -2.852123 0 0
-2.221996 23.563450 -4.108269 0 0
0.074336 16.307840 -2.506311 0 0
21.295267 67.076355 -17.316200 0 0
18.007023 65.309433 -18.629620 0 0
18.842787 62.659813 -14.809998 0 0
-0.250208 18.607058 -2.768215 0 0
-7.893966 53.322098 -3.145415 0 0
9.768045 48.293125 -9.777464 0 0
2.738943 39.142593 -7.050031 0 0
10.393161 49.921898 -12.246570 0 0
-4.193921 57.226440 -2.422865 0 0
12.028502 51.684681 -13.482503 0 0
15.202755 58.256229 -15.463464 0 0
-1.972705 2.788134 0.009242 0 0
-2.942940 50.302361 -5.268397 0 0
-4.427701 40.068630 -4.425906 0 0
-6.613131 48.016563 -4.498244 0 0
-3.026909 32.066998 -1.916468 0 0
-3.460322 15.388790 -2.511443 0 0
-2.476893 64.131523 -4.627009 0 0
24.477837 69.977844 -18.860224 0 0
-3.275917 48.196198 -5.299548 0 0
-2.216568 27.453566 -4.321317 0 0
22.351774 63.242821 -17.270384 0 0
0.174717 23.761858 -2.036135 0 0
-0.532502 23.176865 21.592457 1 1
1.792896 19.343061 4.966967 1 1
8.207582 22.322493 33.274147 1 1
14.655884 21.529213 21.933317 1 1
-5.245714 26.596107 17.468719 1 1
3.213954 22.759752 19.343822 1 1
5.658905 22.835012 26.462898 1 1
15.142096 22.844761 9.238858 1 1
-2.714034 22.651453 7.315013 1 1
6.156981 22.626551 21.459450 1 1
-2.248333 26.027584 20.107912 1 1
7.415871 22.636576 11.486788 1 1
17.774027 21.594984 16.551346 1 1
10.354969 21.232986 25.682138 1 1
5.648711 24.359951 28.467695 1 1
10.824293 19.829865 37.065239 1 1
6.144083 22.339970 12.271587 1 1
1.942104 20.738455 4.414680 1 1
2.866786 25.642380 30.143042 1 1
-4.377712 24.862537 25.808725 1 1
16.692213 17.012497 31.138054 1 1
15.938301 19.505728 24.648306 1 1
11.838732 22.445105 14.830870 1 1
14.995262 75.443352 -31.668093 2 2
15.155307 57.019814 -45.409031 2 2
25.459875 58.201061 -41.486153 2 2
12.808208 67.938377 -40.082973 2 2
12.933893 72.156158 -36.500839 2 2
17.831654 63.808296 -42.068748 2 2
20.170891 68.822556 -36.115036 2 2
25.544510 70.359283 -30.540321 2 2
28.921494 69.486641 -35.864532 2 2
22.137775 74.287544 -28.882412 2 2
16.300262 69.716957 -36.855701 2 2
18.706013 61.157482 -41.799271 2 2
16.560741 63.088810 -41.391376 2 2
19.515137 67.571030 -36.402702 2 2
19.264061 60.381413 -44.763798 2 2
28.756733 65.989952 -37.833252 2 2
23.878777 67.502640 -37.887459 2 2
25.540251 67.882416 -39.458820 2 2
15.498307 73.438789 -34.177635 2 2
18.354914 67.774086 -4.074382 3 3
9.781531 64.287178 -5.839048 3 3
21.206678 63.167625 -9.041341 3 3
16.303719 68.604828 -9.048344 3 3
8.858356 64.728706 -9.156921 3 3
23.395388 66.999077 -9.977131 3 3
17.858120 68.647476 -7.042412 3 3
10.664725 64.630356 -10.099238 3 3
16.310432 63.815502 -8.581995 3 3
15.829893 68.562057 -5.956763 3 3
7.536216 64.810745 -8.163236 3 3
15.608486 63.989429 -9.886078 3 3
-21.229244 25.475683 -7.100647 4 4
-30.748346 26.295542 -14.830187 4 4
-14.968365 24.894676 -18.857656 4 4
-26.147558 31.581558 -19.909512 4 4
-31.434145 30.517885 -18.736273 4 4
-18.920803 23.992340 -1.464161 4 4
-17.700836 29.134844 -19.409918 4 4
-14.542873 23.282127 5.545702 4 4
-14.429327 22.479733 -3.847162 4 4
-18.852293 24.639513 -5.703634 4 4
-14.952681 26.019718 -12.521087 4 4
-21.074017 29.139126 -19.328262 4 4
-18.610933 24.414782 -9.534510 4 4
-11.756598 22.012381 -0.587814 4 4
-23.537781 23.944633 -4.492882 4 4
-27.205074 30.335096 -16.140854 4 4
-27.196926 24.370125 -1.712175 4 4
-29.987576 25.945938 -12.810527 4 4
-23.728729 28.467907 -16.239233 4 4
-21.036386 23.965162 -6.805593 4 4
-8.904160 21.588280 -1.203661 4 4
-28.732464 24.522295 -6.904609 4 4
-12.673904 24.390862 1.358435 4 4
38.279785 71.521057 -28.190487 5 5
32.567017 73.542397 -27.131752 5 5
46.965031 64.652649 -38.864578 5 5
48.269821 70.410599 -21.777412 5 5
37.795441 72.686920 -38.020531 5 5
37.339207 74.330544 -23.113485 5 5
40.814468 74.884361 -21.378485 5 5
43.594505 67.162598 -35.712589 5 5
35.944969 74.548523 -23.298359 5 5
49.024982 63.469719 -37.952663 5 5
56.463074 60.992889 -31.657976 5 5
48.858368 70.733940 -23.225676 5 5
50.808495 62.691723 -33.517048 5 5
53.739712 66.995056 -22.585484 5 5
54.886433 66.204147 -26.263597 5 5
50.037292 61.253536 -37.239182 5 5
49.176525 69.591835 -25.295776 5 5
38.556660 73.047203 -22.432856 5 5
57.862488 58.883591 -30.055553 5 5
43.193649 70.269218 -26.520582 5 5
44.715473 75.026382 -18.383661 5 5
42.398132 67.457657 -37.993191 5 5
1.622821 69.071091 -13.367638 6 6
7.506735 70.935745 -17.630688 6 6
5.944451 75.521797 -29.275864 6 6
7.392782 76.580833 -26.302176 6 6
3.962868 75.451309 -21.284044 6 6
7.903200 76.552704 -29.065550 6 6
4.662751 72.527527 -23.008015 6 6
4.721637 70.276901 -3.208044 7 7
11.401021 72.702736 4.771457 7 7
13.516029 74.875015 4.586382 7 7
12.854479 77.161850 10.111088 7 7
9.784766 70.865936 2.678328 7 7
14.979620 77.111275 12.657194 7 7
10.575641 74.978729 10.099528 7 7
-13.545545 81.361084 17.509413 8 8
-19.963562 80.029404 25.468462 8 8
-17.589296 78.763664 17.902695 8 8
-15.745962 82.126816 23.422796 8 8
-12.071302 84.304520 19.541819 8 8
-21.075912 77.705658 8.424250 8 8
-22.131994 78.992104 23.828032 8 8
-26.381819 79.491196 10.894026 8 8
-22.990013 78.092567 10.443520 8 8
-13.687289 82.283592 15.255831 8 8
-11.419416 83.781914 23.071758 8 8
-13.082848 81.211411 22.723650 8 8
-21.633377 80.314560 5.473323 8 8
-32.587048 78.233948 -7.825853 9 9
-28.015003 76.898964 -12.594120 9 9
-33.593464 71.737061 -14.346103 9 9
-28.762056 77.256073 -7.052201 9 9
-26.742109 78.801392 -2.293121 9 9
-31.707874 77.787498 -12.188997 9 9
-28.144951 79.647057 -10.529509 9 9
-37.428963 68.707741 -20.945080 9 9
-35.395233 72.424278 -14.917072 9 9
-33.061642 77.044975 -12.583966 9 9
-38.385635 72.869530 -11.883441 9 9
-29.318302 73.780968 -20.450369 9 9
-37.406292 73.410683 -16.161467 9 9
-26.629488 78.983154 -14.118638 9 9
-35.565048 76.618202 -1.787312 9 9
-25.747395 76.231667 3.965263 10 10
-26.233774 76.243721 2.503439 10 10
-37.648510 72.392487 14.475678 10 10
-31.829014 74.934410 2.846380 10 10
-32.846786 74.705612 1.671650 10 10
-41.191650 71.126106 13.460470 10 10
-33.204254 73.174500 2.498471 10 10
-23.775808 76.457024 4.629099 10 10
-36.193378 74.614349 7.392726 10 10
45.001080 63.172939 -15.659575 11 11
38.816895 57.321724 -1.684551 11 11
40.253891 56.067936 -5.366511 11 11
29.975946 72.864784 -17.517391 11 11
43.985954 66.280006 -18.447044 11 11
37.076660 67.921562 -17.073204 11 11
44.151920 69.086693 -14.442787 11 11
46.013252 61.341526 -8.883064 11 11
47.192547 60.456547 -13.976703 11 11
28.719986 73.225769 -22.405153 11 11
32.598053 71.205154 -15.545534 11 11
33.759274 66.636696 -0.092180 11 11
43.874287 65.783157 -10.959301 11 11
40.669521 65.686104 -16.177818 11 11
39.172455 67.882332 -18.158123 11 11
46.042957 60.181980 -13.168484 11 11
25.797037 70.285507 -21.701185 11 11
31.155926 70.417877 -12.645951 11 11
38.495274 64.460960 -1.457798 11 11
34.071712 63.916996 -12.727639 11 11
