5.2504003047943115
4.676782608032227
4.707791566848755
4.683279514312744
4.75670313835144
4.7334606647491455
4.669244289398193
4.689241647720337
4.661277770996094
4.668119668960571
4.669397830963135
4.665680885314941
4.711145401000977
4.638827085494995
4.7271270751953125
4.624298095703125
4.654656648635864
4.635432004928589
4.583704948425293
4.612163066864014
4.618934154510498
4.603832483291626
4.625329971313477
4.575161457061768
4.5702433586120605
4.540204286575317
4.544867515563965
4.532588005065918
4.546760320663452
4.537766695022583
4.509989261627197
4.548652648925781
4.502040863037109
4.5177507400512695
4.511831760406494
4.5413148403167725
4.515757322311401
4.507074356079102
4.478341579437256
4.504154920578003
4.487849950790405
4.484602928161621
4.514744281768799
4.517338514328003
4.502170562744141
4.530050992965698
4.492128849029541
4.5288238525390625
4.499194622039795
4.498464822769165
4.5150063037872314
4.492666721343994
4.4940714836120605
4.481656074523926
4.501096725463867
4.500798225402832
4.509135961532593
4.511504411697388
4.496910572052002
4.505133390426636
4.480648994445801
4.489850044250488
4.47684121131897
4.490664720535278
4.479887247085571
4.456499814987183
4.474407196044922
4.482891321182251
4.47169303894043
4.466942548751831
4.455261945724487
4.443593740463257
4.48006010055542
4.48326301574707
4.485388278961182
4.5292463302612305
4.480634689331055
4.477825403213501
4.501938581466675
4.485725164413452
4.4699883460998535
4.483893394470215
4.479444742202759
4.4911394119262695
4.5032734870910645
4.495904207229614
4.507153034210205
4.505219221115112
4.5046546459198
4.496474027633667
