-14.424454 54.925293 -16.337677 0 0
1.211929 34.632622 -2.029934 0 0
7.460519 52.503887 2.840782 0 0
9.938020 61.708637 7.087024 0 0
-18.160229 63.404144 -18.447523 0 0
4.089964 51.023853 3.753730 0 0
11.587603 68.171402 8.084066 0 0
3.462705 40.898262 -0.172592 0 0
-18.202675 66.170044 -19.795643 0 0
1.768808 47.467789 -0.972449 0 0
2.955327 40.909599 0.828036 0 0
-1.737195 -0.347441 -2.167488 0 0
0.609729 54.580124 1.591637 0 0
3.014788 48.723640 2.702104 0 0
10.120007 60.389473 5.416945 0 0
-1.487356 47.331486 -3.234424 0 0
-0.941985 33.257103 -0.439217 0 0
0.091254 30.491375 -3.043758 0 0
-2.712376 47.749210 -2.809090 0 0
0.062511 10.886474 -3.579128 0 0
1.789029 11.157471 -2.347627 0 0
-1.073267 37.122566 -0.223998 0 0
-10.257123 44.967381 -11.396445 0 0
1.301812 38.044857 0.552022 0 0
11.519511 65.907402 6.556380 0 0
7.807069 56.447327 3.960276 0 0
-21.805046 68.615814 -24.436491 0 0
-2.117240 39.665630 -1.821696 0 0
3.242108 17.446959 -20.088421 1 1
16.506918 16.785191 -22.567301 1 1
-1.338023 16.322071 -17.553368 1 1
14.730381 14.189460 -5.710473 1 1
0.776810 15.937967 -9.943291 1 1
5.621396 16.580441 -22.873598 1 1
6.897984 14.347696 -0.361055 1 1
15.359385 16.945129 -25.172173 1 1
5.458460 14.040151 -7.437948 1 1
21.577066 15.090732 -11.141747 1 1
4.242888 16.418198 -22.024399 1 1
9.002862 18.793953 -13.312157 1 1
1.481025 16.055367 -18.628891 1 1
18.961561 14.664159 -12.998137 1 1
3.316138 14.861784 -11.150872 1 1
6.935266 18.591349 -18.499006 1 1
13.604537 18.627012 -16.490440 1 1
18.523157 14.575162 -11.053284 1 1
1.150122 14.707009 -9.595521 1 1
6.451541 16.223158 -21.472036 1 1
19.091459 15.586524 -20.510534 1 1
1.945867 14.491456 -8.544883 1 1
7.198858 17.844175 -11.161932 1 1
1.573567 15.620059 -14.874429 1 1
11.083447 14.475736 -10.923896 1 1
20.606335 16.203840 -17.380472 1 1
-0.689380 64.285454 0.392313 2 2
-0.639858 58.258724 -0.506793 2 2
-2.584792 62.765484 2.112703 2 2
-1.929443 67.592361 -7.042912 3 3
-4.211728 69.398239 -7.216148 3 3
-5.025052 71.533104 -5.878219 3 3
-2.656005 73.347878 -6.812373 3 3
-1.868044 51.242435 -4.099701 3 3
-5.678858 66.386024 -2.938201 3 3
-4.965250 58.199829 -1.910217 3 3
-2.953200 11.578228 14.194503 4 4
-6.615545 9.139339 14.264069 4 4
-5.476781 11.914333 7.321914 4 4
-8.733310 16.354542 5.328781 4 4
-15.944277 6.921470 16.543970 4 4
-13.785489 9.247501 18.409750 4 4
-21.646601 14.435348 12.391889 4 4
-11.399961 12.554490 6.818232 4 4
-8.259922 9.153695 18.076578 4 4
-21.121576 13.456839 13.572130 4 4
-22.185545 13.335607 11.947769 4 4
1.101131 12.384958 14.299539 4 4
-14.449756 14.008169 6.806316 4 4
-20.778042 15.230583 8.778290 4 4
-7.114317 10.169332 15.693711 4 4
-15.958919 16.616753 5.756211 4 4
-12.636734 18.532976 3.756959 4 4
-5.373817 14.513290 7.297253 4 4
-14.177294 17.078772 3.974673 4 4
-13.858088 11.818753 14.137668 4 4
-0.600440 10.975859 15.675121 4 4
0.049478 11.741089 13.671818 4 4
-13.321743 7.844616 14.145370 4 4
0.901603 12.821241 9.744867 4 4
-8.433505 12.583323 11.800930 4 4
18.249414 73.699799 22.148714 5 5
27.857269 73.220695 24.417929 5 5
19.155054 73.603752 21.392826 5 5
25.720568 73.134422 30.431942 5 5
24.718920 73.791199 21.504669 5 5
30.003416 71.318596 31.500103 5 5
30.230125 71.704788 27.716778 5 5
17.979139 74.261635 11.810493 5 5
16.094603 73.867287 19.588484 5 5
20.918661 73.630615 14.768211 5 5
28.832188 71.789848 31.563290 5 5
5.563489 70.392937 20.796610 6 6
2.442804 73.948891 10.427948 6 6
-0.179161 72.404602 12.813215 6 6
9.890666 74.388405 9.249088 6 6
-4.012567 67.490791 30.166342 6 6
-0.334911 68.644096 25.903879 6 6
12.152102 72.093956 16.276430 6 6
7.469876 71.910812 23.107613 6 6
5.140405 72.277206 11.206575 6 6
-8.322076 68.380211 24.923223 6 6
9.631804 70.655624 13.430442 6 6
7.468097 71.049355 19.132998 6 6
7.481084 71.108536 22.146526 6 6
-6.166679 70.139824 22.686781 6 6
7.628814 71.181198 12.148729 6 6
9.084757 73.396133 17.973398 6 6
10.095084 73.463692 16.484774 6 6
11.155780 71.362625 15.666201 6 6
7.266737 72.946167 14.815686 6 6
28.864803 71.724800 -0.825194 7 7
32.194603 70.964523 -4.790283 7 7
31.117212 70.004684 -0.774428 7 7
27.462147 70.992630 3.583429 7 7
15.034039 72.466248 6.558379 7 7
15.254191 72.566895 9.386950 7 7
27.493404 72.056038 0.541070 7 7
28.680002 69.741196 -5.404449 7 7
35.803261 70.465759 -10.139749 7 7
32.078590 69.104279 -5.729758 7 7
38.309391 70.615959 -3.950709 7 7
26.429834 72.667198 -8.144156 7 7
30.686602 70.851845 2.009234 7 7
28.881521 72.674194 2.202838 7 7
33.241158 68.946693 -5.931299 7 7
24.871971 70.198532 -0.575410 7 7
30.140770 72.351730 4.275879 7 7
30.143618 71.679420 -10.474875 7 7
24.994335 70.475800 2.912903 7 7
16.791317 73.687737 0.702580 7 7
23.271118 70.926300 -1.940975 7 7
-29.653801 79.658188 -40.505852 8 8
-35.866909 75.953751 -26.914339 8 8
-26.078659 75.230156 -24.203606 8 8
-24.442961 72.578209 -23.748049 8 8
-32.776653 74.202515 -30.101879 8 8
-29.092321 79.014511 -39.483646 8 8
-41.618431 76.599991 -43.570347 8 8
-37.830971 77.865967 -44.181667 8 8
-36.593296 78.587029 -37.120193 8 8
-36.447784 76.556694 -24.120523 8 8
-38.648697 75.592712 -38.531353 8 8
-32.363354 74.504799 -25.874527 8 8
-34.651562 76.500710 -38.892784 8 8
-33.666824 77.103401 -37.272598 8 8
-24.942013 70.916901 -26.675800 8 8
-26.527090 75.890114 -27.029825 8 8
-32.439156 77.449158 -39.885910 8 8
-25.922974 75.343163 -26.093407 8 8
-37.643421 79.345940 -43.535320 8 8
-22.780405 76.742218 -32.557030 8 8
-33.519459 74.342506 -31.008293 8 8
-26.526953 78.109077 -36.463211 8 8
-41.107288 79.916229 -30.033363 8 8
-31.382294 77.690796 -39.447201 8 8
-39.163544 75.654411 -35.414585 8 8
-31.574953 73.877945 -9.530401 9 9
-39.936882 67.425224 -13.286976 9 9
-28.850254 69.989670 -23.555712 9 9
-32.062267 71.374893 -18.466766 9 9
-38.822845 67.410057 -12.876659 9 9
-21.025145 70.712288 -20.030464 9 9
-26.348179 69.238106 -22.123274 9 9
-41.387436 70.082130 -7.958566 9 9
-38.373894 69.310394 -8.623183 9 9
-30.394203 71.986168 -8.697466 9 9
-39.211227 68.875923 -19.946335 9 9
-43.145504 67.362106 -14.433572 9 9
-35.373730 68.286240 -12.756382 9 9
-41.203873 69.600410 -12.733995 9 9
-38.992451 71.327332 -7.822773 9 9
-40.972965 67.484062 -13.887389 9 9
-28.692863 71.425858 -19.408186 9 9
-10.644722 69.655052 -28.605743 10 10
-9.408694 72.533867 -23.628223 10 10
-5.471320 73.978630 -24.110250 10 10
-8.276149 70.859360 -33.140923 10 10
-15.152152 71.407570 -26.219486 10 10
-15.962378 68.240059 -30.488400 10 10
-4.121518 71.728348 -28.860573 10 10
-4.687457 70.601067 -33.924171 10 10
-8.777606 74.158195 -24.828131 10 10
-9.943597 69.814461 -33.982445 10 10
-18.024780 68.785950 -26.615162 10 10
-9.888010 69.566566 -29.556765 10 10
-10.140751 71.624214 -31.145273 10 10
-4.308599 59.691273 -6.276366 11 11
-2.623622 60.553055 -9.472169 11 11
-1.159172 59.531807 -8.953919 11 11
-1.161801 65.399994 -10.780002 11 11
-4.365470 59.321072 -8.950758 11 11
