-35.930702 666.951477 48.861523 0 0
-28.969831 264.451904 -36.884491 0 0
-19.972622 68.769051 -31.286829 0 0
24.969328 800.522766 61.694874 0 0
-58.627457 140.149963 -43.708378 0 0
-10.097663 127.112007 -15.461453 0 0
-104.997421 777.841370 75.868446 0 0
-62.945717 405.901764 -73.651871 0 0
-23.634338 556.491455 8.646288 0 0
-34.055618 399.238647 -46.577923 0 0
62.262997 368.916962 -94.712051 22 0
-30.252775 371.485016 32.413704 0 0
-15.044744 531.244934 19.610619 0 0
-8.219000 371.714996 109.268181 0 0
-42.209843 437.105103 1.964895 0 0
-15.638514 194.932678 -19.846321 0 0
-10.241173 38.579979 -36.162460 0 0
-66.629967 670.103760 53.094460 0 0
-0.302404 330.221222 31.119263 0 0
45.389660 176.692963 -34.699833 0 0
-32.291225 373.941406 -18.918047 0 0
7.732113 235.722275 -162.694656 20 0
-38.523834 512.711609 -18.609907 0 0
-17.038601 808.319031 77.887314 0 0
-32.625053 696.417542 70.746994 0 0
-12.779083 180.182983 -28.932673 0 0
-45.244579 255.383972 -41.620888 0 0
-25.723143 605.237366 51.483082 47 0
14.186288 744.049438 16.858421 0 0
-52.672970 392.492035 -68.733368 0 0
-22.490545 224.045288 -51.834854 0 0
-29.523832 119.005600 -4.200813 0 0
21.402870 807.749023 77.477036 0 0
-25.411537 331.557678 -61.792858 0 0
-7.329560 368.781464 -29.021173 0 0
-16.467241 485.808441 2.271709 0 0
10.970811 720.040222 20.311922 0 0
-126.262459 302.035889 -16.920181 0 0
-56.148254 740.253845 68.353928 0 0
-97.622475 753.844482 66.897667 0 0
-26.933529 290.375427 10.961103 0 0
-8.231808 1.498073 -34.932590 0 0
-167.936249 329.347229 -8.252436 1 0
-42.074596 382.540558 25.920057 0 0
2.923344 238.114426 -80.625221 0 0
19.745111 405.455139 -14.269388 0 0
2.473732 587.792664 66.433655 0 0
-160.977707 361.340088 -22.326828 1 1
-204.022552 342.610016 -44.589573 1 1
-87.541969 437.261780 -81.678062 2 2
-88.037613 437.317902 -94.111862 2 2
140.745544 390.403046 -136.928848 3 3
149.373550 387.511810 -132.509689 3 3
98.291405 419.418457 -201.094925 4 4
91.538521 412.661743 -205.747391 4 4
69.286247 827.078552 137.004852 5 5
70.971031 812.820679 165.470718 5 5
35.638729 811.576782 190.393311 5 5
36.259666 825.091370 170.078690 5 5
-128.052902 756.492554 -0.244739 6 6
-124.688812 750.408142 -19.797665 6 6
-91.570892 765.071594 -29.210735 6 6
-80.526161 769.784668 -14.518855 6 6
-28.785152 787.651428 -119.451393 7 7
-27.784714 785.325134 -76.355026 7 7
-16.876034 782.158752 -70.644585 7 7
-56.645500 771.706482 -29.791140 7 7
-190.750641 794.414185 264.269989 8 8
-245.162811 803.789124 274.802582 8 8
-216.101120 816.090210 251.709976 8 8
-224.627853 803.624268 246.907684 8 8
-114.313568 837.494507 179.692261 9 9
-109.571869 843.893127 171.588943 9 9
-114.228912 808.513611 191.735352 9 9
-97.651001 841.084717 173.698517 9 9
-96.249550 853.764465 131.177948 9 9
-160.303146 852.236267 147.425781 10 10
-145.370422 816.840088 219.380264 11 11
-138.998215 813.162048 209.642868 11 11
-190.921936 335.741486 7.263654 12 12
-158.303268 328.990845 44.998672 12 12
-162.037003 877.036865 195.526978 13 13
-192.565781 866.006348 201.164154 13 13
-183.428680 862.905212 217.978470 13 13
-168.259689 839.511597 213.217896 14 14
-161.651093 886.727417 197.321045 13 14
103.055443 139.251251 -48.688446 15 15
65.806854 195.517273 -40.916283 15 16
47.595516 182.363571 -65.780876 0 17
43.019363 250.145355 -228.380798 20 18
43.471615 256.998962 -174.906219 19 19
-18.221699 261.135834 -189.576950 20 20
-32.544693 257.394104 -190.026016 20 20
17.215225 437.032623 -154.349136 21 21
47.268036 436.981873 -148.480667 21 21
82.192856 501.932678 -64.950844 22 22
87.474998 494.348480 -71.305931 22 22
-248.994034 295.986694 0.873300 23 23
-228.176727 315.902771 2.810024 23 23
58.105076 438.608185 -106.188118 21 24
96.722374 400.155487 -79.797676 22 25
81.694206 395.661499 -140.219894 4 26
64.440773 236.452164 -68.476059 15 27
-27.810644 478.910217 161.247604 28 28
-0.128234 457.207458 119.945267 28 28
-51.429436 476.167145 176.232895 28 28
-46.316700 479.506348 138.850143 28 28
-1.823316 396.066498 236.528900 29 29
-14.466286 369.152557 261.382904 29 29
-11.668378 395.450897 239.568405 29 29
60.030945 824.687561 49.851162 30 30
161.383087 825.577759 88.915268 30 30
129.548096 833.505737 70.850006 30 30
45.102394 819.215637 71.037201 30 30
35.344849 496.391785 -30.274544 0 31
22.335222 503.890961 -71.656410 32 32
74.391884 659.207031 223.155640 33 33
42.700077 671.711792 183.868240 33 33
49.844009 646.712158 234.833176 33 33
-99.137772 135.593079 145.080765 34 34
-124.199944 121.839523 136.054596 34 34
71.871994 406.259094 177.069916 35 35
62.658253 424.372772 169.932571 35 35
26.882364 423.615265 201.032593 35 35
30.886770 699.294678 131.215836 36 36
41.871445 740.831665 133.001129 36 36
12.687825 731.387573 167.444489 36 36
37.871017 706.819458 150.644547 36 36
17.871035 704.661987 112.320831 36 36
-60.965580 639.044678 187.982727 37 37
-64.435913 649.656616 182.475632 37 37
6.423519 662.285095 157.924088 37 37
-36.050247 660.416382 154.681503 37 37
54.022011 599.626892 186.780502 38 38
63.920532 634.944397 102.211601 38 38
85.220917 577.607971 175.281891 38 38
36.894157 715.558044 300.188049 39 39
42.454784 729.371948 299.040833 39 39
1.848522 721.406433 297.072205 39 39
-4.940466 716.022583 286.200562 39 39
-54.156364 412.066956 -52.198273 0 40
-65.960777 421.544006 -39.417782 40 40
-107.730003 360.039856 26.318991 40 40
-52.224754 707.652649 246.439117 42 41
-70.703125 711.560852 178.577850 41 41
-71.248505 697.264038 215.882507 41 41
-82.207001 686.960999 220.842743 41 41
-24.612129 751.359436 188.969955 41 41
-113.520363 747.460022 264.073639 42 42
-31.336159 748.330505 250.916306 42 42
-26.570768 742.272217 270.763580 42 42
-92.039215 760.314026 253.613831 42 42
-105.750900 746.225098 214.466965 42 42
-45.662258 749.750732 260.960602 42 42
-131.846893 746.790039 264.641693 42 42
-26.409681 732.946838 256.722412 42 42
5.260940 812.683899 218.162430 43 43
-5.738938 800.966248 211.565475 43 43
-15.198787 816.102600 185.967865 43 43
-31.260471 731.041870 92.705048 44 44
-61.126297 717.170471 129.413071 44 44
-31.720406 706.136963 112.786827 44 44
-45.859459 773.303406 140.397141 44 44
-18.179173 755.896667 172.722733 44 44
-68.876869 181.874496 90.346428 45 45
-46.081596 195.269028 97.357063 45 45
41.240685 617.187561 18.783693 46 46
18.049458 629.736328 75.072975 46 46
5.383191 629.081360 77.983292 46 46
-37.308994 618.670227 57.254349 47 47
-61.273006 613.683777 145.203308 47 47
2.106396 610.297913 90.942581 47 47
-49.708309 611.055420 142.787720 47 47
-29.224516 603.344299 61.131535 47 47
23.304260 696.187134 68.230011 48 48
36.436756 753.211670 45.478291 48 48
39.890182 695.110229 45.605011 48 48
5.795387 716.144165 66.031738 48 48
33.990967 709.877319 55.428303 48 48
24.778769 402.255524 -24.053190 0 49
16.167410 399.351135 32.120274 50 50
-13.037090 412.976044 -69.152832 51 51
-47.483437 417.042542 -67.310394 51 51
-59.833347 425.984589 -89.474617 51 51
-9.275410 322.286377 -79.563103 0 52
72.607529 318.928314 -79.676727 53 53
33.566513 300.932190 -119.204033 21 54
6.916557 298.615051 -88.843285 0 55
-88.870346 804.975525 -78.498924 56 56
-139.030258 820.532654 -116.930008 56 56
-114.282806 811.691589 -98.460411 56 56
-80.396103 806.199829 -89.823547 56 56
42.596001 273.210205 -122.906517 57 57
-129.416595 498.868805 212.354004 8 58
-14.253253 493.450348 223.278519 59 59
-30.074345 506.785004 228.035858 59 59
3.351313 506.451630 179.992126 59 59
-68.691338 507.068848 164.475327 60 60
-71.980835 524.916565 162.179825 60 60
-105.886551 498.113678 184.956284 60 60
