-58.734913 133.112808 -1.873233 0 0
-3.558224 115.782143 7.329536 0 0
-5.584846 111.765038 -1.275269 0 0
3.463507 89.151840 7.300038 0 0
2.709459 85.980980 4.121622 0 0
-54.006630 129.267349 -2.029909 0 0
-36.745411 118.314522 0.223888 0 0
22.525747 141.351837 29.150251 0 0
3.033726 132.463379 2.718665 0 0
-0.695632 101.151283 2.560840 0 0
56.257507 191.961426 52.020386 0 0
6.972722 112.687683 12.040119 0 0
30.878016 151.549881 35.240623 0 0
8.792510 115.455902 11.465428 0 0
1.461968 76.659439 3.476899 0 0
-59.852741 136.085480 -2.605301 0 0
3.645109 117.706284 11.132096 0 0
33.038986 157.336929 34.289833 0 0
-21.429880 103.064980 2.533366 0 0
2.069476 130.058884 10.250849 0 0
38.657696 166.469498 38.238834 0 0
-7.074515 96.422203 6.115023 0 0
46.962257 84.445213 2.236890 0 0
-29.037237 112.029221 3.466716 0 0
-70.523247 145.954147 -0.066308 0 0
-46.350895 123.110489 1.683408 0 0
6.183074 146.309235 6.783639 0 0
-9.667131 99.139648 4.472553 0 0
-4.710353 71.515686 6.892852 0 0
10.840417 126.570717 18.514938 0 0
28.903564 149.180054 33.263336 0 0
-9.036322 41.007137 26.629139 1 1
-9.178219 39.807438 15.125418 1 1
-16.116671 38.119225 23.211630 1 1
-13.669755 41.662174 8.974594 1 1
-20.940355 36.280899 15.265041 1 1
-8.426067 208.479156 46.474270 2 2
-31.371704 181.906250 22.757679 2 2
-41.839680 173.109192 25.526386 2 2
-39.683578 179.006851 23.739723 2 2
-19.446583 194.623245 53.508373 2 2
-32.417683 184.174118 37.137943 2 2
-27.200062 195.841614 33.047749 2 2
-26.369347 189.769684 25.447525 2 2
-31.170752 186.072891 56.622658 2 2
-47.937592 161.916138 21.412601 2 2
-15.335355 215.354263 5.498328 3 3
-19.244783 213.664368 8.400308 3 3
-72.960884 126.698051 -43.429916 4 4
-72.702087 148.125656 -20.657713 4 4
-81.270966 156.870728 -8.507058 4 4
-79.261658 154.101196 -10.363099 4 4
-64.117554 156.728592 -15.238996 4 4
-69.011215 155.236115 -7.299319 4 4
-66.940231 145.237335 -27.346067 4 4
-55.666397 131.460007 -51.370682 4 4
-14.069749 125.928207 -18.481363 5 5
-0.631378 135.612640 -39.454979 6 6
-2.244387 123.209976 -9.714968 7 7
18.211187 93.832962 9.711275 8 8
7.413188 86.407082 14.065619 9 9
16.738300 77.108994 4.541137 10 10
-21.982277 209.814529 -43.556244 11 11
-45.729626 201.346054 -25.434233 11 11
-27.060549 212.369675 -27.987143 11 11
2.224264 213.213684 -46.064026 11 11
-58.283298 195.896072 -23.892157 11 11
-52.098251 192.281464 -48.004963 11 11
-29.940931 205.536072 -35.092846 11 11
-4.974218 222.629272 -25.069710 11 11
-5.507522 216.834702 -33.630981 11 11
-8.920298 211.300262 -50.046516 11 11
-39.472229 206.087662 -30.927265 11 11
-19.215366 207.132736 -49.438080 11 11
-28.575085 213.434967 -23.250727 11 11
-45.947163 204.988602 -25.052902 11 11
-5.985146 215.332474 -41.952984 11 11
-19.918070 214.523376 -28.353678 11 11
-7.841586 34.545815 -22.494431 12 12
-4.218178 35.347088 -24.541687 12 12
-1.462380 40.657642 -14.953781 12 12
5.544351 42.060337 -9.157050 12 12
1.330226 39.309383 -19.291397 12 12
53.793880 217.991211 -27.920630 13 13
42.974678 214.293716 -50.794659 13 13
37.667744 227.124603 -19.889832 13 13
30.359316 226.275269 -24.185272 13 13
18.644461 217.547394 -55.901970 13 13
48.817657 223.073608 -22.916780 13 13
29.307470 214.794235 -38.244736 13 13
15.349484 217.319244 -45.677738 13 13
41.742519 212.102264 -55.107220 13 13
26.838125 218.060318 -39.518692 13 13
32.787724 222.401505 -23.734964 13 13
78.540863 192.273071 34.773140 14 14
63.118572 187.511963 3.694803 14 14
71.914337 184.503143 14.390032 14 14
66.263893 193.065430 29.246054 14 14
76.731865 191.774399 27.495991 14 14
56.407204 195.888611 14.073406 14 14
71.118851 163.265579 1.672446 14 14
51.710869 200.149063 21.386923 14 14
85.081306 160.689102 -1.279675 14 14
95.410355 184.144577 73.026649 15 15
114.372581 160.087036 78.405396 15 15
82.666100 192.424271 66.373825 15 15
107.133629 170.479401 82.147064 15 15
78.716400 190.240021 68.054184 15 15
110.272629 158.768936 81.665955 15 15
107.577972 163.711777 93.965202 15 15
108.667084 161.518616 80.872406 15 15
92.741760 181.686432 88.470543 15 15
100.462219 179.148972 76.216599 15 15
111.791183 168.131790 71.702301 15 15
68.271393 191.941315 60.336868 15 15
111.698517 170.497894 64.477104 15 15
60.507965 196.073761 64.283607 16 16
23.263525 187.784134 72.625923 16 16
43.182861 202.497025 60.365715 16 16
14.007487 202.263504 54.292244 16 16
55.932972 199.842529 78.553017 16 16
21.010944 193.362015 64.666061 16 16
16.640949 186.429779 84.144485 16 16
23.608358 184.993088 84.453773 16 16
5.422896 198.253693 66.077553 16 16
40.700977 195.324600 74.969536 16 16
54.588436 189.157974 62.820469 16 16
61.043644 192.828949 59.951309 16 16
62.323280 188.246216 64.205666 16 16
24.750130 207.622787 53.269413 16 16
40.277069 199.686035 65.189590 16 16
21.764570 186.387512 80.873421 16 16
32.451279 181.297668 87.096954 16 16
51.825237 199.438705 61.279015 16 16
39.794922 179.864975 83.186249 16 16
55.602932 198.070877 56.798004 16 16
-12.634194 222.083374 -11.404926 17 17
-16.046682 230.475571 -18.784332 17 17
2.696375 210.941544 -4.644157 18 18
2.113544 198.104813 -1.681702 18 18
-2.309698 200.278442 -3.112624 18 18
105.138962 81.839729 -29.592001 19 19
74.550240 98.659935 -0.960599 19 19
81.116211 97.900536 -1.728141 19 19
77.887718 102.470589 -7.882187 19 19
105.535744 93.059135 1.804831 19 19
76.670578 101.980347 -0.574407 19 19
106.205093 82.642693 -14.347138 19 19
93.781609 96.085747 -23.244841 19 19
75.987457 75.362274 32.682713 20 20
68.765503 94.520508 26.087399 20 20
73.849388 98.578209 10.669394 20 20
71.865768 97.761993 18.381990 20 20
66.629028 91.404106 32.922260 20 20
54.873531 100.562500 -12.759188 21 21
56.292843 102.225166 -3.781138 21 21
65.211113 95.766548 -18.712112 21 21
43.224072 83.851013 -30.687763 21 21
61.984608 89.275375 -24.813740 21 21
45.059692 88.872406 -24.850832 21 21
72.794945 102.127159 -1.821424 21 21
46.975784 79.507446 -32.309208 21 21
-75.252571 156.077988 16.081493 22 22
-88.386230 129.074768 49.307667 22 22
-79.078712 155.677094 1.135917 22 22
-83.442879 140.212296 44.806442 22 22
-79.068520 150.942978 28.846155 22 22
-84.383278 139.880051 41.272488 22 22
-89.565063 125.312187 52.147533 22 22
-66.793449 158.136993 10.792699 22 22
-20.353533 168.731552 -129.585022 23 23
-24.253262 193.025543 -116.447693 23 23
-14.441337 214.475510 -96.711800 23 23
11.463123 222.331589 -73.742195 23 23
-16.182133 177.153778 -128.076965 23 23
-12.910261 198.513748 -113.867500 23 23
-25.871538 211.297928 -92.666534 23 23
-3.234811 219.654739 -69.914307 23 23
-5.195210 220.683395 -56.310574 23 23
-15.641249 221.083832 -73.382149 23 23
-3.611997 222.608429 -64.683876 23 23
-16.667744 190.833542 -118.268623 23 23
-7.379546 179.200500 -130.793015 23 23
-86.694778 151.894104 -7.764312 24 24
-91.488213 157.790436 -14.470699 24 24
-104.099663 152.764633 -5.853815 24 24
-99.654839 152.102631 -22.480223 24 24
-82.350052 158.872482 -11.457370 24 24
-100.778130 154.081802 -2.258503 24 24
-26.126572 163.313065 117.612396 25 25
-1.811710 206.311935 84.068069 25 25
-7.470514 196.594345 89.533279 25 25
-14.456047 192.275589 85.757782 25 25
-26.089283 189.310715 91.264626 25 25
-19.795767 179.597122 99.036217 25 25
-23.333012 194.707031 81.825775 25 25
-32.085823 177.118881 99.405266 25 25
-27.059057 201.717545 79.991730 25 25
0.138649 207.562195 88.494781 25 25
-21.272013 166.582214 118.054657 25 25
