47.499199 103.943527 -33.773621 0 0
-21.012772 228.451859 8.749644 0 0
7.442111 238.785141 -8.631050 0 0
14.312818 123.074867 24.339193 0 0
16.214235 48.011002 0.900123 0 0
-1.436237 84.199615 11.634130 0 0
8.136672 172.493958 53.939625 0 0
-11.042103 59.164448 5.428421 0 0
-31.304142 85.203575 12.121058 0 0
-4.419366 8.988442 -5.419446 0 0
-18.907248 127.984299 -1.510820 0 0
67.603592 104.903557 37.205833 0 0
-10.953012 150.038803 2.377648 0 0
30.942856 91.657654 28.346102 0 0
-7.577392 104.119041 -7.055946 0 0
-17.562969 128.872192 -11.480249 0 0
-28.358208 206.955368 5.885429 0 0
-23.562132 201.044434 9.918634 0 0
23.928711 127.322983 33.487720 0 0
35.301205 136.622925 46.762367 0 0
-2.946509 14.265088 4.572017 0 0
3.876998 144.763062 -39.023067 0 0
21.544739 158.467773 -8.611574 0 0
-61.613850 84.285141 -6.073726 0 0
-0.951582 45.617809 -14.426662 0 0
25.927893 154.024155 -3.254069 0 0
-14.024799 112.020607 -20.488813 0 0
7.321534 150.432632 18.342085 0 0
0.447969 55.367058 9.351135 1 1
30.327271 292.622345 -23.277861 2 2
28.757223 293.012207 -6.273508 2 2
31.477924 281.143707 -59.548481 2 2
28.058744 277.989319 -63.655407 2 2
15.956066 193.487381 94.792633 3 3
17.721317 185.642014 100.054588 3 3
-27.310177 243.637085 103.283798 4 4
-33.736378 260.309937 74.627991 4 4
-46.730694 254.575974 75.387939 4 4
1.702281 197.177017 93.879105 5 5
-18.364588 205.431259 74.922417 5 5
-20.954742 198.826202 87.397881 5 5
38.130402 268.183899 76.684334 6 6
29.396753 260.983917 82.679825 6 6
-4.712429 254.301331 78.689369 6 6
4.107784 279.406647 -15.852741 7 7
5.858652 270.742920 5.604280 7 7
43.975960 256.167389 20.810198 8 8
48.203556 288.309692 -12.174931 8 8
35.646839 273.253632 14.884302 8 8
5.953983 271.641052 28.812635 9 9
23.579184 276.714111 34.887299 9 9
-19.718294 261.524200 32.570625 10 10
-13.442594 236.399445 10.916242 10 10
-32.145988 301.811615 -9.116728 11 11
-33.863239 309.989777 -0.502438 11 11
-12.071849 256.642242 164.531311 12 12
8.563704 259.866089 122.423264 12 12
28.381622 262.988220 143.388748 12 12
-2.592249 258.975433 122.376457 12 12
-63.443188 293.872589 39.621052 13 13
-52.027813 292.507690 39.822495 13 13
-80.401497 267.450439 46.943558 13 13
-62.815063 269.558319 50.615364 13 13
-46.230747 289.318359 21.418566 13 13
-69.607376 260.006836 32.116440 13 13
-39.441765 291.716003 53.570362 13 13
-86.339149 311.878113 -2.926606 14 14
-60.421749 291.494171 -19.096758 14 14
-101.029800 291.309570 2.579777 14 14
-97.784843 290.243896 28.315304 14 14
-74.795174 302.506042 -0.759445 14 14
-95.544472 287.124725 2.207584 14 14
112.403152 97.982025 50.221916 15 15
88.114830 103.790283 41.943275 15 15
102.782028 145.389893 52.923466 16 16
68.368462 142.852036 77.274910 16 16
94.350632 151.973267 71.648384 16 16
107.843689 140.891830 53.078171 16 16
61.296326 155.815216 64.909912 16 16
64.560066 142.243195 92.436264 16 16
96.123985 142.511978 74.707291 16 16
-18.089237 114.248657 112.886139 17 17
7.456367 129.404922 94.981499 17 17
34.830009 133.383423 99.358871 17 17
-8.008121 140.948135 73.395111 17 17
-7.050438 119.524330 104.725952 17 17
39.309494 134.831741 94.807213 17 17
81.264114 87.048538 136.275421 18 18
121.540619 98.288834 136.745392 18 18
107.285072 103.256531 132.909607 18 18
68.977615 110.933701 114.205612 18 18
107.203796 94.251083 138.550140 18 18
89.114342 113.418503 109.183228 18 18
-29.941956 15.806006 6.436987 19 19
-30.365702 12.142799 -22.761688 19 19
96.831833 165.121719 -33.693863 20 20
103.893250 158.021820 -36.635639 20 20
19.160913 162.232376 -69.352997 21 21
29.090895 142.279999 -104.037140 21 21
92.365067 115.844109 -60.353542 22 22
97.445992 110.912933 -49.447132 22 22
84.762131 278.888458 -63.821453 23 23
103.912247 281.819611 -25.929625 23 23
102.246391 284.185760 -31.743135 23 23
51.111565 116.981194 -75.278694 24 24
-85.874519 118.858940 85.455666 25 25
-70.168877 128.789124 85.071709 25 25
39.390141 64.708565 -39.648781 26 26
54.040459 69.636757 -83.254570 26 26
70.979446 103.773827 -29.025642 27 27
86.515671 109.408287 -34.756332 27 27
-53.827133 39.400417 18.104574 28 28
-38.003849 40.838871 26.260517 28 28
56.406677 78.102303 -56.330765 29 29
73.149574 81.087654 -41.498684 29 29
59.151871 124.204231 36.937000 30 30
49.887180 146.104538 52.906727 30 30
76.157097 106.032928 2.697074 31 31
88.115669 104.385307 12.142505 31 31
-56.613071 189.154846 30.487175 32 32
-45.707767 196.942993 18.901346 32 32
-56.236118 175.112198 50.513485 32 32
-13.675970 82.920319 -46.560329 33 33
17.315567 185.338943 170.735992 34 34
6.293684 200.072754 118.021881 34 34
21.776953 190.704910 145.693344 34 34
-48.398926 200.686005 -0.399229 35 35
-45.058075 198.583954 10.291646 35 35
58.309509 175.537750 -12.161634 36 36
76.419708 169.113205 14.428858 36 36
26.325058 177.069168 -45.025192 37 37
45.927238 171.493408 -47.980450 37 37
51.842709 168.335175 -59.224483 37 37
-58.665436 103.920326 84.112671 38 38
-51.385090 120.309883 63.152576 38 38
-52.524544 106.312393 47.948803 39 39
-97.105110 86.225647 49.679585 39 39
-66.180817 127.851547 31.235119 40 40
-73.739197 112.862679 24.250196 40 40
-60.135715 123.572060 41.529675 40 40
-97.935135 115.750633 5.995766 41 41
-115.741043 111.972992 7.207338 41 41
-92.489227 97.719055 -57.483490 42 42
-58.038807 137.915558 21.804914 43 43
-91.846252 137.936569 -59.920380 44 44
-108.279030 115.684593 -46.190239 44 44
-117.330093 113.906212 -49.470905 44 44
-102.851387 133.425461 -21.362879 44 44
-83.761040 144.271561 -40.089706 44 44
-86.890167 138.271652 -65.723495 44 44
-1.355494 324.275421 -59.295845 45 45
-49.987568 153.192322 -75.152283 46 46
-58.538723 151.745483 -57.699860 46 46
-57.586784 141.764481 -108.734039 46 46
-25.160271 140.850235 -131.508011 46 46
-21.865339 155.731918 -91.325897 46 46
-44.422649 141.584412 -124.641548 46 46
-38.580254 152.247070 -51.796711 47 47
-42.739998 172.162079 -83.694344 48 48
-15.617260 184.145111 -82.079475 48 48
14.801763 178.456329 -64.331161 49 49
2.151325 172.213913 -67.297630 49 49
-30.776142 137.060303 31.442236 50 50
-32.891071 154.443848 -69.534576 51 51
-31.537643 108.779907 33.230186 52 52
26.023014 162.062027 21.897547 53 53
-60.745480 122.372818 24.590019 54 54
-31.350666 109.480309 24.651884 54 54
-58.563820 148.796387 -23.438871 55 55
-38.321739 323.723419 -51.941208 56 56
31.323563 161.093185 18.263838 57 57
7.526462 90.600838 -22.090681 58 58
-36.585136 137.414673 -22.350422 59 59
-18.970289 141.718033 -48.123550 60 60
-34.036640 79.304703 12.758527 61 61
-73.748047 305.068756 21.148413 62 62
-78.159332 313.158112 22.534355 62 62
2.259733 197.550232 40.184441 63 63
3.557363 195.961487 74.186867 63 63
45.552132 67.511711 -17.965321 64 64
57.765907 72.153511 -47.528835 64 64
15.719981 25.650398 16.171694 65 65
10.487316 23.659378 21.264660 65 65
-14.664974 185.762970 -45.024670 66 66
-17.142208 180.708817 -35.207825 66 66
-12.311303 316.356781 -41.679535 67 67
42.386795 193.156921 22.345789 68 68
47.351177 188.562332 10.128529 68 68
42.944820 185.235199 4.504482 68 68
20.390076 191.737579 46.939030 68 68
37.717373 195.540955 10.283503 68 68
-19.794155 172.713730 -1.344261 69 69
25.280392 172.371414 17.014580 69 69
-117.219116 145.937622 -78.002296 70 70
-111.656303 146.861053 -134.451431 70 70
-104.967758 149.982468 -100.692467 70 70
-100.750633 151.470749 -129.383621 70 70
-67.362984 198.385117 6.388859 71 71
-74.658272 201.276093 26.376009 71 71
-75.216278 200.791321 8.878676 71 71
