25.057934 139.929535 44.737309 0 0
-47.550251 93.911812 -61.877422 0 0
24.573734 131.856415 36.410110 0 0
91.997078 483.848969 244.205719 0 0
22.238489 241.970032 121.203484 0 0
-42.138531 115.598709 44.750908 0 0
34.970367 412.150513 -3.734181 0 0
2.261733 175.942062 -136.235916 0 0
29.353857 127.735847 -17.257843 0 0
36.938538 127.579514 40.099308 0 0
19.957106 111.536789 20.996414 0 0
-14.485332 188.737213 -111.128899 0 0
-34.224972 158.880081 -13.458327 0 0
-40.900620 160.807343 -22.943686 0 0
-21.960966 302.312775 -81.317184 0 0
22.374624 363.834015 -2.449947 0 0
41.557587 147.438248 -68.209595 0 0
-3.787129 85.285645 -37.055035 0 0
21.103300 32.315918 -16.132324 0 0
-33.751884 166.602600 -57.557499 0 0
39.725491 474.549377 30.387905 0 0
-85.527245 278.667053 -126.749184 0 0
-40.471710 85.487915 -60.054234 0 0
6.176020 104.990662 34.142948 0 0
18.176126 275.878632 43.643166 0 0
56.518303 165.708939 -11.628157 0 0
-17.815582 88.925026 -43.997414 0 0
38.887714 171.007309 88.403938 0 0
-12.985481 257.382446 -57.594158 0 0
39.817467 169.996719 76.902313 0 0
-107.226608 254.449051 -102.292343 0 0
2.512280 105.596428 -48.234627 0 0
12.837462 103.724777 -29.310991 0 0
26.380899 3.364517 -13.093213 0 0
-46.929722 168.851593 -129.829269 0 0
14.316788 197.449036 -17.168833 0 0
-26.653858 115.131554 39.229870 0 0
-19.619596 149.216660 -51.381695 0 0
23.666922 120.434258 -64.907402 0 0
-44.013000 107.415657 -54.477291 0 0
0.509058 203.053986 -25.538788 0 0
5.476947 331.614166 -9.419249 0 0
26.067577 151.612762 10.671683 0 0
-4.015416 172.725464 5.542733 0 0
94.131432 510.844147 67.459122 0 0
-77.142097 260.449402 -62.814407 0 0
-4.625727 346.300446 176.706894 0 0
-8.612456 138.261185 -54.448708 0 0
-18.933020 105.644470 -31.039070 0 0
17.006809 275.738495 127.288147 0 0
86.832924 470.668884 66.255531 0 0
7.120527 475.648499 7.819779 0 0
-57.756969 117.578362 54.668503 0 0
-15.971350 165.593658 -143.310486 0 0
-5.794772 206.916382 4.414036 0 0
-3.071711 333.272583 162.644043 0 0
-22.699724 241.516479 -69.300903 0 0
-38.729813 457.479675 -0.593352 0 0
56.473698 240.352936 -46.180042 0 0
0.993467 211.735153 -12.294755 0 0
48.931747 440.989105 220.798538 0 0
-25.037491 103.452522 -42.463020 0 0
156.839874 585.132263 59.359886 1 1
153.606979 584.645996 107.716217 1 1
136.551270 576.447937 74.227684 1 1
-136.314880 523.144897 -66.342308 2 2
-105.175491 535.561523 -61.735569 2 2
-99.863098 545.204468 -54.275604 2 2
-57.105938 530.759460 16.600657 3 3
-83.111519 532.565735 24.196415 3 3
-79.004860 519.171509 1.208472 3 3
8.081665 547.585693 -70.715225 4 4
-37.112038 541.651489 -50.151402 4 4
62.324425 521.067566 258.111450 5 5
88.580795 511.608917 273.266113 5 5
121.239113 483.479706 244.526794 6 6
124.294151 486.703674 234.811600 6 6
-71.561752 71.253868 69.532806 7 7
-67.046631 63.111137 72.089249 7 7
-33.314571 139.667603 81.209579 8 8
-6.346140 500.934204 197.921326 9 9
-29.292442 504.767670 153.692688 9 9
84.648384 564.991760 56.319164 10 10
128.233185 548.005920 21.969299 10 10
96.532036 557.866394 113.584381 11 11
87.780243 549.363770 136.608185 11 11
64.513321 550.475464 123.668663 11 11
-57.797161 635.091309 -23.161987 12 12
-46.487110 644.039795 13.408457 12 12
1.834135 526.842773 140.575104 13 13
29.719379 541.661255 125.625893 13 13
86.197075 340.664185 133.159836 14 14
128.646103 332.026123 140.506836 15 15
140.718796 332.926331 173.856659 16 16
149.834412 329.988037 174.625290 16 16
16.266903 407.939484 244.430435 17 17
8.137474 403.293610 227.555649 17 17
-36.136299 389.562622 201.844513 18 18
-68.178284 397.320160 224.634598 18 18
59.404301 183.240814 186.512283 19 19
83.659988 172.913177 182.872360 19 19
27.196075 216.387207 177.085022 19 19
24.910217 192.405945 73.602272 20 20
-13.790471 201.504822 75.289040 20 20
-28.842382 177.950409 88.835228 20 20
106.794937 156.121704 90.814606 21 21
63.323994 201.513153 74.022064 21 21
99.093872 183.397324 91.606583 21 21
36.224800 222.627777 -190.075912 22 22
13.611434 593.070496 -29.729725 23 23
-125.261459 150.762039 -228.055725 24 24
-120.753189 138.235214 -244.483994 24 24
-123.109940 152.167603 -245.998566 24 24
-122.745132 107.510513 -242.172882 24 24
-36.457092 185.943909 -238.067917 25 25
-12.557072 192.585907 -232.253204 25 25
91.239380 239.080429 -163.272141 26 26
90.467850 222.863464 -110.988853 26 26
-151.709671 117.786018 8.369101 27 27
-122.005539 137.191483 2.654247 28 28
-96.653381 276.710205 -175.013641 29 29
65.854897 456.217224 6.676499 30 30
145.863602 435.158386 30.447735 30 30
-72.180313 244.540634 71.095001 31 31
-59.574833 238.878876 94.600731 31 31
-22.652092 243.876144 57.462044 31 31
43.469460 282.813538 55.616379 32 32
-13.323763 247.473129 74.082794 33 33
49.334164 602.639343 17.000725 34 34
138.019760 217.277008 -71.188469 35 35
88.851250 252.997894 -64.348442 36 36
95.373024 247.069855 -26.083286 37 37
66.235634 335.854980 37.424892 38 38
8.693964 334.252167 42.579147 38 38
66.553185 333.133789 18.197571 38 38
83.734573 275.697937 -179.225082 39 39
49.460331 287.450989 -130.794830 39 39
59.733353 282.640900 -123.834122 39 39
40.611149 222.647858 -211.109512 40 40
-47.380745 364.497192 45.555054 41 41
-21.971407 341.696777 27.346905 41 41
74.337280 294.385010 -29.529221 42 42
91.122704 296.029419 -62.159340 42 42
93.827919 294.332550 -51.439030 42 42
33.619526 267.426575 -91.088905 43 43
-9.256791 264.171021 -64.487892 43 43
37.259007 269.802368 -63.656578 43 43
-24.826223 242.764130 -93.487625 43 43
-90.051460 106.124313 -117.441383 44 44
-41.304520 104.196823 -151.098953 44 44
-47.191437 110.307457 -144.261505 44 44
-63.270535 526.886902 219.649139 45 45
-133.092117 526.615295 211.913422 45 45
25.349638 133.436462 -130.121536 46 46
-19.775223 126.129227 -99.301575 46 46
-59.809898 144.291183 -58.338730 47 47
-51.884235 148.271622 -48.851498 47 47
-109.364227 87.322792 -57.323486 48 48
-96.555374 93.028519 -98.132820 49 49
-131.169067 61.672718 -182.694031 50 50
-117.478783 52.664062 -199.368439 50 50
1.786603 133.331940 -207.473618 51 51
-63.797825 123.500504 -194.815369 51 51
-85.049805 118.453346 -188.919708 52 52
-97.694199 138.834076 -176.105255 52 52
-117.581131 161.295471 -155.962097 53 53
-164.758835 180.400391 -147.357361 54 54
-160.222855 199.997101 -171.183212 54 54
-110.183617 176.134628 -214.577850 55 55
-78.935074 193.678680 -198.797882 55 55
-52.256699 143.166351 -209.474640 55 55
-96.318848 193.840302 -226.979782 55 55
-6.487076 497.322052 249.783401 56 56
-27.245850 489.757019 224.074814 56 56
-156.119965 235.633377 -105.206703 57 57
-168.666702 216.820389 -110.642693 57 57
-45.466721 210.198181 -123.360840 58 58
-68.034882 233.428665 -121.398651 58 58
-48.813267 198.886719 -120.592033 58 58
-34.107491 203.445221 -125.282700 58 58
-111.479729 214.660507 -102.723663 58 58
-100.056320 190.531326 -142.285233 59 59
-53.461884 195.755447 -42.125370 60 60
-83.923401 196.458237 -79.794334 60 60
-119.875923 159.552551 -86.657593 60 60
-126.524147 181.719589 -39.545578 60 60
-101.968330 272.714813 -151.954681 61 61
-117.426666 258.534668 -127.349678 61 61
-106.921944 243.398544 -13.047805 62 62
-78.495216 256.868011 -2.033032 62 62
-71.476418 213.630981 11.156013 62 62
-97.934044 260.040131 -20.549826 62 62
-35.244339 239.851593 -19.365171 62 62
-19.747517 237.654495 28.668673 63 63
-69.916092 255.923645 11.859338 63 63
90.471977 543.885803 180.503891 64 64
-173.001984 456.290405 47.655144 65 65
-197.817642 435.758759 33.488190 65 65
-149.831009 469.351685 25.585888 65 65
-146.436783 453.754395 -19.557068 66 66
