11.305803 85.436844 24.091019 0 0
-10.191523 154.658234 -34.872887 0 0
-1.734064 80.388374 -55.474674 0 0
2.862077 42.220757 14.053541 0 0
44.599941 210.791992 66.721054 0 0
6.104122 101.855492 -85.986153 0 0
7.001912 11.889549 -0.349270 0 0
42.175373 118.096710 80.506447 0 0
-5.804382 156.876755 -32.737911 0 0
4.955460 98.333427 -22.150347 0 0
10.583789 104.530380 -28.592409 0 0
-1.961567 80.925667 28.993530 0 0
14.837743 58.873894 29.605413 0 0
-3.709136 55.925529 -6.616087 0 0
10.719782 105.270622 -88.824287 0 0
1.106787 50.004555 22.750244 0 0
6.692124 204.351257 20.566557 0 0
8.239189 94.097000 -21.202915 0 0
2.637986 126.566093 4.941185 0 0
20.661919 97.330673 41.880714 0 0
-5.355165 84.205025 19.214382 0 0
0.705268 189.933090 13.421687 0 0
0.987292 86.272224 -2.643062 0 0
-2.950559 68.855629 -32.193352 0 0
-23.162973 50.191566 46.601776 0 0
1.297552 72.970383 -15.357633 0 0
-1.257849 81.478004 -21.245750 0 0
-11.699668 183.665268 -54.535110 0 0
-0.827345 81.442177 -49.636185 0 0
3.449887 91.437065 -77.973183 0 0
0.197298 98.960381 12.581840 0 0
-3.345145 86.141327 6.143373 0 0
-9.693067 234.213211 -3.434185 1 1
-14.869678 222.756744 -40.751369 1 1
-27.066563 239.337921 -11.109242 1 1
2.252377 223.237350 -16.337032 1 1
-15.801573 207.073257 -89.027443 1 1
-16.428333 205.937012 -57.299290 1 1
-12.139439 213.786270 -31.338432 1 1
-31.999798 234.068985 -10.417944 1 1
-15.204841 208.694305 -53.291328 1 1
-8.131346 206.780365 -77.981705 1 1
3.187326 213.551849 -46.681473 1 1
8.808562 214.256897 31.360037 2 2
19.459831 207.047043 66.342422 2 2
5.448822 206.819702 32.511105 2 2
-0.481696 205.867950 35.341919 3 3
-4.051309 209.637680 39.095673 3 3
-66.969574 51.765057 106.020409 4 4
-42.193031 54.580563 99.384651 4 4
-60.106548 41.618332 107.885201 4 4
-54.024986 34.710133 113.096161 4 4
-25.408232 58.631992 84.890747 5 5
-26.785578 67.791847 74.936584 5 5
-11.495647 67.093460 76.984749 5 5
-45.310436 71.835083 65.546471 6 6
-79.151817 49.264091 53.349121 6 6
-52.140587 64.337875 71.452019 6 6
-58.801960 61.402332 72.465424 6 6
-46.884804 250.411652 3.086192 7 7
-68.764191 257.692291 -12.527173 7 7
-85.390846 253.914459 -15.542414 7 7
-77.454826 257.429291 -19.360067 7 7
-29.565052 6.586921 -7.143618 8 8
-28.212114 15.437142 -16.872862 8 8
-24.269011 10.254837 -24.730833 8 8
2.443848 16.702330 -17.502138 9 9
5.044605 29.183821 -5.159427 9 9
34.310081 5.686186 -5.236002 9 9
42.318455 -0.395350 -21.207443 9 9
26.176720 15.211762 -4.238364 9 9
22.498674 39.437500 10.428401 10 10
77.401695 166.545410 148.652039 11 11
51.339256 217.660690 124.920273 11 11
72.883736 202.507858 131.404266 11 11
50.224468 209.043640 143.383591 11 11
78.063652 181.276993 139.171539 11 11
42.084911 218.062241 131.336151 11 11
88.644882 201.199997 124.312286 11 11
76.596764 223.052826 101.207527 11 11
-18.346476 113.960876 40.381321 12 12
81.817932 237.869247 21.697187 13 13
99.510040 202.346313 64.842636 13 13
68.524467 225.506256 36.379341 13 13
103.216499 202.550323 71.036575 13 13
78.589096 215.142014 50.213146 13 13
132.940186 215.061584 23.615107 13 13
79.375191 234.556412 26.120195 13 13
55.669521 224.489059 52.795261 13 13
69.436958 214.257980 48.760815 13 13
108.770576 214.785721 39.547943 13 13
125.448990 220.090271 18.272425 13 13
124.653923 202.523087 48.658577 13 13
-42.210934 226.952042 -112.191643 14 14
7.541157 221.281937 -140.965103 14 14
-27.327127 185.598373 -174.307861 14 14
3.136200 225.077942 -121.907799 14 14
-28.512003 223.506775 -114.532806 14 14
-41.712906 216.857422 -146.643188 14 14
-18.827509 191.182617 -174.944077 14 14
-3.337875 222.705566 -134.650436 14 14
-13.549994 195.041733 -173.958969 14 14
10.108613 119.105721 -113.203484 15 15
45.371979 81.859291 -102.729042 16 16
24.203714 101.543114 -110.624992 16 16
32.373219 84.854057 -115.365623 16 16
39.094406 99.159256 -98.866463 16 16
49.583130 85.411835 -103.122963 16 16
26.009518 99.569221 -97.430305 16 16
-40.160606 102.587990 -84.213371 17 17
-3.230620 109.174637 -98.232254 17 17
-34.535995 93.493469 -97.088150 17 17
-37.433235 114.480560 -77.546494 17 17
-38.344017 98.514946 -90.715286 17 17
59.842846 115.826233 -51.019367 18 18
38.698402 118.133400 -33.352146 18 18
28.067120 118.350739 -42.082615 18 18
92.236954 59.990971 166.675781 19 19
89.169533 74.425415 150.683243 19 19
101.628700 85.503395 139.637939 19 19
110.574837 85.569984 132.185425 19 19
72.330254 119.502083 103.053337 19 19
107.216591 74.504845 144.958939 19 19
85.143959 70.660172 158.237823 19 19
77.722130 122.923233 95.458359 19 19
69.149368 87.311897 157.800735 19 19
100.522362 74.348763 145.876999 19 19
88.838959 116.270897 67.205734 20 20
83.031433 128.751801 42.039074 20 20
78.830360 113.939659 85.103951 20 20
64.413506 121.426552 72.879341 20 20
70.608887 139.527557 34.282402 20 20
59.974934 129.015656 62.225735 20 20
109.421021 115.338837 52.370579 20 20
58.226406 122.117104 73.668892 20 20
54.607143 194.141815 98.656967 21 21
58.397930 181.756424 90.690521 21 21
54.698578 179.337753 78.611099 21 21
45.334160 195.620773 89.289429 21 21
88.343658 76.162323 94.372589 22 22
61.970390 92.111946 69.098091 22 22
94.923424 79.055717 81.267120 22 22
-11.805490 110.003632 27.775339 23 23
-2.425257 95.333580 102.384979 24 24
11.996611 96.012100 108.266380 24 24
12.274898 113.230843 88.220177 24 24
-7.085222 111.749420 86.290688 24 24
2.467874 92.656136 115.783333 24 24
31.182343 104.859962 120.160072 24 24
15.060465 95.533394 112.360237 24 24
23.278070 128.404404 73.772552 24 24
-16.354856 76.271942 113.130577 24 24
-32.228500 202.157089 -89.102455 25 25
-45.947838 205.916397 -60.398060 25 25
-20.566448 223.176071 -47.672932 25 25
-74.040504 180.885162 -66.614250 25 25
-39.390137 207.594009 -64.011124 25 25
-41.684864 210.065659 -75.389435 25 25
-76.048042 176.250168 -46.652309 25 25
-50.761433 206.594711 -74.527138 25 25
-79.108437 184.513260 -88.040680 25 25
-70.191032 187.995850 -58.825569 25 25
-31.170074 219.761597 -44.755280 25 25
-21.353775 208.833527 -86.916016 25 25
26.754511 207.820618 -37.369789 26 26
23.742056 205.322311 -61.905052 26 26
75.260574 166.817871 -83.831352 26 26
56.221081 190.403442 -45.111340 26 26
69.977272 172.660080 -88.306137 26 26
28.914965 209.393036 -90.131660 26 26
13.877950 214.447495 -48.921024 26 26
64.345871 176.899384 -69.093506 26 26
25.968861 210.611465 -57.162983 26 26
54.975353 190.562790 -54.344509 26 26
22.101454 205.841736 -55.900208 26 26
23.063831 211.165710 -86.415565 26 26
-47.581909 222.869400 44.408150 27 27
-52.567341 228.280121 46.361290 27 27
-34.105156 226.038605 32.953636 27 27
-29.645906 233.876144 23.476120 27 27
-29.628235 227.347427 51.347450 27 27
-21.301325 231.638336 50.383373 27 27
-19.632231 237.002609 16.243248 27 27
21.613342 77.574852 69.725708 28 28
36.814327 90.834717 59.982479 28 28
28.003269 73.538017 91.005806 28 28
15.985034 79.159134 67.540291 28 28
-5.066927 112.774132 36.073200 29 29
36.555733 83.364120 17.240227 30 30
63.977333 79.628624 33.770504 30 30
54.789238 78.572769 20.225389 30 30
58.224724 83.615883 29.000029 30 30
33.693287 113.625801 -31.231121 31 31
35.854656 106.255547 -11.976843 31 31
41.800266 109.850227 -11.922031 31 31
28.400213 229.269531 23.087965 32 32
35.282604 225.754974 23.645191 32 32
5.795849 216.358780 66.262520 33 33
2.963396 214.126587 74.610428 33 33
22.704077 212.004898 68.957039 33 33
