-5.369094 50.745243 0.135166 0 0
-1.055006 60.227749 -3.418984 0 0
15.718185 87.760246 -7.576322 0 0
17.563139 89.566795 -8.487392 0 0
-2.895585 84.577866 -6.907024 0 0
-1.645996 74.939667 -6.367788 0 0
-5.076871 85.692192 -2.959007 0 0
28.058315 97.834465 -12.802140 0 0
-3.913897 35.611534 -3.885382 0 0
0.365344 9.753005 -0.505947 0 0
-1.657911 79.131615 -6.340567 0 0
20.181873 98.378296 -7.740412 0 0
-4.743392 35.741196 -0.062347 0 0
6.250626 43.513443 -13.055812 0 0
-19.566767 72.661530 4.906728 0 0
0.476523 72.449120 -3.460962 0 0
-10.819312 57.611118 1.215000 0 0
17.409830 59.523323 -30.183598 0 0
0.682005 17.516249 0.735632 0 0
22.452787 99.116302 -7.775080 0 0
-2.500766 54.869877 -1.818739 0 0
-0.539297 80.362747 -5.249651 0 0
27.716103 99.973389 -10.687603 0 0
13.210152 80.972633 -49.965874 1 1
20.335543 95.168327 -29.832226 1 1
26.132334 78.944298 -42.645634 1 1
23.597439 101.461243 -17.927235 1 1
13.223104 85.389420 -41.308659 1 1
13.070038 88.216827 -43.856632 1 1
21.214840 80.302940 -39.417152 1 1
20.330696 97.409279 -22.410048 1 1
19.647816 93.731232 -32.097435 1 1
18.441298 64.422836 -59.682148 1 1
24.843948 92.678444 -21.045259 1 1
16.387911 101.114891 -28.380081 1 1
30.966911 90.996353 -24.607838 1 1
22.829342 82.929420 -41.619198 1 1
22.558117 85.727585 -39.218010 1 1
13.709554 89.221191 -33.773048 1 1
24.283623 81.406136 -41.835880 1 1
27.051470 75.820938 -40.216808 1 1
-11.855810 75.682953 40.504967 2 2
-13.256824 78.924339 37.780834 2 2
-21.537888 93.120430 22.924374 2 2
-26.672281 86.431778 34.547386 2 2
-31.660566 86.784805 37.828419 2 2
-6.822319 75.104301 42.224106 2 2
-14.794230 94.675018 24.933235 2 2
-17.071068 87.903198 27.482748 2 2
-20.809811 99.134369 19.386679 2 2
-31.836798 92.942490 30.558084 2 2
-15.694774 92.981064 23.248478 2 2
-22.320208 85.709137 32.574200 2 2
-8.850624 88.867935 28.718527 2 2
-6.408424 80.843651 37.212135 2 2
-27.710243 81.620064 43.561581 2 2
-25.253244 81.740685 39.624554 2 2
-27.913654 97.331696 -13.102910 3 3
-35.127090 93.940216 -15.090748 3 3
-32.758389 96.935265 -12.632759 3 3
-10.892919 89.843948 -6.117089 3 3
-59.204491 65.245941 39.841019 4 4
-46.553059 87.202141 26.299419 4 4
-57.613491 73.827614 30.242945 4 4
-62.928284 63.046711 37.035603 4 4
-66.122528 69.115883 25.361162 4 4
-40.596466 90.112381 28.589172 4 4
-59.430321 78.442177 25.464024 4 4
-49.829227 80.083878 35.048420 4 4
-50.151775 81.482994 37.013393 4 4
-58.869480 77.010933 28.174566 4 4
-65.833542 62.302799 34.086601 4 4
-56.628185 76.237511 33.848358 4 4
-62.324650 65.162376 36.750870 4 4
-62.302380 71.215942 27.583542 4 4
-41.730835 89.849228 22.628216 4 4
-40.508049 89.702293 30.643972 4 4
-37.283516 19.324858 2.323824 5 5
-38.370281 20.258434 0.467633 5 5
-30.526384 27.605690 -6.722270 5 5
-19.976036 21.235071 10.496170 5 5
-16.240587 20.609663 -0.250833 5 5
-27.540573 21.102709 1.463363 5 5
-33.887749 28.995461 -8.192812 5 5
-26.443468 20.649364 3.441332 5 5
-8.512468 21.830513 10.735540 5 5
-33.163841 19.112408 5.757121 5 5
-27.770893 25.527813 -11.413197 5 5
21.278887 6.409258 24.168440 6 6
15.874201 13.211662 21.135996 6 6
2.387170 18.991919 7.900992 6 6
5.296357 21.245255 11.649330 6 6
9.858392 16.871056 26.637257 6 6
18.818653 8.033670 30.346395 6 6
12.920328 14.588290 25.129637 6 6
15.092485 15.646088 16.174368 6 6
6.484059 19.794073 23.294802 6 6
7.497231 57.745583 -48.427273 7 7
5.155732 52.793678 -51.531898 7 7
3.747808 56.698799 -49.580738 7 7
16.523434 56.224689 -56.866985 7 7
4.140389 45.477974 -53.278660 7 7
11.267233 52.205849 -54.427177 7 7
7.208652 63.772274 -48.666206 7 7
9.068392 67.443207 -44.732014 7 7
8.641678 70.267525 -45.739231 7 7
0.216262 50.573933 -49.028046 7 7
26.526684 68.896461 -43.974209 7 7
28.899038 67.894218 -35.977116 8 8
44.526382 52.983555 -36.286812 8 8
39.002323 53.363205 -25.618700 8 8
32.444969 66.976624 -38.962254 8 8
32.655567 65.796989 -31.555704 8 8
33.229603 64.921227 -29.889584 8 8
41.446693 64.963272 -41.169594 8 8
39.157097 64.446320 -32.554214 8 8
39.990788 55.725811 -22.084444 8 8
44.983280 59.450909 -43.102615 8 8
38.166016 56.172611 -26.840286 8 8
44.556641 50.738258 -62.066086 9 9
33.734020 69.837540 -56.356689 9 9
48.517895 53.709225 -58.839329 9 9
48.750397 53.086540 -61.196026 9 9
28.483549 73.396446 -55.499660 9 9
42.833733 50.654819 -63.390194 9 9
50.417675 57.521259 -55.404404 9 9
37.375275 68.304169 -44.374557 9 9
44.795517 59.432205 -57.642735 9 9
30.173765 74.903427 -49.495384 9 9
43.700008 67.710045 -49.133736 9 9
40.526768 42.001209 -70.038475 9 9
30.158167 72.105766 -56.979305 9 9
36.483643 62.846214 -60.815197 9 9
51.830891 47.532658 -60.684551 9 9
40.108704 88.100517 -7.085297 10 10
50.023308 67.281746 -27.129572 10 10
46.703209 72.143753 -12.632842 10 10
43.304478 87.808563 -9.738119 10 10
52.470879 68.760544 -24.391872 10 10
66.191116 40.995098 -30.705593 10 10
46.168171 82.883423 -8.871311 10 10
44.412498 76.708534 -8.764582 10 10
50.945518 68.121216 -33.597633 10 10
44.619564 79.791374 -29.444889 10 10
47.924232 75.470749 -25.530058 10 10
51.713062 71.676872 -17.010962 10 10
47.181953 80.460915 -11.227886 10 10
46.971798 72.627182 -26.864433 10 10
38.555279 83.992416 -19.135376 10 10
41.520454 89.729530 -15.238970 10 10
33.012962 98.991043 -11.020044 10 10
54.460171 67.777046 -13.805725 10 10
52.225777 71.161316 -5.670241 10 10
44.071430 77.981049 -26.990906 10 10
60.353191 56.848335 -12.444713 10 10
46.079018 82.538223 -11.079514 10 10
55.091423 65.056587 -21.042467 10 10
42.459606 87.822723 -15.881931 10 10
32.084129 80.503952 28.428226 11 11
30.414745 93.606621 -4.400815 11 11
34.217789 76.387901 31.592112 11 11
31.047333 82.879791 23.741133 11 11
27.177881 96.128441 13.099726 11 11
31.866247 80.779144 26.251801 11 11
39.954697 76.629814 10.964428 11 11
32.558292 91.367630 -3.088111 11 11
36.746281 78.735664 24.143190 11 11
33.410587 78.335495 15.316957 11 11
32.520775 88.732010 0.871993 11 11
31.993017 95.054497 -5.230935 11 11
34.308022 91.255165 12.251855 11 11
30.247110 98.251076 7.458349 11 11
33.056690 77.833221 26.346678 11 11
34.242905 75.079376 24.085192 11 11
44.692875 58.949005 32.625053 11 11
30.021355 100.922432 -6.192610 11 11
29.413967 89.801544 18.862160 11 11
-2.096651 98.449883 -12.462285 12 12
-1.584902 92.566887 -15.363036 12 12
-4.167574 97.872414 -11.207513 12 12
-8.710505 91.899773 -1.929469 13 13
-6.473616 97.554474 -3.357624 13 13
-7.313499 106.654678 7.016187 13 13
-3.870198 90.192680 -1.862412 13 13
-6.880210 108.968033 7.300267 13 13
-44.557796 86.755043 -8.622759 14 14
-45.938042 81.345650 -14.831252 14 14
-59.292526 74.814636 -3.124279 14 14
-42.755589 92.355713 3.463711 14 14
-54.870609 78.990379 -3.769843 14 14
-39.137703 95.315598 7.797390 14 14
-57.116844 61.415821 -15.115836 14 14
-44.826057 91.089134 2.876806 14 14
-55.712410 80.540894 0.096379 14 14
-61.708000 59.476013 -12.145838 14 14
-35.042889 96.506935 8.653666 14 14
-55.940002 81.069443 2.080612 14 14
-42.111095 89.772194 -5.582553 14 14
-38.955956 95.246071 4.781631 14 14
-62.019478 61.294312 -11.204958 14 14
