-2.696517 130.060104 -2.467510 0 0
-6.070648 104.496338 -10.664952 0 0
-33.207401 48.901371 26.973572 0 0
-3.611237 27.962626 0.471199 0 0
0.062367 20.070332 -0.502652 0 0
5.170972 134.254456 -2.414930 0 0
-4.904208 83.629395 -2.033958 0 0
-1.817396 78.615372 6.082675 0 0
-2.900225 119.321709 -4.288828 0 0
-0.510991 117.429520 25.540031 0 0
-8.592838 45.304153 2.521118 0 0
50.660503 53.345955 5.663053 0 0
1.129805 38.061634 -0.792662 0 0
-11.364224 41.662239 7.569587 0 0
-2.176356 136.018509 -3.559515 0 0
38.755108 48.993923 4.706350 0 0
-5.106995 14.496415 2.680611 0 0
-2.927941 116.337013 24.356495 0 0
-8.372517 77.090157 -41.796383 0 0
-22.904034 99.276016 76.009613 1 1
-3.367920 118.783981 86.103912 1 1
-18.530914 104.378769 81.305428 1 1
-12.248348 112.862793 79.562027 1 1
-20.085180 92.384422 83.449432 1 1
-17.479216 107.176392 81.321693 1 1
-16.031116 83.612518 95.224594 1 1
-11.261432 134.538773 63.273319 1 1
-0.432155 123.317223 84.532265 1 1
-12.840547 126.247673 72.306061 1 1
-20.661533 127.908188 60.229980 1 1
-18.524973 129.788269 64.002106 1 1
-25.015669 100.327477 74.511513 1 1
-20.154938 119.869164 -74.006767 2 2
-27.560869 139.321091 -58.678017 2 2
-32.034615 133.550613 -51.333248 2 2
-33.924450 131.564224 -63.403965 2 2
-27.256605 126.347900 -62.161160 2 2
-34.176552 149.178864 -42.529751 2 2
-23.512569 109.295662 -77.637520 2 2
-29.064369 120.947449 -64.274452 2 2
-36.786961 121.162064 -59.300117 2 2
-30.853868 138.718002 -57.723198 2 2
-42.885830 131.606201 -56.845600 2 2
-34.466381 144.714844 -49.281864 2 2
-21.463060 129.321579 -63.170383 2 2
-37.664513 135.610596 -57.053688 2 2
-47.474915 140.471695 -19.373917 3 3
-24.695971 133.577835 -43.513264 3 3
-22.487976 138.278076 -40.504333 3 3
-32.347580 127.309387 -41.245728 3 3
-54.397591 107.915527 -10.214316 3 3
-32.922447 135.036652 -23.503212 3 3
-44.416100 124.331741 -16.105759 3 3
-35.861839 148.388428 -23.703394 3 3
-49.664215 129.912949 -8.280859 3 3
-42.921871 121.519470 -26.823587 3 3
-20.360256 136.140762 -46.566700 3 3
-28.377863 144.994965 -29.929205 3 3
-38.023823 149.842407 -20.702806 3 3
-40.366348 122.008842 -30.680693 3 3
-39.455181 127.092628 -44.220058 3 3
-39.355259 148.713333 -14.642945 3 3
-30.722767 133.968872 -29.406872 3 3
-33.766609 107.672623 40.193752 4 4
-27.895048 114.815971 46.164818 4 4
-44.084644 117.905853 25.413824 4 4
-29.676275 128.643066 30.703457 4 4
-41.436859 102.551468 27.088919 4 4
-19.719492 126.041634 47.582909 4 4
-23.344879 126.857590 42.789955 4 4
-36.489628 104.961739 36.746731 4 4
-43.499763 112.454407 25.757427 4 4
-22.888037 127.685150 37.696007 4 4
-42.329723 100.655273 29.381466 4 4
-33.893574 116.850113 37.260696 4 4
-34.029587 88.697250 35.992691 4 4
-6.627166 73.533058 -61.582104 5 5
25.638296 58.983952 -48.852280 5 5
13.657530 74.026932 -49.801270 5 5
0.326557 59.150486 -78.979607 5 5
-6.699681 72.455246 -70.316322 5 5
-0.173276 79.865517 -57.921906 5 5
19.477673 41.485542 -66.426773 5 5
26.760546 51.913002 -51.997581 5 5
-1.379565 62.203102 -71.373840 5 5
22.714098 39.810535 -68.187164 5 5
26.092857 49.572933 -53.692177 5 5
13.630259 60.361866 -64.422607 5 5
11.477008 43.562904 -74.635979 5 5
23.416748 57.223209 -50.144241 5 5
-30.571894 64.521019 -61.172691 6 6
-31.757414 57.722641 -64.606384 6 6
-30.140690 59.995174 -52.331234 6 6
-29.280342 52.262962 -64.767853 6 6
-42.548283 39.884392 -48.413837 6 6
-19.634407 79.747566 -48.729408 6 6
-26.128307 70.846939 -67.787872 6 6
-30.760073 57.038429 -54.000134 6 6
-28.069084 74.152954 -48.168369 6 6
-11.985534 70.325020 -55.236664 6 6
-23.106344 65.832886 -67.766739 6 6
-37.748028 43.092957 -57.018063 6 6
-38.321434 55.654335 -48.547421 6 6
-26.273863 61.447300 -64.404755 6 6
-17.534437 68.757324 -51.960201 6 6
-40.439445 57.062206 -41.843685 6 6
6.486643 141.862656 -0.252576 7 7
15.286052 143.842041 0.675080 7 7
27.076344 154.308273 -6.401385 7 7
23.143166 152.226242 -5.552219 7 7
18.568298 141.759537 23.075483 8 8
12.823906 146.235138 8.426745 8 8
26.366037 141.656555 22.565716 8 8
11.664973 143.831863 6.759674 8 8
2.896280 143.726669 20.177929 9 9
-6.079889 141.501328 14.370919 9 9
-3.313774 141.342499 31.553337 9 9
25.053288 101.632736 39.833683 10 10
-20.062675 119.859558 30.623507 10 10
-10.294428 136.683243 35.826805 10 10
28.043171 102.870941 43.223930 10 10
22.929258 104.179588 39.721695 10 10
20.880774 128.992340 30.078661 10 10
-14.784948 137.127609 39.104549 10 10
10.505089 109.676804 53.053612 10 10
20.720345 86.447945 50.868835 10 10
18.801041 120.825150 41.224255 10 10
12.101412 118.014839 31.638384 10 10
-4.133493 119.376244 48.507324 10 10
5.445992 132.403625 37.027946 10 10
-5.838581 121.304657 46.299389 10 10
17.150694 119.574631 30.480335 10 10
19.811605 126.879799 35.267197 10 10
16.865414 124.283119 40.680786 10 10
4.708117 97.692451 55.078857 10 10
-3.972737 130.750290 48.096478 10 10
-8.948295 14.956594 -3.102144 11 11
-17.728792 10.696185 -1.317850 11 11
-24.636999 5.813225 -18.767593 11 11
-22.277317 4.479765 -6.920358 11 11
70.033150 42.354202 18.380457 12 12
61.467777 47.110687 18.259935 12 12
62.845631 53.533794 7.736200 12 12
-15.762306 8.502952 13.606660 13 13
-1.149929 20.648010 5.427017 13 13
-3.319510 8.108436 19.712406 13 13
10.839181 54.801662 15.430562 14 14
15.637144 50.290493 18.388758 14 14
6.910013 49.442196 11.918496 15 15
4.590797 55.589787 9.212829 15 15
18.476690 47.702000 9.525374 16 16
2.160048 59.849258 11.487446 17 17
-10.440436 53.080883 15.124082 18 18
-5.972890 57.840843 17.617254 18 18
-12.217856 48.972393 8.807155 19 19
42.437206 45.888275 26.399233 20 20
52.077496 48.452511 21.695238 20 20
44.853374 44.168491 26.972057 20 20
42.293316 55.710625 17.383196 20 20
65.375038 45.594772 -3.256346 21 21
66.094734 34.904598 -15.386335 21 21
48.955570 55.880508 -6.811531 21 21
48.371887 53.076962 -15.059331 21 21
56.684784 43.608479 -15.980743 21 21
-24.893394 67.375389 -81.227371 22 22
-16.536493 49.029915 -96.973427 22 22
-25.867786 74.479698 -75.516098 22 22
-6.954204 42.187767 -103.866364 22 22
-23.953327 54.537197 -90.154388 22 22
-5.307793 50.608337 -99.103912 22 22
-20.767036 29.868732 -105.973083 22 22
-20.621092 61.459457 -86.313461 22 22
-11.917631 71.552307 -79.066429 22 22
-19.811707 68.800560 -80.037239 22 22
-59.242245 140.226913 -43.071907 23 23
-55.578293 119.506363 -56.569622 23 23
-57.430878 86.153694 -47.105434 23 23
-50.459446 122.172089 -57.452782 23 23
-61.267189 101.661987 -47.773174 23 23
-54.618366 141.161026 -49.127312 23 23
-48.932785 116.771317 -59.738510 23 23
-52.295513 139.718018 -50.088432 23 23
-52.394875 122.809380 -54.965981 23 23
-58.746979 96.986237 -46.119068 23 23
-50.503654 107.425034 -62.170967 23 23
-53.689144 118.583092 -58.726948 23 23
-69.797287 50.273640 61.627533 24 24
-72.718529 45.460762 58.471111 24 24
-55.846184 56.963856 50.593391 24 24
-55.032349 58.798634 48.073051 25 25
-49.087177 41.549877 61.747757 25 25
-37.194767 39.859180 65.110168 25 25
-33.763870 43.120415 66.352173 25 25
-44.477531 63.883820 47.613506 25 25
-68.812881 44.525341 37.070618 26 26
-58.794422 49.739807 43.499355 26 26
-68.369919 49.487888 19.255674 26 26
-67.055481 50.731789 27.734356 26 26
-65.834427 52.178600 37.923374 26 26
-69.916550 50.342381 29.114754 26 26
