20.725538 124.980377 7.343912 0 0
-21.979490 71.081741 15.961470 0 0
-37.424137 192.643692 -13.146264 0 0
-5.265838 69.221321 -7.082223 0 0
-4.749849 7.980242 0.432232 0 0
15.861152 200.837967 16.647278 0 0
-10.699520 146.780624 -56.366146 0 0
-9.300055 146.650024 4.863343 0 0
4.034596 182.270706 8.025610 0 0
52.136826 146.970963 12.927830 0 0
-28.589867 177.827789 -9.360761 0 0
-11.448532 144.005753 -61.930111 0 0
-15.349830 207.584869 10.949043 0 0
-23.912643 205.071152 3.501339 0 0
-10.805051 155.889038 -70.223511 0 0
-10.476516 143.440796 -0.966565 0 0
-3.728050 105.341454 -3.895520 0 0
-17.728237 195.309174 6.469338 0 0
112.555733 148.718979 50.045719 1 1
94.519691 161.388107 37.625336 1 1
112.131264 147.716217 39.398186 1 1
125.878487 136.135468 31.436665 1 1
101.127617 156.918762 51.497162 1 1
96.466339 163.479446 57.524845 1 1
-46.105133 140.736847 -51.953560 2 2
-40.714817 156.075348 -43.935310 2 2
-31.745804 161.450241 -51.231468 2 2
-19.143112 164.461945 -56.452400 2 2
-44.456276 151.863892 -43.345066 2 2
-40.217873 141.729980 -63.130753 2 2
-32.316734 152.905548 -68.899300 2 2
15.510461 46.557976 4.219252 3 3
-2.480912 45.645599 25.377844 3 3
11.176583 40.204090 -1.536543 3 3
-45.882492 95.155487 23.746349 4 4
-59.994537 94.806107 28.309448 4 4
-43.735806 94.300224 43.726978 5 5
-41.877182 85.364342 62.446999 5 5
-44.306938 95.521294 52.442474 5 5
-36.246635 88.614334 61.722260 5 5
28.176723 224.491409 44.988750 6 6
26.351160 232.761261 39.364246 6 6
35.619659 240.162201 29.516521 6 6
60.957790 215.399811 42.215546 6 6
49.191925 221.975769 43.571171 6 6
45.958797 225.302963 41.731026 6 6
53.827942 219.357101 34.522438 6 6
57.317471 233.782501 32.388954 6 6
38.166180 208.305862 56.198429 6 6
36.790749 237.527710 25.193024 7 7
26.238047 223.224182 40.199577 7 7
38.345169 240.776352 26.238871 7 7
60.994457 237.244522 25.042683 8 8
69.013634 78.642754 -57.987972 9 9
39.235321 85.601990 -61.643154 9 9
49.212997 82.429214 -56.215221 9 9
49.592602 76.917320 -64.640717 9 9
60.322906 73.196121 -29.136036 10 10
63.942135 66.273216 -21.980892 10 10
58.966686 78.644646 -18.154228 10 10
42.525951 82.859390 -36.332062 10 10
33.426670 87.573563 -38.765968 11 11
28.838346 83.724693 -45.180794 11 11
30.932156 80.859528 -46.856575 11 11
27.025320 75.438416 -54.433979 11 11
89.829895 143.355927 -1.590522 12 12
76.667130 164.937408 0.856005 12 12
91.602562 133.293518 -22.716568 12 12
87.007820 143.896057 -9.185425 12 12
91.305550 138.984848 -15.984396 12 12
97.176979 144.979218 -0.329079 12 12
83.077774 154.170792 -12.705671 12 12
100.594933 124.310997 -14.415591 12 12
85.824043 143.300140 -20.937981 12 12
1.116133 68.036331 -46.157887 13 13
-1.728150 76.637199 -24.283119 14 14
-2.352059 64.530991 -14.498466 15 15
-35.122749 215.840118 -49.762943 16 16
-50.918755 190.583374 -59.877083 16 16
-83.245155 193.363266 -6.305598 16 16
-46.339966 210.279465 -21.728111 16 16
-46.151566 179.355255 -66.174911 16 16
-34.452782 183.348373 -64.232704 16 16
-33.240444 228.748093 -36.873573 16 16
-34.508121 222.632095 -43.720825 16 16
-56.493946 223.642761 -36.258469 16 16
-20.159580 210.594452 -53.438812 16 16
-29.219881 213.449448 -51.773281 16 16
-67.110222 216.626724 -38.769409 16 16
-69.413628 214.756927 21.301960 17 17
-77.899010 181.857574 13.925846 17 17
-69.440819 220.593826 4.237930 17 17
-56.164543 200.588181 23.022522 17 17
-76.069786 202.968857 9.791823 17 17
-72.726395 215.224030 -7.915861 17 17
-78.046318 185.988129 17.644268 17 17
-66.927750 218.904877 27.575935 17 17
-50.030399 219.466736 2.054606 17 17
-77.859985 198.901764 10.526525 17 17
-77.975891 193.979340 18.401331 17 17
-57.704056 206.237122 9.611235 17 17
-68.053665 172.877213 23.757595 17 17
-41.515896 232.458389 22.253834 18 18
-61.267643 224.601913 26.950268 18 18
-63.019688 232.369598 17.504763 18 18
-28.396042 232.514969 24.369404 18 18
-41.388885 214.272415 36.830822 18 18
-49.867641 207.377823 39.289181 18 18
-47.485775 221.584259 30.810846 18 18
-45.021595 105.839882 -10.329513 19 19
-48.014576 99.929276 -4.130205 19 19
-35.327976 103.429497 -22.860661 20 20
-30.898935 103.276917 -3.438212 21 21
-20.029581 84.675514 43.049263 22 22
-24.609900 97.117851 30.194298 22 22
64.485481 159.342545 16.165028 23 23
77.855118 153.400909 35.435276 23 23
67.964821 168.347015 16.220165 23 23
77.724663 159.684235 25.287107 23 23
43.941513 141.845398 47.031757 23 23
41.456047 153.252136 41.554321 23 23
63.912552 155.725571 25.375029 23 23
58.585949 156.862854 18.320002 23 23
64.698776 167.714310 29.825821 23 23
61.383873 171.670670 25.345188 23 23
-16.204676 94.206131 22.730822 24 24
-25.268255 91.372910 12.224439 25 25
-23.051537 85.460388 20.105915 26 26
-41.331455 224.118835 -5.265164 27 27
-39.915699 212.430450 -3.856815 27 27
-21.459436 222.778305 4.222374 27 27
-35.031281 213.833969 -23.048231 27 27
-24.635355 204.296936 -5.477365 27 27
-42.631996 225.976181 -20.554628 27 27
-27.051460 216.562851 -8.212693 27 27
-39.615944 214.422150 0.396225 27 27
-44.516281 206.473541 -16.449381 27 27
-33.371735 214.421555 1.333742 27 27
-22.244970 215.647186 -37.191845 28 28
-1.710099 236.019547 3.865481 29 29
-1.955274 224.134842 -1.485491 30 30
-4.339206 215.953018 -15.705662 30 30
-12.799256 218.344528 15.917241 31 31
-16.646664 220.909210 -4.721792 31 31
-16.046997 211.362381 9.560914 31 31
-33.565975 165.013870 -102.246758 32 32
-32.805668 140.355743 -141.035095 32 32
-10.635090 167.130829 -85.825165 32 32
-43.825851 157.517609 -119.764687 32 32
-39.548103 161.101700 -110.947792 32 32
-35.631062 148.045441 -130.037247 32 32
-12.240219 166.255386 -91.113945 32 32
-17.544430 159.599411 -105.427589 32 32
-7.168990 151.529953 -120.370811 32 32
-44.517395 158.452682 -115.319893 32 32
-80.617470 96.574036 42.499340 33 33
-59.811291 99.615715 43.189629 33 33
-69.742996 92.602951 53.485691 33 33
-100.510933 224.798386 -44.918167 34 34
-126.658546 209.025864 -38.735077 34 34
-139.980606 197.750351 -31.667364 34 34
-98.761719 226.733566 -29.915180 34 34
-114.129807 215.779892 -27.623642 34 34
-95.806618 223.526489 -28.199760 34 34
-124.864563 209.937195 -27.590975 34 34
-110.144829 216.487976 -39.110847 34 34
-128.673782 204.996262 -38.666817 34 34
-113.734863 218.660477 -33.367878 34 34
-131.079346 202.490875 -45.602524 34 34
104.814873 217.228668 15.567409 35 35
100.315063 211.035675 26.994116 35 35
115.833870 196.450562 23.585987 35 35
95.365547 207.279709 42.142242 35 35
105.993980 211.325104 27.843437 35 35
93.362938 210.505966 48.925701 35 35
94.223183 226.395508 11.457204 35 35
107.426163 208.793030 15.193738 35 35
107.441406 206.768097 34.811783 35 35
97.424713 218.740463 26.185942 35 35
46.427971 223.079437 3.450207 36 36
63.135635 186.049103 -16.468643 36 36
64.391258 201.172760 -14.989022 36 36
52.705814 210.564438 1.421992 36 36
52.170177 201.361740 -11.247865 36 36
39.395824 234.141357 -4.113204 36 36
58.940426 195.673538 -19.559977 36 36
73.892448 214.648621 -0.946994 36 36
55.134838 194.057281 -16.163343 36 36
39.497787 230.103058 -9.102638 36 36
53.581944 215.163330 4.634119 36 36
43.035564 228.019913 -11.013987 36 36
61.113823 212.488297 5.863534 36 36
1.107044 154.903885 -77.948044 37 37
29.047157 130.754379 -78.351791 37 37
-6.341883 157.330261 -68.887383 37 37
-3.586877 158.258942 -74.929337 37 37
12.248157 151.092072 -72.674789 37 37
15.999906 156.620438 -70.246712 37 37
-7.267931 150.373383 -87.302963 37 37
5.058049 142.954224 -89.352524 37 37
