0.413937 152.855530 42.995056 0 0
-30.131544 184.679230 1.949735 0 0
8.438951 222.166748 7.021144 0 0
7.016536 253.906326 29.720022 0 0
-34.408878 75.037521 -6.686162 0 0
-19.069675 151.671722 14.761634 0 0
-13.824052 161.472641 -11.588126 0 0
0.721896 189.737442 5.643524 0 0
-2.187166 105.916054 5.741345 0 0
-8.898842 163.371033 -41.544472 0 0
-27.687494 233.696228 30.851059 0 0
-28.942440 229.124008 2.451554 0 0
-18.870857 151.854538 -15.897256 0 0
-0.445855 111.262627 1.186635 0 0
-22.262812 134.209351 10.346284 0 0
16.509644 221.108475 0.903052 0 0
-15.102544 190.218399 9.899045 0 0
-15.490623 58.283348 18.051119 0 0
-24.509712 227.469742 -3.775849 0 0
-22.441658 98.832443 39.889198 0 0
8.162557 106.869057 12.728064 0 0
-44.646584 202.702545 3.676297 0 0
3.930501 110.981712 -0.927676 0 0
1.448184 139.324585 16.372143 0 0
-21.812124 160.580063 -12.004060 0 0
-20.858200 170.734146 17.928602 0 0
0.868830 229.031311 -0.935544 0 0
-36.801609 218.830368 38.193913 0 0
-1.886950 210.444702 2.073416 0 0
2.872341 106.480217 21.376404 0 0
-13.966567 79.668304 -16.248989 0 0
-38.488838 172.782852 7.088398 0 0
-21.239058 88.798058 -8.864066 0 0
4.429204 212.038986 5.140266 0 0
-14.269184 137.405975 0.736014 0 0
18.649954 142.127930 28.139179 0 0
-7.272254 196.837250 3.051534 0 0
-2.148216 198.424103 -2.477346 0 0
-10.982554 150.429169 -1.685036 0 0
-10.126840 64.949135 -14.370127 0 0
-7.840006 186.508514 10.505495 0 0
-19.636524 150.765533 -9.638008 0 0
-5.368138 204.048828 4.518278 0 0
-43.371723 140.285461 40.301903 0 0
-13.418705 285.572479 17.309475 0 0
-30.163204 132.763992 5.023271 0 0
-25.613674 188.115021 0.384839 0 0
-33.483135 117.867401 -3.927765 0 0
-46.327805 141.433472 36.355198 0 0
12.301374 234.934113 16.767822 0 0
-15.999718 223.846085 2.726402 0 0
-4.843657 49.723747 9.735852 0 0
-17.402035 94.345375 10.421378 0 0
-18.233177 88.656044 -16.509941 0 0
-14.789983 220.785324 -4.029526 0 0
0.188051 297.839813 14.380582 0 0
-45.975166 236.560135 9.959922 0 0
-0.646528 106.279243 16.819189 0 0
-12.488808 230.766327 6.117554 0 0
-24.765354 78.038628 -0.489623 0 0
-2.096805 290.233398 21.091393 0 0
-28.728651 172.397949 -0.732487 0 0
6.000089 231.694321 18.676582 0 0
-36.858585 210.809464 38.889446 0 0
5.630628 150.579880 8.401010 0 0
-22.658779 121.534943 -12.327058 0 0
-12.209633 105.611443 9.940645 0 0
-16.541342 87.444618 25.200048 0 0
8.830311 235.947342 13.354686 0 0
-38.384830 69.647255 -9.637343 0 0
-20.792969 103.820320 1.256723 0 0
26.541105 116.029419 85.514755 1 1
8.058418 113.367859 99.203896 1 1
77.500542 267.771820 88.163239 2 2
60.614899 285.842651 90.933945 2 2
-60.111839 115.150284 90.913574 3 3
-37.860199 118.755020 87.886627 3 3
-73.228607 102.232307 104.180588 4 4
-70.081604 105.094940 86.480927 4 4
-83.206345 162.046539 77.932137 5 5
-58.991058 161.243454 72.691757 5 5
-53.554569 158.341583 70.195427 5 5
-75.454994 160.227707 70.137238 5 5
-30.457853 138.682312 81.119987 6 6
-51.244713 165.249237 64.608109 6 6
-23.196167 138.654388 73.058876 6 6
-43.752754 148.538315 75.765541 6 6
-12.578836 137.066711 74.390854 6 6
-45.437920 181.781891 39.899769 7 7
-68.353447 166.743210 49.096333 7 7
-57.236721 163.615677 53.357834 7 7
-83.827377 186.859680 41.699646 7 7
81.868057 164.545166 36.511333 8 8
86.339516 168.854630 26.418041 8 8
52.921474 185.265747 16.008881 9 9
64.545517 167.660416 27.967310 9 9
71.043518 177.011520 20.104460 9 9
48.566841 178.882004 32.574440 10 10
56.144394 172.242798 38.676983 10 10
-130.609512 261.492035 22.097013 11 11
-117.980667 240.861862 5.253619 11 11
-135.177917 224.950485 17.732237 11 11
-122.626350 230.287262 29.189421 11 11
-137.326904 238.078430 3.078718 11 11
-91.024796 250.528503 29.390242 11 11
-95.777901 251.302353 43.978088 11 11
-108.818047 252.031540 49.971466 11 11
-94.606651 259.496063 12.654580 11 11
-138.437119 255.081482 8.028701 11 11
-141.154175 233.640137 22.094154 11 11
-115.131897 241.934814 49.781738 11 11
-130.092590 230.149017 29.459873 11 11
71.398689 226.496597 1.930226 12 12
59.740463 236.864120 -1.128699 12 12
-87.433197 273.415039 5.421568 13 13
-76.367981 297.922974 4.365284 13 13
-88.095726 268.828522 8.585199 13 13
-87.664429 272.264435 18.756983 13 13
-85.761620 271.465942 -6.348295 13 13
-45.888157 256.569519 -64.202248 14 14
-46.894577 263.869080 -81.250603 14 14
-15.114856 256.388702 -50.872982 15 15
-21.062611 254.782730 -53.795315 15 15
-35.422592 246.584778 -52.786514 15 15
-44.074432 253.965683 -33.617634 16 16
-67.681824 240.456421 -33.204178 16 16
-19.304695 179.483704 -66.233521 17 17
-6.085240 184.402664 -86.609383 17 17
-32.577515 177.222748 -74.582626 18 18
-35.210831 177.694244 -48.697720 18 18
-59.387665 172.807938 -46.496132 19 19
-76.362579 172.413208 -57.086838 19 19
-53.242840 180.821899 -40.069824 19 19
-37.654896 158.380753 -28.757856 20 20
-70.923775 166.591919 -12.556612 20 20
27.546526 115.914742 52.907951 21 21
21.303137 131.273438 74.152611 21 21
39.867050 123.871330 73.583771 21 21
15.041886 240.334366 -14.386353 22 22
1.372496 238.817551 -19.436222 22 22
-4.883527 228.328354 -12.346970 22 22
31.717096 249.851242 -13.454277 23 23
40.803425 232.474075 17.205587 23 23
41.451843 234.181366 -16.192646 23 23
33.413456 240.917587 -11.718996 23 23
44.824833 235.253296 -49.561367 23 23
12.399015 131.830261 46.418438 24 24
-90.971878 236.973953 -19.915758 25 25
-86.052269 227.079666 5.129097 25 25
-103.268997 217.718811 26.320284 25 25
-107.699387 225.597977 -3.181350 25 25
-106.442886 223.292801 3.844811 25 25
-109.689163 227.039948 -20.075140 25 25
-93.387924 235.821426 -15.711663 25 25
-96.068077 201.630997 34.446999 26 26
-80.259613 208.740173 26.872766 26 26
-109.828407 191.356964 45.457218 26 26
-89.035965 206.112061 15.439869 26 26
-55.498119 214.637054 -4.663849 27 27
-55.569530 208.468964 0.922763 27 27
-28.538565 229.547409 -2.739582 27 27
-54.684105 221.935928 -1.439711 27 27
-58.196480 218.784683 -12.980504 27 27
-57.954376 212.518356 52.004894 28 28
-52.095413 214.882202 17.662924 28 28
-68.563843 205.658707 14.926616 28 28
-63.957672 202.315109 9.205065 28 28
-63.062614 209.416565 16.425972 28 28
-47.470119 222.053207 12.508374 28 28
-50.041508 209.342087 43.368809 28 28
19.938925 201.752899 -16.797108 29 29
48.260372 209.804077 -12.541705 29 29
59.125320 167.845169 33.891026 30 30
-29.861401 197.875198 -39.210304 31 31
39.011120 171.824387 -1.837512 32 32
18.489662 178.926575 -50.702812 32 32
18.690159 182.259628 -43.627033 32 32
31.260351 182.692062 -10.543594 32 32
4.156831 162.983994 19.998472 33 33
-11.433013 168.103485 39.522251 33 33
62.787640 178.200562 -35.761356 34 34
43.075455 188.062271 -22.500925 34 34
4.438885 209.010590 -20.770861 35 35
18.840380 214.456741 -17.012053 35 35
58.119751 206.918991 121.230057 36 36
74.255180 197.996750 129.268036 36 36
17.993765 198.629486 131.704926 37 37
45.638744 205.288437 104.972870 37 37
20.587067 209.340775 104.245789 37 37
71.000290 216.611130 75.875710 38 38
62.103031 213.577515 84.261551 38 38
-7.363859 278.660217 102.698021 39 39
2.566799 279.204132 94.325661 39 39
-1.898957 273.275024 106.889671 39 39
-7.719149 263.844879 120.758820 39 39
19.961720 279.735168 108.448067 40 40
41.206154 280.024780 121.004410 40 40
23.102495 275.042603 117.750282 40 40
50.916050 268.088287 91.836288 40 40
28.134819 276.486664 92.399643 40 40
