-11.494417 200.387009 25.979504 0 0
7.943557 55.295193 10.144614 0 0
-8.071687 61.870358 11.435265 0 0
1.787025 135.513046 14.604570 0 0
-29.362806 241.202332 44.779362 0 0
-5.069361 168.934875 27.086273 0 0
-16.505779 88.154778 21.474808 0 0
-3.763709 54.524433 -7.496125 0 0
-1.057152 135.303040 12.609582 0 0
-32.587048 299.479279 54.472893 0 0
-12.253853 267.484924 45.571083 0 0
3.111298 104.445427 18.695057 0 0
-9.369286 257.137451 21.221384 0 0
18.936262 155.682541 -35.522469 0 0
-1.825618 222.402374 55.834660 0 0
-25.302505 170.786194 44.485973 0 0
-14.909250 250.034409 33.643291 0 0
17.600626 158.176056 -39.627628 0 0
-12.513106 169.643509 33.736237 0 0
-4.755522 82.740440 7.910825 0 0
2.452612 95.535774 13.045138 0 0
-23.979010 255.047424 36.976723 0 0
-4.363870 48.610832 5.385424 0 0
-22.619310 114.461327 23.015236 0 0
-24.282345 76.290352 19.839298 0 0
-30.805372 261.030762 30.682070 0 0
20.917259 156.795944 0.782395 0 0
-30.673733 249.713867 46.408688 0 0
-4.144499 141.519791 32.032787 0 0
-11.750812 63.074680 5.713827 0 0
3.076952 159.693710 30.285858 0 0
-4.420446 21.748127 5.124624 0 0
1.319960 233.342148 71.678604 0 0
-30.993240 211.127518 16.430529 0 0
1.278069 98.115845 25.686378 0 0
-1.557446 88.810242 -14.284138 0 0
1.090399 91.161629 -6.795305 0 0
0.997896 131.894638 11.812254 0 0
7.119225 94.402214 -6.576021 0 0
-9.612389 152.057251 26.357788 0 0
-1.591204 51.517727 3.781708 0 0
5.281727 102.488663 -1.083954 0 0
-20.909702 99.903877 10.155794 0 0
-9.676047 134.861420 41.465813 0 0
6.985927 87.816986 10.812711 0 0
-5.904834 130.439117 9.382957 0 0
-4.200523 263.736420 77.568016 0 0
-4.025690 150.324142 19.086958 0 0
-15.604172 74.374420 32.225979 0 0
-18.907495 159.656189 29.093765 0 0
13.988536 58.988556 3.873905 0 0
-47.263126 256.673828 28.353926 0 0
-7.701765 9.217047 -0.700119 0 0
-13.807033 242.626877 5.133090 0 0
-27.879177 130.042847 29.820526 0 0
-32.264263 228.967758 47.326530 0 0
10.931251 86.466591 14.284502 0 0
-43.184631 223.274216 36.156437 0 0
26.560223 160.610443 -43.347404 0 0
-17.284842 218.056854 23.099558 0 0
-15.593120 71.511192 34.332146 0 0
1.792055 87.697845 11.001804 0 0
-6.934361 68.036827 -7.501979 0 0
11.312033 144.196030 -22.178972 0 0
-15.873844 249.269699 10.717326 0 0
-30.765068 145.230713 37.974018 0 0
-0.282506 251.387924 34.392776 0 0
10.509483 137.093719 31.509651 0 0
18.223455 79.164154 8.679102 0 0
-15.441850 95.638992 27.683584 0 0
-9.300784 239.258865 23.143921 0 0
-43.239689 225.279785 52.858894 0 0
-19.629705 64.365097 -13.525077 0 0
1.165758 54.406750 3.934919 0 0
-27.637026 77.106239 17.759960 0 0
-10.397512 280.680023 40.696777 0 0
-4.287848 254.839478 34.465027 0 0
6.530634 240.062851 77.272964 0 0
-12.256948 253.438980 25.957914 0 0
3.316930 84.228905 -5.746502 0 0
15.077209 223.053207 69.459969 10 0
-33.873116 251.397186 39.925507 0 0
-3.527777 255.973923 71.085052 0 0
-3.917077 130.964050 6.354321 0 0
-38.942295 222.290955 41.538361 0 0
-9.831988 76.553085 11.934306 0 0
-2.834642 127.607224 5.275213 0 0
-26.503265 236.950104 44.662384 0 0
-10.985608 81.774689 22.133820 0 0
-20.654251 259.152191 38.626942 0 0
36.706345 331.958466 -11.494012 1 1
46.171291 332.371948 -11.237964 1 1
27.471630 333.729065 -6.495241 1 1
20.922852 329.757874 3.237351 1 1
43.568493 302.347229 55.560585 2 2
48.922997 306.042542 55.262501 2 2
46.242905 308.004547 63.631828 2 2
53.428726 297.101501 63.935513 2 2
24.716595 311.804047 67.763962 3 3
16.381401 313.344208 76.119545 3 3
34.666149 305.611298 59.864815 4 4
39.088779 310.509186 29.862619 4 4
38.290005 273.270813 119.209122 5 5
28.757948 278.403229 116.166847 5 5
20.445101 283.894653 98.327789 5 5
41.716187 267.561798 121.214417 5 5
47.585442 266.081940 113.390846 5 5
30.249290 279.345123 124.320717 5 5
-18.528809 278.446838 115.490143 6 6
-22.961639 259.946564 133.473892 6 6
1.882833 278.991760 113.316254 6 6
-1.658625 283.808990 89.452621 6 6
0.388325 283.159088 98.167183 6 6
-13.308723 274.853180 120.896553 6 6
15.608570 284.556519 82.712425 7 7
18.844059 288.551575 71.430771 7 7
42.362461 265.955658 77.444878 7 7
26.838427 272.925903 78.004555 7 7
30.417709 277.074707 87.954781 7 7
13.080252 280.346039 84.236435 7 7
22.396914 282.567688 78.951302 7 7
-12.868971 319.064362 100.448830 8 8
-33.337433 327.650543 70.275917 8 8
-36.778870 328.722137 64.279633 8 8
-19.255505 325.488037 66.961075 8 8
-27.271877 320.218048 66.497963 8 8
-7.139349 326.712616 83.719017 8 8
-60.215038 332.380249 41.882133 9 9
-31.013769 325.298004 43.876171 9 9
-36.668022 328.551208 39.891209 9 9
-35.353802 324.870056 46.177647 9 9
15.067286 229.718369 73.108696 10 10
24.969309 231.421234 76.912460 10 10
62.783691 197.076477 10.154397 11 11
61.854008 200.916031 16.552088 11 11
59.749920 204.296173 30.614120 11 11
65.821243 199.851471 15.261736 11 11
8.925090 325.499268 -8.401817 12 12
5.264205 331.295288 0.087625 12 12
0.792906 329.568359 -32.200508 12 12
42.946632 220.258270 36.028030 13 13
40.965492 222.342819 1.509557 13 13
51.721569 218.173187 17.681084 13 13
45.031334 223.245651 37.302296 13 13
50.286575 222.212006 32.563026 13 13
50.690697 214.444977 26.668592 13 13
40.495770 219.596008 9.371135 13 13
50.288780 230.187668 46.389282 13 13
30.732588 221.075333 13.957665 13 13
45.569862 206.399368 27.743189 13 13
52.202358 212.374252 39.219036 14 14
58.565948 213.648514 68.146873 14 14
55.908207 218.966476 30.758955 14 14
55.515068 220.045395 35.636604 14 14
-49.296524 103.527618 56.458549 15 15
-43.476013 99.964531 64.181625 15 15
-29.803860 92.357101 52.142513 15 15
-31.889322 98.357239 66.412430 15 15
-35.229538 93.901672 62.105549 15 15
-79.119843 115.653221 58.747902 15 15
-57.246857 119.753281 49.081459 16 16
-55.693573 116.739777 55.543816 16 16
-55.006306 292.255615 44.485569 17 17
-69.398582 291.622040 53.220413 17 17
-67.027306 269.113251 63.873264 17 17
-71.629501 287.344971 53.247669 17 17
-63.096962 291.851196 38.812328 17 17
-70.590477 255.727798 70.129143 17 17
-70.097908 273.007172 61.941669 17 17
-56.946594 275.112946 27.548912 18 18
-78.752701 248.418472 -9.703971 18 18
-60.262684 279.356567 5.094833 18 18
-54.305393 274.490814 42.569912 18 18
-77.744896 266.192108 8.857380 18 18
-74.862679 269.452850 5.043748 18 18
-59.021191 279.963135 8.813078 18 18
-32.229988 259.209351 -12.691923 19 19
-40.740826 259.718109 -20.846483 19 19
-46.791367 262.412079 -20.688038 19 19
-11.254083 244.786514 3.113790 20 20
-8.832461 238.930649 -23.452419 20 20
-47.248859 275.059265 31.871578 21 21
-19.013485 258.899261 47.023754 21 21
-17.174341 263.771179 48.815022 21 21
9.583258 340.017792 23.603840 22 22
4.606297 331.150208 7.015687 22 22
30.500349 183.270370 -76.262604 23 23
28.127024 185.464294 -73.479797 23 23
42.773212 159.768051 -69.929688 24 24
50.468449 162.206665 -80.081398 24 24
56.150803 161.232407 -60.963760 25 25
48.435513 159.996262 -58.424099 25 25
51.622475 158.258057 -57.457367 25 25
80.405190 198.904510 -27.539227 26 26
69.627762 194.996353 -23.390352 26 26
81.101387 189.232529 -22.350586 26 26
67.987953 193.824417 -18.492495 27 27
62.674664 190.516327 -17.384659 27 27
72.698807 187.278046 0.755895 27 27
51.517754 199.708435 -19.382114 28 28
