5.617318 55.241364 -3.187567 0 0
-2.664581 40.072819 2.977034 0 0
3.652917 92.546844 4.971282 0 0
2.842101 53.071014 -2.739226 0 0
-39.410854 57.676777 21.706606 0 0
10.075473 61.937874 -40.198719 0 0
-9.196166 85.098785 -6.954525 0 0
1.351778 21.386641 1.916965 0 0
-9.225176 40.626362 3.088745 0 0
-3.020530 24.878759 -1.957068 0 0
-3.481516 42.070595 1.271914 0 0
-18.870588 95.080078 -10.178601 0 0
-12.716230 95.652336 -11.185457 0 0
9.454642 71.044563 15.435230 0 0
1.848418 83.954018 1.040177 0 0
2.492514 44.701359 -9.393527 0 0
-0.016517 80.603828 0.717248 0 0
5.935372 61.675301 4.971675 0 0
-0.631658 3.185622 0.710097 0 0
-2.719273 45.010799 4.516815 0 0
-11.342187 87.337875 -5.463323 0 0
5.877134 67.740997 8.954494 0 0
1.479371 19.949257 -1.043861 0 0
2.294100 32.579552 -2.141532 0 0
-16.476500 44.643078 8.273041 0 0
0.574443 50.261513 2.950550 0 0
-22.637861 47.697453 11.740462 0 0
-1.574066 61.026917 0.737064 0 0
-7.630037 88.667625 -2.565391 0 0
-7.074632 87.619621 -4.527112 0 0
-2.218880 85.940659 -2.955974 0 0
10.204003 99.123741 5.327541 1 1
14.464461 105.402443 6.058508 1 1
12.117049 107.335854 3.938162 1 1
16.849052 66.636169 -53.263180 2 2
23.643160 73.140236 -50.015182 2 2
24.934717 62.351727 -54.677269 2 2
15.917244 68.137497 -52.206295 2 2
22.461275 61.609051 -56.978111 2 2
20.710371 65.088684 -54.762199 2 2
25.561275 67.243584 42.347431 3 3
19.035755 72.685562 35.404533 3 3
6.843403 67.198975 61.393517 3 3
35.942665 63.894428 37.369526 3 3
15.604227 77.133781 45.653515 3 3
22.334309 74.198509 36.145981 3 3
12.933250 54.005718 57.725094 3 3
19.893332 59.686039 56.627335 3 3
10.298223 48.720600 66.806664 3 3
18.449148 65.870880 52.900478 3 3
9.673638 55.158871 66.741959 3 3
22.357040 62.721764 40.779179 3 3
28.338106 70.645508 34.811638 3 3
20.010872 68.549103 46.785854 3 3
8.900641 78.318581 53.379074 3 3
15.979018 69.534927 50.680523 3 3
14.994846 61.093281 58.767765 3 3
12.919514 76.437263 46.420807 3 3
16.997866 60.399517 58.008244 3 3
20.867847 70.504593 41.811295 3 3
36.023659 47.641411 51.538406 4 4
30.115713 59.217377 39.307400 4 4
28.250551 55.661350 43.454525 4 4
26.101810 43.592152 56.878857 4 4
32.454739 33.200302 58.434464 4 4
51.738392 46.072502 40.522305 4 4
35.086746 63.366169 39.984917 4 4
45.956493 35.723698 49.164467 4 4
50.125420 53.865124 40.281498 4 4
40.850189 48.753868 49.361881 4 4
31.922094 56.145432 41.357616 4 4
29.719727 35.211689 60.357822 4 4
41.221268 52.061745 40.021004 4 4
51.770241 42.839046 41.826591 4 4
53.573746 37.999634 44.736847 4 4
50.077110 42.098099 48.961853 4 4
39.800064 55.198803 44.458099 4 4
54.438171 50.668880 40.098537 4 4
53.750648 40.548180 42.730457 4 4
43.217289 41.654709 46.774147 4 4
46.110348 41.737041 2.830757 5 5
30.488331 74.114998 25.917091 5 5
38.924648 50.524788 12.345592 5 5
38.191471 55.697254 11.949835 5 5
37.173344 41.846828 24.007532 5 5
41.042156 73.052460 10.493882 5 5
44.137650 56.389099 4.021524 5 5
36.440727 49.682457 29.276258 5 5
32.430347 58.280991 34.113815 5 5
39.703632 36.164116 13.556530 5 5
32.710258 56.184540 33.412884 5 5
22.067184 67.045563 29.207396 5 5
45.319405 61.544239 3.741269 5 5
38.798920 63.314240 9.509451 5 5
38.273468 39.273499 20.062599 5 5
45.628372 54.855862 4.447857 5 5
41.707668 60.440464 5.030943 5 5
44.758175 58.052067 7.370060 5 5
36.459965 47.996525 21.959503 5 5
36.367783 68.081482 24.643032 5 5
34.512135 48.548988 29.132404 5 5
39.218578 67.597588 9.131685 5 5
35.095753 70.352898 22.544048 5 5
-42.031517 67.974380 8.395113 6 6
-38.751408 68.852409 6.285793 6 6
-43.607841 63.583858 18.419813 6 6
-46.998516 63.593685 6.196391 6 6
-52.921066 62.379421 18.713757 6 6
-47.348152 62.118626 19.997303 6 6
-54.970734 68.626663 23.588575 7 7
-46.003269 59.492676 26.097876 7 7
-12.967036 22.197592 -2.229992 8 8
-11.973413 25.193783 -19.772644 8 8
1.701467 18.636124 -13.110824 8 8
-9.631075 23.574282 -16.911253 8 8
-16.240658 24.356136 -4.794423 8 8
-34.061081 51.556679 51.336441 9 9
-42.687546 63.502655 26.984303 9 9
-41.878212 54.060410 45.859417 9 9
-44.306168 49.783169 49.029297 9 9
-44.273846 57.199791 35.180397 9 9
-35.074623 59.383045 33.579792 9 9
-31.191954 62.635525 32.618481 9 9
21.508024 20.828018 5.090178 10 10
14.492610 24.826321 20.939531 10 10
10.061158 23.998293 19.141148 10 10
21.077366 20.483156 -0.952190 10 10
16.545460 22.647491 2.395422 10 10
12.468197 23.600227 7.915220 10 10
15.944193 22.770174 -0.092367 10 10
21.640526 19.838579 2.524423 10 10
-3.935777 90.526215 -8.733081 11 11
-19.372812 103.931618 -17.484573 11 11
-8.375448 101.851418 -12.086621 11 11
6.896618 100.170387 6.253875 12 12
5.551883 97.734512 9.851982 12 12
4.503815 102.223213 11.593294 12 12
5.932316 107.317558 9.500228 12 12
10.614012 100.969650 -11.000820 13 13
18.039160 100.452972 -11.506545 13 13
13.949976 95.744934 -8.811466 13 13
-22.018129 99.974083 7.286687 14 14
-25.919504 84.391380 20.837599 14 14
-22.451221 104.166222 -6.939144 14 14
-39.876633 85.445053 3.315576 14 14
-20.037724 101.732353 5.726782 14 14
-39.723053 96.935020 -1.018104 14 14
-18.246407 99.977592 12.086924 14 14
-37.254059 93.407890 -3.618302 14 14
-17.712872 94.597656 18.989836 14 14
-26.600285 86.871605 12.408201 14 14
-24.485571 88.683037 5.727427 14 14
-34.030800 85.007645 5.552956 14 14
-21.843847 99.766571 -2.360898 14 14
-14.607134 97.207092 1.025650 14 14
-29.216764 97.795059 -5.495759 14 14
-29.823717 85.930824 15.491634 14 14
-24.543068 88.334190 21.261797 14 14
-21.933540 103.963188 -1.652994 14 14
-23.250113 103.549408 -5.171763 14 14
-32.540020 92.306534 6.423068 14 14
-42.091419 84.441093 -34.945808 15 15
-33.001202 96.049591 -29.192636 15 15
-37.259422 92.163666 -33.780102 15 15
-46.056633 88.801857 -32.489334 15 15
-41.369198 102.508476 -20.941715 15 15
-54.735336 94.238716 -33.456799 15 15
-46.899158 100.615669 -22.022615 15 15
-34.433769 99.243477 -28.279585 15 15
-51.365601 104.033279 -22.276863 15 15
-45.096195 102.811150 -23.778187 15 15
-49.284832 93.173203 -30.940571 15 15
-53.266228 101.864807 -25.500525 15 15
-13.213209 107.263046 -23.609587 16 16
-18.146292 92.293587 -34.556068 16 16
-8.577453 81.193672 -39.952633 16 16
-12.337702 91.152664 -36.592133 16 16
-6.251436 83.484756 -42.340378 16 16
-22.368340 100.250671 -22.568895 16 16
-0.689923 87.821327 -39.949032 16 16
-7.001393 102.785812 -28.052179 16 16
-11.391958 105.250793 -29.782057 16 16
-19.227758 100.627388 -27.793230 16 16
-15.020457 91.938904 -35.768337 16 16
-11.058432 90.296318 -40.256218 16 16
-4.188946 83.932167 -41.824528 16 16
-0.267541 85.900528 -37.753643 16 16
-2.531441 94.379692 -35.599503 16 16
-1.470541 85.402901 -40.583546 16 16
-4.765403 107.240479 -25.400990 16 16
-11.414886 107.817497 -24.725048 16 16
7.171343 66.188660 -58.948322 17 17
3.444210 70.016373 -56.480396 17 17
10.993650 68.497360 -49.671082 17 17
-4.055742 73.535103 -58.138630 17 17
2.668622 69.799965 -60.724449 17 17
8.207959 66.535034 -62.245995 17 17
12.231302 69.601959 -63.980186 18 18
19.103289 68.866096 -62.616562 18 18
10.716289 68.069702 -70.589020 18 18
