-7.117414 73.286446 0.379785 0 0
-21.192751 82.790894 -9.328602 0 0
-5.813745 73.020744 1.436965 0 0
0.184189 42.645035 2.752277 0 0
-11.245889 68.201736 -0.977041 0 0
-20.985472 85.767349 -10.271750 0 0
0.258687 30.302414 4.080433 0 0
-2.528001 78.742805 6.519415 0 0
-1.659544 3.865702 2.725530 0 0
2.899770 36.553013 1.262440 0 0
-4.053134 77.543198 3.922206 0 0
-7.307353 81.510826 2.328097 0 0
-4.016620 73.974617 3.685453 0 0
-2.114936 44.389198 1.846158 0 0
-8.452436 59.409687 -0.882867 0 0
-5.696036 67.967934 4.041490 0 0
-10.107101 68.467560 -1.792036 0 0
-20.233526 80.760002 -7.825587 0 0
-1.783488 40.006016 2.957340 0 0
-17.889835 80.559952 -5.737858 0 0
-16.386789 79.168983 -6.883033 0 0
-10.026830 69.850250 2.460227 0 0
-5.490170 64.740044 0.786837 0 0
-1.285754 1.261291 2.860547 0 0
-8.810360 79.245987 3.145190 0 0
-6.209804 65.143829 3.466909 0 0
-1.463443 40.841621 2.068775 0 0
-15.020221 71.452599 -5.066735 0 0
-7.180333 62.559361 -0.832256 0 0
6.838751 39.335907 -10.963111 1 1
11.016858 41.954025 -7.654176 1 1
8.632693 37.955238 -17.070225 1 1
9.089264 34.237698 -22.409887 1 1
-0.912321 48.639744 -11.915759 1 1
8.261279 40.902824 -9.192051 1 1
2.751440 41.672588 -24.953587 1 1
21.474995 43.073139 -8.265305 1 1
11.158223 37.837688 -15.266887 1 1
3.930828 42.485073 -16.868376 1 1
7.053287 41.609280 -12.213925 1 1
5.160504 38.192429 -23.798798 1 1
2.297999 44.897892 -14.067425 1 1
-2.525121 48.510998 -12.324528 1 1
3.548488 40.629200 -24.575954 1 1
11.211490 42.721428 -6.575539 1 1
12.289154 42.048542 -6.541720 1 1
-0.441709 47.744621 -11.047067 1 1
15.584030 41.973969 -7.778230 1 1
11.127746 32.024002 -21.921726 1 1
20.115505 36.128792 -13.281499 1 1
7.914466 36.392254 -18.840593 1 1
8.736677 40.207645 -11.097439 1 1
17.129826 31.543177 -16.169456 1 1
8.294657 41.118881 -6.586053 1 1
5.380662 40.177139 14.009741 2 2
-2.251570 40.935177 6.460477 2 2
-12.209114 41.218491 17.430405 2 2
-6.836742 35.774120 19.702549 2 2
-2.845304 41.051254 10.569737 2 2
-6.044857 43.791477 9.374996 2 2
-8.318653 27.608168 24.561388 2 2
0.863244 39.203701 17.774815 2 2
5.214879 40.551880 10.944883 2 2
-4.072443 27.849115 28.019968 2 2
-8.197189 42.339378 13.227720 2 2
-9.380550 27.470596 25.294548 2 2
-2.173244 39.274071 10.094465 2 2
-12.224526 41.107422 16.164890 2 2
-8.793398 34.246239 19.706230 2 2
0.395621 38.615398 18.695471 2 2
-6.133719 29.452311 24.513535 2 2
-1.589675 32.768337 27.337612 2 2
-9.849891 40.770512 14.591680 2 2
2.228547 38.745506 19.317476 2 2
-9.578690 29.433332 25.169563 2 2
1.941342 36.056503 22.320612 2 2
-15.923721 40.695049 19.261374 2 2
8.993143 39.018322 13.413263 2 2
2.359367 40.570965 11.431462 2 2
-8.915214 30.482431 21.951963 2 2
-36.764347 89.546501 -11.280005 3 3
-46.483154 86.747284 -18.040573 3 3
-28.484610 93.515205 -8.420545 3 3
-42.992943 81.904968 -21.092358 3 3
-38.607040 83.501526 -20.124617 3 3
-55.203846 81.615013 -22.305183 3 3
-34.021214 87.384590 -26.323523 3 3
-44.521046 82.153809 -20.524851 3 3
-33.933743 84.372566 -22.635303 3 3
-40.642986 85.396385 -16.524115 3 3
-34.163525 84.977798 -19.623661 3 3
-29.497519 87.032280 -21.521627 3 3
-47.175575 79.251526 -24.404604 3 3
-31.691307 86.309311 -23.087151 3 3
-37.165771 91.934593 -10.451376 3 3
-46.825020 78.975594 -29.475027 3 3
-38.255981 85.994339 -15.421884 3 3
-29.289644 86.717850 -16.472651 3 3
-53.287403 81.160782 -21.879210 3 3
-28.437929 91.873268 -8.575211 3 3
-31.965187 87.579453 -25.863457 3 3
-49.491829 77.358597 -28.918413 3 3
-33.652519 93.246040 -9.939651 3 3
-25.625704 89.622375 -9.132272 3 3
-56.879242 76.979866 -26.402384 3 3
-52.230881 78.097290 -28.660944 3 3
-32.334190 87.670952 -20.302969 3 3
-48.363941 82.475830 -22.741388 3 3
-48.482780 91.268356 -13.996901 3 3
-50.297390 85.055794 -17.902325 3 3
-29.675001 86.452782 -14.657489 3 3
-41.018497 83.794060 -26.232063 3 3
-29.760290 85.693825 -3.602615 4 4
-29.330553 80.972282 2.477611 4 4
-32.735062 84.445419 -2.177189 4 4
-25.720446 84.762817 10.273688 4 4
-31.165665 79.514870 7.114083 4 4
-30.985512 79.001289 15.175579 4 4
-35.892895 81.763145 1.796273 4 4
-28.150747 79.635399 11.553687 4 4
-25.350828 83.684875 7.564476 4 4
-32.544472 83.545357 0.356209 4 4
-26.432169 82.782982 0.626695 4 4
-20.109257 86.906464 1.584418 4 4
-27.692575 80.295074 10.302025 4 4
-21.760738 85.479889 8.327128 4 4
-19.481173 87.233223 6.343519 4 4
-27.391306 83.074585 14.467889 4 4
-24.400730 85.525513 -3.170702 4 4
-17.378098 81.738922 -21.425709 5 5
-11.172258 79.325600 -25.836216 5 5
-11.348501 80.203514 -27.103907 5 5
-11.553492 86.922409 -13.336039 5 5
-10.407959 87.384407 -13.234823 5 5
-2.769550 80.003181 -25.745724 5 5
-12.180194 83.533035 -20.670551 5 5
-14.356587 80.346619 -28.994415 5 5
-12.707982 80.709618 -26.604473 5 5
-19.673983 85.289375 -13.671568 5 5
-12.311196 86.467346 -14.243529 5 5
-13.931181 85.166252 -16.997629 5 5
-7.711435 76.222473 -31.329071 5 5
-16.170219 86.198311 -13.569825 5 5
-11.506032 81.249649 -24.805960 5 5
-21.918369 84.167137 -22.812119 5 5
-9.360001 81.474991 -21.975555 5 5
-21.754755 86.733757 -17.097580 5 5
29.675201 75.787025 32.012970 6 6
22.429733 80.821892 19.301668 6 6
30.534277 74.010994 30.398445 6 6
24.599899 77.891296 29.332178 6 6
7.952337 80.841873 13.380918 6 6
10.774832 80.878601 15.074529 6 6
10.961344 82.358856 21.991478 6 6
17.123823 83.997139 13.114579 6 6
18.560549 82.788101 12.659044 6 6
13.155596 81.964088 17.589172 6 6
18.905241 81.104431 18.928364 6 6
17.748066 79.845963 29.235447 6 6
15.134421 79.624268 19.473446 6 6
6.704840 84.606384 16.538008 6 6
13.598708 84.711823 9.278288 6 6
9.803164 83.782066 9.239693 6 6
25.706938 76.909081 31.533358 6 6
20.788231 78.452271 21.457754 6 6
10.749882 81.540657 17.453722 6 6
6.712746 84.854897 7.582023 6 6
21.995203 77.450645 25.666952 6 6
17.000448 80.006546 17.245829 6 6
7.996512 81.290115 3.899251 7 7
2.569499 82.789658 -0.153965 7 7
14.443844 73.629494 -16.037189 7 7
11.810340 73.916306 -8.280090 7 7
10.449013 77.439781 -1.448409 7 7
7.869144 79.620117 -12.547203 7 7
15.448867 77.204437 -2.189150 7 7
12.175421 75.784607 -3.966676 7 7
8.675100 80.013298 3.629479 7 7
16.156487 72.033798 -13.104249 7 7
8.859416 77.569672 -0.877949 7 7
11.282266 80.063469 0.585322 7 7
6.403582 77.718376 -2.132931 7 7
17.269423 73.633263 -10.334758 7 7
-5.146595 78.580559 25.457632 8 8
-3.926672 80.596573 16.219318 8 8
-10.000031 73.604668 29.189802 8 8
-6.228932 76.611954 26.939426 8 8
-3.267502 78.526672 19.529236 8 8
-4.253874 82.248680 10.939898 8 8
-11.427972 82.546890 12.951150 8 8
-2.100890 79.996315 21.617760 8 8
0.708958 83.856201 10.174370 8 8
-8.718604 76.108131 21.319817 8 8
-9.794972 74.351875 26.917088 8 8
-5.737254 77.505005 24.385040 8 8
-8.946771 82.521233 10.443428 8 8
-4.517327 84.000771 8.404801 8 8
-8.163580 78.187317 24.459240 8 8
-7.583951 82.763298 8.322419 8 8
-1.403362 83.820763 7.000328 8 8
