-34.735386 151.359375 26.924213 0 0
-3.237434 66.795952 -2.270296 0 0
12.862623 143.176239 11.433516 0 0
17.883013 109.433090 -18.945444 0 0
20.704353 159.584274 32.875896 0 0
-1.066155 35.312004 -3.654341 0 0
-35.070431 142.572845 26.126877 0 0
24.633537 124.688248 -25.517197 0 0
-5.083790 43.596371 -1.703903 0 0
-0.024964 72.628365 7.730470 0 0
26.314167 59.476826 -58.086597 0 0
-5.560804 54.074898 8.488541 0 0
23.519783 132.233078 -27.661032 0 0
13.825946 106.842842 -19.903448 0 0
2.432509 153.724564 15.684367 0 0
-34.151714 156.115997 33.449646 0 0
-1.103926 146.040421 9.938437 0 0
-1.830951 26.227692 1.057866 0 0
-3.061000 100.628883 0.721085 0 0
-3.309821 17.854858 1.510325 0 0
-5.332445 142.614868 6.327956 0 0
-1.679728 112.543648 5.664846 0 0
-1.053804 23.532839 1.124613 0 0
-3.167731 148.969879 11.036260 0 0
-30.533329 133.864197 17.832108 0 0
-3.298828 52.823620 5.990637 0 0
-2.454652 123.934982 4.486319 0 0
-8.415427 146.069275 4.134525 0 0
-6.574831 21.896334 -5.409472 0 0
6.479159 131.032288 3.951442 0 0
-6.873013 148.211792 10.634247 0 0
-6.550242 95.561752 1.304785 0 0
5.127428 133.802109 6.593964 0 0
18.045670 148.527237 18.880598 0 0
-4.709528 12.942968 0.511959 0 0
-21.865118 126.937340 14.330475 0 0
-2.237687 75.293579 8.506608 0 0
28.184118 137.768356 -31.371178 0 0
41.627007 66.554314 -65.009903 1 1
40.523186 66.619118 -68.009293 1 1
36.184410 63.904217 -65.939545 1 1
44.265221 67.262680 -70.418213 1 1
-13.931285 22.481382 1.037721 2 2
-25.435066 28.606665 -13.064790 2 2
-16.537724 20.990761 0.241947 2 2
-5.365190 23.004740 -9.484024 2 2
-82.724213 139.869202 60.737103 3 3
-77.133286 137.582123 60.510593 3 3
-69.569496 141.955032 60.878521 3 3
-80.093452 144.492981 56.506260 3 3
-93.816032 140.822876 49.301769 3 3
-68.912178 150.683838 53.209377 3 3
-66.686478 150.311401 59.149677 3 3
-89.927025 136.804626 51.873352 3 3
-63.929241 146.462082 47.898495 3 3
-79.742790 130.761520 78.031204 3 3
-70.419418 142.816193 72.444168 3 3
-26.525379 153.059311 69.788948 4 4
-46.069050 128.251816 62.155739 4 4
-25.880526 150.200027 76.036552 4 4
-28.621916 130.874374 78.479904 4 4
-27.937536 137.764572 77.193489 4 4
-30.271975 151.392715 65.401222 4 4
-44.043255 156.079987 58.694057 4 4
-47.725552 127.242851 64.500496 4 4
-33.232517 160.555649 63.728958 4 4
-43.857822 136.335739 58.079212 4 4
-36.230339 128.330444 71.280579 4 4
-41.498688 157.033752 59.341301 4 4
-44.210232 132.061722 60.849068 4 4
-46.195259 147.125687 45.102200 4 4
-76.027405 142.370956 34.627136 5 5
-69.537544 154.013779 26.660990 5 5
-58.124119 150.598801 46.500607 5 5
-73.484756 149.122223 41.961884 5 5
-87.050568 161.774902 5.724307 5 5
-89.133537 150.322586 11.858088 5 5
-68.330734 151.427948 29.315567 5 5
-43.725819 157.566681 47.758961 5 5
-54.681488 151.592026 46.086597 5 5
-54.016411 168.745605 26.787737 5 5
-52.352844 154.300079 35.484062 5 5
-94.973892 159.164734 2.508774 5 5
-68.435608 158.699982 23.911263 5 5
-51.731537 151.877075 31.156200 5 5
-72.183647 172.724426 12.226369 5 5
-92.076073 159.201309 2.546649 5 5
-50.639229 149.705719 37.873035 5 5
-85.564552 161.694351 11.052823 5 5
-50.740593 161.349533 32.693836 5 5
-61.937164 149.828796 40.323158 5 5
-34.812649 93.766525 75.448853 6 6
-43.316376 92.831757 69.129395 6 6
-53.970051 94.424576 71.422287 6 6
-27.161310 97.363014 73.937668 6 6
-32.525429 89.717842 72.614525 6 6
-50.346420 89.296638 72.223999 6 6
-47.195721 80.858467 72.397110 6 6
-59.907413 88.598770 69.123962 6 6
-48.630169 108.479698 68.906471 6 6
-6.721487 95.642738 84.114777 7 7
-7.095354 117.621483 70.937805 7 7
-4.518710 102.330421 76.501244 7 7
2.765930 111.598343 74.854477 7 7
7.481770 99.035713 82.235039 7 7
10.656389 101.904823 79.487152 7 7
2.182081 105.129402 74.901360 7 7
-10.752369 93.077118 90.146980 8 8
-14.665391 94.925667 83.046730 8 8
-29.200060 94.482178 93.837990 8 8
-21.559795 86.548218 98.362572 8 8
-32.692924 98.541145 90.463974 8 8
-23.665365 99.514198 76.890289 8 8
-30.058067 100.359238 85.173866 8 8
9.163616 51.173973 -10.725740 9 9
-5.511248 67.341225 -20.122639 10 10
2.180822 51.360867 -11.953484 10 10
-5.514413 49.477745 -10.938976 11 11
17.430901 62.810051 -61.460613 12 12
10.976458 63.754848 -56.323288 12 12
2.510594 57.991222 -69.282967 12 12
10.504659 58.417641 -73.170990 12 12
-16.089432 154.751099 14.097999 13 13
-19.041393 153.255066 33.382839 13 13
-23.912136 158.464294 20.061447 13 13
-29.755959 156.318878 24.622675 13 13
-21.725760 164.709946 13.261215 14 14
-12.738282 162.215485 8.706071 14 14
-17.358644 160.475800 13.092468 14 14
-13.612700 153.124222 4.613474 15 15
-6.614559 152.290100 16.532719 15 15
-6.288194 155.354843 13.288931 15 15
-9.727916 169.807434 29.551592 15 15
-6.684952 160.237091 14.211644 15 15
34.344902 65.284027 -53.820820 16 16
32.241753 64.967728 -49.593647 16 16
43.113281 64.420982 -53.518791 16 16
42.955311 63.723415 -40.077423 16 16
-14.256824 14.885443 10.506783 17 17
-10.037906 18.879871 16.216257 17 17
2.859592 145.441010 -55.546673 18 18
-2.902861 150.364716 -47.011158 18 18
19.653261 153.599487 -46.914715 18 18
6.260616 143.395554 -63.972839 18 18
28.193827 148.166901 -51.287495 18 18
8.179035 144.519318 -57.659473 18 18
6.493093 145.471771 -55.568996 18 18
17.834665 154.719803 -45.304199 18 18
24.130785 152.453995 -46.228214 18 18
68.022919 135.461533 66.256897 19 19
48.800877 145.259735 51.648113 19 19
58.561031 157.038879 51.806953 19 19
50.538338 143.242233 51.325695 19 19
58.228378 164.961090 54.089180 19 19
67.207260 142.345627 71.477402 19 19
71.574860 138.444962 73.649864 19 19
59.761707 142.430313 63.224010 19 19
73.881470 132.667389 69.492104 19 19
73.444290 153.339569 74.049911 19 19
47.273521 152.565948 46.672581 19 19
64.817574 137.554962 59.701088 19 19
54.407810 139.341782 52.386158 19 19
41.765427 168.820770 29.910488 20 20
31.770819 172.208481 34.337086 20 20
40.967129 160.557816 37.403622 20 20
28.402985 130.067688 63.159145 21 21
40.686508 135.980301 49.727921 21 21
30.007277 142.850998 55.048557 21 21
25.791574 121.883667 69.326653 21 21
19.261780 152.912384 53.284782 21 21
19.961758 124.967857 68.970154 21 21
22.710545 125.236847 71.142708 21 21
26.792887 128.752472 65.360695 21 21
31.573896 149.236450 47.960686 21 21
31.932131 161.091141 34.151176 21 21
43.051228 138.247650 48.232040 21 21
37.762829 128.491440 60.885788 21 21
19.868729 134.599518 64.210869 21 21
38.148666 145.444138 47.025654 21 21
28.043945 148.787552 41.943989 21 21
42.814991 159.268661 -48.865932 22 22
33.657169 155.817993 -25.283947 22 22
44.894539 152.134247 -22.482470 22 22
39.122177 162.089981 -54.337013 22 22
60.453686 127.630081 -8.510079 22 22
51.852787 141.830688 -33.430138 22 22
37.704857 153.080704 -31.491415 22 22
47.766911 163.899765 -46.454548 22 22
48.286697 152.269531 -12.169269 22 22
33.432056 156.900223 -21.849398 22 22
66.987663 122.390587 -3.588418 22 22
56.125679 134.919128 -10.749882 22 22
42.296856 156.198227 -15.516579 22 22
50.949142 142.765076 -18.134594 22 22
44.214436 154.785904 -17.290388 22 22
47.443729 149.207031 -5.005208 22 22
47.969521 152.386932 -5.201426 22 22
62.132435 131.496140 -22.533882 22 22
67.554359 121.531799 -6.924779 22 22
59.305775 134.016647 -4.668779 22 22
