0.9653490759753593
0.9514887063655031
0.9768993839835729
0.9804928131416838
0.9730492813141685
0.947381930184805
0.9738193018480493
0.9430184804928132
0.9799794661190966
0.9540554414784395
0.9458418891170431
0.9240246406570842
0.9281314168377823
0.9255646817248461
0.8793634496919919
0.8993839835728953
0.922741273100616
0.9437885010266941
0.9099075975359343
0.8452258726899384
0.8344455852156057
0.865246406570842
0.9140143737166325
0.8277720739219713
0.8336755646817249
0.7600102669404518
0.8131416837782341
0.8246919917864477
0.7843942505133471
0.8449691991786448
0.9168377823408624
0.8775667351129364
0.8000513347022588
0.9674024640657084
0.9743326488706366
0.9430184804928132
0.9748459958932238
0.9915297741273101
0.9776694045174539
0.9743326488706366
0.9905030800821356
0.9830595482546202
0.9938398357289528
0.9486652977412732
0.9520020533880904
0.9589322381930185
0.9586755646817249
0.9499486652977414
0.9535420944558521
0.9404517453798769
0.9404517453798769
0.9188911704312115
0.9614989733059549
0.9376283367556468
0.947381930184805
0.9432751540041068
0.904517453798768
0.9599589322381931
0.9286447638603696
0.9009240246406571
0.8868069815195072
0.9265913757700206
0.9381416837782341
0.910164271047228
0.8557494866529775
0.8734599589322383
0.8742299794661191
0.9173511293634498
0.9078542094455853
0.8737166324435318
0.8732032854209446
0.8839835728952773
0.8675564681724847
0.8480492813141685
0.7902977412731006
0.86935318275154
0.8557494866529775
0.8549794661190966
0.8467659137577003
0.8613963039014374
0.7962012320328542
0.8888603696098563
0.8783367556468172
0.8637063655030801
0.8629363449691992
0.848305954825462
0.8934804928131417
0.902464065708419
0.8616529774127311
0.9324948665297742
