9.43491005897522
9.224215507507324
9.208792448043823
9.250787496566772
9.164873123168945
9.187146186828613
9.27325177192688
9.10914134979248
9.297575235366821
9.376452684402466
9.148615598678589
9.079492092132568
9.106353044509888
9.14618468284607
9.092373847961426
9.072190523147583
9.026909351348877
8.992065191268921
9.010717868804932
8.96334981918335
8.88803768157959
8.918543338775635
8.908734560012817
8.857199907302856
8.87260103225708
8.808984994888306
9.751934289932251
9.298732042312622
9.142893552780151
9.210729122161865
9.126957416534424
9.101006984710693
9.070197105407715
9.086417436599731
9.066884994506836
9.040349960327148
9.090161561965942
9.05264139175415
8.964321613311768
8.936109066009521
8.934484243392944
8.96300721168518
8.92264437675476
8.944072246551514
8.8724844455719
8.831398725509644
8.952640056610107
9.002336978912354
8.861635684967041
8.870525598526001
9.062673807144165
8.969046592712402
8.968214273452759
8.917535543441772
8.909366846084595
8.896557569503784
8.909767627716064
8.859663248062134
8.88769793510437
8.877403020858765
8.941861391067505
8.861523866653442
8.75314998626709
8.845349550247192
8.778597116470337
8.786243438720703
8.945420980453491
8.81054425239563
8.910480260848999
8.882169008255005
8.86350965499878
8.825980186462402
8.832844734191895
8.871663570404053
8.827683925628662
8.85692834854126
8.767999649047852
8.898417949676514
8.88137435913086
8.902106285095215
8.922260999679565
8.867379188537598
8.882790565490723
8.91011118888855
8.826874017715454
8.75940752029419
8.862652778625488
8.891700506210327
8.822895765304565
8.809508085250854
