92
216
3706
70
3445
228
1212
3831
206
404
1299
977
2893
1813
2512
2860
3543
2897
3544
2259
3059
107
165
2260
2966
3972
787
427
2071
1943
2440
267
2806
622
3966
2895
1982
141
1828
279
4006
208
52
3173
699
1804
3533
1030
2911
163
388
3953
3676
3773
1895
4037
1899
3038
2827
1625
2132
3817
2095
2282
1109
1923
3637
802
3743
2032
3012
3498
1610
344
606
1135
1531
1843
1903
3652
3290
2097
1417
3221
3100
3256
1346
2446
3231
3506
1725
1471
1355
3583
3164
3847
1879
3408
3081
230
3998
1308
2314
1095
1210
2416
4095
2939
3537
675
412
474
1217
3746
3097
3302
3436
2150
1405
1696
3623
602
2678
3797
2689
1278
2421
2040
1395
3201
2216
818
1581
180
4013
3699
1080
2854
4003
1476
3435
883
4027
3801
3407
4023
1398
897
1538
597
742
1561
118
1700
3573
1794
3380
1453
3967
2202
195
2837
1767
1922
536
320
60
1136
1965
533
3651
534
4019
2106
3762
2695
3457
331
3128
1872
1807
3624
2936
112
531
1580
2721
3643
2175
1000
372
364
1025
2433
3957
2152
1032
1542
308
1261
