1542
1923
4011
999
3344
1636
636
1783
3851
3806
3794
3222
2570
1476
287
3421
3445
3860
2674
1526
2632
844
933
493
989
873
1336
3429
428
2715
2368
3493
924
2616
2253
1675
1199
1477
1785
1996
3666
453
2748
1572
2128
3585
2010
1382
3036
2074
2943
2810
2888
2954
3688
831
3865
3144
3425
1123
3067
3821
638
2738
2631
2371
472
1908
197
2172
2
2342
2822
1410
1169
2095
1539
3760
2902
501
2409
761
3647
3303
1511
1729
3820
442
3310
3993
1233
2719
1285
3024
2259
3548
527
826
3092
2672
3224
1820
910
3569
349
2999
3629
3757
695
1008
2097
1486
3642
3830
1242
2176
114
3383
3891
3535
448
2746
2997
882
3636
1853
4005
2080
1945
1877
1479
520
2760
1023
4045
2102
4047
3501
1391
1431
467
3091
1423
1281
1583
1870
1244
169
1711
1529
3177
1738
3278
2401
178
551
3997
374
3907
130
3523
974
2654
3109
2410
979
3654
463
2485
3510
1594
2673
2525
3033
3582
3828
2820
1251
3863
2660
1327
75
339
982
3761
1890
53
2512
854
2659
3619
1779
531
255
3896
1139
4078
3644
1
1077
