71
1350
1822
897
980
3867
694
1051
727
1299
375
3652
470
4029
3169
3264
1461
1727
4033
2564
1778
3151
1940
3035
1017
1998
2711
216
3747
776
1890
1682
446
717
2785
1448
1304
300
3626
1729
1520
3779
2742
108
441
319
2096
3332
807
701
3544
680
1267
3466
1154
589
77
213
1623
3110
3809
268
893
1617
646
532
1739
787
989
2039
750
1602
2260
304
3527
1225
2840
619
629
519
1877
3410
1881
3563
1544
3413
3201
864
2507
706
774
2337
2551
966
818
581
2898
1146
3027
2643
3055
2138
647
422
3958
21
4053
1229
2786
3615
576
2598
1280
3891
3321
2077
3412
1720
973
1352
1769
1323
2630
514
420
1181
1394
522
4073
1799
345
2520
487
1110
1955
3877
214
3546
3714
1134
880
933
2153
2815
1875
1065
2056
3134
444
3408
362
3522
1356
1987
2375
1954
3808
3849
537
2183
3305
2790
426
736
904
2620
18
468
280
746
1960
2254
1168
2781
2479
1073
3032
844
3112
4005
2331
2518
2418
2447
1749
1634
2485
2523
1469
3185
3584
1022
2436
2206
1493
103
2063
2647
88
2461
