1425
101
574
3610
2502
1131
3841
3650
2219
3877
2500
394
607
2000
2192
2363
4021
3077
3464
684
1235
965
2974
3016
1664
3007
1115
480
3829
1129
4028
899
1718
3271
3015
2145
474
2834
3902
2672
2732
1581
1626
2850
985
3601
3326
3009
1378
581
559
3577
1806
1477
70
763
517
3102
523
572
694
2290
2473
199
3371
1138
99
3799
2610
1017
975
1619
3002
868
4
1695
2742
3086
3924
3970
2243
2775
1042
1551
255
2079
226
956
1075
2606
2486
2386
3579
3875
3388
2227
1841
1621
3822
40
114
2880
2633
3205
1810
3397
2757
3467
178
1905
3285
3867
2616
4047
931
2214
1597
1672
1139
3911
2090
4077
351
2541
1752
2465
350
1836
750
378
1350
2798
1027
3119
3732
1879
3320
2682
1159
982
3282
1418
311
2582
2334
3906
389
4023
1384
2544
3003
2217
2199
125
1687
2516
3441
1226
489
995
3484
3049
2875
1490
1412
2996
169
766
3722
2629
1636
3764
328
1968
2154
719
771
3079
1296
729
3520
331
3912
1788
1926
280
167
1408
895
240
2176
3863
1890
1112
1441
3753
234
764
1951
349
