2271
3685
2336
2939
1076
1419
1640
1854
568
3041
1700
471
2521
2983
2512
3085
2153
2730
3514
1948
2450
3408
457
3549
1038
2260
2829
1177
115
2421
408
1025
1986
2615
2398
3387
1526
665
816
2443
2289
1297
3733
873
3786
1984
2352
286
1181
3123
203
2351
2412
3108
3977
494
701
2539
3680
3872
2162
3001
988
3296
3772
430
1616
3315
2852
1220
44
3275
866
1033
2634
3708
2080
1197
2252
2294
523
1610
2848
2681
1152
3149
853
3216
165
3343
319
546
1035
576
1170
3090
962
2578
2675
314
830
190
739
1013
3281
1949
1772
2125
3564
3128
3404
3209
2645
482
2356
3132
2813
2691
2861
1473
2287
3967
1926
2452
2087
916
778
233
1086
2538
3306
33
472
3563
3036
1018
2453
2989
194
1253
481
1569
2462
3871
840
826
1702
3467
278
2697
2886
884
3206
592
3711
1507
3018
2478
3300
417
78
3575
3464
1348
1044
2435
2857
3009
2926
3415
2464
3236
3480
3655
1464
3572
1174
134
1539
3780
2545
2636
2232
215
2
3198
3835
639
1345
1551
3067
3033
3145
2907
3536
4007
3254
3288
3582
765
