272
3897
2918
3339
2954
1994
415
3544
1465
2914
1809
2419
1848
175
2940
3002
1845
1861
1374
3179
1303
2946
1434
1012
1621
1254
820
4015
1215
416
1469
4007
2510
642
2141
3583
2441
1002
3651
2014
302
1522
1712
1013
2985
1670
1505
3257
683
2808
3088
3447
3716
2810
1056
2245
2353
3623
1783
645
2700
1528
1345
4081
286
4052
2068
215
1422
3745
20
188
148
3867
732
4019
949
3165
893
383
318
1513
2101
561
1334
2897
243
3851
575
1083
1898
2425
3859
3063
3079
238
1570
170
1370
79
594
126
1603
3208
3614
2455
1800
786
3845
544
603
3494
3522
4044
3791
149
2809
2658
2142
432
2925
3706
2563
4011
1169
339
3034
1616
3054
166
4008
2527
3353
2305
2161
27
2835
3758
3575
1920
4065
1361
2595
1526
3906
4057
2505
542
3470
3346
211
541
3530
778
1962
1216
2110
3420
3242
270
4035
950
4055
3892
2538
2084
1225
2417
1840
2661
180
489
3962
3843
3811
1993
2929
2066
81
3241
3348
3042
3057
2450
1015
101
1569
2568
3114
1111
881
2678
2513
519
2308
2673
3939
3366
1330
1407
