1981
509
2925
33
3244
3030
150
3651
1389
2944
1641
2865
765
66
2708
361
2168
2780
2978
4017
286
3593
3086
3510
821
2471
3508
2085
568
1220
394
3635
3946
3143
1851
2753
4039
2417
221
113
1911
1339
1257
3702
698
1744
667
36
151
422
3280
1392
630
3320
3701
2499
4031
2421
2037
2893
3793
5
3776
577
4074
2278
858
3452
1940
3473
1083
7
3232
2959
187
2316
1553
3457
338
3349
3449
844
2511
2295
744
1696
3454
861
345
3672
1562
1614
1559
1132
2945
2558
2635
2236
4085
1890
170
195
2303
1563
3889
2718
3684
1834
1608
77
4095
1435
90
443
3901
3253
101
2745
733
2970
3394
177
2614
2755
879
3647
2791
1113
3630
809
2360
694
2567
1516
1318
3835
3034
1154
3423
1672
2613
282
2217
354
693
479
3285
560
535
1119
3811
3338
1398
3499
1615
2379
1124
3697
166
3624
890
3959
633
3023
2909
1856
3922
1395
57
3333
2275
1960
1296
182
1780
1447
2162
3847
802
447
4016
2883
587
657
915
3639
369
2545
3696
3321
218
4082
659
3297
3573
2832
2106
3264
582
3602
