3912
3831
3953
2100
1738
3802
1921
1969
195
2888
4009
1662
3206
2676
3545
1672
1169
54
1121
1551
4088
2233
3702
341
1232
3525
2254
1248
3753
334
625
1002
1639
3300
376
1855
3438
1640
2817
2634
2199
64
2469
975
487
547
3674
2481
1326
586
3288
2663
1462
241
1196
2614
2095
2701
2224
1991
3685
1055
2566
98
2178
2548
791
1297
83
1773
1299
2117
21
3237
288
1459
4071
1608
294
2304
564
2917
3241
2627
2439
431
2854
1285
3635
1505
2181
1548
1903
2955
3420
3204
3694
2590
1417
46
851
2790
1427
4047
3693
1983
2318
2749
1774
3418
971
2766
1060
2116
1841
2778
3957
3617
699
666
103
1881
1993
368
324
3789
3155
1453
2043
3277
1781
3707
2849
665
1378
1435
3041
2920
2628
2168
3506
2391
1522
1193
3383
3141
1377
1540
2549
1096
1547
3721
3916
2484
2860
3995
2769
2871
2444
1898
3113
1023
704
3929
3859
2490
24
1703
3613
1897
279
2250
4015
934
3511
4010
2743
517
3202
1923
2371
34
3794
2583
2717
1933
1239
1821
412
2096
2349
3970
1120
1950
2569
2647
3779
753
3474
691
