2882
781
1600
1580
167
1107
682
499
510
2733
1655
1533
3085
2180
878
1013
1796
2699
2389
3709
1087
1396
2232
3647
1067
106
1397
2517
83
2964
1375
920
2728
2221
924
2399
2874
3394
1055
246
309
2681
3974
285
4014
774
1080
1853
0
874
2827
1940
1898
332
688
2966
1477
302
3009
2657
3082
159
2424
3944
235
1210
2166
677
1697
1347
2546
387
1595
445
339
1341
385
3946
614
4072
477
98
1758
1638
3609
2175
2957
278
3460
779
1594
1303
2334
3672
3804
92
1695
1233
2658
3776
1421
999
17
2252
1732
3802
2506
136
4024
161
259
974
1929
3848
2337
3878
1228
2768
925
3535
146
3551
495
796
3506
1793
2710
3526
3865
4090
1147
178
2568
484
978
2419
663
2371
475
1367
63
3269
791
3586
3384
2448
3334
1869
2958
2616
3617
2470
140
2347
283
1436
1622
3787
592
2311
1867
468
1048
3837
1612
1330
3137
2962
1083
696
1860
2385
1601
199
3660
1218
703
2490
1253
4015
3156
2691
790
243
620
3272
2181
622
2417
771
340
3106
615
1445
722
1249
487
3813
3024
1874
