2150
2951
3008
1091
3331
2392
1996
1771
2494
4074
1006
3791
1330
1094
1567
27
1204
753
3058
4076
2216
3195
2476
3147
2614
2640
466
2772
2158
2584
2107
1817
138
3293
2154
3646
1379
3253
2947
1192
3332
3345
2324
845
1149
1614
946
3244
1594
2896
3366
1471
2110
1472
3402
3109
913
2181
1359
3872
667
142
2319
2756
4078
984
1793
1599
551
2515
2314
3763
65
3840
1184
3355
1431
716
3227
1841
2093
1901
2189
3914
1001
2991
1886
1088
2652
1447
542
1701
1727
696
2753
1211
3960
1120
125
2727
61
3146
1289
1847
3159
2121
3591
2190
2778
1964
3506
776
1372
925
1860
2539
3631
43
3359
96
2594
166
1632
605
3640
410
3759
2164
3259
1082
2699
465
3040
2086
1037
3280
3404
2620
244
1722
1546
3226
3842
110
1788
642
2099
3873
3478
866
4015
1712
2546
3666
109
3702
3314
1222
965
2300
3012
3301
2487
2344
761
1420
405
3869
3245
1057
3887
3983
176
1009
2517
2853
4095
171
811
2317
2075
267
1110
1293
1988
136
1966
839
3693
535
3946
1521
1991
1266
245
2739
3319
26
1533
2332
