1060
3921
2082
678
53
1983
2803
874
2906
1859
2366
3841
3400
1155
3774
3176
808
14
1671
1704
362
2505
1755
131
1075
2991
2455
1737
157
2724
2262
1843
3730
2055
139
3497
1253
1817
1217
1458
1508
3002
329
2156
1076
809
1112
510
2550
2626
3241
3974
4049
3433
3798
239
655
2135
3394
278
2847
2645
3935
4011
1661
4047
2752
1499
1468
2976
363
2432
1182
2533
271
2179
526
795
796
1101
1004
3762
3554
1881
188
2758
471
2417
3089
154
2994
1193
2728
3245
1582
1274
791
2302
291
1250
2487
105
403
2562
3540
2546
3721
3604
544
1518
269
2247
436
2942
2877
2361
1821
1513
2972
1425
3226
169
1435
1406
1049
1936
2117
323
1970
644
353
3513
1759
1709
296
2173
749
2394
290
317
2676
2569
923
607
2816
989
173
2960
3976
2524
1241
2596
1443
2474
666
3055
325
1040
715
2470
1107
3185
1525
3928
1886
3511
520
1174
1226
3050
3317
711
1307
1521
1682
3629
3392
2705
2047
1286
3409
1331
2171
1072
1993
3462
1675
3614
3808
2040
3605
4006
3094
1850
3272
4053
1433
28
1945
2730
