3331
1063
2729
2907
1896
3935
797
2441
885
3158
1160
3536
3516
1328
2037
2788
3321
1223
2651
3704
2434
338
2123
1566
101
3777
3329
2739
1746
2357
303
1143
3543
1097
3194
3577
992
646
893
3420
4009
3303
3275
1368
745
2105
1222
2254
928
3861
2607
1585
1309
1612
1453
3698
3990
3823
2922
1347
1588
3639
3061
719
1356
483
620
201
2296
537
2719
4064
3325
3377
3405
2789
3560
3994
279
481
1196
1947
2777
491
1900
469
1214
614
1833
1308
3252
2613
1848
77
1949
669
3672
3621
246
1051
4041
3568
2752
1156
0
1551
1184
823
3933
3595
3853
3271
2057
196
3545
121
3020
1496
1053
2646
1240
3924
845
1648
506
494
1225
1758
254
1707
4056
1297
3968
3412
2099
4082
2364
2738
436
4072
1622
3757
703
467
508
3917
3624
2362
1901
1281
1795
2374
2945
2419
3821
2361
1741
53
2128
3092
4034
301
2887
1449
200
2023
1889
4018
3292
3932
563
1343
3276
3982
1957
2095
1042
3041
3988
1846
517
1407
205
938
1812
910
2890
1421
3196
1125
925
2862
2814
2627
1253
3309
119
3383
2511
805
