2623
985
784
2173
532
2204
1316
3015
2326
3043
934
1141
1955
1685
91
592
4084
2041
1453
3061
2313
3684
1592
1440
1666
132
2868
105
622
1502
2463
3672
1423
1531
332
3516
1009
2701
2916
2255
1225
1992
2166
1572
225
3843
2996
468
2702
1389
2719
671
2797
2939
3671
1323
3288
3179
3011
1770
807
2283
1376
3447
2969
1560
1684
1193
1756
1924
993
3987
3650
2240
3121
3517
4091
95
1629
510
3861
3817
3840
3003
1952
3432
3550
3902
2661
2288
2080
3438
4092
2211
692
1792
3280
2460
774
3792
637
2595
3608
790
2167
1953
1311
1066
4002
188
640
4061
2339
87
3665
1010
3795
3161
1140
2263
2125
3117
2224
3148
2184
1747
4003
544
2822
909
631
1751
2635
1839
2381
3229
322
463
3627
1331
3381
2705
992
769
3784
3964
557
1095
2874
103
3577
3290
2935
2419
2608
3084
537
582
2509
3759
1243
1340
3098
3328
2980
3613
1183
2535
2476
3298
2120
4090
1774
1814
3519
1793
878
597
30
3740
3924
8
1069
1486
1475
906
827
3587
2911
492
2227
211
2486
1900
3173
1545
3896
1416
3365
1700
