634
4024
4012
737
1408
1221
294
2034
3137
2609
812
1788
104
2620
2460
2306
2018
629
2067
1187
3147
4033
2266
1424
3410
113
3126
1506
3409
2451
668
1243
708
722
3069
248
640
2149
716
2503
2049
3157
1142
1066
600
3941
486
250
2174
500
2989
2155
2060
3799
3717
769
875
351
3132
563
661
3138
3427
1151
1355
4081
1177
1918
3339
3077
3188
4008
2626
804
814
2738
20
1296
3060
1732
1303
2936
3249
4016
2366
832
981
1513
3491
2159
1883
645
2668
783
389
1159
2530
2050
3200
616
1109
2325
514
2015
2595
2322
2109
1104
1263
3007
1953
2121
3870
1941
3405
2340
1481
3791
1110
562
74
519
816
408
3032
267
995
1623
3643
2656
2782
3999
3105
3518
693
46
1214
3442
3035
1354
116
3532
1363
2078
3631
621
2177
2119
620
319
3519
1212
779
3186
3245
3703
3431
1119
1677
2771
1008
2678
677
2139
2127
2279
3240
2584
3903
1826
2983
1842
1787
1373
2779
1248
2969
2312
312
1687
2727
3115
1274
2886
873
3460
2767
237
665
2073
1827
3401
3997
2477
2280
1679
973
4061
2759
3770
