1306
2546
1932
1312
1281
3965
2334
3822
3167
18
3702
9
1501
2850
1951
2111
4080
3607
440
3810
2261
2291
3389
3067
501
779
662
775
986
3509
3878
254
2081
2332
2989
1539
1070
107
3442
2153
1534
1822
3556
1222
2939
910
817
1594
3096
3268
1472
2249
1084
3918
3528
3398
611
152
455
279
1152
2990
2397
1720
70
1512
2608
3275
974
2062
900
3129
514
704
1375
2776
3931
2487
760
3797
1416
1834
836
3443
3373
1906
1381
2057
3803
3773
2390
1057
30
3974
4071
1592
4086
2833
258
1041
2270
3880
1322
3573
2411
822
2267
2001
1165
84
2138
2873
119
1259
929
2218
2142
89
1736
3492
1302
1097
1679
3249
2519
3768
3781
1046
585
1543
2582
1771
1003
3062
1441
1582
3342
3718
2797
2333
2842
2464
1528
391
768
2872
2960
4083
3460
626
1789
1110
2578
2205
452
2628
1149
802
3579
3904
1412
324
1563
3046
3361
3834
3102
461
1157
2599
2825
1532
3377
2116
921
1313
976
1742
2830
927
4003
3923
1874
586
1115
2840
3479
301
3169
326
3929
3235
3181
3313
2834
2027
1411
1207
3379
1948
