3927
3694
3736
257
3592
2534
1768
2876
2376
3493
2477
1256
2858
973
2852
2223
2550
2105
3606
1167
59
514
3557
2325
1991
3006
2320
2721
325
3776
596
521
3558
1493
3110
288
1416
1815
3595
3703
195
1447
4017
3546
1333
2299
1116
1018
2013
559
3386
2448
2215
652
702
573
394
576
2973
3605
1576
1835
3658
2349
2012
1012
1184
31
2158
2736
2015
1241
2493
1408
4075
824
2789
2208
2467
2333
1472
1074
3805
1205
1742
544
3202
3904
1550
1148
3733
3499
3371
1784
3846
3123
272
2421
1897
3994
2853
3656
3843
3755
1745
3982
1097
4022
3080
3459
296
468
3762
269
2216
4071
2544
844
1005
626
848
1999
428
3519
1789
1656
975
1196
3978
354
2460
106
3633
2494
1579
2816
2570
3408
3571
561
1682
34
3384
1367
2140
2582
2029
945
1458
1489
940
4006
3505
2630
455
828
811
375
2160
381
840
3895
2954
2946
3248
1083
1262
3449
1436
1415
534
2447
3022
1235
1541
2180
2082
1172
2419
2938
3695
1863
2970
932
1377
1425
3632
3670
80
1899
225
2217
3907
639
654
2987
1934
3891
604
743
