3171
3490
1217
1308
943
1993
2586
4063
1343
3745
2257
2767
2975
1047
981
2467
702
1836
562
186
1208
3399
979
1578
1710
3959
505
177
3507
3111
3762
1691
2868
1635
1
2867
3894
2818
3031
3603
3315
211
432
1161
77
1705
39
3246
183
3211
3815
3654
3001
2301
2920
1927
816
2498
12
3215
4033
709
3445
3649
1126
641
383
3006
2361
2263
2632
2473
1775
332
3682
3662
708
1537
2938
806
1548
2795
329
4023
2631
2453
175
3937
2809
1342
3548
1238
3752
2445
1062
2119
3055
2021
2752
971
3356
34
766
1060
3683
1480
1594
1249
2780
2820
1749
2609
3349
1553
3820
3615
3880
2579
1133
2280
1933
2262
546
913
3574
1302
3920
2073
837
3346
3756
3785
2029
1569
720
758
2376
3078
267
1584
1334
772
2588
2159
2133
3635
1002
1459
1916
2349
2750
861
2685
458
3040
1499
69
1431
139
1915
467
2845
865
2176
3581
2230
3393
534
1894
2857
2172
2265
818
1887
2457
2900
2354
1572
1074
3766
3879
3091
3987
1237
3177
2879
581
3909
2678
16
3707
1951
3807
3626
1711
499
1638
3550
1362
2848
