861
2513
2110
1665
1874
1708
1682
2993
1174
1362
2426
1627
1803
873
542
2346
2653
2932
2969
3654
2001
1222
3563
4002
1882
482
3705
2177
717
1662
2228
3290
896
3698
3720
1456
2038
85
597
2872
114
3356
2384
2667
4038
1634
2257
255
466
2053
323
2957
3376
3814
1145
1412
1110
2332
1226
1288
2074
3990
2800
193
3214
1309
3987
2225
1289
3598
772
3508
3383
3891
2196
3741
1840
862
3129
1483
364
887
1752
653
1748
1957
1080
3839
1552
593
676
763
1661
272
34
1724
2968
2682
1325
3105
337
825
3735
1357
1594
1486
3390
3481
669
3381
794
859
1795
2813
845
138
3198
1564
1017
3082
1800
932
2474
1142
962
2987
2612
2222
2693
898
265
2615
2055
3332
2166
1393
1225
3729
497
2994
3175
1487
1332
2966
3395
351
1195
2771
306
3291
2532
277
1742
174
4028
3922
1839
3060
4081
1202
2111
1342
788
4085
2616
1529
1979
2378
1734
4055
3713
708
878
1450
2450
3772
3206
681
2151
1282
1606
1065
805
1921
1460
1113
3825
129
2239
2922
273
3657
365
1967
3358
223
2459
1144
106
3168
