1393
717
3411
860
745
24
286
807
3653
123
434
3219
3847
1085
3249
2851
3183
2961
2540
271
1650
743
1930
3588
2436
3842
447
1410
1386
3161
335
646
1057
2251
1853
1517
1165
3388
2287
2927
1533
1506
2234
1126
788
1118
662
3569
3498
729
1283
3043
560
2753
3145
1327
916
3378
3298
512
2044
2555
3318
1648
3266
1959
3975
2784
3364
850
2381
2653
2154
1344
2628
2520
1274
1887
1715
3387
2893
3209
577
1188
3583
1348
3044
218
3940
2041
777
730
3472
2037
2867
2446
1240
1745
3373
2940
3050
3010
1864
3418
1247
2656
2298
748
1417
2706
2248
237
3582
1111
1748
1265
396
2358
2923
4061
4031
2137
2290
450
2973
1659
3700
2757
2344
1590
2101
3849
2561
3739
2339
834
3440
2167
915
2692
2657
2937
3655
1366
170
2030
2969
3722
1982
1276
621
204
481
1822
1040
2249
1387
1966
3241
1337
3482
3480
3246
1535
1692
3976
2207
1117
2151
3129
1870
1858
3030
2320
2634
3338
4029
1045
1333
2544
3564
2421
2539
578
288
2597
2231
2801
964
1676
1501
45
264
3981
2170
3715
345
623
3856
1316
