2363
1572
3620
789
2537
1512
1726
1717
2135
2208
3903
276
1539
3418
3038
3559
538
2275
3771
564
1535
421
1708
595
3803
473
2364
322
2437
2841
3633
3398
2867
3485
222
3161
2207
2450
2179
3444
3978
2288
3070
3276
1245
1449
2082
2074
16
3124
2122
3588
3143
2635
610
1170
3934
2729
1653
3996
943
3430
1431
2563
3110
2313
1764
537
4040
3985
3789
2225
2750
2740
2013
217
2739
1274
2463
4095
2041
793
3516
2335
131
169
3941
1283
1960
3155
1682
2709
3689
71
2645
1403
3450
582
3860
1234
3547
983
3823
84
2239
282
2773
3744
986
3544
2671
230
1411
1405
445
218
2010
2545
2159
1065
185
923
3025
1392
3764
1454
2506
3797
2616
982
3128
809
1312
1882
404
2006
3835
2744
2185
1807
1195
1819
1538
2044
3551
2902
2746
251
187
1518
1645
3468
2928
280
2565
868
761
3992
2050
3131
517
471
3273
465
1751
1174
374
933
520
1136
3664
1492
2592
1895
1141
2882
223
3822
3417
1757
3953
1567
3966
3380
1638
334
2094
1120
664
2523
2871
766
3497
2118
4079
3805
803
2653
3327
2496
