3698
1513
3759
1837
2087
946
1808
1149
2052
1286
1845
165
624
961
3577
2446
39
3606
7
2248
2579
731
3624
3139
2310
1957
3587
2619
2136
434
2403
1951
2340
648
1813
3073
3593
1174
684
2977
41
2707
162
2661
2006
2098
1700
1536
492
2243
864
958
2356
2578
1334
2305
3362
1746
3882
2750
1110
1892
3470
705
1504
1261
1666
2198
3437
1331
15
2107
2629
2451
2217
3766
711
1279
1754
683
4018
2252
3609
2868
1169
3104
1153
70
2520
4078
3586
2312
1078
3651
2973
2088
2727
240
2023
352
1335
1000
1554
689
1718
205
3390
3209
431
3952
1835
1076
2240
2085
1945
22
2645
2984
2687
1580
551
131
448
1006
3991
3574
1660
2525
217
617
398
3461
512
2624
3879
2189
942
154
179
1712
2227
1992
2523
132
1991
1316
1943
1935
671
2045
550
2306
3590
2323
2827
3815
3914
1994
3762
1266
1856
2127
2166
666
1045
2292
3194
2208
1632
2886
3311
2602
2014
2000
1049
1729
2582
904
2794
658
3065
3338
3629
718
1238
3013
4031
2738
4051
3983
2428
2102
2831
78
3455
3865
2257
1206
3992
3513
