2322
2902
693
113
1053
369
4049
1646
3301
183
172
3322
1929
1185
2255
1376
403
459
477
1383
1821
1077
3475
1166
2387
2957
1355
2727
2140
2986
3647
3878
2155
2643
12
3766
547
450
1013
2201
552
1329
2091
534
1289
1547
3792
3723
30
1900
377
3275
3674
147
346
3118
3810
984
948
1817
3432
1687
1790
2768
3020
1141
3598
4073
1384
46
2214
386
6
2016
359
605
201
1332
398
142
2181
541
3557
2076
1482
62
2814
1953
1544
1946
2837
2329
2938
1448
1036
3740
1078
1042
2745
3625
214
1403
2305
1218
1753
2595
2616
2466
3370
543
2021
3257
883
125
2665
3806
1871
1806
1162
946
1319
932
4059
2115
813
1863
2250
3983
383
3008
2754
752
2924
942
3080
3119
2531
2187
313
1882
1930
1830
1627
1037
878
613
1386
1592
2131
2797
2692
3790
833
1097
2752
71
2159
3217
983
803
1928
1106
11
3660
3482
1433
724
3107
2336
3786
502
4037
512
762
3067
1566
455
1797
1793
2247
2521
856
3984
508
245
2811
3670
3988
3006
900
1430
1486
1064
603
250
2175
1475
877
3922
2226
