402
2693
2565
1996
366
2257
3466
315
600
22
255
1283
3779
927
797
210
3957
801
2932
1629
2333
3437
970
3112
2525
4067
2052
925
1452
1300
1570
3450
2318
629
2357
2903
3528
2047
197
556
3558
3692
2226
843
3664
744
2738
3477
1719
1713
3869
2505
385
3615
3936
2986
2765
1659
3907
4069
461
3861
51
1508
327
2
349
2004
1343
19
1759
2690
3650
905
500
804
632
1558
1445
2632
2948
357
1898
163
130
3382
4006
2915
2376
988
4060
3279
4068
1048
2513
139
743
2801
2242
3568
145
3058
1998
1375
2692
2364
1051
3311
3277
1924
1331
709
343
961
1438
672
3694
1180
836
1418
2448
1480
182
1248
1617
1861
2317
2168
628
1852
1848
1142
4025
1973
2484
574
3357
217
124
2654
2739
1072
135
3596
812
3621
2035
601
2154
1686
921
256
1720
508
2900
2904
307
3559
977
3234
1503
997
3699
2215
662
2677
3736
810
1957
3533
698
2200
4003
1187
1605
2432
2929
717
473
2174
4039
613
2629
3952
514
2576
3547
2190
3789
1533
933
955
346
1923
2337
1081
2329
3762
85
614
