528
920
412
3303
1170
579
2652
3691
4029
2009
2814
2162
3096
1297
3282
2947
685
124
2958
1516
1216
2687
3271
2712
171
1935
1126
3738
1630
3129
1458
535
1464
1412
3252
2944
3012
1473
2976
3157
1231
1449
3454
2787
1162
2352
1843
3570
1369
1001
2314
2167
1451
3043
3224
1336
2215
3875
827
760
4015
389
3297
989
1511
2915
179
2106
1775
1188
4087
3262
3872
1972
7
2494
2189
1593
3108
249
296
3757
3772
1437
2778
941
623
2510
868
1926
1398
2568
990
2648
2305
1906
3857
3550
2204
987
3844
313
3359
1605
3161
322
677
1759
2434
1227
1762
1932
696
2341
47
3763
69
1712
3626
3102
204
2600
755
1148
553
3196
1291
3641
2021
829
2402
2453
2384
2738
3198
2264
2946
786
1289
973
3651
2885
2024
1238
2248
3597
983
3365
911
3950
2387
3244
3110
2450
992
926
741
378
2353
661
953
3723
1696
3486
3026
1639
2079
1037
1651
415
1303
1744
3381
1740
1488
2103
2481
3943
3572
1445
3934
2498
3885
625
1789
2020
2187
921
2789
3615
309
3197
4047
1012
1107
2362
3054
2147
960
1913
