3950
1414
3823
82
2549
2736
1343
1900
782
210
864
2412
2078
665
279
2320
547
512
2233
3144
2634
2827
3691
2267
2152
454
724
3409
2715
424
2362
625
122
3664
1075
3646
565
1362
2943
1438
1821
847
1786
2993
2199
572
4010
1964
449
2009
1758
1426
184
583
2604
2792
1723
1955
984
3959
382
2511
1000
1931
139
2883
3278
1183
3393
1145
3631
762
491
1313
1230
2569
4004
2274
3855
1399
1122
1729
131
420
1065
2499
2807
3711
113
1293
3859
3878
3178
2039
3378
3902
2989
1337
2849
2017
369
127
1422
1400
958
2656
1864
3941
2873
2030
3913
969
1004
3700
433
1663
3381
1677
2294
2674
1376
3569
2040
3245
256
1080
406
3919
2376
2882
3956
3740
2436
2449
2479
3262
3133
2845
3582
2245
1371
2684
490
52
2123
1436
3210
1116
3474
2018
2932
3725
1003
3228
1428
1597
2951
2451
2770
779
4072
2031
3010
2889
3636
1774
68
4065
1890
1619
3585
1993
1953
1741
1307
3227
659
4019
305
2616
702
3037
2060
2681
2452
2079
2008
3085
1976
1402
151
470
1714
1093
887
4037
3550
3101
3443
1694
