3178
2830
2426
3489
2061
974
2041
878
3963
1951
886
626
3152
3243
2300
1556
2690
2065
1338
3759
2924
849
3768
2791
472
1436
488
3012
1297
2612
2945
3307
4029
2896
1945
1576
1654
2003
2037
450
540
2375
2181
302
2895
3406
3762
2746
2405
2572
462
972
175
241
1143
1429
1917
2523
355
968
980
1693
653
3303
2796
4061
2144
3860
239
2712
256
1069
312
2870
11
2451
3741
3065
1460
87
1805
3612
3151
1251
3088
3755
345
2271
2421
2236
1226
2675
2442
1852
544
1935
297
3817
1565
3623
4019
108
1995
3091
2252
1527
3763
3484
3896
1891
3564
2531
3618
3711
1332
1840
89
2115
965
1183
706
1478
1903
1662
3597
4042
3429
2967
2102
1497
1923
158
2688
2412
727
4086
1474
730
663
1335
3419
1902
3582
2325
3312
1797
831
3299
1033
1209
2883
2146
1273
2093
1315
2395
2982
1674
1072
608
3491
332
3596
2222
1331
1219
2072
928
678
3508
2493
1112
735
4069
1346
2954
1991
3734
301
1714
834
3313
1038
918
786
586
3607
95
1376
4004
2516
1146
3638
2631
236
3269
2524
692
3724
825
