2886
3031
3290
1793
1452
2081
1781
2816
1625
2621
2950
3669
2036
2025
2712
61
2507
2675
3189
3504
4020
1273
3193
2545
1347
807
2605
1907
1033
72
428
836
2677
1008
3847
5
2586
2941
1535
1802
295
2160
1801
477
647
2915
1659
1914
2673
1542
3453
350
2083
3598
2711
3296
2162
2805
834
3330
2052
948
1728
3138
3200
289
476
2317
3813
926
1809
478
1670
1721
758
1558
3033
1283
3377
892
875
324
170
3732
848
131
2754
3665
3559
556
3003
308
1786
1434
1289
499
3095
258
1166
1263
3748
1479
4051
3201
2377
2793
4075
3415
1772
2517
3843
3350
2258
1284
1720
695
1612
2301
3834
2207
919
2205
2240
3224
357
704
3603
3785
4085
2346
2718
1278
2765
496
206
2561
3133
1108
845
2723
179
2730
642
88
2660
58
3396
142
3593
2670
687
2125
727
2727
1610
2145
1879
1609
3728
3252
586
621
3452
507
1538
3056
3537
205
1481
4040
938
1671
2168
3890
352
245
1445
1189
2784
894
2041
3294
3484
939
4066
1978
363
2799
3931
3327
567
2002
1707
402
1591
1709
2426
27
3232
1509
