3649
1837
2444
820
335
1561
690
3080
2137
2090
1756
1135
592
2248
208
3068
3301
1122
793
3109
1682
3903
3884
3555
1941
2908
3188
1749
79
1010
135
1015
606
1557
706
2401
2235
2803
1350
542
1399
832
3293
1275
157
3156
2770
3019
3849
876
2041
1291
1854
3840
203
1699
1857
955
1786
455
163
626
2914
3114
2502
2900
3457
1709
1692
3925
2993
732
3446
1513
3198
1797
1820
2689
2392
1606
877
3456
1392
3721
2284
3367
1393
2486
605
1484
3701
2789
2718
2728
2916
766
3670
3420
2289
3223
3311
3119
239
55
1642
1457
1909
95
3505
1266
1262
3062
137
1195
811
1898
3736
3817
2237
4066
3087
1395
1775
1490
657
400
3933
3146
2864
34
1465
3860
1125
1861
1758
3193
727
1666
501
2746
1130
2886
2771
1999
2835
202
101
2655
3941
2847
1550
1771
2044
1895
346
143
1501
738
742
3169
1400
2989
3988
899
3852
3550
3323
478
3753
220
2125
2831
2644
4072
1146
2551
431
2034
2155
1767
3121
1872
3573
2100
3253
844
126
680
1074
3863
839
683
624
3984
1184
708
2615
1140
2069
2283
