41
1868
1136
4076
1149
1776
739
1958
431
3569
3962
551
3191
2630
3667
879
1138
2453
613
416
1313
633
863
2148
372
4087
458
1997
1276
1067
1160
2572
3699
730
336
1904
3261
2412
2968
2549
3
1377
3091
3470
1101
2128
3188
1883
2096
2526
509
154
3231
1303
3631
3509
2528
2375
3907
3961
402
482
1603
1626
3654
1666
1217
3742
3096
1280
205
3370
2617
2520
3240
3247
1311
1793
2806
1954
1594
2863
2136
3600
2704
3680
56
800
1895
3624
3151
1601
2403
1795
1069
2583
610
2557
2029
2454
3506
1849
2041
2196
1129
637
2397
1554
1041
1716
3520
3196
2464
1355
1722
1697
2419
2237
3303
529
3239
145
3830
1702
544
843
685
3541
2129
3421
3663
909
1699
511
2512
1401
2699
2088
3652
3941
3919
2108
3800
721
462
1581
3832
1208
2838
1499
3724
208
553
1177
1675
3565
1491
1480
654
3184
3836
3594
2177
607
3682
2559
11
688
162
1867
432
2103
1662
1755
3559
2606
3159
2008
1635
2711
2259
3249
2800
1156
920
464
2788
2674
757
3750
3217
1448
2789
71
2536
2132
12
4057
1639
3211
