3898
258
2583
1660
2405
2562
3274
3186
1605
72
3895
3418
805
2417
439
2174
1869
2128
3969
3166
1082
2886
3261
98
2661
571
546
2060
3228
923
3339
1326
3918
1612
1220
1405
2536
3962
2832
3582
1975
660
503
1485
1434
4092
2687
168
111
152
492
3242
741
3399
2479
41
4032
2141
1447
927
2427
900
3120
1168
1549
2093
358
2955
3508
1547
3632
198
654
392
705
669
708
2927
1230
457
3122
1235
4074
2
2624
82
321
2238
2828
997
105
195
957
626
1049
3034
3276
1163
3560
470
2307
2224
2929
1826
717
3817
243
752
3412
829
2300
1226
4086
415
209
2804
325
2602
294
543
2984
1556
113
2519
3349
251
1537
6
3185
1402
1555
2033
1451
2214
1148
2729
367
1427
3427
3033
1958
1530
1245
855
1119
3630
3547
3489
3990
220
1080
2630
3469
2290
2358
3367
3402
1709
3781
3094
1250
1342
471
980
2838
3686
3415
1144
3979
2292
3322
3004
3933
3652
0
2046
3070
3064
1381
1665
994
2475
2513
3318
552
3689
76
4021
1463
971
1542
2643
3756
3752
1878
360
217
2800
821
2552
