2579
2930
3013
3994
1683
25
2311
3589
3357
2981
3848
2638
3372
2261
1466
1320
2766
224
820
3049
3827
3127
2326
3554
1188
2644
1238
1720
128
3527
3221
2511
2235
101
586
3599
3860
3305
78
1597
1562
3405
559
3942
2895
1245
2185
1601
3253
1067
889
134
281
1452
413
2806
1250
2495
2110
1528
275
845
332
3939
2985
233
3316
2711
1739
3724
818
1264
3062
3644
159
2991
3913
3489
3045
246
928
3301
2201
958
1644
2838
1376
3419
900
442
963
1470
3717
2851
2225
3185
1621
610
3108
2408
1593
388
1885
500
2757
3368
3302
3817
1419
3058
2014
3697
2798
1273
1598
4019
1307
1554
3701
686
3654
1614
1629
2200
3623
160
2659
3304
3159
835
753
1563
2243
1483
3028
286
4073
2931
4068
1889
2945
3040
2968
2918
2653
2631
899
811
3922
836
3435
2290
959
2837
1431
4090
3384
1357
497
1673
2405
1785
2413
2645
3157
1052
2133
2128
1588
487
894
252
3591
3044
489
157
2322
873
3122
2751
637
2759
2961
325
48
1311
1549
2639
1940
77
1011
3162
3676
2687
3776
2299
456
2283
2979
780
