1693
1452
1486
2887
332
2815
3847
3259
3767
1628
3129
254
743
1495
717
1735
159
2491
3098
2099
2853
1676
3784
4093
1044
1232
2578
868
648
1357
1451
1654
3616
1829
779
319
1235
56
1734
4013
669
1399
2093
274
4041
3081
1074
1823
137
2310
3647
2364
3817
3840
2129
1582
3623
2149
1949
3398
1045
2827
2797
3462
2553
1923
87
646
4016
2751
1652
213
467
420
2986
1991
431
642
1496
375
3094
3936
1544
3636
3190
480
1308
2523
3798
194
2978
1112
2512
1448
458
3243
1792
1059
1990
1914
75
2176
567
3833
1196
2084
2219
2775
1499
1694
2929
3126
1415
2763
554
2379
4031
1827
1687
2497
2786
127
3051
3783
1836
2518
2157
3469
1210
2904
1617
271
3535
2924
1992
2227
118
1579
302
186
3946
3305
2392
2233
419
1472
1183
1794
1322
1697
1840
1618
1591
2936
2402
129
2110
2486
1514
1897
2942
3271
1468
3087
629
3740
3692
2917
973
4084
2108
90
1835
1345
468
255
1634
1450
1797
3282
745
3403
1443
50
1724
704
2589
1240
4012
3365
816
1360
1394
1272
1169
3357
1340
2618
2943
382
