2795
1917
1864
1032
3190
2984
3586
2449
3952
3698
3164
2432
776
1523
2713
2336
781
1142
687
1804
3491
1871
765
581
3006
1229
2847
836
1688
2723
2843
2971
2272
3722
3391
1126
24
1669
2482
1592
1351
3435
3934
4079
1480
2421
2248
3443
4064
1717
606
644
1277
2193
1059
431
1481
3908
1088
400
3894
1987
3821
2378
42
1113
2159
1959
2462
262
2657
250
2813
2639
308
2051
1381
975
2428
1297
1328
2876
2954
2897
2301
1040
2291
3493
3049
3425
526
2516
4002
112
2134
4009
1965
3454
3023
2614
727
237
1601
3515
3038
1605
32
3206
3780
714
720
2962
173
140
2359
1697
1323
668
3254
2654
3543
2228
305
384
618
3533
393
531
502
3347
2011
3673
3034
2488
3400
2050
2643
2502
58
1870
2135
2879
2760
3909
2677
1391
3663
2970
1111
920
2080
1045
2574
3836
3325
4048
570
3263
1085
529
2387
217
578
1999
3661
1385
3362
446
371
2769
462
3358
1080
3676
2027
199
3366
3941
2438
2285
3551
408
43
862
2471
3565
3982
2219
1467
3201
2641
2765
2864
3469
3426
746
46
2788
3142
3741
