744
914
1866
3281
203
3645
1235
1262
3669
3567
2914
976
1674
1618
739
1854
2794
406
2493
3482
3389
268
179
3787
2338
3072
1890
2720
3711
2064
695
277
2039
2251
2483
2894
2707
1415
1085
8
3503
1427
1783
1837
9
53
3295
1265
142
279
468
184
3293
1392
2125
1791
141
2316
1757
2650
3206
1941
3471
2419
77
733
2376
3006
1134
2626
961
2811
1542
1276
870
1446
3476
584
2643
2311
789
2111
3080
2748
3799
3558
3314
3433
2665
1908
2325
3276
1176
1819
2697
2821
1861
1844
1583
3789
2661
1491
1495
197
2017
3405
2598
560
2816
2272
3652
3564
856
2608
330
2632
2149
385
222
2997
3023
730
198
2038
1200
565
13
2291
3112
1877
3229
1792
2211
396
590
611
4056
1776
3647
531
1413
2340
3345
3702
1780
2922
1313
1745
1203
540
1743
2217
2380
512
1774
861
3531
3171
2061
1194
3179
356
2524
4040
3663
3712
703
1993
1582
1626
2939
552
3876
3055
3965
947
2153
3939
1937
1787
3086
632
2897
1241
3377
420
2587
3900
1048
2323
738
305
1452
2921
3914
187
2442
4083
500
2671
