3630
2697
709
3180
2430
2098
2598
654
1847
4066
3532
30
1267
2967
3
2226
3919
851
3668
1072
548
3470
2549
1617
4002
2812
3908
2019
2347
550
3168
221
1281
1982
2169
2100
1102
437
1939
2473
2240
1564
1095
2102
3932
1290
3879
1843
319
3967
497
2214
1342
1918
2507
785
1135
1929
3717
3429
1466
1123
1449
2944
188
4074
3575
642
955
2006
829
3568
720
3362
4032
3408
129
4086
964
2331
1116
3022
1163
2843
2551
2801
1383
2934
2130
4068
423
273
3459
1386
2795
2271
1541
1296
3703
3164
292
1788
960
894
15
653
2158
118
2962
828
3896
4001
1132
1755
628
116
2947
283
1400
3961
2345
629
2149
3526
1461
1574
485
1177
4061
870
3738
1954
2665
3388
2555
1705
988
1772
4083
1328
1011
1802
102
947
451
1171
2139
95
3604
659
3864
3167
3287
926
1546
3500
1957
4046
2702
1316
1333
2767
3157
180
4072
3852
2938
2012
1411
1758
3435
2951
3188
919
2228
3816
1218
3116
2630
299
1838
395
2491
1804
1811
2521
2439
2433
1066
1640
2060
2403
3807
3758
1604
3536
2756
3713
327
3478
