760
871
2848
4054
3765
2129
3243
2296
687
456
534
724
3008
841
3035
3433
1436
252
3259
1888
206
3837
3440
1456
847
3706
2904
1960
3710
734
2840
3975
643
6
1008
1304
743
845
212
98
1329
2610
37
412
1349
2450
2901
2727
3263
1972
3057
1210
3483
1941
3452
3831
3324
1912
729
3871
3834
1316
2000
2310
473
944
226
3411
1895
3300
1761
2521
2409
524
746
1934
1045
3974
3304
3298
1612
2433
1732
2219
254
182
3441
3435
117
1733
2534
3072
2029
3024
2322
1978
2946
2457
895
2103
1773
1713
2243
3134
1546
1415
4056
3031
138
142
4092
3338
3669
396
1270
1236
2890
1836
3130
1464
3122
2982
3865
1010
1676
1011
1631
446
3319
3313
2872
213
657
552
3323
3064
720
1630
3830
2616
1469
695
3284
1048
1297
2072
372
1060
3425
2578
1532
3030
3610
4090
3025
1434
1729
1284
1706
890
3179
3846
3624
4012
3363
1470
2962
889
3095
3346
865
1075
293
3157
3753
507
3275
3303
1624
1014
3705
2023
3311
2169
2040
1063
13
3818
1545
17
3553
44
3492
2380
665
2119
269
1985
3135
2460
