1707
147
3497
1009
348
2191
1694
1729
422
3178
3393
277
1632
562
2841
2408
2362
18
3024
3211
605
2778
2656
1482
1085
2925
3898
1487
3604
1102
1379
2177
1397
1491
1124
1871
3470
2193
272
4084
2494
418
639
3122
1386
423
2396
636
4042
2476
1709
2514
271
1825
425
360
3157
3432
3246
724
1035
1362
2725
1875
1573
2206
3451
3499
1826
2057
2751
1396
2788
2967
3510
2493
1608
3023
2452
3733
521
2915
3084
3664
455
903
2717
3798
1919
467
3222
3188
2339
2410
1314
1786
667
1503
661
3590
2302
532
2212
3907
1068
1764
1590
2423
2970
179
3774
156
326
247
3981
3686
1476
3426
148
3948
2699
1575
1449
1285
1058
3252
529
787
3676
331
1515
3017
2242
3219
1073
2475
731
1485
3306
2192
1916
2169
3970
3635
912
2651
3915
1269
2570
345
898
888
3574
3689
1739
384
2878
1760
3370
1461
3052
1959
1132
4063
112
443
1016
779
489
3445
3886
3771
233
2678
2488
3723
2180
3382
2503
243
2485
333
205
2829
3249
2522
798
2752
2593
121
3108
854
222
3410
3494
1015
81
43
3895
2176
