306
2252
3606
841
46
3303
2896
257
480
3872
3266
1366
1047
3891
278
2332
1358
2000
2260
710
1048
1661
136
3202
2862
568
3627
1940
2673
2014
2165
2242
360
3103
239
1760
98
4033
3097
1964
2677
3752
2979
513
489
1055
120
1182
772
1368
3453
755
2815
2110
2077
1887
2002
1329
1408
2826
3486
3152
17
1216
323
4062
2111
1198
2317
1185
2065
997
2050
283
4066
1191
3424
3861
2373
1509
1208
1904
3053
2107
1077
3048
4081
1119
1565
1133
3165
1100
973
1420
3392
3784
2491
1772
3372
2601
2821
3344
69
2698
350
1930
320
3242
3786
3258
1143
2012
2380
1135
1241
2526
141
512
2657
2387
2540
338
1003
1784
3381
3680
1656
1963
3807
3019
1945
3829
774
4083
714
2029
308
2112
2779
2173
3877
2286
526
3211
1054
1088
2468
3309
603
497
3331
1892
3456
3720
1240
1812
403
2590
840
2096
3573
2842
14
1215
2066
2578
3662
158
2795
172
2230
1931
652
3325
2915
3625
2525
2622
80
594
1373
3808
740
2124
1170
410
479
2660
3586
2972
2055
1321
91
1517
3543
2175
1871
3755
211
2754
