1984
2687
779
1074
2595
2944
4045
2360
1220
3719
402
538
2519
2818
130
1315
1403
502
3377
1524
2895
561
3636
2238
160
2925
2594
3753
2633
2336
3573
963
4090
813
2302
2153
2404
1607
574
3342
165
3619
3693
1513
42
3263
3431
3445
472
1998
3337
337
932
3511
201
3444
3869
721
3701
4029
410
2711
4024
2527
2734
3237
2011
866
3360
1090
854
773
1908
404
3683
1949
2794
2953
3386
920
2388
1335
3690
3966
3204
423
3453
3075
3539
1102
2110
4012
3919
1475
1782
49
259
2491
2890
2561
3014
3912
4001
875
3470
798
254
3368
197
385
951
400
3230
2029
191
2148
431
745
2351
1302
4035
2954
321
519
3756
101
2518
3764
2604
3343
1846
3405
2150
3845
1100
1499
4016
2326
206
3142
286
2354
739
861
3964
586
597
3407
2255
3288
2062
1750
1309
1970
2210
1357
1991
3930
490
3658
1989
1078
2522
1167
3425
3480
2222
2937
2215
3550
3736
2021
3783
493
1587
2995
3028
1983
1977
1740
972
1007
2929
3209
4068
68
2832
1880
1692
978
2494
973
2136
1885
2847
907
1838
3936
3656
1125
