3392
3763
3691
4083
2686
2308
860
1718
3298
1671
1933
1574
3128
2869
704
268
2050
1948
211
3931
161
78
3526
79
2171
576
3871
3992
396
3088
1766
323
1594
390
2239
432
2057
399
270
2180
1587
1172
1891
3481
638
2023
1842
2207
3438
23
502
720
2818
2089
3151
1284
3397
3852
2950
1201
3772
1307
3924
1362
832
1899
1282
1122
1853
273
3785
2355
1065
3762
1092
4062
1794
538
3085
3568
1211
1504
3652
2640
586
2703
3783
2224
3289
3790
3510
1918
1696
1421
2831
2722
1796
2022
3948
763
2589
2268
3291
1544
1611
3944
436
3198
3376
3221
1510
2770
2378
2795
1834
3219
2802
3118
2092
3932
3807
1569
3883
647
750
62
1103
1595
279
3163
3994
643
3215
4041
3493
1027
2723
3039
929
1257
1080
2916
2836
481
1303
2363
2360
3371
1827
843
2266
2131
2552
4073
2191
2600
1920
3578
2599
13
595
939
1283
2871
2768
2709
3551
1649
1874
1799
3086
1499
2579
1685
3236
2158
2429
3816
1285
10
3594
3726
3233
721
3282
796
327
2690
4037
952
599
344
1391
1805
805
1078
3265
3175
3030
2603
