3058
1638
596
564
2647
1959
1576
2653
3280
3817
3236
3221
526
589
3013
646
1219
2763
422
3623
2326
2142
604
1370
3500
2872
787
2794
2321
1724
251
3050
1135
2961
3123
2433
108
2620
1421
1924
810
1480
3581
1512
1856
2733
235
2418
3964
9
1694
2260
3171
2513
2052
3023
3048
1058
2366
4061
2540
2157
704
3872
224
1345
1321
285
3239
1340
488
3502
2684
3128
3465
1426
3017
876
4012
1918
2211
1463
672
2429
2425
1739
3895
2577
1206
3937
1458
1422
55
1678
1012
2265
2165
3251
3714
1358
121
530
1180
963
714
3084
1598
262
1302
4070
1792
1593
1103
2266
802
1861
3386
4087
919
4095
1519
387
2087
3597
1810
2875
1612
3272
2687
1967
289
1946
2869
3331
1773
2325
3491
143
122
325
345
2950
4059
1261
898
2029
2114
3352
1351
1872
1684
1311
64
1208
1186
2396
1237
873
838
2645
2224
1855
1777
1509
1602
1518
1076
3545
119
4069
411
92
189
3235
3925
3041
2679
1513
1868
2692
2016
3133
1783
2038
1403
3533
3857
3248
1077
1395
924
3920
3978
2705
2818
4006
29
1408
1041
1901
