3898
1463
654
3556
3717
794
1959
702
942
3281
2933
701
1550
3795
2282
1262
84
575
566
2107
855
2827
49
3002
3943
1342
1937
3038
357
888
2696
1330
204
2204
333
120
3621
1495
1536
3578
813
1667
132
3833
3515
3932
147
1957
2442
2338
1656
1003
3268
1763
283
2666
1639
3078
1530
869
3255
3886
1447
3086
1080
463
3942
4024
990
3162
2776
334
1568
2106
2726
1665
517
552
3945
2646
2931
3290
2741
969
2873
1075
3262
497
3145
3928
1446
3288
4065
75
1338
2076
183
1056
521
416
520
2799
1543
1264
1906
2543
2267
275
1323
1520
3792
1602
716
1902
2507
861
3785
1890
2411
1576
3555
1439
4033
883
2590
3893
2874
1527
1162
611
3971
3488
480
3420
1620
1999
1462
1191
2900
3904
783
2660
3804
3654
1431
1752
3418
1595
13
3259
1479
436
1147
1707
1125
4086
1831
4088
2987
1971
1058
279
3765
2043
479
3065
1470
1858
2005
645
2143
3212
3611
499
3883
2949
617
2803
2866
545
3112
3440
2413
2122
2704
3869
3876
1089
599
1336
2058
939
1027
2196
2167
3771
2108
472
2352
237
