687
2628
2140
1586
3846
1797
2172
2767
2505
1594
1659
3477
1371
3519
3585
643
375
1829
2
3857
2464
3996
2980
1569
3829
666
1728
1522
2072
1036
2753
2475
952
2786
1143
2673
2989
68
108
973
3239
284
2754
1462
3504
1082
182
2385
1144
2351
3648
3043
401
326
1858
2461
1702
3026
3789
2541
4081
1846
1920
1008
2120
3739
3607
2703
193
1953
2774
334
3589
1958
1969
3258
2513
1
2354
1049
1132
9
2973
2023
2436
603
2222
2728
3815
2065
1214
1010
3437
2798
3478
346
3948
2734
3862
2961
3315
915
3602
1124
427
214
544
4007
1752
926
3272
1548
529
3696
3878
2955
3231
1937
1030
2075
3764
2527
1457
2772
1219
4050
3646
394
3819
2704
2178
3778
468
3684
1692
3341
2764
2432
2489
3772
1224
2355
2360
3639
3891
2455
824
885
3327
2770
350
2641
3986
3577
2833
2995
2851
2303
1841
3710
1640
3693
2627
2030
2659
2509
1601
761
1680
237
2422
1696
3482
3362
1924
3526
2458
1376
1102
680
1267
2261
779
2514
1304
897
1872
4051
774
1379
2718
1179
168
1410
3241
2674
418
1467
3926
3171
