3193
3860
491
3024
57
1758
238
2749
524
885
717
2120
3759
4075
223
2574
3275
3665
3028
3872
2603
1906
2841
2221
2687
4095
4073
2481
2459
3547
2887
390
1856
3169
691
1036
2984
628
3549
3639
3301
1962
833
394
2607
1038
1627
2323
1801
2911
962
1112
2563
3190
2002
3698
1282
366
3148
12
862
2627
1497
2936
1609
761
1553
3652
2272
911
951
3751
3087
2820
1596
3114
1624
1013
741
3941
80
1787
2125
3508
580
753
625
2686
4028
2190
4035
3379
1032
4039
866
3445
3890
2816
94
1536
9
3564
578
189
3083
3911
818
3160
3393
3351
2762
1298
3094
3461
399
912
660
530
2725
3610
2028
63
812
3163
3650
2196
1855
3405
1347
247
2550
1098
4041
166
538
1723
2279
724
3804
3707
2912
74
2080
1847
729
2802
3295
2745
3917
73
214
3172
486
2165
1317
1814
204
1197
1933
3976
609
525
1227
1238
585
1132
1889
2782
3238
672
2916
3816
2208
2024
2992
767
1941
2229
2983
3512
3177
3813
3223
1691
2001
3059
640
1062
826
3153
2664
3146
917
2718
471
3806
61
2663
3854
65
