1286
2750
2563
3621
935
848
3350
1534
2203
3387
133
2029
57
36
2885
2933
639
2069
2276
747
1989
327
2344
3585
1342
3474
53
2928
2185
2633
3916
1032
3397
3749
3039
2247
508
1661
4085
2530
1875
1517
192
4011
3828
3512
946
3331
782
2114
3663
1332
3465
784
3099
55
930
2086
2601
3744
2045
4025
3864
1976
2761
746
4002
2646
196
1921
697
119
2485
2978
3021
3521
2512
1636
871
3505
2849
3775
3159
2554
3972
1052
3400
1738
2814
1813
2066
3825
3104
3897
1869
3721
3925
1304
24
3481
2804
250
2178
3073
1933
1147
2209
63
610
864
849
1474
3907
2642
14
2772
2425
278
1014
877
1253
2728
1425
2414
4090
594
1065
3261
2244
231
1177
1190
3015
909
1204
1981
2629
883
2970
3970
3371
2132
2632
1100
2335
1952
284
303
1411
1019
3210
3455
1319
1795
3689
534
1084
2155
4020
1105
2824
1555
4086
1742
343
503
1671
214
2889
1220
1416
955
2465
798
4038
437
2637
2501
2868
452
1113
2334
1599
1841
32
2189
3445
3125
258
1975
2660
1955
410
3790
3243
4006
1325
3709
3832
276
