2412
1772
1375
2312
2904
1038
1193
1893
4008
3415
2912
70
3055
3700
398
3379
1649
2074
1681
3033
2209
2232
708
1754
2875
821
3893
1074
3468
3198
37
506
1751
1196
1469
31
2802
1087
2001
913
1584
2982
362
2920
1805
3085
930
2606
3985
775
304
322
3682
1651
1346
2170
2553
2691
3002
2245
1725
2416
3289
481
2522
1312
236
901
1721
2588
3574
4083
1262
3466
2947
3186
2882
2345
121
1538
2677
853
1867
2499
3187
2532
520
1672
3511
3928
2694
687
2820
2036
3935
410
3597
554
2493
1253
3959
1021
2512
2335
2112
723
1112
1055
1934
652
3628
982
1
694
2798
2227
4077
2794
1504
3506
1013
2854
1076
532
3955
1923
2141
3151
373
2460
162
741
1022
1336
2293
1286
41
773
2429
556
133
3901
3890
1359
208
1209
2885
3420
408
1710
1329
510
2829
2479
3930
776
760
283
1738
4004
1155
3881
22
1283
1753
527
221
1629
1839
1060
376
2906
1297
3414
1872
3566
754
879
815
655
2257
3697
2482
2734
1229
2936
2529
1335
1228
3437
1873
971
2643
3434
352
966
1790
2208
2164
3723
