1624
4040
392
514
2669
1168
726
2313
3158
2748
2425
3681
2150
4013
2404
1059
4059
1736
1512
3161
249
371
3696
2424
2899
2823
246
2370
1908
3391
124
2315
1016
120
3929
3867
2184
4089
3934
728
1092
3729
1136
3933
41
3400
3099
1165
2721
2445
1050
2066
339
2758
359
567
331
2213
1961
2047
1159
3150
2100
143
4065
1669
1536
1124
716
22
1164
3912
315
3366
3
2625
641
3237
3938
243
1031
3229
1924
579
3427
2839
2518
1757
673
2869
1420
2155
3230
1759
2795
3829
804
197
400
3727
3635
1989
2159
4063
1515
814
3011
2774
1684
3210
622
609
1693
3299
3130
2267
1222
2860
2449
768
1367
3392
3253
537
693
2886
2455
2537
3591
3654
3788
3350
1147
2624
2439
86
1503
250
2887
1604
3191
73
3786
525
3015
3699
1330
3917
730
2087
1885
3030
2725
2105
3993
1398
1385
2067
1640
3553
465
3560
2038
2011
1945
1004
2655
2706
4048
1387
3863
3193
266
511
2399
1472
287
2218
2319
839
3700
680
2045
2988
2981
2499
2738
1794
855
3101
986
1237
663
3675
3659
2784
3611
3272
2936
2808
