635
3388
4019
668
298
2301
1191
1388
3583
200
808
225
2062
3247
1165
2018
3343
3526
520
1646
2114
1280
793
558
20
3538
3437
2480
29
2196
1255
2875
193
2804
1766
253
3398
620
3096
1729
2951
67
1527
411
851
1735
1885
3651
1886
243
3256
1578
2245
2572
3439
2107
357
1116
2026
2738
277
2424
82
1624
2007
4091
2086
997
3232
3025
316
1274
2716
994
926
3468
2143
4014
281
764
2141
2846
779
669
2485
3668
741
691
978
2510
2310
2125
677
1133
3608
539
2554
1485
905
2552
3560
3340
561
1541
3370
114
3084
3960
10
3824
1332
3089
90
3485
2686
3006
2651
361
2140
2047
2305
2769
2615
1846
3290
3273
2138
784
619
2793
88
2073
2899
2204
2169
2692
132
1613
4042
3162
293
2033
936
4004
742
2299
4015
3389
476
2263
299
2729
2630
4074
3999
1800
689
3174
1490
1297
3589
1871
1784
958
2745
868
2967
2011
722
1849
3948
963
2564
2318
381
3524
2986
794
3699
2461
624
1728
296
2522
1602
3785
1534
1651
3768
2280
3197
2782
2710
1883
187
1769
3173
3151
3721
1709
