3267
3878
3635
3373
3019
2645
636
1131
1038
3061
1397
2771
774
1718
2534
3743
885
2562
3222
119
2476
1253
1602
171
3931
1240
3956
3288
3468
2747
312
418
2738
2004
1317
1260
391
2916
435
2162
1080
2068
536
640
134
2254
3231
95
3739
4023
1465
2973
721
1051
498
924
3460
965
2114
1558
342
200
724
3945
2628
2638
1696
1630
421
2523
275
2632
1685
600
3546
3818
1447
3821
2664
3107
3439
252
1217
217
3946
2243
1277
1576
1130
2149
2950
3696
1101
907
3245
1680
3173
1466
253
1713
122
3195
3517
3601
1035
1653
3419
743
35
625
1308
1698
147
2154
3358
1933
2741
639
2804
389
1667
914
350
2859
1926
1929
1079
1230
1216
111
1434
1103
3130
565
1571
176
989
3771
2455
3531
4024
1095
1265
26
1044
3850
2641
936
1027
3106
488
1089
1658
884
1786
2655
720
1036
1675
883
3566
4055
1738
326
1969
2540
349
941
2525
3455
3816
3127
1726
2785
3971
1994
305
361
817
1468
3341
701
3859
1797
1810
1388
2089
3160
1964
2130
2768
1196
1909
1312
66
517
2600
3351
1000
105
