805
2201
1199
503
2818
1080
3698
1161
568
1162
4075
2034
784
927
482
1756
245
2643
1380
2680
3132
2170
2585
1023
3118
1200
2285
1570
357
1139
3805
798
3193
640
1295
2562
1367
2755
2650
2210
3905
1972
3188
2351
1904
988
64
2719
2139
3906
3114
1128
3257
1672
1817
3008
1515
2280
2380
3475
591
1860
2745
2219
3850
716
4038
126
1820
1192
2941
3095
3757
2389
4093
2492
2651
1634
3102
999
685
2576
116
3962
3907
181
3416
3256
3479
1259
2634
2774
214
3926
759
2882
1843
196
2550
1678
1488
3096
1587
3282
3949
2015
2525
2003
1726
3371
27
286
1656
1547
329
3637
2725
2500
1191
1255
1473
3226
3302
1468
344
3589
211
1122
1021
2205
3094
354
4069
1348
1301
1897
1355
2040
2085
540
1872
2315
2617
3116
1723
361
3264
2075
1588
3254
908
3696
633
611
3137
368
101
1889
1182
1308
2106
1590
2763
415
890
419
1758
3013
452
723
3753
2118
3991
572
3773
1809
2399
418
1207
2739
2362
1344
470
584
3220
2694
1890
3545
3021
3239
3472
772
3693
1774
3353
1499
2507
270
113
2239
