1021
1516
435
615
2420
858
1549
3280
2148
1741
2695
2806
1000
921
2945
3619
286
1115
1327
520
1012
643
464
1139
3151
2911
2948
154
1116
1684
2957
1622
713
1575
3015
2270
3201
3080
3960
1894
3470
967
2064
3768
2481
2072
779
2722
2318
1313
280
2497
676
1730
4035
849
1648
530
3229
1146
136
2889
558
2336
3453
1677
301
1659
592
1860
1663
2018
3785
1236
2936
1645
2755
1782
3100
3241
4076
2670
3697
1499
1058
1221
804
3516
4037
2216
2718
3602
1254
2394
3411
1736
3397
1487
821
2163
3592
331
4075
3379
399
236
164
1170
2188
3614
3746
3324
436
1067
1865
468
3284
387
3478
1728
2112
1353
1010
1906
2717
2965
1490
2944
2604
2088
1915
818
2850
3038
3904
2264
1205
1957
3109
482
3666
2229
2783
2898
431
3116
1108
3686
3569
1192
769
268
717
3672
1686
363
3115
1740
1223
3766
27
4032
2780
945
1463
3263
618
1437
3476
1941
566
2645
4027
570
3135
1266
3812
2422
3741
2894
3032
2899
2146
844
3433
2066
890
304
610
750
699
3664
3345
3243
3589
2044
2659
649
2887
3459
