2916
1158
586
3394
2508
3668
3817
1572
3593
457
1987
1974
311
483
2614
3885
278
1777
1957
3939
2329
208
2984
1843
1648
2707
758
236
830
3491
2805
559
2833
683
1450
3621
334
2853
3961
1717
1894
1697
349
3867
3567
3825
1827
3591
28
2099
1817
552
3570
712
3045
2388
3441
517
296
2646
2874
3096
1519
4031
3880
852
2619
3539
3511
1476
2550
3765
1826
2966
4052
923
2740
3538
637
1680
1041
1992
171
3737
3031
2729
2476
1157
446
1545
925
2114
3537
2227
338
1728
3987
3763
1451
3347
2574
558
3720
4018
2918
1389
750
1602
1473
3852
3686
43
44
331
868
2115
357
1834
2768
2278
2760
2192
2902
2710
2371
866
243
2133
1171
3909
3806
2102
1062
3617
2337
1993
3231
2799
232
354
3663
309
1803
1611
99
4000
843
3890
1610
917
1742
2924
1520
2197
2543
3945
3871
1716
3472
1558
369
1883
1159
3727
2285
3121
1303
3536
361
1230
1466
1862
3307
2029
1684
1849
3356
2864
1564
779
323
1245
1097
64
2000
223
793
366
1586
2674
3
545
3093
2135
2944
2335
52
3192
141
2148
