424
1383
3243
107
1299
76
2779
3387
2481
1694
2493
1861
652
1513
206
1543
3366
2087
243
1997
3806
849
661
2697
3862
3823
211
1316
97
1788
114
899
3798
3317
3893
3684
1589
2402
2753
1112
1777
428
1353
1200
680
862
2713
657
3693
2432
3299
289
2570
197
3589
389
874
1880
1176
2925
3176
970
3904
3481
3210
3045
25
1245
93
1037
500
261
1655
2638
3264
834
2036
3101
1417
3512
3952
374
1897
429
2302
3412
3642
859
3530
3569
1475
242
1966
3145
137
2264
1323
3136
2918
434
1604
1757
27
2526
2757
3106
2855
1403
558
3452
502
3578
3416
509
1449
3769
1081
1062
507
311
2217
3078
1067
2970
3303
1205
3108
2378
2815
1711
1487
2159
2121
3815
1119
2196
3434
3433
2357
1003
2765
2216
2243
51
3168
1759
2708
508
2848
1479
234
1009
847
1182
1380
2431
993
3633
1031
2924
2541
1525
3418
2266
597
2404
2263
1776
1802
2794
3464
433
1304
980
1761
3467
682
3756
2818
1301
1872
1667
1043
1215
2674
1611
579
2500
3643
397
2857
2522
1042
1550
2128
3524
4060
3230
264
926
