2919
3403
1170
457
3859
1010
1542
140
3136
539
2269
3442
2763
4028
2626
1941
2337
3731
716
1396
3328
3478
1746
1155
2362
792
1203
3252
3451
1806
314
2216
2980
3768
3143
2182
221
1976
2528
6
2399
3770
3045
1257
470
2795
1836
3659
907
373
908
3458
2500
3795
1859
2504
3231
2693
2667
1933
824
764
2363
803
2957
3867
1506
1083
1582
2529
2350
858
3457
2741
2949
3771
2358
697
3884
2879
3456
3705
2111
1424
2438
4006
1698
1594
727
2946
3531
972
699
2038
198
499
1618
86
1663
1047
610
2541
3614
313
1660
2013
2656
285
3842
2297
3743
968
2863
746
856
1954
1779
3165
439
1545
1730
2105
517
3988
3043
2743
215
47
1525
120
3202
387
3274
1672
2256
2864
3475
3140
1516
3228
3464
3537
1255
4081
1111
703
2330
1477
342
2009
3546
183
1310
3071
771
22
925
3022
2306
597
3465
4054
393
3892
2878
180
1686
3369
832
24
311
1296
4018
462
3502
774
2936
319
2462
3384
1634
3269
3203
1597
2083
353
847
2597
1537
2213
2261
1439
2674
1067
3281
1980
321
3057
2285
2768
