1176
1189
991
2730
3828
1428
84
2921
3599
623
544
854
3659
257
3164
16
464
1439
1525
2746
1305
1969
2441
1150
138
1414
3513
3685
3504
1508
3815
2298
3039
203
3557
899
634
342
1377
2864
920
449
1353
3856
1011
438
1355
1017
1857
429
3327
1688
964
1126
3329
1803
2511
4039
3182
4016
946
2641
3658
440
272
2531
424
3870
240
360
1759
1008
3242
4006
1545
2164
1844
4069
3399
3574
1900
2194
645
1913
1084
779
3136
412
114
3373
541
2315
2998
4004
594
999
149
3131
889
3884
1236
70
292
1977
2754
2940
187
1762
1366
2822
2008
3816
2498
2154
3389
1239
848
18
1287
131
1586
3433
3930
903
2277
1372
2693
758
3877
3865
3508
3202
2370
1500
3664
3876
1191
492
3571
3968
2383
148
751
1159
1886
3030
1869
2560
493
3933
1102
3607
1490
1785
2965
1875
3092
2745
3844
3054
3740
468
707
3683
3904
3027
1674
759
1403
1529
3277
3386
1808
2626
2524
2226
3474
1143
1043
1253
1040
2253
1094
1145
1914
863
1227
3517
2333
1311
3704
2794
3023
1734
444
2597
3766
1974
238
1590
