2636
1171
1462
3395
216
1711
867
727
4026
1477
2399
3477
2259
2415
182
562
160
779
1604
3473
1714
1802
1365
3758
144
3738
1977
888
1957
275
1962
1319
2795
1019
2675
1809
1848
1213
133
3408
1541
2906
1534
2213
2212
2739
718
2936
1931
3969
873
2606
1293
3488
353
2347
2095
197
2407
3829
1055
3576
308
1642
1050
1729
15
1297
2018
3901
2166
1762
367
3237
1165
1459
2238
3513
3091
915
3270
1596
2521
185
2929
1579
3224
634
1009
363
3881
3139
1472
2
2175
3694
908
1264
2013
75
2900
326
946
2387
211
2975
943
3891
1774
1953
2441
2765
3984
3437
360
2776
2696
2863
940
1483
411
1112
1820
51
1438
2215
1149
3666
3200
1286
1663
2290
543
3435
2666
1419
3716
556
568
1911
898
2839
5
2001
2489
709
3564
2753
3905
389
246
1679
1813
92
2860
1585
2556
1659
370
1387
2307
2711
704
1122
2167
2476
525
1392
3697
2466
3656
3069
2324
1996
4015
1678
2023
109
2029
228
364
910
2610
116
3370
2338
1094
2498
998
3507
3442
2456
3335
243
2094
3946
1391
1952
982
1708
