1777
1572
1596
1755
2649
3199
3377
3379
2275
2036
738
2683
2906
1879
1045
1237
2553
1081
1841
3225
1340
3709
2896
1075
3194
3473
578
1217
185
1817
1441
2820
451
720
3730
2305
2881
3819
2004
3707
1508
249
3618
3019
2457
1268
1119
3570
3822
1159
2014
3367
991
857
3357
2814
3728
792
1142
190
2430
3376
1370
961
1192
193
3119
2423
100
1609
2315
3488
4047
2563
1637
988
886
2620
3078
507
1378
519
3420
2875
1552
2123
795
141
3054
1379
2631
2908
2996
5
929
208
2426
2238
3304
535
2281
2837
2487
3257
3015
303
3875
2114
1862
2214
3216
2662
118
2463
2522
2345
2647
1448
3758
1821
1474
4017
2498
2499
88
1480
556
1870
2616
416
1598
852
1211
2883
3754
629
1630
2429
2161
2842
1495
610
98
1373
2466
2178
3318
657
3485
3102
489
3055
836
1792
2514
760
3556
3159
1551
501
1744
3258
3619
384
1038
2823
1329
3145
1258
3908
117
2614
3734
2543
974
285
3409
3988
3135
724
2961
2967
2698
3550
1561
2048
4002
2246
1263
3214
3095
3352
2459
1669
1318
1608
2748
55
2951
3228
