3244
1804
2721
1880
2025
1225
3333
1671
3103
1538
1055
1369
765
567
1346
3563
1448
1926
2977
3172
1440
3381
3624
1392
57
2184
235
3309
4038
275
2032
2958
210
552
802
3833
1857
2803
2133
4092
729
3452
2818
3082
307
410
2356
3337
746
3873
2151
649
1595
800
2271
2263
3303
2057
3649
3489
694
2398
3417
333
1008
2228
1195
2621
2047
2008
1
254
2392
2826
1658
674
311
930
836
3222
34
3959
3907
3695
27
3297
2110
42
3360
3662
2222
876
2892
636
2485
428
3482
4044
281
268
2779
3808
1366
2936
2156
1942
720
3981
2676
1802
593
641
1699
2815
1090
3491
31
3683
3092
1834
3439
684
1945
24
2472
3642
3686
2214
1267
1261
3107
2822
3633
3738
2220
1882
1779
3766
1413
2772
2651
1806
1078
716
3440
3336
1977
847
2130
2852
2432
855
949
3160
2257
893
608
2585
2450
3826
1356
2079
3420
523
2194
1789
3557
406
3340
2420
2193
3782
2029
1688
3025
1706
935
3597
284
2078
1750
487
3520
2965
3132
2836
3197
687
3478
1257
1379
3867
3690
3892
768
2329
2845
20
1824
2615
