3706
3541
1545
222
684
4093
3687
1373
270
922
48
1089
932
2911
1164
2515
2237
2998
2268
2114
1874
1172
2983
3321
3315
67
3608
3990
839
1632
2585
2500
3003
2954
1430
1969
3241
3739
7
3025
3253
2320
1623
1223
554
2439
917
2112
1636
1913
3278
3388
1036
1235
763
1710
1497
2305
1043
2249
3271
2518
4012
2711
4031
2866
2864
3793
1484
1943
272
10
1289
965
2336
1836
3552
90
2425
1398
3881
3240
199
602
3575
2283
679
3311
3933
1907
1586
3979
3450
934
169
423
636
3042
262
1451
2217
678
2479
1280
1921
221
580
3351
1165
3372
3717
1624
1570
501
2573
92
732
459
1443
284
344
2554
2239
1704
899
893
707
294
58
1613
3380
305
1044
3172
1941
568
1494
212
2894
2106
204
1805
3028
299
3560
3434
960
3352
1694
447
2789
2396
577
274
509
318
2545
3898
1069
1546
803
2621
3658
1944
413
877
4056
2267
1265
3988
240
4044
1448
1378
3970
37
2759
1428
140
3465
3720
826
2535
1639
1645
1794
116
1061
1541
3192
2636
1270
3185
386
2444
820
2495
3221
2490
3356
