3675
2543
2466
2250
2476
122
2779
2685
352
26
2591
491
2369
1649
2152
2834
2474
1499
1410
1617
1506
3349
450
825
3386
1496
2594
1078
1797
3969
139
436
865
538
1323
1072
2743
454
2375
241
2931
1268
177
3525
338
2820
2776
545
3823
606
252
2865
3375
3426
2774
3761
616
4074
2325
3455
602
4
2700
991
4052
1309
2996
897
719
90
3059
1552
467
2405
1135
2253
2540
3144
2580
514
617
4053
3989
3911
1898
2687
2588
668
3942
747
1592
703
2101
1590
3963
2000
1754
1722
723
209
3829
2302
1955
2927
3638
831
2226
2273
3449
1315
3849
11
403
3067
44
3755
149
2038
1887
500
933
2035
1792
1602
3869
58
1701
2844
2590
3932
3218
57
3367
2533
3135
2738
3631
285
3001
2934
48
1920
2739
291
1784
1417
770
3763
2626
1863
4057
3323
3632
14
804
3530
494
2877
3118
1976
2396
4055
1252
4061
281
2465
4043
1430
2726
4026
1200
3182
2181
3175
3862
1125
1426
299
1971
1630
1787
3841
1934
101
1691
3567
1325
63
1089
725
3114
120
2228
124
1351
3157
551
3741
1292
2182
