570
1264
3767
507
1712
1991
1517
2097
1129
3145
179
765
72
2500
4045
914
1666
908
4025
574
3783
699
2590
2140
1033
2373
653
2506
2113
2490
356
3075
3904
146
715
43
1511
314
1013
4023
2201
3131
1811
987
1203
3260
2717
3776
325
1900
4070
3384
3369
1677
3552
431
2256
2696
3676
1454
774
576
2575
1556
3801
2437
2197
2831
1856
4046
2881
3886
523
2613
2982
3062
2817
2890
80
3889
2310
2958
3280
1451
3149
2069
3728
196
3362
3091
509
1775
2687
1326
3874
799
2366
2343
2693
3965
2745
2100
1046
2763
1223
3812
1816
1201
811
780
2513
1453
1992
2253
3572
3316
70
1346
3368
1931
430
932
3209
440
3070
3347
302
1354
3350
1723
938
2743
424
3298
1350
2804
2625
2370
157
2033
3377
324
3119
2601
452
2994
3688
2422
442
3604
2540
2626
2470
3999
1058
1501
284
3686
3844
1306
2987
3774
3930
1233
3736
1577
1303
1531
2274
3503
758
502
926
3622
2489
3351
259
2236
3204
1824
2764
1889
1260
10
1982
2629
3099
2934
1859
3868
2272
4021
4004
3068
3071
3565
939
144
1118
3324
