2918
3534
1815
3331
1273
1022
2700
2522
1723
739
554
3816
1747
3015
3600
1378
2148
3250
3531
2478
3349
3981
2827
2416
219
1613
1574
407
3839
523
807
1783
2337
890
175
4021
2798
2432
1667
21
4014
2685
3843
1177
3134
3271
1039
2338
3725
2100
1435
1957
2528
3295
1205
2477
3423
1506
1689
299
798
1471
3684
2508
3498
3938
3589
2782
393
990
2592
2176
2701
2486
401
3682
2102
3747
1380
2284
2023
2368
727
3290
471
3620
3210
2227
1281
3416
3021
296
2076
2758
1604
1704
3862
1994
63
45
2536
2033
379
2829
2622
2206
2491
3054
1307
1786
3546
2654
1311
3208
3224
2898
2034
3681
1102
594
648
1982
2132
2404
782
2093
3066
3040
1497
2160
1493
221
964
142
2066
540
2915
2562
3320
2077
1141
126
365
1526
2624
3728
3418
3454
565
2409
3251
491
774
2834
1854
1421
3088
2843
2686
2414
3622
294
3225
1490
2302
568
1981
214
464
2019
3519
4045
838
3679
3190
3327
1696
2397
1109
3405
2792
1544
3173
2029
1553
3528
1795
2550
2643
310
1170
3915
466
2756
2111
1240
1408
1410
3946
2813
