3063
3532
553
3833
20
1269
1847
1330
526
3006
4037
2739
2749
3562
1339
217
765
1096
1744
522
1002
1617
2527
1549
3908
2320
1393
2575
1089
210
2282
679
1935
694
3599
1012
1474
719
436
2125
2933
3938
4051
2373
3071
101
3501
1807
1878
2169
3909
3877
2584
2274
2069
3021
1527
138
1294
243
3894
157
3151
178
3300
541
892
2656
964
720
480
1467
2037
106
2704
3280
329
1317
3197
3075
1392
205
1635
512
4093
3658
4092
2782
2535
916
3848
1875
1275
2408
108
2915
2595
1435
1987
2923
3546
1170
3037
4041
2974
1962
3373
725
3220
3688
1585
1986
361
2165
3588
283
1741
628
2490
3867
1591
75
1242
3826
3491
652
1169
2723
1461
3918
1047
3686
3328
1747
1020
3791
2474
2705
1204
2561
812
1011
1869
3794
1049
95
245
1498
3864
3138
58
2137
3914
3447
3548
4009
3160
1373
872
2755
3898
1374
3155
3317
1733
1299
2407
1613
2041
1758
2671
3606
53
494
2330
119
1058
105
4081
1389
504
1766
2761
3402
1704
910
3120
2219
3209
3897
1311
2344
92
59
2058
3865
529
1809
2264
2421
