1854
1489
261
3724
1761
913
1463
210
3093
2940
2961
814
1900
1934
168
2546
3352
432
2157
3350
1859
1204
2461
1251
400
3007
2756
1826
3184
2777
1054
2625
2788
3358
3446
2646
391
3619
3731
3945
2499
2992
2664
479
102
3374
929
1048
2118
604
2237
81
915
3617
2960
1430
616
581
1129
2982
1282
2028
172
746
1787
273
849
2455
2210
4027
3179
1664
561
5
164
3873
2069
2841
1710
1201
763
137
372
3504
3341
2524
2667
3803
2839
2753
591
767
317
2033
2713
93
252
3785
3811
2986
518
3040
601
1795
2654
3299
475
3821
65
1354
1200
283
2468
761
2085
3366
698
2752
3293
3576
300
1554
73
3481
2724
1384
129
2487
821
379
1657
3477
1682
2450
1244
4044
2360
2741
1768
2344
4049
364
2509
1715
950
1891
486
640
305
3700
3878
3784
2983
528
1305
2891
2317
3844
3197
2919
568
2608
2716
744
1149
114
3500
2174
1529
692
2727
2838
2781
2624
1328
159
2824
1235
682
389
1245
3094
1109
63
3558
2375
1575
619
1652
133
2032
1254
2818
2176
4059
3005
1987
922
828
3206
