3381
4027
2222
3431
3782
2593
2485
2034
3855
3038
4017
2656
80
362
3181
328
1467
251
2950
2719
1252
4013
2047
4022
11
3890
3095
3253
772
994
1096
2993
1580
2966
992
1808
1418
1518
30
746
1112
2113
3197
2265
115
1931
3804
3258
2757
2604
1455
2092
1
3885
3555
1779
2798
736
2799
3077
3938
2450
2231
2109
2667
3042
1615
3179
884
2176
1728
4049
1514
665
2826
482
667
1835
1840
413
97
421
2586
2010
1497
684
3908
2650
652
1805
3094
2366
1869
3769
3020
3952
2534
3866
1600
2655
219
3232
3260
2523
3960
771
3594
1992
2318
2747
1124
2183
3772
2210
406
3437
2601
2948
445
2149
1143
293
2025
750
2628
3037
1486
3725
3460
2963
1173
1492
3034
3703
1922
4057
1057
1828
3834
2645
3925
1208
1047
86
1793
3617
3951
3976
1378
1934
1947
504
3289
3812
1982
3074
1809
2728
3998
312
3905
2710
832
3945
2229
1539
829
1836
425
2162
4084
1386
1018
4068
896
2550
419
2139
494
3298
1796
2804
3510
1272
2044
3344
1448
510
1001
1651
614
2028
2568
955
3112
1217
2723
546
2893
2232
