664
2332
416
517
3600
2249
2709
542
3794
1994
4089
2976
1644
341
3836
1321
3032
2495
3928
1314
3251
1856
1724
3594
1751
1961
4020
3322
417
3397
64
217
3658
2046
2878
3194
3771
3774
1096
2264
1331
1557
2026
415
954
743
1350
1643
3456
1318
2747
3691
3711
3160
2885
1097
3698
3461
2134
643
855
983
226
120
1795
3976
3959
595
14
2624
1016
2121
1028
948
3799
3539
2993
913
1680
3227
3256
1430
868
2679
3088
3830
838
2212
735
1021
3956
1225
3143
734
3685
1703
238
543
2464
3141
1374
1708
3282
3863
3100
53
2607
1229
2953
676
3843
2258
3870
911
1172
631
1884
3614
1124
1876
2403
2563
2634
1431
2365
2852
1562
3316
298
187
4081
2139
3752
2501
766
1905
2652
3177
2723
1847
3111
1265
1055
3493
653
3449
2902
1726
2461
2065
2883
805
127
2522
2600
1440
1121
1607
3283
3151
1381
3620
2120
1746
3433
522
598
1024
3629
2812
259
2211
1241
3446
2131
2097
4091
1316
129
3984
1988
3750
3898
429
1185
1143
1030
3395
782
1070
1043
840
3083
57
870
3823
2682
365
3846
3644
