2999
502
2892
3277
1093
884
3697
2806
2588
2781
1316
3426
2492
2400
3441
2226
2521
3455
3265
161
1479
3113
1843
555
2099
142
2244
844
637
3619
2595
1123
1403
372
1966
2664
204
3582
3395
1640
2726
1533
3373
56
3533
1658
500
1686
3682
2165
2876
1759
3242
1069
1651
2120
3615
850
3399
2129
3808
299
282
4004
4013
546
3796
3001
912
2138
2948
872
2288
790
3230
2573
2825
312
4066
1872
2113
802
1266
3607
2931
1793
10
3888
2055
3342
1822
488
2406
823
2957
2161
1537
1844
2361
1005
3243
3910
485
746
3712
3410
3117
23
1952
2177
3805
1440
2902
1259
1804
1020
758
1414
1087
2735
248
321
2410
1041
961
1770
126
2779
1962
30
1238
3072
1613
2280
3939
3953
3391
3722
2293
2602
2612
782
261
1030
514
829
3250
1617
2513
902
3327
2528
3271
670
4063
4010
720
383
2317
1592
2928
2828
322
428
2617
1125
3577
2877
3920
890
3305
778
1647
4046
855
913
1599
63
2739
2813
468
2089
775
2762
1549
1070
2184
2307
3317
3869
2145
1604
2291
1696
1950
405
2087
3555
2510
3192
