3349
2180
3882
1188
1156
2857
1034
815
3305
1985
2019
2483
168
2648
3337
3221
1094
2264
1175
2441
3314
2711
3638
527
350
763
1324
1871
639
2860
1947
1304
1072
3765
2008
1836
1364
3075
3990
2559
188
1893
80
3189
3014
2955
1891
2429
371
3892
3845
1998
197
570
2434
1822
952
2889
2276
1195
1959
87
3335
3786
1078
2031
1166
55
4061
1879
464
100
1506
374
3414
1965
3771
1725
2203
705
2120
2748
1212
2994
3319
1511
961
2103
840
587
3107
1131
307
1146
1722
2316
2649
3007
4080
3461
480
3143
2678
1867
2831
2883
1065
1768
3124
203
2864
2205
1176
1708
181
2964
2340
3532
845
2147
3095
2361
3530
2136
3612
3001
355
373
795
392
2797
2799
1639
2117
1312
3308
1788
3854
441
3572
1599
4076
2430
1430
885
3341
619
728
1392
3195
2897
2768
72
1242
2783
2242
2026
2755
2426
3045
3999
3932
1457
204
732
2571
2240
3339
3745
1887
1448
2957
1641
518
3750
2146
3861
428
1979
3348
2526
1747
2626
363
970
2767
2333
1199
679
1666
1724
1767
2083
2278
2895
1792
1559
1811
2553
1655
