476
73
2152
604
1435
95
1866
1164
369
2090
2958
3390
3621
2167
1254
878
1154
1948
2960
1477
1276
3483
3253
2930
1616
707
1320
2807
478
2879
1486
3137
698
3385
910
1813
3757
2460
1609
1042
1692
1982
103
2129
732
3891
1491
2053
1436
2389
1332
1927
1498
2580
2738
1453
1775
3400
2010
2703
896
3216
3887
2
2121
2699
3346
793
1259
983
3383
4077
2464
824
964
2645
2354
813
3733
345
2857
3145
1173
2231
1362
781
527
3597
2430
3114
3285
2585
1715
837
958
678
3808
453
3074
1224
3241
91
3004
59
2794
1979
719
357
1380
3254
56
3614
2212
1011
216
1785
3804
3286
1033
3841
3240
3179
1571
938
577
562
99
2481
350
2612
1355
3730
3697
1
620
3834
2817
235
3758
3657
2729
1321
2023
474
2691
1055
12
1981
3087
1087
819
3494
1590
832
1918
1561
3879
320
3
3436
1077
1861
301
3130
1756
124
1717
900
72
3739
3978
2409
3860
3904
136
2341
3251
2419
1806
275
2985
3692
540
1122
728
3463
2639
2778
1235
3693
736
2215
699
401
3053
2638
28
679
11
2859
