3251
4039
2663
3598
2638
2083
2174
3267
3342
3985
3451
1575
3249
1975
3628
2543
2411
1232
2168
2377
3996
1682
2287
2060
534
1578
1034
2675
787
3427
2723
1651
606
997
4043
1499
3447
2495
9
2931
443
1374
765
948
1213
2810
884
389
391
2927
1563
3764
1183
3065
1164
3111
1518
2933
243
3
1984
3219
2650
1492
2896
866
4010
2827
3457
1165
1321
3484
2647
2993
305
1661
1521
1396
3823
2688
2514
1727
1660
3879
2392
3540
1967
3339
783
3426
4089
1239
1522
2918
2473
2856
3685
3670
3100
2780
3272
4007
1787
1099
2040
1979
581
1416
1990
3970
1290
2452
27
3315
3123
2833
1579
3357
1380
1443
338
897
2315
261
678
2122
3448
535
2320
3911
2626
1784
444
398
202
492
557
1707
1996
1666
501
861
4013
1313
1222
3045
1458
3857
837
2636
4017
1000
3553
424
1254
742
4045
3773
1190
2208
2572
729
2436
2715
2280
1273
12
220
53
1308
1671
1624
776
2875
2551
1338
4012
1901
3433
438
3072
1383
1023
2326
3830
1852
2346
1840
731
3807
1381
2685
3675
3360
181
1096
4094
1828
146
343
