1265
1021
732
1937
3035
3075
3188
3723
3939
992
1112
3323
3335
115
3094
438
265
2820
1046
633
667
385
1298
3060
3142
2415
63
4057
1106
2238
4019
951
2206
3556
2207
4089
1346
524
670
293
1860
244
3083
1632
3259
3015
1643
657
1850
762
3643
2449
2378
4006
2242
1175
3138
258
3906
2706
1571
2652
2082
2266
1218
3440
1463
2389
2478
2790
32
2170
3743
1118
3852
1763
4063
8
3289
1988
212
3741
467
3766
3338
1410
563
1947
1814
3689
70
594
871
2762
3072
3043
1093
3101
2371
2767
3292
731
3301
2432
2213
73
2422
3451
1411
430
799
1148
640
448
3815
3389
3442
3224
3126
918
3404
2831
626
1312
1057
2920
1080
3121
2932
446
1799
3433
1478
2627
2564
3608
1831
139
1469
138
1955
1352
3654
1380
972
2050
1922
279
1837
3438
3683
988
1489
1952
1421
3065
3172
3159
1715
3881
459
562
477
1577
1371
3595
2160
1773
1986
3268
3486
3582
2894
3794
461
42
2287
4056
3359
3395
3455
394
1083
104
651
1899
973
3184
1343
3824
826
2641
803
1041
4051
2626
68
2129
2046
1820
