2310
3036
2845
3101
3241
2546
1886
1014
989
2850
1658
1994
759
2450
1178
3507
3998
2111
2598
480
2126
3185
1951
4063
17
466
3298
2976
1531
3819
435
2843
928
251
2396
609
1547
3161
2384
1683
3560
1925
2672
2652
2173
2423
1497
2246
1984
2938
2832
207
1878
1168
2803
3369
2163
103
1562
3975
680
4076
519
1255
1720
2742
3113
945
1540
3992
1086
3603
1017
1799
2223
1454
2973
2846
316
343
52
1382
3668
3164
3162
149
2504
3087
1372
3751
30
1365
2998
2390
239
35
2633
1764
807
918
2941
2553
2905
117
2877
2411
1489
2951
2452
227
1387
3353
2779
1013
687
89
993
2226
2169
648
1647
1936
1840
230
1310
1695
3068
3240
1257
544
3269
2665
1577
2699
735
3031
937
110
1894
2697
53
315
32
2810
858
2932
670
2557
2910
3905
1863
1831
947
1440
2442
1098
4067
699
3177
1691
2414
1138
3612
3585
3174
1848
3941
265
400
555
1362
2069
1433
1798
3028
467
1591
414
1072
1151
959
1791
275
3780
417
1546
3235
1861
1411
2576
2272
3687
2410
2841
326
1479
3169
2927
1665
1273
