1831
1827
823
2419
3279
477
1873
3758
1707
3208
109
2063
1184
260
3597
2605
2737
3242
1468
4085
3539
674
2704
1912
3575
1954
3985
2231
46
1493
3771
773
1660
1454
305
1822
1855
566
2456
3042
413
2479
2986
3524
1384
92
1517
859
3837
2071
2848
2412
3767
1278
75
666
1447
4092
3360
1240
3426
2756
2797
2889
2380
168
2404
2674
1772
3182
3815
1936
1860
2883
1571
455
2980
888
3092
252
2066
199
1998
2718
1864
2156
3257
2251
825
1134
1
3072
3358
3930
3971
346
1137
880
837
3779
4060
53
4035
328
244
1161
633
1846
3006
3825
3899
1005
3033
2809
2796
2466
3464
2611
2936
73
324
2155
2921
3937
3027
1343
3620
3666
2201
2282
2329
2555
418
3148
2152
611
912
2561
4021
2332
3999
504
3854
3061
1087
2984
850
1013
2628
1101
2851
427
1546
2202
607
2750
2310
85
782
1004
2391
2653
2174
1664
3467
3617
1909
598
944
1622
1538
1923
1901
43
2369
1842
3733
212
1130
1673
1766
2760
1641
241
1011
2185
3996
144
8
970
1619
3221
1695
130
3786
2400
417
2677
424
1955
