630
3628
136
1285
3689
281
2060
246
2824
2926
2077
1918
3893
3475
3934
504
1873
4018
3730
2474
1495
1330
2058
1063
2817
386
3810
3433
3275
510
3967
1991
3133
501
2247
2871
3852
1273
1104
1505
1180
3727
2640
780
1312
141
1052
3400
3172
1133
291
2579
2338
1142
3279
2472
1489
1199
2668
98
1919
1984
2751
2193
1124
3311
2891
3790
1201
1877
28
2993
4026
626
3221
3965
2997
3280
2229
2796
2185
2057
1623
3951
2285
470
531
108
3441
2198
1069
924
1503
1147
1806
2275
1563
700
2192
3099
1631
1295
771
295
82
489
1081
2569
703
172
1621
3189
37
2497
2835
3674
3477
3585
525
1577
1778
3327
3505
2109
225
1697
3958
1426
1193
3857
1072
3131
1893
1733
2676
1713
1810
3442
1350
3421
331
3716
1966
468
2911
3121
427
2558
731
1209
3841
670
1345
1229
2383
1374
936
3664
3354
2707
1003
500
815
2988
1590
1208
1117
3265
3459
2731
1641
692
151
257
298
2839
2800
2346
2303
3897
3655
3233
2256
1387
2323
1818
965
1316
3427
1731
133
148
1354
2023
3186
3211
2395
3379
1570
288
