1632
1392
691
3550
4024
2045
2451
1405
550
1874
3859
2546
2786
502
3352
1241
2742
1457
2495
657
1905
3164
1428
3283
2068
3204
1916
2179
3772
926
2065
1085
1194
805
3253
2832
2453
2201
1038
3941
3837
3662
3791
10
3240
3272
1350
1090
2464
3866
572
207
2814
1617
2407
2588
3776
1613
2406
14
1995
3319
2078
3506
684
2096
122
3508
2444
910
260
3541
1129
635
4067
705
3171
3679
192
299
1502
794
2264
3796
3739
3820
3121
2377
1732
3842
3574
511
1596
3836
1281
2725
1680
3163
3673
2888
1396
776
2890
165
1692
2348
243
1705
324
803
3145
2274
1034
3655
3218
3509
1238
1814
1021
3214
2031
1556
1169
2937
3571
3587
2380
560
3000
1508
725
1953
3103
130
902
1527
2282
1850
1004
2791
704
2088
2120
2582
620
3053
2970
3390
2686
763
2387
2778
2351
3778
1475
3520
3402
2731
3481
491
1367
3422
2963
1900
4095
768
3816
336
1278
2543
1442
3004
1103
2287
3521
2968
1805
1201
2969
3627
3780
1225
680
3417
2178
3585
2207
2689
1819
3067
1218
363
3517
1713
713
1336
1864
1159
2632
2594
