4062
1616
3446
3300
2710
1132
2145
2728
3082
868
2949
408
446
1566
4020
3126
1417
2522
2090
2845
2553
3883
899
1377
3936
3039
1620
1430
3548
2375
572
2194
3691
3561
1996
1002
1548
2796
1598
1311
3678
3058
1437
3303
670
2230
2308
2324
1048
3469
2470
2049
1067
2410
1612
1444
3445
3682
836
2512
4011
1061
2229
1859
4053
1484
4084
733
3626
1072
3057
1044
3485
110
3593
2789
336
248
3361
64
3992
2940
1326
2453
791
3722
775
2635
749
862
3444
644
1226
2161
459
111
414
2982
1520
525
1140
3521
1156
1827
2593
1184
2270
823
3603
2534
3291
3435
3954
1359
2574
902
2451
3144
551
718
1495
3038
3765
1745
1630
2903
1225
766
2222
2481
1133
1977
919
1946
1734
2260
2385
342
213
1509
9
161
568
597
1248
750
2431
1375
803
2925
302
623
2119
906
1756
1177
485
2361
3489
3939
2757
2314
1429
2839
2455
510
1286
963
3177
3510
2640
546
3509
3615
1708
1376
2236
2995
98
2322
2310
472
1987
3538
61
1682
2359
1336
177
627
2543
1705
2231
431
165
918
2000
1253
1690
3129
