2398
1551
3895
1928
3179
204
4066
956
468
1723
2840
2466
1759
4001
3025
1320
1420
2809
1673
1880
3311
453
1856
1249
3758
824
3085
1783
2578
3680
1004
564
1745
1357
2714
2358
3809
1444
1769
1003
144
2691
574
1986
808
791
3255
227
1449
250
3462
60
187
1725
3499
4067
2708
2965
1219
3928
880
3325
1697
2474
4059
3299
693
1827
3510
259
1952
3505
1355
2294
113
2585
333
2026
568
872
4064
2699
3127
2352
981
1883
3139
688
1335
2050
3779
3863
3630
1677
2235
2438
1034
1753
73
3742
94
2040
3147
2524
900
76
924
2286
1224
1228
3353
639
3744
1344
1790
2086
2450
1852
3720
1863
465
1488
1589
1674
2976
3966
3392
3644
3173
2304
2430
2587
843
3095
2909
3468
2997
1207
2367
2540
2647
624
3984
3801
1437
3871
1835
1071
2033
3263
1866
3329
3568
2333
3717
1025
3641
3842
3494
4025
2800
2183
249
1157
2775
1939
2696
2313
172
133
704
278
2644
2166
961
3982
3211
2232
2363
3322
3846
1477
1838
2017
3466
3810
2174
2730
686
1771
891
1425
1865
1322
1599
3264
318
43
535
1194
