1532
3723
2924
2463
67
676
3815
3871
2013
2390
1502
3395
3544
883
3140
3792
3818
128
397
2431
391
1779
1663
1515
1470
627
3835
1207
2077
491
2824
2501
3427
2939
882
3447
618
1008
1868
2826
1050
3102
1781
1700
3680
2182
2401
775
1908
2809
2247
3694
788
2671
838
3226
2843
2515
2267
3433
506
1060
363
660
1744
2018
563
2316
2675
1566
3344
1505
189
837
3919
51
3929
3672
4045
1920
3227
1789
459
118
3860
81
3181
766
1854
1958
2347
953
1403
1573
3841
123
3585
2984
1811
2345
1651
1437
857
3439
1889
892
1803
2270
1762
3777
2710
256
3872
2005
1392
1228
3583
847
1277
112
2534
2202
2664
2126
3035
2243
818
790
984
3466
174
1294
3782
1960
579
856
1196
320
1639
2471
2639
3862
1489
2276
1411
0
1106
2479
1646
887
490
495
2152
1167
2748
1734
3101
759
3406
632
2234
2436
392
2423
3951
819
562
2511
3663
560
1456
444
338
216
1054
3654
928
2145
329
789
247
1846
2095
3167
3756
1872
2734
4054
2351
2992
300
761
2842
3163
4080
111
1869
2009
3999
679
