190
2138
152
936
2528
1867
1157
2653
2266
3520
1766
3815
3978
2395
1674
3286
3864
2612
2376
1887
1025
3763
1611
2757
589
3361
581
2711
1107
682
3169
671
3115
918
125
294
1412
906
3653
3619
2469
3774
1880
3401
813
1889
492
3540
3187
1480
948
739
459
1559
1008
2635
763
1353
4043
2899
1051
579
3770
262
244
2510
410
3261
389
1934
79
1113
3743
2398
1046
1690
3107
2640
762
1420
2601
2463
3466
2842
3177
1600
22
251
3867
3247
3417
2445
3111
1342
112
829
3786
499
3088
1405
1632
1294
1811
1440
3625
3372
1711
3635
4046
738
760
1144
1114
2352
2184
2141
728
2423
3305
1790
1535
1814
962
1463
2676
3321
4066
917
1576
3814
561
2782
2003
4067
920
135
107
693
3210
3928
3250
612
2490
1633
2405
50
3732
2885
2998
2570
265
944
3573
3025
2534
1060
1098
3376
3536
1352
3150
1096
1856
1770
3263
3967
2738
363
1719
331
1715
3745
1212
1450
540
2624
3487
3279
91
2816
2922
3184
3892
198
109
3708
2256
3395
4093
1977
3082
2370
2290
821
3783
1721
1530
3629
2682
2968
