2647
2879
2226
2990
587
2064
159
197
3621
3056
3217
1694
2653
612
3105
178
3237
3452
480
3734
1934
699
1589
2134
1488
71
960
2894
2077
1482
18
1818
2107
3944
1709
3442
3617
56
3070
371
1805
1719
2208
542
2938
2618
840
1815
3863
3900
2079
3209
3318
2380
3126
1608
1196
4000
413
3860
1217
906
634
1999
3834
771
944
1007
3962
1529
2641
2458
2251
3162
719
1220
436
3429
288
1474
2434
3709
2643
1717
2018
1481
3844
3850
2001
2889
3002
1560
976
2360
1303
155
156
3738
464
3033
2867
328
386
1074
2970
1394
1567
4080
1437
1275
2101
1001
3784
3891
1839
2071
3324
3127
3892
1746
3394
629
2956
2171
392
3682
2103
1281
649
1432
3256
400
2411
2588
1158
3833
144
1736
595
3085
2571
1761
3406
2928
1017
1778
355
437
4024
3808
1687
2355
428
2750
2882
939
3810
1793
2909
1739
1512
3845
4063
1453
1147
303
1457
2322
1592
1057
1669
919
1565
2923
3458
2363
4034
452
675
1804
1222
2320
2420
801
451
2246
3601
2397
930
1984
3566
344
2002
674
2518
1584
2459
43
2043
1300
