3241
504
3948
378
2603
2919
3166
626
1189
2627
2259
3552
1010
1817
824
411
843
1945
2526
2445
127
939
3642
1074
1312
115
2901
1220
212
2143
114
213
1498
2180
294
1573
2007
1372
803
313
2375
540
3993
2026
98
20
1705
2346
3954
3685
1163
1263
2022
2645
3682
547
2467
318
2359
505
2235
3802
307
2120
1579
2550
2635
3881
2946
992
2778
2301
3866
2415
844
3741
2530
177
311
496
3962
293
412
2749
3755
1849
3411
3736
595
418
2802
1493
3794
4040
809
2679
3391
3410
255
3749
383
2633
3677
3669
921
1527
2247
3896
1738
1191
869
2964
1948
3711
4094
997
819
2364
2666
3785
2372
2891
796
1662
1205
2682
811
2160
252
2066
1923
1114
2198
3167
1960
2825
1474
2852
2488
1335
3419
1806
645
3049
3985
1356
745
460
829
4065
2596
204
3578
3412
3134
3760
1024
2982
2668
2833
2490
2556
119
12
1683
2936
928
777
1905
2420
938
4073
1698
3581
3643
48
1198
2303
3633
1999
3197
2217
2632
3628
3282
2532
762
3761
3654
814
2077
3518
3139
1404
1123
2298
3431
3737
2546
3717
