107
3301
104
2748
1745
494
3802
935
1975
18
2869
3337
2424
3564
1549
683
523
2791
2941
2356
2200
1372
3315
491
51
3299
963
476
2313
759
1167
2863
3005
2040
2368
2376
1523
3055
411
1625
716
36
3949
546
1844
732
3584
2931
1057
1566
3406
3715
2989
3231
2100
1183
3477
25
492
1580
2674
280
3671
2022
1952
890
2589
251
457
440
489
559
2844
819
2738
3398
407
656
1540
734
484
2961
458
1628
2525
2083
2960
3875
2613
3024
1720
1633
2607
645
2131
1717
2050
3900
792
365
3308
1831
522
760
2170
3268
1460
1634
2015
1839
3943
2877
1522
1799
3291
1311
3002
2818
2899
2952
1488
1610
2039
2295
1291
3760
878
1592
4089
2980
2950
1887
771
3641
1932
533
2
129
632
3229
2358
579
2031
791
4020
1579
3488
1009
3014
2867
2458
1605
2388
472
3774
3065
1972
1724
1847
2719
880
1122
4009
3432
1881
3789
2309
1252
3306
1379
3056
3509
1914
3581
2014
148
2570
2391
254
1154
3948
2762
1274
3160
2886
3693
1412
2291
957
2672
3763
3401
15
2225
1548
395
2891
3804
2507
487
