290
3690
173
3875
414
2244
3259
2923
1009
1077
553
875
3957
2135
716
1538
23
2614
2217
551
1404
1107
34
3353
1092
1650
3713
2537
58
3678
1424
1979
291
1200
3449
3281
975
2287
1680
2019
831
2495
3141
3906
2207
3005
3210
1505
3190
3181
692
3715
3503
66
1192
3908
585
2546
3553
2648
2795
719
2677
1345
1739
488
3195
851
13
1624
2258
589
1623
3435
1927
22
3484
3661
3983
1235
499
1178
199
1603
1520
357
2556
1590
1679
210
596
3710
3642
3004
3126
317
817
2815
203
1506
396
3812
2727
3116
1134
3766
1033
1822
1833
1036
3605
2560
1730
1470
1421
3545
310
1146
3122
2428
460
2272
3350
522
1575
1774
1358
2533
2402
2879
2462
1754
2339
2686
2655
668
344
102
3971
2748
1051
1589
1204
2554
914
4069
530
2383
3314
2783
3156
4004
3932
673
419
1775
2155
1172
3486
3090
3936
1600
2956
2414
3757
117
2540
3604
3161
2650
1533
1649
3742
2275
2724
1457
1673
1745
2975
2113
1655
1094
1913
415
2148
3644
1061
3499
2343
2152
1524
4070
131
1991
1371
2818
1782
3725
1938
1095
