2944
1379
980
785
351
2983
2054
1756
2824
3116
4015
837
1770
2362
477
1369
204
1777
3804
325
1789
3183
58
3167
919
3017
3632
259
1209
2388
908
1577
615
329
1960
2182
3201
3884
2663
3410
2230
2705
2058
2825
1701
705
2788
1468
1074
1629
473
1008
172
2982
1865
2833
2482
3892
2026
3846
1014
1335
752
2966
2218
1056
2744
2405
1824
317
3412
1116
2091
868
2511
1409
2463
2941
1406
3279
2485
3975
3315
3954
899
2610
654
2965
1570
3446
1749
1286
529
3359
1531
1893
1178
3342
799
2028
3546
3442
3744
877
2863
1332
2953
2356
728
1920
1131
3482
2534
1987
3854
1282
3605
3680
3816
1795
208
2829
385
256
1858
1896
930
2399
3934
1186
3539
3416
1513
3627
1773
1514
2166
3463
3027
2279
1822
2311
1919
2015
62
2037
3454
1798
1348
2952
3373
3758
735
2355
774
1952
1620
2850
479
3634
1641
3134
703
3501
1396
3444
13
3306
2902
2471
3122
744
3229
1486
1492
2881
1451
2918
2170
2493
3197
3728
2346
1143
2431
2546
989
611
263
1821
1293
3181
3436
3869
1825
2357
3297
3778
2423
2243
