3933
2651
3045
3270
327
3192
411
2001
3557
219
3718
1361
2921
2831
2903
2880
2445
3463
602
2298
270
1155
3674
2041
723
3107
871
3434
2609
384
1520
550
2533
896
1769
116
585
2565
1110
3396
3830
3711
682
2935
3201
3358
1193
462
3403
104
1336
2542
2395
831
3875
413
608
3466
3739
188
3458
2215
645
1996
211
1364
3049
816
3059
2905
3060
3493
630
2923
335
3412
979
3807
591
3693
1679
1316
2572
1477
137
990
564
2959
4063
1797
2648
374
3446
1300
2596
3668
184
252
899
1453
226
1330
2181
1147
1066
3123
1863
3450
443
2675
2330
3127
3430
198
1461
2049
278
1994
762
3359
3404
2230
2671
274
2641
1810
2716
3608
793
1896
460
1825
101
4089
1541
750
864
1942
833
551
90
513
132
1021
3190
3555
496
2782
3307
1785
1082
1415
3206
1512
2144
256
2891
1339
1661
2499
3799
3026
494
659
953
2826
2936
3581
1117
1984
2701
1839
3578
94
882
3983
2557
3749
2476
183
3786
3816
2058
1063
3572
1079
3495
3079
2123
318
1435
2201
1708
3098
1586
2150
160
3528
4086
1494
