3097
3715
2687
839
607
2360
4011
1861
355
2810
3377
895
3323
4058
896
626
3905
1423
1117
830
3723
2006
3673
1631
3978
3610
336
1463
1381
2112
307
225
1271
1734
3487
2662
3766
1308
3588
1606
560
3200
2683
3092
1043
995
1982
1343
962
2930
352
2280
271
2003
4040
201
1523
2090
1726
3443
2573
693
2835
1230
2734
1223
786
2375
2261
2329
2506
1107
3432
3235
1153
2408
3887
975
2881
3606
48
1669
1088
3640
3853
412
1058
3739
1510
1036
492
1270
510
583
2699
758
2024
1933
800
1333
2827
3807
1378
1605
442
144
1593
3368
322
3230
3231
701
912
855
2066
191
2545
1483
2551
2421
2853
1707
2862
3340
1017
1496
2077
1879
4075
437
3977
3108
2861
172
3320
3570
1346
378
2873
4054
496
1620
480
861
1164
2874
3306
3552
4057
3251
3476
617
2972
702
2120
2062
3144
4083
1158
511
1224
1183
1936
2838
2397
3466
1575
3784
331
362
3494
2913
1236
2614
2640
1632
2205
2631
2284
2131
819
909
3150
3910
2680
217
2203
2227
370
1199
1804
2456
2797
1966
40
1811
1111
3243
2185
2464
