2146
2624
189
158
2014
2564
326
3744
2269
269
545
1662
2938
314
618
575
2885
2233
870
3289
622
3363
2540
1816
338
1750
758
2686
990
84
134
3019
2175
1604
3195
2591
17
3202
4085
904
2831
1946
3499
4014
317
2079
2345
1608
3181
2702
3245
671
2964
1760
1014
3886
1323
3057
1649
2959
335
3000
1537
1724
1509
379
823
1607
262
2522
2842
2919
1468
100
3802
1506
95
2685
3442
1866
3817
448
3655
2743
3834
731
1211
3520
2080
3721
3020
1238
2689
161
3397
1652
305
3247
2691
2513
751
1983
1428
928
2865
1104
3115
2581
1602
1863
2568
943
3406
3190
154
3214
2815
85
3454
3542
404
3737
2038
1974
2184
1630
600
3053
892
2536
1554
593
1354
2724
966
921
28
3350
1136
3381
863
793
2574
3177
2640
760
288
1174
970
3753
1842
1935
3436
4048
3051
3145
1694
841
2157
2239
3739
3844
3712
2086
1820
2304
42
3618
1315
156
752
2310
1484
1016
2941
2435
2556
2906
1366
538
2884
1486
3639
2700
4039
3716
2911
3439
517
3423
3364
587
1812
1076
1402
3580
2816
3440
2332
3631
