3249
2315
3308
3300
1485
4043
1245
2467
46
2355
930
1479
26
3994
2925
3448
3405
418
1597
136
1971
644
3695
1812
482
1028
2026
2485
3829
3609
3227
3577
1306
3876
3057
1848
859
362
1140
763
1337
3567
282
2704
700
349
1671
2747
1111
647
1242
115
35
434
2690
1106
570
3211
2211
2250
1050
3252
10
3605
1571
3247
3201
3914
3801
1935
173
1953
1676
2912
209
2779
2551
314
2592
3977
3322
753
4027
4092
3220
3675
329
3899
2993
988
2931
890
2819
1231
2803
461
952
3838
99
740
1246
2913
3007
633
4053
3966
2503
2590
707
1869
3192
1347
619
430
3188
82
2298
1822
2571
1133
1730
3537
1647
2278
661
3997
1546
893
553
595
1954
771
2351
1774
1937
886
758
1132
2483
645
2557
2385
902
1695
2223
3932
3457
2666
2892
1722
1433
1637
2071
4093
313
894
1499
3825
3307
3709
320
3795
805
467
2941
3734
590
1447
4031
898
3071
3773
787
460
3357
2319
912
2246
2086
118
3302
3614
941
1583
1237
2943
2552
3947
1564
581
226
2678
3807
1813
342
1728
86
3480
1434
1807
