939
3705
1036
759
3550
1547
1545
3023
1524
3294
2830
242
430
3734
1190
2119
59
3783
554
1631
3818
2214
1581
3063
896
510
4085
2120
450
829
1701
468
3819
3299
789
138
1710
1061
1191
2809
1951
2894
2719
23
791
3553
2165
2434
3019
3854
2326
2296
2504
3297
2377
1724
3762
1333
3441
3792
1289
1361
2081
2312
1653
1134
957
583
1806
3033
3453
426
3391
2974
818
1837
1598
2088
3908
2308
1437
1936
3386
1248
3010
535
1496
1098
237
3845
4042
2101
1708
2373
3371
1403
821
737
276
1506
2000
2189
1391
2297
3483
998
812
2862
2113
1914
3017
2550
2018
2128
2001
3051
4066
1283
3226
3213
3300
3708
1771
1128
1863
2946
2547
3500
2773
1624
719
1381
471
1691
1008
935
1556
994
2162
406
3797
1259
3072
391
3103
2738
2457
1548
2040
36
493
2638
336
2144
2606
638
1114
229
10
714
2912
495
43
808
4008
693
2169
3311
1558
3669
1590
2629
2854
2533
3497
3860
3842
2691
3438
1553
246
4037
3677
2043
1007
1264
3916
1559
322
1582
263
1567
4056
298
62
3582
2876
2630
2463
2006
