514
2250
2211
2041
3439
1613
2852
391
150
2489
160
2052
3660
1283
2480
587
3543
642
693
1960
199
2438
3575
2080
274
3369
599
3841
0
703
3598
3776
3348
734
910
2003
2663
3924
276
3035
3414
456
1901
301
482
3330
1971
322
360
3550
967
739
813
3443
749
3821
1528
2653
801
3749
1352
394
753
2584
1961
345
31
1737
2817
2629
191
3590
3822
758
3178
3702
1249
1896
2121
501
1345
33
2833
3202
2443
1074
1772
3466
3697
1372
3302
791
277
3909
1735
1609
3740
3659
492
200
1720
2644
2772
214
1266
128
1232
759
2398
7
1551
2855
4013
3480
185
1723
2023
1755
2168
626
677
3782
1053
941
1113
1196
15
3081
3612
2732
2377
3091
2609
379
1870
3645
3086
3438
3845
479
2552
2267
1651
34
991
2314
945
3093
3335
3892
2606
1325
1874
1124
2698
371
629
3980
2303
3382
2505
2433
2123
169
2525
898
4086
2596
3120
3286
3145
3788
1222
1591
1875
867
755
148
2968
1925
3728
2337
3984
1026
724
3271
1909
3900
3553
327
215
704
2047
2987
743
1848
2689
1321
2900
3863
