3842
1590
2036
1455
3852
1631
1987
3923
2334
3335
3463
3721
2471
719
2453
3134
330
592
1606
1836
1223
3272
2827
1540
3724
4084
1719
739
2274
2279
2902
759
1525
2185
1394
2628
3069
3517
1608
1780
2586
732
1637
1204
3055
2030
3171
1586
1942
2926
2576
757
3373
180
279
3703
549
527
1327
2033
2275
1034
560
638
2868
3018
1671
2162
2526
750
1624
2831
1985
1232
3861
507
1656
2055
823
2779
4047
3048
2640
1373
664
3213
3408
718
2552
2955
2396
1211
1053
3451
2761
3432
2234
3107
1948
3749
1767
2544
1305
2621
2149
1618
3204
2038
1827
3202
1887
158
1665
3502
1967
3083
2612
813
3034
619
1012
4038
2172
29
4010
1953
3877
782
3226
3862
1816
1304
3070
3421
1850
1465
925
3953
2567
82
3266
3504
4086
1152
2472
161
1298
1751
3503
2895
379
1740
1713
2225
3806
3397
3991
2983
3538
2537
1932
2815
778
224
1820
693
2656
2760
1823
872
101
2204
2733
3390
1793
1885
2328
1435
851
3289
554
1428
2070
235
3214
2991
1450
3805
470
438
2986
3647
3776
1239
780
1159
3212
1534
3008
366
