204
519
3255
1559
310
3521
2651
495
2083
1700
79
4088
3093
3633
457
2952
2387
72
328
2793
3115
1473
2149
1214
413
3597
3495
879
687
824
1799
4089
3165
2750
3963
667
635
1408
3800
151
307
2464
419
906
3483
1286
2307
3629
2215
2936
1378
1687
2071
2549
2355
2983
3921
962
2581
1593
2103
2312
985
2019
2032
104
1331
3728
2195
3564
4026
2509
1333
3319
1783
2600
2192
376
1665
1440
2650
1788
3466
1003
1815
2343
3175
1160
1322
957
2725
2352
3143
3018
837
3387
1582
3895
1910
223
2131
2418
3823
2956
3315
4004
2037
3740
2854
1740
314
3844
2078
2460
2786
2463
2205
2715
4049
2518
2818
1087
1248
3049
1051
2253
3433
2446
1396
1443
2989
4035
2770
2909
3594
3412
3799
2202
2500
1123
1390
2402
2373
167
1262
1188
3714
1017
2033
668
1578
525
1033
1696
496
2965
2148
1240
674
647
4092
3950
2314
2092
3041
1053
2775
1099
1907
1216
1618
3112
2891
2885
2838
1357
3987
3640
3886
2356
3681
1139
3366
1739
2729
1718
2010
1584
2456
1631
1957
1672
605
1076
1404
1469
2892
969
3040
2919
