110
53
4094
1720
695
58
2829
2190
3879
3013
1826
1904
3109
2883
2682
2654
2913
84
2937
160
2711
1820
3729
523
854
1221
3979
2716
4065
128
1228
348
3813
3735
1177
3032
3016
3805
3715
841
25
2549
1079
3001
2740
2945
2023
2888
1652
2580
227
993
2545
2276
3252
1121
1752
2369
910
2969
2241
1284
3968
3850
123
1317
9
2809
1627
755
272
1373
2420
3289
663
1940
3432
2591
32
2863
1697
3024
3970
4022
3059
2140
2728
3545
3485
1091
3076
1667
2517
3511
2400
404
2
3901
3942
1203
1261
3415
2928
264
3836
681
1184
279
3649
1018
1650
3184
736
3980
1514
3176
1246
859
387
3869
216
2300
2192
3198
2090
2534
469
7
647
3778
1089
1415
2926
3845
3168
2629
3051
929
671
181
2848
934
3780
2303
2600
1967
1592
3864
837
4073
2861
258
2538
1364
1439
1739
3419
1719
1998
3959
178
1979
154
335
3420
1539
191
200
3659
919
1839
3281
4089
816
899
3608
522
418
2115
2080
318
3156
2055
3611
226
3396
2018
1930
3774
786
2153
2001
1081
3628
3313
1351
2246
2598
3019
2222
