3062
1991
3815
515
2146
3881
2318
3108
1840
1057
2109
2006
1269
2571
2839
3671
835
3685
3251
1176
1665
583
208
1796
775
3772
1533
1678
83
3419
2994
481
2982
386
407
1934
449
886
1377
3314
1741
3702
1598
1332
2270
3595
719
3288
4027
2513
1273
1898
604
3454
1324
297
3009
3303
323
3629
235
2041
2986
3227
3185
2010
1528
2287
3326
2431
2453
2533
3885
2359
1221
3574
923
12
1201
211
3757
1904
1932
2721
233
4088
3136
3768
3147
2999
3654
3297
2237
1998
2455
3817
3715
650
2722
266
1181
149
2644
3355
2536
927
1780
311
2592
1636
1045
1158
57
263
197
1608
2535
3450
1096
2708
1329
3097
1994
3496
1450
796
3333
3687
2072
3739
1193
4011
317
584
3876
590
3447
1873
2591
2069
3006
791
3554
3462
3110
427
2540
687
1208
1937
3724
2764
4059
41
283
1436
1922
3612
837
3054
166
47
3424
2043
182
1674
2562
3137
3019
1265
30
2491
1601
1966
2385
24
1621
1361
1283
2215
1156
2601
1444
3364
2981
3862
1480
1641
3704
1816
4056
1546
3942
1271
3214
3103
1874
21
3258
3813
