2626
1623
2923
55
1476
572
780
2093
3582
3506
324
1375
2818
2631
2520
3520
655
1789
3707
3965
3803
4056
2565
3790
150
4002
1684
783
301
1021
1971
3052
3446
3869
2399
3750
537
3683
558
378
2485
3404
1744
2771
2454
698
3985
323
2537
3660
2618
1881
3650
3026
1931
76
3958
2960
900
2027
1855
2189
2940
759
2435
2223
3525
751
3336
3346
3849
1028
775
1272
2593
1368
2204
1943
942
3112
3066
867
359
3249
1481
377
1003
1570
1695
43
1557
3188
3715
2411
3979
3418
3680
2766
584
2112
235
3117
1073
2718
1772
3397
1613
356
2934
2299
1212
3984
1876
1777
3291
1583
4084
101
495
2212
2134
569
3901
1202
1186
2158
1377
2077
2046
3019
3362
1173
3011
2930
554
3943
3173
1727
3462
2291
2880
828
4011
13
1401
3286
229
1888
2436
545
3883
3794
1246
3761
2035
1224
3656
1896
2814
3959
3465
2837
781
732
1395
1547
998
1856
454
2325
1393
1780
1575
4076
213
2792
894
849
1648
3169
2270
1722
3221
2883
3242
1114
476
609
201
3601
1431
451
2193
1455
967
870
321
949
1591
306
