155
370
3113
268
890
2677
3983
547
1750
726
3872
1407
342
2854
1806
1640
3852
1236
2970
937
2699
2700
3890
3779
601
2473
1527
2416
34
3492
641
10
1897
4021
1766
851
2564
889
552
2978
1944
189
970
1027
1610
1582
1471
3859
1726
1905
3482
2225
3251
2492
3595
324
3503
886
2300
1685
794
1849
1175
1562
1428
4000
382
2440
1223
517
2500
256
3093
503
479
2124
2562
819
1203
2229
1439
120
1743
2621
1901
3659
1488
3437
2330
2030
1
2553
3015
1433
3068
425
1051
3813
720
1458
407
14
114
3269
2031
3002
3605
469
3507
1680
3830
1198
629
3242
2247
1121
3103
19
2342
2898
748
1238
2432
227
1962
1055
2026
296
1498
2579
2798
3717
127
1396
2144
2155
3430
239
3367
2119
3724
926
2236
1773
3905
3874
942
4033
3886
1854
3450
3579
2070
1960
57
1014
3935
1502
3574
2049
1568
1280
2433
327
3336
242
170
355
3919
1157
3965
3621
3089
2839
1308
3527
463
1327
2768
965
2306
1755
2387
3533
3459
3657
2890
1809
4055
459
1988
1591
2912
3937
1751
3208
3943
3840
1047
1798
