3005
3726
1210
3131
3819
2881
1260
2722
1346
1462
3754
2010
435
1548
1998
157
2780
2079
2914
1139
3253
1848
3975
3634
3296
3297
2051
320
3963
633
2692
1069
3111
977
148
3967
1652
201
3971
2386
2125
3725
3110
1843
61
1496
3894
889
2973
1678
3025
1775
2282
3185
2884
2001
2118
1113
222
3673
1483
185
2761
1573
424
3513
2416
1081
3525
2167
3679
2144
971
3488
3533
1958
652
169
1273
1136
2035
173
4015
1478
1812
1736
809
2726
864
1102
3154
3323
1414
2982
1884
199
3345
2244
2172
1603
1378
121
3927
3741
289
3581
1876
699
875
991
2489
1148
1119
3762
3225
3384
3314
2162
869
141
2685
254
2353
2134
3302
3637
3035
1508
1371
2717
2929
292
3034
372
2674
1292
1297
415
152
1933
3839
3697
351
3109
406
595
2502
1832
1665
2421
1215
3402
3120
2377
3510
535
3554
1262
923
3201
2359
2923
1189
1099
224
3526
115
1197
1977
1079
821
2095
1444
622
3755
2129
684
714
3212
2592
2997
3065
1245
3431
1281
241
3524
17
1894
853
2537
2815
3452
1785
1790
3255
15
1027
2448
246
