2121
770
688
2713
1208
2683
3910
947
2139
3481
3682
2202
1095
798
2137
533
1368
2463
470
2344
1750
1694
2483
3978
463
3072
3043
619
1782
3795
2501
3460
1164
3105
2237
497
3780
1590
1861
3444
2602
1098
3792
603
3619
3196
2599
1375
1755
2270
3307
2692
888
3632
1384
2246
1249
1704
712
3033
2175
3011
3672
2992
2609
3006
1654
3586
2261
3395
1496
3193
2836
2434
941
2697
2214
3142
185
3175
496
566
1374
2063
178
757
2042
236
3748
3674
2940
2948
287
3759
720
3870
2102
3864
910
1140
2071
2841
3127
3713
1231
1918
2550
2946
2565
2069
1023
1625
3636
3980
2004
498
1830
550
2109
220
1244
3733
1160
4053
1545
2746
957
216
505
2422
4019
2884
2738
2157
2312
1649
3867
3433
227
1817
1512
3555
1538
2894
2685
2360
1572
2411
4031
2594
1156
2126
2090
1048
3112
2914
2001
2313
3457
2163
2285
2689
3822
2104
315
2309
1108
3345
1407
1342
3144
2151
141
553
2670
1995
151
3842
1508
2367
4089
2621
3302
1887
3623
1229
2969
179
3990
1119
1934
3417
346
579
378
850
1849
1517
68
3917
