3061
3996
2166
782
735
3178
3780
2647
3058
3764
150
3929
3167
1183
3995
3226
537
493
3428
3772
2280
64
1549
1258
3139
1523
397
1541
2291
2109
3405
504
795
1762
1239
3462
952
2527
2123
3285
4035
1825
431
1516
2132
2801
1112
161
299
1465
3254
2027
1019
2244
30
688
2986
4044
2096
724
3569
323
2564
3810
342
3063
4026
1501
3352
3090
1696
3191
1009
4054
3869
2664
3792
3900
2853
3875
3997
1271
2671
4028
1930
2243
522
439
56
192
2242
1130
1649
3646
1944
1325
950
3073
881
1133
2354
2382
3831
3721
496
3466
1671
3125
185
2297
3841
3400
2217
481
1294
3179
1697
2927
2971
1705
977
4000
891
100
953
3881
3548
4079
2617
671
45
1783
1592
1571
3079
864
5
2492
3771
823
224
3329
596
4057
2022
2910
424
3833
2641
1808
3658
3740
91
988
1384
3662
337
737
1780
3294
459
1443
2115
865
126
2506
1599
1704
303
10
569
3507
1895
900
1399
847
3442
1445
361
830
2216
3904
84
3803
2281
3530
1526
3333
946
2850
963
2845
1196
338
2430
918
570
324
2832
105
