1915
3099
2023
149
3137
3568
3738
3709
1820
3410
2473
809
4003
3043
274
2087
1395
2799
1721
857
3012
1938
1287
951
694
4029
1267
2282
1079
2386
2982
137
1062
772
2170
581
1484
1793
2830
205
2983
3490
885
2929
3691
4002
489
2128
2505
212
1789
2338
538
3622
1178
2623
1977
1594
2648
4001
3619
3782
954
3792
950
1347
2451
2255
3953
1885
1665
329
1797
384
413
3196
2854
2475
309
2331
975
1644
1098
499
1767
3161
226
2586
1680
2494
3840
601
2325
1823
72
14
2674
3569
4014
3834
4075
1888
3186
2006
1546
2916
1253
3721
3156
2369
6
3607
1164
183
752
1943
3428
2247
1421
500
3499
1133
1028
1651
3503
275
2497
3914
3197
1006
884
1200
1641
811
3259
3999
2776
1103
3329
3669
257
3026
2614
1858
1909
678
2728
2739
952
4009
11
3317
3336
4007
1633
328
3934
1260
1067
332
704
375
2157
3340
3507
1381
1377
2617
3535
3171
342
1873
3397
1033
1984
32
2387
3378
246
2013
1454
3401
1553
1821
1604
3152
3245
1138
3566
3993
2803
2459
2578
336
3707
3907
1293
2136
3079
2251
