133
2135
92
3427
2739
858
959
562
3857
3627
3772
1806
941
3662
1552
1963
659
211
3360
3164
2042
2052
3371
1861
575
1540
616
1767
193
3136
2325
1744
1371
2241
3616
1683
3054
3015
1372
1016
2630
796
199
541
2398
3970
4068
1561
3935
427
791
164
347
1129
3338
3904
1572
3216
3522
2913
94
1928
204
3226
1817
893
901
817
3865
1349
1736
63
3215
33
543
2244
2156
1971
888
3703
1966
585
2839
50
4084
3566
2867
2305
726
879
2386
1452
3369
2969
943
1614
1166
1300
473
3394
2152
3039
1460
781
3097
590
3876
3575
2508
1631
220
3867
708
2103
168
472
2915
1309
3826
3632
2465
3806
980
1803
1752
1306
3252
462
758
2317
828
3069
271
104
3770
1222
3665
1710
4045
2034
1402
3282
505
948
311
3323
2018
2592
4071
2534
887
3884
1523
779
3169
892
2907
3029
1973
290
2270
526
1364
1340
1997
3103
2623
1132
153
2973
727
636
2956
1939
2941
2821
1574
1417
2280
723
2347
1513
1240
403
3413
2256
2928
3540
1980
1213
2141
2961
3210
1316
2043
3600
3663
3753
3747
2447
