2388
1559
2766
2120
2237
3158
3047
708
2415
7
1599
1743
772
3382
357
1225
1816
2598
3339
2482
962
1299
952
1320
822
1972
255
1665
1462
2451
1316
39
1466
1876
2737
1579
813
2430
3748
730
1898
2484
674
3213
1004
2696
3761
1946
910
391
1026
853
1508
289
2882
2460
3318
1875
3010
3705
3365
1447
3170
1880
436
146
62
2503
780
326
3150
104
1640
2169
3739
686
1247
1531
1659
108
179
2951
48
365
456
870
458
1011
506
3569
824
1475
3136
368
2946
2650
3081
103
2664
3328
64
3477
626
122
4065
2184
3233
2083
1361
1678
3363
2802
3612
3988
4
3503
2939
2910
136
2489
138
3097
191
2159
370
1038
3022
2281
2760
2470
2873
1894
366
3801
43
1125
159
572
828
1544
1515
1131
1080
439
3108
395
1227
1284
3331
597
3961
1031
3780
1246
2226
482
763
2710
1467
444
2564
1272
3373
2812
627
2648
3853
3076
35
1267
3437
1989
2661
265
3762
283
3529
3240
1668
1122
3656
2490
3557
642
379
4004
16
665
2629
688
2990
282
2636
525
18
3271
117
3483
3188
46
