2924
3208
1827
3921
1081
3901
2069
3191
746
3277
3360
1272
3941
1600
1133
267
822
1693
1704
2617
2328
2070
651
1762
1026
3917
2890
2104
76
2667
3460
157
185
3624
3443
3720
368
2988
1437
2313
4079
1441
3075
108
2941
102
1344
2453
3803
1791
2982
1726
936
3493
2211
668
713
77
1549
1278
1528
2540
1311
2691
584
1609
2347
2665
1397
1356
2943
3871
4011
3644
3505
3119
2994
3817
2377
3964
3321
526
2440
637
2595
1079
75
3316
3535
2217
3554
2072
725
1961
1603
2912
3642
2463
3028
1168
2699
409
3307
625
2662
2025
3264
3745
269
3356
2026
288
706
235
825
3371
1730
1436
3567
2086
708
909
479
3475
3894
3694
243
2856
901
1164
4043
2545
3234
4033
4009
1606
3318
3844
46
1398
290
607
286
910
2454
2433
1083
3066
944
3698
173
42
760
2474
3787
543
1392
2519
1670
1613
2601
236
1283
3783
3145
194
3581
1385
935
1078
3458
504
4060
2961
1298
2357
866
1260
3988
388
2859
1286
2951
1413
3065
1766
2290
1357
1459
3214
1840
2197
2831
1161
1195
4066
3106
3229
867
2338
