3664
12
2128
1206
552
3511
1325
3477
1232
3300
605
3042
4062
1353
1007
1951
205
218
1275
464
1424
426
824
1664
1113
971
711
1682
398
959
3822
2787
2606
1903
373
3057
3097
137
1971
3777
3333
2121
967
786
1326
738
3039
2720
740
3788
3421
2563
1455
3732
1486
965
3069
3065
3164
305
625
1036
3648
3124
3550
958
421
2621
3142
3964
2719
674
3969
1963
1324
2522
2755
2012
1354
3022
1075
1088
2663
3566
883
3032
2323
2415
2084
1996
3753
3193
3041
2293
153
204
732
1569
3291
1254
2779
1554
3216
1969
585
393
1208
4069
3258
3914
1250
1650
4093
2577
1741
51
86
2506
4015
774
142
1945
3430
2106
1535
2453
3894
3933
3686
3710
731
595
1005
3053
516
805
662
3685
209
1512
2077
1200
3878
863
4072
1892
435
3762
95
415
2532
1516
2330
3983
1993
3834
2368
182
3104
878
3839
2823
2152
1141
456
2194
2362
3192
2816
938
2997
2971
3806
1480
1832
1122
3960
3025
2980
1207
2066
2965
3418
3401
1340
1463
1810
687
531
2439
3174
2258
4030
67
3144
1619
2329
3741
2400
2615
