2137
777
1712
3644
1924
1619
4057
2351
618
785
613
2647
1254
1444
754
1512
811
3376
2144
1031
760
3052
3201
3581
1649
2131
1103
1421
1845
2207
3926
4024
2275
425
522
271
3301
2651
3820
2319
1178
1324
2990
1790
2241
2237
1913
3154
2002
2026
483
3134
389
2398
3072
1187
2077
3390
1407
3686
2698
731
3437
3453
2568
372
2630
3858
1175
2546
3195
1381
1419
116
1623
1471
1836
2499
3265
279
2609
11
2531
308
3656
1244
993
2326
584
3361
3999
118
3375
837
2087
230
2804
1928
2538
828
4075
1774
3713
2309
2780
3499
2359
99
2882
867
898
3118
2573
79
2407
1394
3207
878
1299
1333
3463
4009
2735
1859
2337
1215
1616
2876
1546
426
2295
1573
3489
2490
627
1397
3649
680
1116
2994
1425
3952
3044
1275
1861
1235
2068
2947
1491
2840
3200
3121
3743
2299
1140
730
1308
2581
108
826
781
467
4074
218
3404
1437
587
1956
1063
1220
742
1645
748
1557
982
3193
437
1059
1611
3196
1666
2743
2909
496
2225
3945
2274
1810
1326
1123
197
1080
3049
1040
2793
2765
4022
767
2260
226
