622
554
2880
501
502
75
1072
951
1591
821
1400
1460
3672
1444
3053
2113
1493
1581
92
3211
800
2242
1839
2688
3733
14
1587
2824
3078
1572
3415
0
716
1761
3185
342
618
1701
1751
362
3661
1903
2556
690
3799
2777
1634
2858
2319
3374
3301
2130
2007
3508
1195
3163
1155
2845
1645
2874
248
1369
1085
402
1774
2211
4073
3049
4012
1426
4052
910
1357
219
3478
3538
3172
504
1680
2596
885
711
1543
1122
2668
3103
2287
2518
3146
1134
3378
1870
1057
1268
3409
3557
116
1333
3888
829
1914
3773
732
225
2942
3548
3852
1272
2689
1037
532
3572
2446
2376
3309
2019
2290
882
2654
543
448
381
2028
590
3364
2501
2006
1355
3910
2024
816
2316
1092
2064
2551
462
1646
2202
3662
3653
805
3174
466
2625
2686
1471
4032
740
46
1108
233
314
2473
1699
1114
1578
3871
481
3685
3843
1601
2612
2275
2644
3721
2856
419
3123
401
1303
1466
71
2062
3213
2890
3149
692
1387
2419
2463
787
4046
1617
2404
2797
1746
3248
1298
565
1526
3392
2484
3438
2953
395
3533
3387
742
30
3074
