1378
994
782
3293
1822
3222
1271
1794
1357
650
2935
51
3674
2700
1294
3934
1391
200
985
2297
4078
2271
2997
230
600
508
617
3125
1375
688
2441
237
3092
1189
3586
141
1520
2359
2629
1833
798
3529
598
1596
2979
3101
3537
3090
3280
2812
1011
3152
2089
3834
1291
3012
3819
1305
2269
2566
2396
1406
2509
1677
3248
3659
3098
1514
991
1860
2425
2142
2350
2981
2465
4021
1056
2790
3540
255
3504
4076
3131
2868
132
2463
320
2784
895
2872
3359
3121
1385
2584
1131
611
3837
2175
4067
3598
3977
3592
1220
350
3428
2261
3379
290
2740
1759
2253
3979
447
2543
1368
2347
2156
279
1790
2112
2077
2993
2414
3786
3077
150
3721
1769
55
2583
1154
2381
4058
2139
426
4010
582
1515
422
2160
3730
2003
759
3809
1338
1023
3380
2116
3569
3213
3078
268
3874
105
1064
1225
3513
3294
776
2040
773
1824
1761
3187
1940
3957
1477
3232
1332
2284
3792
2645
1421
2773
589
2858
1521
1371
3906
1411
2387
423
3466
2176
157
354
1628
2502
2078
3001
1752
1442
379
2158
2521
3615
159
121
3533
3935
