3391
1509
2554
3078
1935
1709
3680
3161
1626
2462
3656
3066
650
2885
2623
57
2216
3847
1460
1458
3457
661
3634
678
3243
3537
11
3316
685
3177
2158
2086
3823
1999
3387
3128
781
3305
175
3373
2550
2582
253
359
3484
1341
2342
818
1105
2282
2999
1358
131
1342
2564
2575
401
2039
177
3592
948
3681
4010
4007
327
3619
2065
3179
3468
961
1164
1752
1781
3
2412
324
4066
3389
3987
773
759
130
901
107
3827
2125
2004
927
1414
4060
1113
3636
1830
2003
104
830
804
1793
2553
1958
3165
1466
1534
2461
3390
1947
1443
3690
1684
1246
3604
1535
1941
3978
215
2267
985
2610
1773
304
1729
3876
675
1888
1818
2954
739
1337
471
2220
4026
3350
3333
3769
1137
3407
2602
1189
1290
3687
3004
1300
2922
2443
705
3118
3804
1017
1826
216
564
1567
3561
3464
1433
4093
799
79
679
1062
1521
2522
2006
2557
2906
1916
513
3765
71
26
3538
2838
511
3318
1658
3911
2805
1564
287
4025
1335
2435
1836
3110
1071
332
4049
988
702
1831
1795
2371
3132
3659
3455
1104
3898
3760
2179
1663
