3173
2444
147
1784
1550
858
4035
1318
1475
2755
170
322
282
1652
262
1221
2862
3069
585
3414
3422
1483
2469
1932
3134
3490
1404
640
665
2094
3751
3919
1970
3699
3938
1138
3100
3676
19
3078
2329
1448
3883
344
187
3714
593
2143
2730
3854
493
3553
367
1775
233
1868
1444
275
1064
2362
1732
3968
1534
467
1295
2529
3297
3475
1638
2137
2644
2223
2840
711
3062
2161
1957
2985
644
3491
492
2650
0
2351
520
1894
3878
217
325
1142
1998
2719
3545
2541
2248
2855
3441
2491
3575
3869
2158
2296
3774
3380
358
2613
3306
4025
1132
1342
953
1971
1756
771
3156
1976
231
1520
3449
2423
3652
3245
4038
3315
990
670
2333
2443
1517
1996
3392
3727
3349
3511
1381
3826
2514
637
494
4026
2422
1325
480
714
2580
405
3544
3864
3916
1302
1253
4094
3535
299
2685
2447
2909
1650
1757
1222
582
803
981
3832
3867
2172
1725
1955
537
2618
1780
2962
1293
1315
2499
2046
2238
489
2201
1467
536
2452
3764
2930
2842
4089
2757
769
2920
735
3928
564
2917
710
1244
950
198
2026
3185
2173
