1202
2605
2421
1333
3640
3683
45
379
756
454
1150
3919
2397
1649
1786
2455
3257
643
2737
3128
472
765
2252
550
3675
3825
2508
3194
201
153
3950
3135
169
1518
353
2441
489
513
2981
918
1023
1283
168
1464
22
1678
3504
2160
2238
38
1593
2063
3345
836
528
365
1885
958
2237
2504
2574
2394
3822
2409
3279
1078
1827
3003
3787
431
432
1905
120
515
2476
4010
2630
644
1519
2682
1229
3180
723
1693
3930
3344
429
618
3732
1386
223
903
972
2552
750
1094
3753
1496
180
4087
3066
1701
524
2698
1472
1017
606
55
3242
3270
1511
386
3200
1832
270
873
783
1962
94
1050
3570
2657
2891
1857
3098
1029
1725
3867
2876
2671
3240
10
3261
1995
129
2454
2285
3158
2007
2144
308
428
3620
3736
2402
831
3169
3294
246
3356
3915
3086
1566
2830
3966
1762
2993
2495
2220
3992
1984
3543
649
939
3495
420
242
2383
2406
1682
2740
39
3182
3043
2699
2047
466
372
3745
3109
1798
1853
2230
1409
3906
3546
895
2655
2092
499
659
1713
2674
1697
3743
2636
2509
2984
176
72
