3307
3543
1162
3442
1629
3493
3106
1986
1127
1235
2487
1973
1321
1398
2423
2287
3323
3016
570
1419
66
1431
179
1902
866
3551
3601
23
3247
1320
3490
3681
1089
2227
2634
2483
3694
662
1154
3424
487
2360
2714
2250
817
1265
3749
165
537
1648
49
89
409
185
2399
2499
4077
1156
2944
1738
2183
3365
2657
1540
637
1368
2056
2249
2680
895
120
2104
472
1907
2455
246
2196
2814
240
2326
1195
92
3463
3217
1274
3346
1090
3374
2310
2943
1486
86
3889
1428
1637
3525
3258
550
3119
3832
3059
3987
2840
1084
342
2502
3121
4078
465
1889
3176
1046
2053
1210
1510
3555
2149
1429
2123
2446
340
3930
3078
1024
3605
2623
265
3423
3146
3877
2781
2672
3814
1698
2209
1930
3073
1219
3015
3528
2377
862
2614
932
2031
1591
401
2531
3155
1432
4000
2535
3751
3819
2084
3417
2862
659
2934
3362
150
1838
783
3261
2189
3026
250
2449
2868
2175
1596
532
2620
2798
1625
1892
410
2153
2998
904
748
1717
2117
420
1329
1807
3786
199
2141
2786
2383
3020
2906
1209
3639
3648
628
2074
2885
2936
