1006
430
3592
2960
321
1604
179
133
1755
1516
985
1964
2537
3521
1176
1868
2027
2975
702
911
2658
1170
536
3047
2120
4014
2673
3499
842
2365
1305
3168
1319
480
3933
738
1601
460
3853
654
3052
3441
1537
2293
2922
2608
3568
3114
1706
2181
405
595
2280
2830
1019
272
2298
1381
3636
2567
1975
2508
3502
413
3713
1279
501
3173
3146
1105
174
741
3926
1754
1740
209
1160
110
1683
2403
180
2424
3738
1465
2081
1725
4066
47
826
3668
2026
2777
2310
740
512
3567
1374
2087
2349
995
730
1899
14
3376
2311
662
2821
1607
1698
1572
3754
3229
2517
2231
122
2598
3351
3590
2443
3007
687
3266
1372
3572
2688
1090
1543
2227
1196
1557
2532
2221
4015
2754
1082
576
3006
3597
239
3177
699
3560
224
1283
2945
421
2877
3142
1333
652
3452
2933
1354
3775
692
3128
1786
2864
2440
3732
1547
2162
476
2939
416
278
1343
1934
2216
3480
3349
3863
2765
3486
108
1595
2200
3596
3985
2485
994
233
3040
749
3741
1490
2308
2359
4091
3655
785
2943
1615
782
2515
3156
470
4047
886
2793
