633
3591
426
2649
28
2537
2488
1322
2559
367
2492
3753
1672
1998
2293
1965
978
1655
2910
3348
2886
2454
2309
3699
642
3106
4089
1459
2553
3775
622
2303
1903
667
2173
330
2161
524
3115
2636
931
977
2759
2035
1886
890
1523
2868
2933
3464
3167
3245
742
1175
2076
3754
3373
1620
3343
1146
2242
1237
1406
4075
851
1942
2923
3467
2145
1450
2043
2667
1769
1382
3929
2186
2195
2057
4080
3100
3347
1387
2593
399
1864
261
1295
1370
469
3938
163
133
2625
1701
3090
4029
3132
2590
3716
3381
2529
643
1730
3604
3262
2988
621
282
1589
3648
1880
4021
1887
1925
2413
1668
3911
3487
1203
495
1334
1133
596
3700
2950
2181
2715
1210
1057
1008
342
1822
519
3687
1606
2274
134
147
1288
3608
1658
2930
877
2860
3427
1961
3468
72
2954
44
1651
1689
4044
1496
761
2852
2404
555
65
251
2531
1427
941
1968
1513
1
2620
1155
254
3558
1578
1987
2065
3618
1746
2157
2255
754
1467
481
1564
3084
2444
4046
879
1067
2510
310
1579
2220
3774
3455
2249
875
3152
1272
168
2613
3824
3457
