1538
2698
728
3101
3167
1983
3449
2616
1727
2048
1280
374
1272
3784
2334
951
538
1501
2209
63
2920
2551
604
2931
3771
1070
2935
4081
3074
3418
4021
1678
859
3801
1022
3830
2018
1329
3799
1359
539
654
3538
1383
320
3986
1023
136
3225
988
55
3348
1576
3378
122
2702
3582
2229
934
1743
1109
116
311
436
797
412
792
1429
3447
2795
242
2337
3156
468
398
70
3414
2897
1884
169
2338
2552
1549
898
1396
149
1376
364
2136
2146
2013
2168
3736
743
2017
1914
1550
3318
554
3880
2925
707
2472
2714
1309
2941
3910
999
2063
1387
146
854
505
3260
2127
3987
2887
1564
353
2486
3291
1519
2665
1265
3802
2273
77
648
513
3091
1648
3493
1251
100
865
2419
3785
2829
315
2810
1656
831
32
3750
407
3683
978
382
1757
1894
44
3020
2693
2157
2539
329
3848
997
2848
729
2548
3614
1766
3674
3290
537
2957
2216
804
1754
676
3149
1154
397
2318
3029
1274
3081
1620
3732
236
3282
2536
3487
959
2841
751
2874
1514
1174
383
3366
2834
57
784
3752
1480
684
86
166
