1979
35
995
1662
2060
706
412
3284
2022
319
1081
3721
3809
747
3153
266
270
3865
414
2662
2697
323
2200
1808
122
999
3633
1361
4029
769
2610
1083
1855
2452
3157
2111
598
3956
1412
3396
3793
2752
2115
1648
2787
2816
3021
4071
3637
508
1467
50
1349
1990
3981
2978
2669
3997
3188
4016
2364
3530
2213
819
3429
2325
96
3519
3587
346
352
3870
2706
3077
2106
3416
1569
373
2418
1026
2131
3941
2572
943
3907
1555
3890
1109
499
497
734
3857
522
3364
3063
2270
562
1212
1629
993
3763
1866
3469
1475
3336
2854
3762
3775
1947
3886
1260
1870
1190
1697
2243
164
2211
3560
4076
2230
654
529
3184
2627
1335
1066
1092
4069
2301
2280
3613
2312
3562
1310
2663
3135
1939
2157
2455
786
2515
903
2238
686
1090
3770
1603
2868
873
2484
1000
1082
1649
658
367
404
190
1346
3853
2918
2161
826
2193
75
1738
3744
2429
2614
210
1016
985
2859
882
2913
3400
1060
2373
351
2887
3796
1186
426
3684
1422
1962
921
305
3407
2708
115
3702
393
3344
2617
1085
3197
1102
2150
2412
3709
