3345
165
1263
3677
3521
158
2920
1169
146
539
3670
2053
270
2790
918
3519
3039
3271
3891
1432
481
410
1410
3193
315
3958
1221
1580
1881
3808
1008
3986
307
3305
2105
3365
612
863
4040
2506
2047
1403
3188
978
732
961
2366
3225
186
779
2517
972
346
2523
2975
1228
2521
3185
233
3071
2970
2177
2472
1038
1753
2320
64
2894
3511
3169
1530
1223
1068
2677
3658
1986
3167
2139
576
4073
284
3421
2399
1590
3424
14
430
2621
3391
1980
3129
3529
3649
1412
1407
1448
941
807
3930
3828
2751
2661
172
608
2225
2282
3032
1895
1621
3921
1372
279
2820
867
3002
2892
3906
2286
1534
1076
2289
3063
1995
2034
1454
572
2346
1524
2524
1776
967
1945
2157
232
2514
4046
1064
1645
2597
1323
134
2650
3395
2585
3211
4030
484
2978
684
856
2220
395
2092
2191
1977
1596
1872
723
3289
2931
2424
3727
2902
583
2582
4071
812
1235
609
1408
2814
3996
421
2609
1697
3690
2441
2152
1845
669
1047
3761
3322
1300
3679
4032
1184
3097
2445
3928
28
119
291
3849
662
3620
2126
1731
1425
2770
