599
1572
3865
2419
579
3858
2812
2734
501
2451
1699
144
2435
1992
1909
2336
3187
3314
247
2491
1526
2610
472
1928
76
2653
2416
1803
2221
192
670
1385
471
784
1084
2552
2285
397
1730
2379
2135
321
676
1323
1041
3787
2208
3989
2869
1673
3678
3006
3230
1570
3073
843
529
2411
2732
1747
3227
1906
4086
2192
1154
2142
1718
2092
811
1061
4028
887
3990
2596
119
3522
1458
2839
2430
2268
161
1631
1595
3458
329
972
545
3271
3809
3343
1611
601
2169
2052
3782
2664
821
1544
2811
3663
2843
3715
2962
1789
3454
944
3467
1341
3378
1018
3106
3457
4071
158
222
2612
438
385
1613
1994
2236
697
669
2271
3863
3925
3886
2530
1098
1499
1713
1897
1629
3918
353
1014
2774
1184
1711
1133
1334
1557
2736
490
404
998
13
2463
2699
2351
849
2300
3299
2986
1818
2744
2621
478
3059
1831
954
407
3800
2721
4080
405
1222
3311
3519
969
207
3964
1566
3489
224
1422
1185
230
2188
3162
2055
2418
95
2387
1738
2394
2707
732
719
961
2381
2015
2874
264
107
3897
3751
863
2613
1694
