1860
1628
225
3619
3534
2956
611
1027
1363
1310
717
939
2242
1329
2048
1390
3894
3623
110
2417
360
4020
2381
2835
2837
3351
620
3152
2618
768
2267
1121
3915
3531
2827
283
2757
865
3551
1956
4024
441
3224
2142
362
3600
2265
2361
3296
3944
3935
3320
691
184
1429
3096
3754
3756
3186
1471
1723
673
3874
1994
575
4081
3924
2834
2791
3420
160
4004
2180
600
4025
3169
1500
829
1005
652
1683
3724
1781
3456
956
1245
3346
2443
1678
2207
726
234
2476
798
3276
3035
3977
564
3044
2409
765
3226
2119
1612
24
851
2400
3377
2740
2849
2200
3026
3229
2650
3249
3171
1647
3484
2121
1797
888
3630
1489
3569
3684
900
3572
1668
3476
809
3348
2440
1276
1721
3000
3601
1484
267
4064
2900
1607
3397
1894
2222
2924
193
632
2771
137
774
1164
2405
3517
2949
1425
3849
241
661
3606
446
84
456
2275
3303
601
2919
2352
1580
715
3234
4055
1733
3898
1513
99
3954
2054
1435
3273
3675
2448
3703
3487
3316
199
3814
954
867
3077
187
1902
3908
1074
3015
2174
2601
2863
2859
780
1976
