526
1341
423
1445
2098
1147
19
2687
2036
789
2819
4033
1787
1837
3209
24
145
3935
360
1399
1030
3381
2374
1772
2814
2301
3072
3526
1414
3149
30
492
3459
2993
645
1523
2001
2653
183
3567
4042
2465
571
1818
2188
1792
3832
1621
3633
889
2393
947
1017
3661
3664
1487
528
668
1117
2952
1423
3910
3747
2675
2260
2048
831
3534
2
3168
2259
1108
327
2507
482
3516
1858
1888
3173
2177
3869
3845
904
2870
81
1876
2927
1383
4026
422
3563
2739
1392
1058
2638
2529
1663
849
2617
2448
1983
233
2474
3990
3808
3795
2655
2532
474
1937
206
729
2425
631
3259
133
3523
898
3824
3264
373
1589
2800
2041
1907
41
2243
1120
3603
3539
851
2215
1380
2899
2582
1920
3152
622
1867
3011
3266
1378
2407
3877
1881
3142
2117
3231
140
1854
2401
1795
3447
788
1961
3580
1517
1213
2137
717
4071
819
1982
3793
3966
2388
1336
3494
3873
88
693
3118
836
2080
1326
2878
1018
1186
3729
2943
3339
314
2280
2852
3146
4060
906
1031
2418
3934
3112
17
491
3428
2044
2289
3522
317
1846
3805
