2300
2277
1884
2334
398
3213
3971
352
435
1911
4028
1859
697
1820
3776
2374
681
888
3415
1501
3924
3995
2804
55
3953
2234
3254
3871
2035
2652
775
1607
444
3519
3465
1975
1654
3258
803
873
540
937
3297
98
925
691
934
3200
2405
1476
1619
2321
68
1397
3232
887
3332
2961
1940
3064
3921
307
2996
346
1635
176
1990
3066
2506
429
2658
9
312
417
427
736
2458
524
2329
1805
1360
2291
2113
636
877
1800
1368
3686
2686
2402
1454
3984
2616
447
1935
1451
3123
1281
1732
3623
1296
610
3091
705
2000
335
2247
784
3754
3371
2710
615
2095
3952
904
3467
89
1507
1183
2505
3574
1290
3506
2103
3548
399
3290
3158
668
3230
1497
3264
2522
2055
3167
718
3758
730
3617
3599
1536
4092
3582
3312
2905
1719
1513
124
3777
286
3943
2257
1958
396
424
3827
2446
2697
3602
1970
3563
3670
96
1899
1078
12
1769
864
1905
2480
2493
2817
33
884
3835
683
4050
742
1714
3680
2051
3469
2787
3082
2463
2368
804
2949
2356
1358
4004
2305
3653
2631
236
3269
2829
2869
2786
2835
