2623
517
1680
3539
3356
2283
270
1969
2883
1438
2006
187
350
1015
1124
481
1304
3721
2073
1157
637
3711
2802
1224
2058
0
1479
170
1436
109
192
3665
3185
3682
176
3297
2508
348
3018
46
881
644
7
1866
1871
3387
937
3210
3315
3553
2160
2056
3755
2886
640
3830
3252
751
2516
1084
681
3623
3303
3745
1108
1151
3906
1180
852
3930
2780
2964
1650
3230
1423
353
2182
3686
1629
3241
2416
1979
1503
3790
65
619
1271
2044
524
2660
2793
4011
2490
2507
567
1545
647
2238
2309
3347
1667
2966
488
3220
2426
195
4052
1082
72
3203
2092
1694
1259
1852
1229
1836
2707
705
829
2602
3880
1998
1144
3102
3594
327
2900
261
3525
3080
1051
1833
1204
1322
3743
1740
3570
3989
1021
1886
1321
611
3346
3557
1600
2261
752
1913
3209
2222
1030
2233
1174
2923
928
2594
2658
1992
541
1462
301
11
3139
2604
2617
3376
825
1382
3738
1078
3915
1905
326
1429
3708
1159
3573
631
3268
910
2255
3742
955
2668
1490
3646
3386
4038
3775
2765
21
73
1950
2849
1732
2346
3114
1439
4068
1212
