3905
1473
193
4070
808
301
40
3784
3108
3135
221
2648
3703
599
2567
1100
3255
3899
1250
1239
79
1048
491
3211
1667
3001
569
246
379
1714
1236
2558
1922
3552
332
3577
2425
99
2856
2231
1212
1450
1067
156
2452
2920
149
2087
4055
2388
3771
1456
3470
1156
2360
575
336
1449
347
1673
1757
3870
1460
3200
2718
2179
1426
387
864
3789
1044
3743
1545
1771
3094
2999
954
2447
2225
2177
3645
257
2236
1788
3337
3128
2343
3644
2897
3359
2352
3276
176
3018
837
1582
1319
2150
939
3989
3993
3715
44
1892
993
741
2672
3996
3780
2852
127
1401
2492
1966
233
1462
3241
1339
2029
766
1364
441
3416
3647
832
3084
1986
614
3013
2096
831
4035
1268
2698
228
2982
2070
3761
1173
2584
3981
2402
1560
3546
1937
2426
528
2510
3652
192
1122
3579
3613
3007
2448
2212
2913
1424
31
1472
3181
1350
2550
982
851
1211
720
2054
3078
287
3051
2328
3254
3079
1879
24
2075
1139
2269
3185
1519
3161
1145
1479
1726
1166
501
1718
3885
953
844
2031
1272
3344
3502
2465
2747
840
1315
333
