3137
4045
3344
1568
4026
266
892
2769
1678
1041
1262
321
3788
1267
3734
170
779
3515
1029
1866
222
3722
693
380
3191
569
493
2568
2631
1745
792
3613
3904
356
3766
1013
443
715
2648
2351
638
3013
1874
526
3547
726
2116
1054
3792
3496
3111
1331
818
3666
3986
3367
665
3710
1182
3748
209
1914
1308
2332
1720
3492
1671
930
3951
46
3981
2552
2613
3668
370
3980
670
4024
3063
210
3667
2532
2240
3048
3286
1071
2076
3568
40
3890
3448
723
439
1368
3390
3317
3899
3115
1403
3726
1190
3197
1571
3587
4083
200
2560
197
1549
3297
2405
1813
1404
1450
1336
234
1586
2038
2879
1278
107
1443
2766
2115
1733
1892
1894
2614
2250
424
236
98
347
2323
2836
2799
1246
1158
2028
1103
3575
3579
2055
427
2346
1765
1197
613
666
3742
3352
3915
3822
407
441
2159
857
2137
3128
2891
1163
820
3414
2224
731
3011
159
3351
3240
2413
499
2047
2518
3705
3393
2489
2151
4012
1073
2471
1178
2521
1982
2438
500
1530
596
185
2087
2220
2396
1600
2141
3804
319
3565
2939
1045
3094
2976
