52
1131
86
844
1313
3340
720
3924
1581
475
4025
2234
3417
3169
3832
706
1137
2295
426
165
872
1824
4061
2089
888
397
479
3798
4089
1003
2419
3655
1503
3284
1953
783
1797
3036
1435
233
1362
3930
3523
3808
2914
1558
3889
3543
2343
2246
3869
1637
1285
2093
420
2218
3794
3634
936
3730
595
3593
3882
266
724
2727
3069
2945
2395
4080
308
2268
1370
2971
451
2979
1539
1661
1674
1098
49
1392
169
3244
228
1922
156
97
709
2109
1603
2436
180
2512
471
3785
3271
1712
907
2140
3176
2037
135
4001
3012
698
1714
593
3333
1260
504
1035
1122
974
1605
21
1869
463
1863
2347
3017
444
2478
2635
1174
1663
2274
2803
848
1517
3316
3329
3461
1004
373
4034
1702
2032
1321
1253
1805
2221
143
223
2584
1829
424
642
302
1417
3854
1691
2800
1269
3538
2086
3589
2650
2441
2178
2190
480
1771
2955
2016
1084
3352
212
3106
3141
1709
1738
3156
1483
2459
2392
1552
487
2021
881
3826
114
1252
3481
285
200
2114
3502
1549
2571
953
771
3390
1704
3264
561
3398
4056
553
3859
