1347
1324
1840
1599
3303
2722
1387
2751
701
203
3445
3112
2073
2963
3680
1671
578
2456
1211
4045
3663
264
2107
2677
2527
2439
2299
315
4013
2466
2348
1938
3087
374
2631
3272
1133
1098
425
1423
2487
1587
4073
2290
3956
1924
295
3346
156
3565
635
2076
3955
3506
2485
3517
2686
3234
1037
1280
1638
2957
3055
2936
1867
1052
786
3316
1758
60
273
3555
753
2177
3904
3508
2350
864
250
2251
697
2565
19
3239
3725
1700
1131
1853
1233
3706
2626
2183
4088
3671
2760
1998
1415
352
2993
3666
3054
2640
1519
501
2517
3209
1731
2351
3449
1954
431
3995
1388
370
1453
1982
229
3522
2163
3004
3564
1950
1010
3110
354
2833
3124
1301
217
108
3570
3652
2383
1
3994
1579
2138
3241
3474
2266
1275
2680
569
283
56
3050
1744
2599
2700
1593
784
2164
2547
73
3960
3823
515
1262
852
4075
1237
888
2429
3269
2048
4071
2876
494
1256
3194
2202
2069
1705
782
2074
3675
3963
3784
481
1412
2869
1510
3347
2277
3919
1828
1741
3158
1092
3137
2782
2134
2554
2075
2865
3853
2413
3754
1330
591
