1479
1945
2828
2092
287
1020
1733
2716
2388
3282
1229
300
508
3678
178
3680
1508
3441
3712
865
2131
643
187
3822
2897
2567
1135
1818
1303
2442
2901
623
4033
2802
3548
3297
2916
2604
3883
3447
2384
738
427
3965
2978
1834
1914
2910
3311
786
2229
785
3255
3294
1483
1404
1783
3402
1069
1976
2230
1318
2774
614
216
2422
692
2609
3649
2427
1426
2124
425
1156
1556
1523
2956
2768
3475
2344
3145
2359
3364
596
1613
2507
3167
428
774
3449
1049
3312
1241
982
1560
2222
366
923
1875
2381
2770
1180
97
3719
2447
2587
2948
2264
3664
2153
3930
293
1579
3729
916
889
352
2254
621
1219
3717
3504
2855
3018
1033
2769
1559
864
883
3702
2989
1691
1160
1631
3876
250
3537
2888
1951
492
1266
832
2997
3070
1159
915
575
3490
655
1271
3021
631
3575
1101
1805
1693
19
203
2547
3251
1051
1512
800
1542
257
2014
1661
3563
2710
3031
603
2517
2355
1702
3974
1777
942
2283
248
2394
1548
2457
2459
751
1047
887
262
2436
615
851
1430
1186
501
3184
3755
2423
2071
130
3737
449
