395
156
2164
41
923
393
3998
1598
3304
1443
637
2620
3995
2823
1651
935
1615
780
2981
3440
854
729
3352
3218
3709
3149
557
2204
2960
1682
2087
3142
32
1804
3640
551
2348
2395
2883
2312
1518
303
833
2715
3442
2350
1367
2467
3175
3006
2158
2882
1326
399
831
4067
2291
1677
421
668
2100
440
640
1241
3815
3485
2313
3408
2267
1794
2012
3980
1430
2509
3336
898
1126
2552
1268
183
3103
3989
2293
2026
1080
2064
236
3264
3483
2608
427
1197
2712
2711
3130
403
3118
769
864
2471
1144
31
846
445
3322
905
3858
3785
165
1286
1679
1900
2892
389
1258
2733
2206
1777
2481
3965
2225
1491
1076
1688
3417
1465
680
1551
3331
2966
55
2510
3112
3921
2135
2668
856
3091
3183
3172
1254
2154
2222
1495
3
105
1780
3682
1498
2032
3177
3151
1833
2547
3498
762
3617
2938
2488
3098
3116
3817
3377
3548
1671
77
3659
1506
647
1945
2625
196
1469
1909
4014
1419
2701
3586
1118
2283
1213
1834
2462
248
2464
2804
1524
979
790
3318
1479
3479
2221
867
2414
308
346
331
3825
3737
