300
3878
892
76
253
1489
2433
3704
1358
2928
4022
235
1841
866
3055
3140
3882
103
2254
2569
3810
4013
2001
469
626
1476
3905
125
750
3753
2702
3947
1042
4016
2910
3130
1919
897
2696
3907
211
2846
3291
2472
3985
3731
2154
2360
804
3870
810
141
1725
1167
3513
2371
1768
400
2473
1706
2999
799
989
59
1309
3109
1986
867
1361
1916
1018
250
1670
2991
2241
1683
3906
2796
1502
970
757
1434
3805
749
1052
149
2689
3040
2582
1667
1490
420
2695
160
1039
2889
1387
1108
1806
945
3935
2682
1313
3857
2647
2847
3361
63
1553
1403
2302
2823
1716
2754
2911
3943
124
1661
3475
1643
3181
2861
3695
2981
3226
2424
2361
848
1540
2335
3324
667
2230
3795
654
2207
1464
739
2541
1650
1080
2797
3687
3058
3779
548
3584
1498
2275
2506
3241
15
3336
2083
1701
2778
41
2017
2957
3211
1360
1420
663
3036
3668
4081
234
3844
3465
1954
648
1810
569
2664
1895
1947
3372
408
3658
2045
1850
1204
4076
954
2421
2233
3613
310
3894
230
646
895
525
1585
3434
1736
2447
1016
645
1967
