2840
1325
644
3326
3608
4029
2210
24
3938
1099
939
434
1015
374
3242
1202
2044
3237
2011
1916
2227
1538
1774
1383
1474
1118
3403
3102
2211
3009
2800
3854
3014
1285
2165
3021
3020
977
2605
2327
741
1213
3433
2345
1993
372
1302
221
3474
2173
285
3526
2825
2527
1644
44
2653
1258
4053
1975
3692
2484
2428
2766
1195
2877
172
3292
2365
3944
2378
3856
2324
2695
2039
2032
2449
2956
498
55
3633
1839
158
2788
288
1298
3092
3821
2715
2503
2669
2953
2576
3298
2101
3086
2513
1728
833
2466
1934
887
3437
3469
2604
333
1033
267
1870
3869
3350
780
3302
2415
1515
731
812
2547
4019
2958
270
105
164
108
1092
3293
3160
1624
1183
1370
715
2508
717
2870
3935
3114
676
595
4032
3442
3265
1687
2764
1902
3399
2130
3638
2501
1005
4055
1306
413
2738
3676
2447
43
198
2471
2642
235
1985
2284
3799
1834
3716
3761
1505
2477
3560
2409
3834
1891
1968
1012
4027
1448
3456
1582
1264
1075
73
1783
892
3662
3957
2793
356
2007
3404
2478
545
2138
1744
2147
1149
1081
1843
1577
1699
1123
