399
3528
3412
1385
2318
770
1398
1119
227
3341
255
2282
459
3363
4036
1818
2537
1329
3640
2408
3645
2655
985
3563
756
101
1962
1504
1857
2356
3
2462
611
331
2897
987
3746
3485
2395
3910
2402
1999
216
1870
3235
1972
980
753
1463
1078
208
2752
764
2992
3612
3118
2682
3057
2330
1987
181
3274
3715
3000
3688
260
392
1949
3959
4070
1873
1103
1538
3064
2081
458
1188
1161
1268
711
3984
2508
914
1042
1450
3074
965
3873
2293
1156
3731
996
3513
2641
464
25
3961
1854
486
1881
1480
1333
215
1451
2920
409
2679
2558
1137
351
2054
1732
1071
3231
3598
406
1443
1153
2859
2853
3186
2760
2048
2926
3069
202
852
2498
2936
802
302
722
2963
3579
3549
3372
2948
2547
463
1020
3236
2787
1917
171
1479
1174
4075
481
3964
2519
3934
1525
2243
2226
2012
633
3299
3239
2757
2905
2090
2844
2393
898
665
2448
1787
1926
2085
2120
3298
912
1048
1043
2002
3906
2245
1115
2870
2962
1380
3867
1406
3088
2284
1087
3967
1843
2746
1559
3723
2846
207
1242
3945
1382
1056
431
2333
2136
