1843
1447
2769
879
3439
3412
1503
690
3636
2326
303
3086
2878
98
2703
2293
3993
210
3093
118
659
1674
2884
1585
3194
2978
3525
2533
972
1875
2973
493
255
2961
1015
18
2021
1456
1589
1330
65
2235
3870
3608
451
1721
321
531
1491
3351
510
506
2392
476
1352
977
382
2073
1523
733
51
2904
3512
2314
2296
2007
1656
294
152
4027
3225
3931
3406
2460
620
1922
1481
3006
3671
950
2328
3137
2292
1574
3434
4079
2772
3027
2724
1774
3281
2627
2758
3997
819
3383
2617
1012
2736
4048
2507
1516
190
2434
1296
1961
3378
3532
601
2124
2536
4039
306
2266
2686
2164
2213
3456
919
1699
4095
666
4043
1831
3818
1363
1561
319
281
520
1355
2196
1010
2821
836
2628
2602
465
318
3577
820
2039
3149
1541
1611
99
914
998
4040
3352
854
611
1921
1760
639
3761
335
3367
3306
838
3974
16
2999
2606
2690
2893
1788
4007
2791
1247
3046
840
1283
4026
2770
3041
2728
2251
1286
2272
2037
1954
3174
2829
4082
2560
2051
2316
2273
1177
1896
1287
3189
29
2995
79
522
3829
301
2983
