3522
2418
17
3525
1013
3102
778
625
3169
3163
3887
2847
1597
1077
2093
1413
799
2322
784
3734
3705
681
549
410
3157
2797
3531
3423
3866
3078
3786
37
150
441
1543
1167
3938
2778
1339
3338
3508
56
1115
2570
361
748
2645
3005
2302
3548
3385
345
1842
2020
1269
1390
1052
1821
3900
324
3855
1931
1718
873
1799
2977
2888
2258
1212
2491
937
1812
3195
1073
84
1572
980
615
1463
4056
1780
4037
1497
1438
2132
3528
3328
320
2732
1506
121
1429
3812
2203
926
2816
1749
734
3480
2255
3250
3234
3856
1393
2572
3512
5
2362
3500
1814
3159
1968
137
3850
2337
1811
3134
1254
106
3440
690
60
1217
2182
1005
1615
4077
2533
2843
497
2892
761
1472
1467
3514
4042
4079
949
459
927
1951
2972
666
2427
1678
782
1372
2914
226
1605
4093
575
2859
2115
409
2194
3239
3688
4038
3421
505
1518
1391
1495
3669
3182
4019
1
535
1049
1457
2042
1826
639
3530
2164
1631
3581
2087
2985
1242
714
1087
1865
2113
1488
307
2332
4074
2521
142
1934
627
1095
2259
3659
3784
2175
2389
3927
