3509
1115
365
126
867
791
1760
2371
2691
3805
3393
3668
1748
568
1692
92
287
1476
3100
1584
2563
1840
3964
2027
3776
3547
3194
705
3249
1426
2288
3617
369
324
1385
1204
1178
2863
145
3742
398
2105
3535
322
3691
1523
3517
3220
1662
1109
3951
1124
975
1622
1497
291
3378
2759
3799
3364
2404
172
1500
1886
2001
2359
2875
3746
2888
4077
2541
995
2510
2673
3433
1827
888
3597
457
3832
2894
2205
3855
3189
138
2615
672
237
3864
2010
2018
2872
1644
3806
2451
1882
1411
1493
2546
385
1989
3119
2903
2594
3455
3619
2024
351
1546
1009
2422
2918
743
2519
3632
2104
3371
2376
216
2578
2078
2718
3377
3831
2709
181
1257
2511
1936
358
887
493
425
660
418
1045
3416
834
2666
2877
2658
2832
2826
113
2011
1801
68
666
285
1594
688
769
3801
648
4000
1287
1113
3640
158
2314
1713
2904
628
461
2838
3922
2682
35
317
583
3739
3578
107
2568
3123
1896
3892
3428
1414
486
2465
1802
2158
3459
3164
3642
978
1334
2300
3443
4057
2463
197
2575
1389
934
139
1037
1980
4032
