76
3888
2162
2766
1480
1459
806
1665
26
2577
2284
238
268
449
3258
518
1923
2570
19
2288
3811
3673
2058
1203
1588
3941
3552
2812
1919
2152
3810
1676
1969
1765
3913
988
2484
3808
3671
2916
35
1085
3202
3429
930
2858
4057
4029
2302
2319
519
3218
2630
3776
161
2555
1770
1001
3636
2478
677
363
818
1811
2554
2803
61
352
1688
2910
273
124
1610
4059
2004
2595
1169
3449
2187
1482
2332
3813
1563
1814
1894
4080
3373
3732
1755
664
921
179
3491
3688
1695
3022
613
3773
1341
515
1212
1625
670
2135
4021
2440
3499
871
2039
1057
225
1800
573
440
2112
2747
2955
3480
3904
2770
3689
1746
2547
3054
849
1192
821
3519
2912
2487
1891
1559
3038
807
3080
3266
3594
2450
3189
1759
2401
3914
1809
1004
3368
3622
2867
2851
2780
2411
1088
396
624
3305
316
1993
1285
420
2003
1257
742
3779
3968
27
582
4041
2346
1648
3609
2578
2461
2994
3716
2201
3513
1727
2024
3411
781
3402
1620
0
635
3230
3780
2850
2406
1113
938
326
1324
3730
1797
2158
796
1524
3148
2146
2586
2421
