2235
1295
2750
1122
734
1044
1466
438
2956
3994
240
1733
2721
107
1360
1106
3009
103
3152
2496
2215
2666
1417
2754
1233
2247
71
300
2668
1118
1089
3298
2417
448
2532
67
1453
1284
297
1892
3290
542
358
168
1948
3942
2559
488
2479
2995
512
1337
3661
2996
7
3655
830
578
3986
1267
769
1580
354
2045
3997
2073
2594
1586
346
1728
3406
927
2355
1100
3610
1886
2021
478
1979
2894
2201
1857
742
1906
2934
97
318
3524
863
1263
3402
656
1894
18
3143
3722
3278
2851
2280
558
4027
2700
2353
3917
3962
671
3293
3836
2014
1447
3171
244
659
3366
2305
56
4069
3345
2335
2294
907
2595
935
3401
2079
217
2131
2684
1567
241
1293
835
1596
1050
1200
867
2812
4073
3005
4068
3126
1007
2106
2255
1430
2109
2834
2439
380
1918
2292
557
2
2932
3172
3363
3723
3103
531
631
652
3237
455
1318
2890
1533
3491
3262
798
3898
1842
1820
1488
3094
904
3627
1030
2137
1794
1819
1411
2086
1610
2498
2222
3047
2979
2961
2482
3889
470
3168
146
2105
1756
2566
1183
2643
702
755
