1785
2739
2054
338
267
3326
3106
768
1408
3949
2956
2363
1968
1032
505
3669
3912
1154
509
1228
3202
2769
2118
1914
508
2188
1183
1030
533
694
1384
1457
226
2762
717
448
745
1258
35
3913
437
145
605
1721
1303
2080
3261
1947
2406
3042
808
1662
2214
1626
3612
1307
2366
320
1559
3367
1317
1874
2318
1681
3274
503
453
3027
3087
2057
2451
813
755
2810
2955
1387
1116
2093
1921
2842
546
2308
1248
483
742
2352
2039
1557
404
1630
2127
1779
4065
1170
1296
557
2989
3730
4013
2558
1659
869
1849
2994
2962
1976
384
2740
4041
1068
1155
2090
2809
2267
2487
3507
2285
2345
1503
1633
620
1913
1574
3981
1243
1567
1013
2717
3406
2273
1266
4006
3876
2498
1873
2176
2690
3200
2645
991
4082
542
3183
2191
2977
3400
1094
3549
1813
2845
255
130
1049
3672
4009
47
1515
3643
3764
1966
250
1199
937
3116
2453
621
994
2713
4075
968
1901
2147
1672
2270
1211
1534
3628
2872
2800
3711
3534
371
3082
672
1900
1920
2263
1643
3868
3410
2591
299
3436
696
883
2789
780
4095
3529
936
