2774
767
3489
958
3331
326
2876
2931
207
4049
661
128
1101
1416
1459
851
1758
4034
2594
2877
2043
2856
2218
2294
3920
2563
1458
760
3267
3297
2233
848
1269
2697
315
1783
1883
1490
2521
1895
619
20
437
3766
2831
729
3983
2078
3910
412
3263
116
660
2785
2538
716
749
1707
222
2883
3177
1511
1236
3801
3016
3061
1599
3142
2037
288
2727
3690
1579
3774
829
3184
2949
2921
1821
3954
3370
1691
4025
1954
3261
1154
411
3871
3938
3154
3231
2616
2168
2196
3926
2412
3291
936
2026
1506
3477
1920
3707
1480
4013
463
1876
3458
1718
3833
2443
2875
2402
1779
3219
420
1871
292
627
2799
4083
2009
3710
1757
2099
2327
671
2353
1617
21
2364
54
3850
1371
813
1747
1912
3751
3747
1339
3372
2675
1921
822
3912
2788
3128
810
3512
1089
611
2721
3273
1803
2151
2433
3860
1756
4036
4029
3423
1444
3537
1348
800
2131
4068
2736
374
1977
1917
134
3950
769
3841
500
698
3197
3361
1018
447
3122
1323
3335
3242
2215
1454
1190
114
402
1580
2044
2258
1790
3258
3561
3381
1250
2342
3781
