2275
1493
165
748
1203
404
3928
431
1507
1621
2062
699
3469
3011
1194
2057
311
989
2279
1293
3799
159
1088
3035
1183
180
1242
3351
733
383
1053
3565
1938
447
1289
1824
1297
1
3283
3915
2431
4026
2474
1040
641
2920
2466
3010
1930
2725
2723
571
2129
2195
1072
1778
3123
2921
151
3782
3623
278
3789
3435
2883
498
3376
2118
1654
419
1164
1984
3342
1658
646
541
4021
181
32
1681
360
3246
46
502
1774
305
795
3836
3456
2481
196
4029
90
2864
4049
1170
3051
3489
484
2932
490
3626
986
1715
3055
2397
3823
1026
1713
3313
293
2311
1480
4027
2059
487
2024
2387
1385
1776
1550
2612
2874
3641
1249
3954
1070
3946
3817
2533
1071
758
4005
4073
2545
1365
3830
960
128
2552
1934
470
3812
3198
2753
886
1896
2581
374
3467
2640
3475
1962
559
1606
3399
2838
2241
2928
2479
875
1929
957
3548
1131
3658
2236
785
1756
2280
1766
2713
3052
995
878
906
2944
899
1475
2638
281
2780
738
2957
475
24
1734
3550
2470
2095
2684
2264
3014
698
38
3542
2808
486
3324
2068
