3529
2283
2846
2099
1657
2548
1018
437
3442
976
3188
3354
3706
170
3561
1659
570
1185
1667
1111
2389
2455
2925
3404
3842
3199
555
2647
3255
740
2172
2952
172
2979
3054
1149
2150
1883
2832
3268
2209
1055
1325
2610
1550
1114
2197
2272
4010
1955
1235
2058
3517
2361
2666
3289
845
1711
2641
2293
1494
2445
1371
1580
3175
3796
2940
1038
3690
1264
2530
422
2033
712
1032
3071
1501
1228
3532
548
1131
508
1288
2189
2806
2767
3170
2597
2127
2227
1457
2477
1779
3473
994
3311
879
2059
2038
493
780
2906
2160
3687
3846
2664
3476
1765
3758
3832
147
3307
929
2316
3143
369
1299
3203
3930
896
2759
2652
3911
3396
1691
3117
750
1860
4065
2881
2677
1496
3314
271
4070
3791
82
2107
722
55
295
1118
3751
45
3897
3514
971
305
2966
3525
810
288
66
263
873
1780
512
2336
1687
1142
122
1211
2691
302
335
1589
3038
251
238
3487
1028
3046
2324
2553
2380
27
1790
635
3079
3062
3939
939
1856
3127
3083
2959
1379
1182
2491
1482
2948
3530
2267
3500
2967
2164
443
3099
2868
2669
