1565
2441
3934
3508
607
79
3356
2551
738
1130
412
2759
381
3852
2201
2997
2336
553
2066
598
3631
2512
366
3997
3250
1204
498
1186
3932
4090
335
1385
1101
2523
2744
2439
3507
372
500
744
3398
2269
3058
2785
3329
1165
1800
1320
543
2375
835
3193
1603
108
2393
308
1863
234
1639
1283
2710
735
3061
3528
2729
2647
2331
2539
736
2676
3815
2451
1850
407
1114
1953
2670
3736
80
3763
661
1814
2790
3200
633
2977
3216
2695
3810
4052
2848
3208
1264
1840
2282
3189
3105
703
2776
164
1993
749
120
829
3203
3281
1949
3532
1119
248
3019
1230
259
1837
2463
3855
139
3877
3269
1061
2923
2087
651
3587
2830
902
3060
4064
2538
627
3036
3414
3617
933
1642
143
726
3277
136
3427
284
3380
1086
2912
876
2905
1955
2608
318
4080
2410
16
2641
2264
2868
2477
2316
245
702
3046
2988
1695
2560
26
3377
57
3360
1111
4013
277
78
3009
1044
1716
1562
3572
3261
677
3368
3499
2161
2545
173
214
682
386
3330
2750
283
3067
1967
2185
1029
4021
2863
1799
1234
3458
672
3234
