2379
1951
137
3258
1809
3828
1411
2683
3004
2963
3843
2320
3588
469
3254
1709
2701
211
274
3646
1118
826
3055
1835
1756
1818
1111
1697
2833
590
3552
3273
409
3162
2165
2170
2876
2367
1084
636
996
1883
1581
2642
3760
3977
1369
187
1184
2505
1311
3657
2186
3075
1178
1158
505
3870
1583
2465
1720
3619
39
2720
2995
1233
1569
1334
1747
3991
3747
408
1481
3398
2735
1412
3444
1143
1966
315
2475
486
2902
3506
3599
2051
3097
1019
101
3480
1926
3706
1833
14
1314
929
4075
783
3072
3435
3834
3276
1496
1057
981
359
2998
2606
3676
3156
3287
2125
585
1425
679
1179
1091
3467
1609
2050
1133
2323
3511
946
1086
3328
1005
2021
2415
1840
1050
3381
2058
1457
1822
2467
1713
133
3858
257
2356
1940
2234
3308
3049
3045
2558
1374
582
507
3375
229
3084
2802
4065
2152
1077
4048
4049
1292
704
431
141
858
3340
2131
661
563
3282
3968
1259
1666
477
2540
831
66
1157
1645
2626
1702
3050
2608
3849
1821
3103
1912
2774
3168
1460
1618
3993
2703
3880
1798
3654
2067
3230
3910
1796
2251
