569
3065
2238
3636
3758
2661
2154
775
2381
444
1122
1189
3514
1458
2093
375
2932
1759
3678
2915
255
953
3109
1196
1819
2443
956
3563
2497
7
1488
1871
2148
3707
1164
811
3757
624
769
2201
3972
1232
496
3
885
1997
825
285
499
2687
765
4030
238
3762
2301
3018
3943
185
730
1302
524
3453
3292
384
3777
2378
3076
2162
1830
853
3645
3621
71
3767
874
3820
3143
236
1326
90
1608
2559
3375
772
3469
3488
923
3933
1850
992
3311
3517
1085
1797
1964
1419
2980
610
2824
961
2058
3027
1281
2254
2133
3901
1509
1149
979
2423
2023
2185
3859
1184
3908
664
3302
2507
843
3290
190
2554
2822
3895
995
828
1872
1420
3196
2329
3014
895
2724
3125
3773
2614
2656
978
1996
4047
1059
675
1783
504
125
585
3825
3811
3116
2016
818
2898
3677
1370
1761
729
1976
1273
3826
2284
803
2496
2524
1662
2140
1524
2671
2277
2070
1207
3691
1618
324
3671
2360
973
2659
2365
401
1575
970
1722
1847
1931
2007
2707
625
75
419
1068
2466
2331
796
566
4025
3356
2247
2994
3160
1253
