3628
1619
232
2890
1819
869
1596
1186
3564
3376
1940
2609
3607
1922
2207
1172
2427
2728
3285
1144
3962
1459
1401
1354
53
3573
2549
2062
2495
2679
3948
231
2538
3256
1889
1705
596
95
321
2270
2129
1318
2353
701
2294
970
3050
3932
1157
209
1771
3968
1314
3646
249
1284
1189
1397
862
2720
269
1404
2612
2437
2636
3520
1386
619
1828
3673
4036
157
59
1776
1981
1945
3558
1962
367
2602
1804
3987
2721
774
3924
396
1932
3270
1593
3959
3146
3889
2507
3468
3936
2621
1878
2732
1851
2217
2525
3482
2872
3513
432
3475
196
277
3117
648
2272
3500
1169
715
2000
165
207
1373
2171
244
1151
3791
3255
3226
522
1474
2264
263
1903
1301
210
1273
89
1359
3909
75
11
2601
1599
2672
1029
1048
584
2991
3619
2803
3214
2345
726
138
221
2151
1650
3934
417
3434
524
779
2619
1145
792
1863
3604
2196
3435
1857
855
2978
3608
2783
1089
129
2021
2401
1165
3028
3305
1823
981
2389
1289
3501
3193
447
342
3524
179
1476
2797
301
1022
1309
2092
354
515
2168
599
1486
3363
2727
