3572
3424
2706
1442
1781
437
3872
2950
107
1826
61
818
763
2711
1472
3059
1454
1817
1397
3724
1512
2158
1711
446
2541
3860
1613
1648
1786
3618
908
3280
3943
243
3023
1529
3481
3337
1166
50
1509
439
1337
3582
1143
77
2902
1956
3398
3737
3121
2998
1264
2756
2857
149
639
1736
2044
324
3810
2876
2679
1401
521
726
500
2490
588
3735
279
465
2460
330
3106
1465
3039
2011
448
1876
2230
1536
1392
3201
3873
3436
2201
2982
2556
1989
2975
960
3840
265
3298
940
2517
3470
3884
2223
844
2040
2078
4038
2921
2226
3898
3919
2600
1616
2807
2290
2189
51
1411
1055
2908
549
2439
3776
2417
1523
2429
3206
1174
1082
673
1059
949
1803
4095
1845
1435
530
3305
4053
3338
1366
297
2981
1351
618
1639
3057
1979
2522
744
3123
1256
3381
3896
3216
1031
386
2687
2573
3640
2060
1178
1281
1036
1763
808
560
2589
1766
1983
2938
2633
1478
11
3771
1920
3875
756
1987
576
703
2052
930
3820
347
592
47
3286
777
3664
3278
3844
2455
3267
4005
552
2220
215
2140
1388
2912
244
2331
