2427
3895
711
1133
3030
2830
3572
2300
3777
1316
444
383
3331
1380
1682
1424
2251
343
1052
2832
3155
3902
1287
2993
898
962
761
3618
350
1896
2336
1831
1943
3604
1292
3452
3284
4023
1774
1664
2843
349
2872
959
3309
695
1626
2390
2062
2151
2835
1107
1595
2537
2684
1322
1654
1529
1201
3800
217
1923
3805
2919
1398
2058
1442
3357
2397
3964
3325
467
254
3765
1873
2385
2407
207
1500
766
34
557
1362
441
568
2064
1011
1642
440
2480
1955
3041
4075
1846
1925
204
412
3577
1648
3221
1093
3045
1503
2508
4016
1229
994
1566
2738
2428
641
1173
2602
1260
3994
1807
1418
2599
1551
1924
405
2081
2732
2050
2230
2419
1612
1251
122
1053
3166
2379
2172
2613
937
805
2566
1559
933
2734
3792
490
1806
3874
2739
455
1213
2607
3134
3827
3975
3783
1039
3084
1166
2468
3290
1154
3044
861
2661
1494
3802
1141
3757
2219
1337
903
3119
1629
2029
2669
3782
3375
1518
3960
279
2838
3887
2078
2066
2004
1877
1997
1197
2836
1810
687
2949
3851
282
1125
4030
1084
748
1579
3665
2604
1507
2462
