3872
3697
3310
2371
26
820
2732
3598
384
1466
3931
3731
3183
972
3206
1390
2402
3328
2478
704
2490
2454
319
3068
2987
1256
3983
2828
1946
609
3159
1303
152
1549
2931
2743
227
2403
1396
849
3270
2549
177
680
3211
2284
2285
2217
3447
1819
4085
520
95
29
868
3765
2957
3131
1182
3894
812
1498
2876
3256
796
1543
2803
114
3499
567
443
1028
3163
1855
3190
2279
2580
481
3350
104
2950
698
1284
1635
3194
2897
2411
2612
996
2400
915
2785
2687
594
3063
3882
1141
176
3011
209
3963
502
774
501
2741
3845
513
3185
5
3474
3213
3262
65
803
2891
2029
517
3869
3301
3730
1169
477
182
3116
2576
3766
1082
1329
1018
2798
3367
4012
3930
1019
2314
1291
2435
1025
2926
3752
459
3629
341
1929
99
2049
419
4067
1244
262
2882
3507
1384
2847
2883
2748
596
3632
629
2851
2749
270
2796
2831
724
1953
1740
1531
1467
2661
2966
2032
3248
2334
3773
2210
1480
3593
185
1747
1788
1461
1042
1615
1569
101
3184
1713
1804
3652
3518
428
2308
2841
1187
3543
3939
3560
1837
3188
