3221
1680
890
2058
2531
1378
1832
3062
638
665
3488
353
2362
670
3386
1175
3028
1047
2357
262
2178
3208
2977
2206
3778
1734
772
725
1473
1072
972
822
3965
135
3618
3764
2731
1729
3096
288
3242
1519
210
810
4094
1902
2409
3766
3856
1897
2245
3446
1655
4057
3720
1039
887
2225
36
895
2435
2903
1639
2478
1158
3950
3346
3092
3542
2883
3543
2446
2665
3595
3514
735
238
2217
616
4056
2791
3233
2553
3608
490
2759
2119
177
1953
4047
3014
1742
2392
3056
1452
94
603
2068
1893
2789
2869
3713
2013
515
1215
1638
2845
508
1726
2502
1852
2462
2878
71
672
3450
3898
3955
1059
3302
1145
2537
245
1068
2233
2837
1725
1030
3189
2288
2204
389
1243
3142
747
3389
648
4015
3557
3708
3747
3143
3192
1773
46
1752
733
724
2036
3999
3126
3590
3547
15
594
3255
1196
1927
312
1382
3874
455
3261
2211
3528
3050
3521
727
579
3148
4027
942
1502
1730
1493
425
3541
355
2410
3959
3195
296
3442
1602
883
1574
544
716
1105
3202
173
2324
444
1231
1264
1616
896
4024
2037
4082
