417
2045
2902
547
750
247
2402
1841
2060
996
1691
2677
3001
3113
238
22
1639
3022
1148
2149
381
1554
1643
2581
1894
1145
1989
2925
641
3580
1913
640
1673
2664
472
2623
3223
1904
1746
197
2197
2447
1354
3435
3217
615
3781
1875
2860
2931
1199
250
808
15
3462
571
954
3999
2398
545
2818
338
1200
1829
2478
938
3949
2256
1170
1885
2345
251
982
1494
3332
2217
405
1883
3369
47
3441
2621
2248
2424
4048
2915
2549
2163
3798
126
1116
2482
3248
520
190
3910
3570
4019
2596
301
1075
1749
2499
655
2467
2797
3069
3531
3495
3680
3698
3379
1462
741
991
2082
146
465
622
676
3215
3420
976
3777
1657
4028
2604
3572
559
903
660
246
3675
3043
1492
1333
2861
1021
3894
1387
746
3874
1716
3711
2911
700
1518
1859
973
2571
1698
2642
3878
188
1440
875
3273
1036
921
3517
3734
2049
2073
3828
36
1835
170
3550
1242
3749
3687
3640
1122
1172
539
597
1178
1144
3832
2320
684
2710
2674
1517
643
90
860
1348
3143
3480
2912
2957
285
2083
3868
2888
2165
2476
1721
840
