3777
913
2749
1036
3373
3086
1978
1238
368
235
1319
3185
2728
3696
3522
3623
3508
2736
3660
1674
3505
2009
548
3243
1806
1749
3737
1704
230
1033
3206
1784
2117
498
383
751
3617
3331
3145
2973
1864
2025
606
732
737
1106
295
2552
2027
856
370
2294
2971
1361
2902
1201
3584
3305
3639
3111
3365
1573
970
349
1479
1097
1669
445
1254
2592
1714
3926
3770
3735
3003
938
193
178
2170
3329
3571
2298
3874
2007
2990
225
1112
3661
404
2760
3178
3636
669
706
3753
830
859
2581
3816
244
1108
3248
4053
1505
2755
346
1024
4061
4033
2909
2861
776
1584
2272
3608
3130
3224
1386
173
2142
1367
377
2023
1405
2886
1415
2921
3928
1656
1114
1457
469
3981
2930
2439
443
2874
3555
32
3942
654
1543
2791
2696
1642
1397
874
1330
1438
2187
1072
3997
3321
3464
1432
2619
2133
316
2046
1638
550
3609
1853
1216
3410
4003
1540
52
2744
2481
1875
1312
1936
3328
2948
3067
616
1766
527
155
3349
473
1192
332
1020
952
3643
3088
1593
798
2846
2586
1645
1707
272
3895
2212
122
2665
897
