19
3868
589
2158
223
3313
222
3318
517
3167
1393
3531
3682
2927
1253
1433
2250
188
1884
2191
688
3449
3533
3091
2409
3209
583
2693
3952
131
1386
962
2370
2562
3388
1346
1411
686
2237
2476
3152
189
985
2383
2882
1256
1159
3619
1312
110
3069
2343
1391
3350
2517
2729
3899
3692
180
1841
955
3203
3307
1019
1670
1584
3860
4006
275
3727
433
3520
4066
1009
2062
1662
336
3140
2165
2791
1279
2680
3621
679
289
1525
2136
1826
280
2940
2295
857
1913
2376
2319
840
3702
3010
1794
1697
3789
1703
161
1209
1450
1087
2440
2341
3038
3426
1480
2355
3192
3825
2743
3005
2503
3770
2109
93
999
530
1574
1800
198
1743
1008
1545
1946
595
3425
6
1736
2281
2138
2537
3427
1066
481
3020
1976
2597
3267
3998
3562
528
2223
3093
936
351
1765
1425
1865
1514
525
1908
1413
3178
2163
3211
861
546
3252
2671
1748
1638
3918
2367
1623
3639
4095
489
2924
300
577
1790
2978
1544
1470
3467
3422
2895
3320
2342
52
1282
2073
2388
1179
3137
2521
3730
2973
749
1333
1189
2447
1577
2947
2969
