365
1576
2471
3424
955
2177
2056
1979
2616
768
2351
1625
2052
2237
1001
2940
2765
3402
589
4035
3487
3401
4085
1894
3598
2850
1669
1789
454
3492
846
1987
2541
3825
2511
1419
1989
3297
2739
2394
278
1203
1305
3367
1022
1926
331
2375
1947
3228
3283
3577
3019
140
1340
3029
1273
2231
3835
1838
1061
2878
3708
1999
1053
3032
734
3505
2782
685
1386
1732
10
2822
2291
2678
3748
3767
1068
23
2913
1457
125
2067
1233
4087
1102
595
2155
2088
2278
3930
1370
1763
2550
2206
4024
793
4063
2132
741
1480
3992
3192
3530
1706
1226
3809
41
2792
4040
604
67
2984
2305
971
3722
2572
3921
1417
236
2606
2267
4051
3931
3801
248
790
2937
2743
711
3888
3544
3532
372
3110
763
509
2923
776
2441
1338
76
2783
735
3726
196
3233
2007
1462
2528
3908
3278
3379
3922
3683
3610
3907
198
991
1994
532
1503
2479
3005
3584
1665
3517
4084
3724
903
3526
2667
3677
1534
3012
2145
2722
138
3313
891
977
3090
1292
3520
1209
2670
2646
2658
3491
2577
3511
3154
3326
2020
1455
2836
1086
3893
856
