3102
2438
1445
3065
1819
119
946
646
2245
661
3532
2839
1469
3418
2913
1000
1934
891
2234
1845
459
626
805
4024
2462
3480
424
2444
2935
958
3787
745
3999
1480
1637
3372
638
3603
3673
2759
1040
1704
1347
1799
802
452
156
985
1913
2480
3884
3253
369
3834
3933
3147
3258
928
215
919
2597
155
942
2437
1626
3058
2664
1329
678
257
2764
940
1022
1954
2908
2936
808
2402
3540
608
3231
2896
2409
132
1112
2256
4080
3516
3643
3385
637
371
950
2779
3877
2346
611
2808
429
469
3167
2299
477
3635
536
3633
3484
165
3270
1719
1061
4052
648
161
1368
1052
3153
930
839
2112
3111
1993
1039
3298
1412
2965
2106
3873
3541
2211
2583
2088
1105
303
2902
4010
3789
1957
3063
1342
1004
3104
1013
3189
21
3331
1770
47
1964
204
2445
2311
2667
1945
780
207
2871
2101
3414
3680
1107
3361
3893
3599
725
1251
1140
2049
2367
82
2010
23
1421
1928
1973
1266
414
1186
134
980
3053
2176
3095
844
3328
2117
1932
270
1149
2544
2125
3022
3725
1635
12
2521
1287
1760
275
3459
