3293
3208
741
3197
3176
3584
2019
3289
957
3769
525
2905
2038
3130
3950
3622
1060
1272
171
2253
646
2342
3499
3683
1169
2324
3184
2193
3978
368
1043
418
707
2451
1359
417
2201
803
3115
771
1190
2650
3082
1028
2008
2135
2871
545
523
3075
332
2538
123
2586
3798
1180
3791
3383
593
3284
1199
2237
3708
1175
522
750
2354
3147
3722
3378
2304
2485
1661
2439
425
3331
3827
1183
2838
2280
3486
3288
99
3625
229
2118
1378
432
3588
2062
2078
3042
3585
3809
3312
2224
1418
1482
791
3553
516
1113
3169
303
1021
3096
1825
1838
3105
840
2757
118
3114
1933
2489
2100
3932
4008
1842
3167
398
643
2635
705
2513
1073
2410
1882
1214
3108
3897
2415
3793
852
1623
1943
1672
448
1510
1061
3066
1054
775
2437
2282
1519
3479
1223
150
3632
743
228
3687
636
2535
2583
3057
1530
781
884
4088
3678
1507
257
1738
4078
613
1566
1074
3679
1853
3572
3789
3704
1331
1093
1298
1194
3143
2357
3406
3988
870
1124
512
2797
582
531
2412
1558
3262
1238
2652
1263
1273
2164
1680
1035
3818
1117
