2975
2083
2491
781
212
1407
1709
1438
2571
1676
1710
2256
3982
2498
546
215
1005
2376
2279
2024
2438
1485
3649
3337
2954
2852
2839
762
2295
3732
2845
2030
479
3575
1971
254
2064
1778
1706
2157
2161
3661
674
2155
395
3706
3658
2440
1816
3193
2978
2387
881
665
668
1481
813
945
312
566
1974
2145
2466
2247
1440
2317
641
4042
1121
2499
2876
2677
1246
2018
604
2026
3587
188
761
1307
2378
272
4052
1837
3550
3792
3599
1703
3796
2710
3225
536
3964
2303
1019
3625
2863
2124
3923
2035
1916
2637
1333
1546
1363
3726
1464
1029
1940
2959
3250
1862
187
439
3610
2786
45
3944
1630
191
1280
1601
3060
760
2293
2625
2736
1669
3025
1836
3598
4062
3359
1473
531
3945
2036
2514
3876
118
2747
226
3794
96
1502
3526
1077
1292
774
156
736
2920
3103
3808
1990
1308
1062
2988
3812
2364
2611
2814
3283
3375
611
3985
2958
3335
3971
3929
1793
2619
50
2733
1112
754
2825
2182
1209
422
394
899
3891
1568
1785
392
3388
2374
2881
1821
983
1234
2569
3626
2543
442
2582
270
1074
1499
