1817
1211
4054
1677
1101
716
902
1766
2283
1613
1483
2710
3355
2116
2818
1800
196
2637
1686
3773
3770
2518
1090
1351
749
3167
1267
3935
3613
885
1993
1140
2132
161
3028
3819
2732
1899
1700
3372
2568
1404
2716
798
1407
3771
2699
624
1558
437
1955
2367
1323
1868
3503
2846
3698
2965
780
2643
862
2018
3111
386
2049
3187
2978
1530
2610
113
3012
2616
3744
298
678
2266
1059
2527
2653
1105
1133
2346
4010
3661
3025
3961
2460
1468
1991
384
899
1041
1519
2190
285
2340
1866
3657
1795
2269
1711
3092
9
836
3673
1939
1898
588
1702
2086
903
2164
1914
317
3948
2443
1379
3479
1672
1273
3442
2324
2457
1210
1533
3797
1206
3548
3226
89
1098
415
406
1082
32
3763
2697
322
1493
2826
3707
1192
1018
1049
2760
1847
1336
3048
635
3385
3401
2596
47
3904
650
3971
3703
1992
204
2230
373
3976
2494
2030
1281
195
301
122
3847
4022
456
1341
76
3402
1125
2153
1174
249
1026
3384
1717
3135
2140
2524
689
2399
2252
1226
1386
1655
2581
3398
556
4006
2791
2717
1064
574
296
2953
