704
3142
3092
2208
296
2718
3210
1188
2090
3689
834
1018
1602
636
2169
2592
651
683
37
4073
206
3669
533
1598
1571
1813
3680
3265
336
913
1307
2526
2408
1882
682
358
3527
926
4033
392
3519
4035
3056
272
3796
216
3279
3078
3860
1527
1059
3611
789
3236
2315
811
536
664
750
2778
3291
1903
2384
2088
3595
3634
482
209
2263
2386
353
508
2316
2908
2661
2584
1793
2994
4032
3337
481
3018
1809
1231
771
40
161
1770
3966
2278
2656
387
2422
2043
2669
397
1137
3898
887
2158
2626
1542
1041
519
711
3182
1051
2304
3609
2307
1343
925
1404
1007
2558
246
2909
2465
1225
3140
3593
2734
1708
1289
584
2614
3793
3559
1382
3648
1863
3408
3683
978
2861
2753
363
2070
229
3858
1440
6
148
3522
2476
701
2181
2616
2425
3365
3804
1896
2333
1500
3921
1171
2244
1251
1718
575
3049
2869
2337
977
1507
1859
497
2760
2124
1133
3432
1730
885
2217
2859
3621
3428
3128
203
1923
848
3699
3772
2791
3074
3469
1194
748
1791
2295
1660
1766
3566
2865
388
3216
204
1919
879
744
