3527
3071
553
435
2074
2814
3022
2917
536
191
1945
3717
358
590
1054
3660
486
204
1046
3438
3115
1406
2527
3122
36
3683
1115
1911
1874
325
157
2759
1891
2641
296
518
374
3551
2081
643
20
2219
1551
1103
2270
2920
238
2552
3268
4060
2665
2974
3822
952
1148
3903
3935
2409
2581
4041
81
1757
3497
3200
320
309
3423
3728
153
3789
3857
32
3699
2459
642
2999
1742
3187
75
186
2145
3034
3341
1633
2653
718
2763
1322
4012
3192
497
2256
3298
3641
3503
4081
2122
324
96
3005
3798
2960
4032
3691
2681
698
1844
2879
2854
214
2672
3215
1158
716
2492
633
2045
2972
1880
767
1451
1157
178
3195
2723
30
1941
1257
1765
2157
1108
2555
2453
2563
2886
819
3052
3730
2595
465
1720
3295
3146
1035
571
822
201
2618
1937
2363
3403
1763
3518
987
207
433
3370
31
816
22
1381
3668
547
365
1287
578
4038
1199
1099
1618
715
3627
87
1681
383
1129
2810
3132
1354
632
1094
249
3750
3297
1362
3151
2161
2871
2321
932
3979
1325
3265
920
2794
3988
1758
3980
3544
3203
