705
754
2022
1946
2191
2661
1477
2839
1157
3960
293
1516
3160
1163
2140
1110
3062
786
3728
3876
123
2607
367
2521
3623
2527
2928
1248
2860
1587
3389
4071
908
4059
149
1517
833
1191
2716
2971
2632
2670
213
3106
3939
649
3668
2469
4037
1764
1369
3018
1987
3701
3569
1051
2222
3894
3609
120
2678
1474
2375
325
3141
298
1895
2162
796
4007
819
1878
3924
552
3688
153
1877
2771
1953
196
3180
3526
413
1756
1885
1652
1041
2243
220
1940
20
577
2474
1405
927
1103
1424
3860
1647
887
2955
2356
224
1318
3553
284
1238
3693
1104
2460
3501
1323
825
1223
502
2637
2393
2831
211
2979
2124
1492
3224
2047
2148
1712
1806
656
2588
3893
612
3116
3814
1205
3607
3490
2089
2435
2744
983
3666
1591
721
564
1760
3126
2032
3280
265
1673
2168
3777
1035
2867
2286
3913
1125
791
2992
2870
4042
2273
3536
2689
3340
3689
255
3766
185
65
945
2218
1143
4011
167
192
1499
1545
703
462
2623
4073
86
533
2703
1190
1118
3201
2759
2877
651
746
3142
1914
2034
356
2719
99
3085
3094
