3048
1154
3533
2430
821
3425
1318
443
864
2854
717
342
77
2456
3394
909
1010
222
2413
568
3106
3332
3691
4091
3549
3887
2381
1072
2203
3267
194
2234
1595
60
668
3796
2952
689
2158
3491
1344
1021
3148
452
571
2361
2652
114
3170
3281
1222
3349
2343
220
2299
2482
1929
1814
3296
2184
650
1354
91
140
839
2778
3432
3798
3605
3779
1609
743
555
2420
3857
2785
3581
260
3610
4002
3993
1481
3190
2274
1478
2787
3810
2829
3105
3856
141
2393
1903
269
3009
4070
459
2597
3715
853
3035
524
254
1961
816
316
352
2470
319
1649
3226
423
1967
2752
2409
3103
2387
903
1876
1849
1499
37
2334
2217
2444
515
2040
442
2571
3179
363
3740
80
859
4094
1905
2865
1102
1573
2429
2882
1127
3348
331
3509
2278
3175
3213
957
3692
3997
2687
2012
725
1228
2543
2951
2319
1589
3117
2761
1151
2885
159
3234
638
446
2545
2498
507
1597
488
2159
2583
927
2701
660
1388
2636
731
3673
2167
4039
1316
436
3559
249
1406
843
3967
383
2572
2002
3291
3817
187
976
751
3043
1361
