1491
2434
2397
4069
2484
2415
830
48
2563
3393
1508
3386
2500
3519
330
1539
3100
3766
683
3238
3764
2071
1259
2036
331
1702
2966
2652
1426
2606
397
3793
1617
1965
1274
3209
1075
2273
2724
1998
3623
3594
3507
162
2587
3620
1602
200
2913
2091
1804
3753
309
3375
3968
1558
1238
3454
3296
2169
2970
3018
1160
1272
2558
712
2835
1201
2497
433
299
1055
168
2324
3439
2622
2954
258
3086
735
2032
2839
3241
2419
3880
2624
658
998
3079
100
2018
3864
2917
2408
3485
642
2524
2546
2328
1142
1108
2618
2331
2191
1394
3144
3486
206
3174
1722
1326
2918
2564
1029
2103
2074
3311
4031
2088
2837
3564
573
1220
3201
3887
3838
2718
505
948
2746
3318
2008
3858
2225
1453
2053
3734
638
857
3055
1068
613
677
2471
2011
1894
1398
1907
1594
41
3863
3899
3133
3655
3859
661
3570
908
455
1794
2840
1379
2722
1248
1694
461
1057
3345
514
3578
2704
2801
749
2240
2485
3528
2275
2409
3204
3695
972
1743
1862
3197
3483
2373
780
4006
3427
3407
587
4027
1752
1129
3004
1708
298
1150
980
83
