3024
686
3798
2112
2219
86
3388
2563
764
3387
3175
3646
804
876
2944
4045
1375
3326
2113
2064
3287
810
3191
3157
1757
2350
789
92
2125
2452
1484
1659
726
3972
2807
1989
2700
3681
2445
3618
2497
3555
3385
1051
1816
892
2310
132
803
2389
3818
2747
57
77
1641
1881
1863
809
9
1819
1919
2947
3534
1772
2173
2085
3782
2099
3961
3598
3243
1627
1834
3575
3747
3973
2296
44
1246
2776
3098
1145
1156
305
781
3913
1750
1176
2430
2002
2707
1675
1707
1930
2907
3344
624
257
3074
3673
2089
226
1451
323
371
3816
1175
768
2557
1879
2333
3614
1390
2758
1958
1011
1138
2276
2267
2425
2964
3173
1995
3361
3670
1938
1458
2126
2352
3270
2862
1205
1
464
1067
3948
67
3108
374
546
1144
3194
3518
2032
3805
1055
3970
956
3258
2070
3273
1412
1894
3605
722
309
3288
3
1020
3703
4050
1626
2094
1286
4023
984
4008
3164
2885
1771
3129
2830
2931
2451
986
2370
1588
4026
3702
1066
853
4036
3857
2433
479
409
1037
65
3035
3403
3923
3136
1510
2942
2434
1292
2303
11
2398
1213
