3898
3774
2469
133
1981
1543
1351
1281
628
1255
2770
203
3499
3763
2889
3642
3846
2446
3594
2651
3858
3217
1173
3280
3121
3480
982
1551
3469
808
2799
274
3777
647
3913
164
141
923
3068
3832
4074
1652
3360
2562
1297
1256
2506
3839
1012
1956
3964
456
2949
3225
1437
3740
3406
2402
1362
1925
2039
1971
3602
1102
2846
3962
1601
3633
2742
1623
3976
602
2083
3895
2335
1907
1952
44
207
246
19
389
723
273
1310
2251
3652
3884
3593
1066
4079
4038
18
423
3809
493
1929
2330
3770
281
940
2244
3306
2505
2424
2461
2916
1453
2932
3132
1852
3213
3034
436
2130
4033
3856
2068
1576
3462
2578
2612
2408
3060
3695
2186
3828
1027
1208
1299
3555
1144
1440
1359
2592
1766
3503
2519
219
3119
3567
67
3662
2279
3815
2964
1385
3535
1253
614
1146
898
3192
1508
3940
41
1409
1346
2079
413
1843
3264
1605
1448
1317
2236
1643
1181
1869
3569
2189
3176
2442
957
681
2904
3491
95
1283
3117
3614
4009
1371
2950
592
2098
3687
2407
108
3776
1575
792
3632
2598
3372
3850
3972
992
1217
180
