54
1499
2754
415
2565
3632
1941
2182
1975
1178
1821
2929
2398
2496
1312
2049
604
528
2845
1049
20
1139
2920
3837
251
2384
3209
1079
1782
535
4072
3801
2396
4089
2440
1579
2989
3547
3145
666
3830
3018
3225
3745
1524
1168
2233
4027
2107
2025
4079
2024
1570
1231
2258
1084
4088
1773
1940
3126
103
1567
1375
335
3236
1055
890
3414
3992
2640
2975
1111
412
1330
313
1344
3005
3960
1053
1005
1416
3591
2171
3950
606
3514
81
3164
1523
630
1895
627
2017
678
147
3602
743
2101
1829
7
1322
286
3993
2449
2966
1607
2520
2853
3788
257
1447
1114
49
1068
3574
2404
3299
1250
387
754
2569
2621
2689
2707
1034
879
3315
2699
1025
544
1865
2053
685
77
2849
1836
3094
2860
2157
2749
683
2211
452
1098
1883
3222
3391
3131
3467
1788
1980
1291
944
1855
2242
731
3265
3525
1899
624
2957
2857
2593
3454
2837
2116
3160
3651
1238
1124
1284
1691
3441
1294
1423
2921
1798
608
179
1595
1585
871
713
1483
417
1006
1174
2027
4002
1480
2541
3111
249
445
301
1340
1992
10
1569
3292
