3261
3361
86
2136
2539
3458
1509
2530
121
122
2056
1781
902
3569
1019
3103
222
436
756
3750
31
116
1571
1213
1832
3226
3398
3780
593
2193
2756
3405
3027
1224
1498
1907
529
2323
32
3228
3204
3070
895
1902
1638
1579
3763
3992
1671
3663
1154
3557
1933
2415
774
3615
3484
2388
2031
3358
550
3501
2526
2719
2132
1049
1501
2835
4041
1174
1017
3282
2368
1426
2605
3176
3040
3620
399
1153
3479
2371
48
150
3312
885
2439
2972
849
721
1506
2303
480
2733
1896
3616
2789
876
2712
1862
2037
2707
3538
610
3532
954
3666
1130
1614
3836
3216
3329
3987
1635
2424
3050
709
1618
190
3156
1043
1314
3453
1175
865
3945
465
1702
3395
540
1333
2184
259
1529
3949
4018
2249
3988
2380
52
2931
135
306
923
1569
1723
3348
1353
2149
3498
3705
3374
1573
2731
517
4045
3738
2557
1585
1122
1503
1693
2780
847
2547
1777
3098
2055
3594
3812
2783
2200
481
1878
1854
685
3603
1549
87
3476
963
2465
2518
1443
2253
2197
1985
2348
498
296
568
1982
3897
2578
1268
1594
1301
89
526
2260
