3679
2022
182
3243
3154
3895
716
661
2971
2737
453
679
4037
3493
1369
2435
3197
2553
2655
2195
18
1946
82
2448
1879
3779
549
701
2631
583
3846
277
3056
360
1297
3439
888
3238
3014
619
2864
1275
1470
1372
3029
1666
3836
1904
4031
522
1731
2012
2796
2700
1277
944
755
2955
1035
1129
2510
1027
1021
1293
2083
2974
419
3356
1402
1896
3364
1909
631
1404
1490
1765
884
2682
3860
768
2642
417
1400
349
3795
1989
2852
3508
726
3585
3169
4062
2866
3997
1819
3890
3338
3149
2042
2477
2355
2174
1193
1570
238
3998
2566
2830
408
1869
2289
1511
1817
676
4033
391
1052
2447
1920
2427
2467
3344
3317
2759
3189
1367
1489
502
651
2320
3518
40
1142
3324
107
1959
3207
823
2069
2126
3699
2492
1212
2231
3118
2750
3983
2368
1743
430
2882
2535
1935
3915
2129
991
3569
788
3287
3269
3179
2506
1485
1258
1189
2189
4026
3478
295
3920
1205
3896
2770
3899
2668
302
3861
16
3066
904
1798
3250
1128
2323
780
939
2518
2266
3542
1620
2383
2653
747
2205
3309
894
628
796
1825
2946
