1225
1028
1690
4060
1871
2677
1203
862
3292
636
3257
3712
3984
1684
2605
192
1687
774
5
1937
2167
1230
1949
544
600
3166
914
1218
1910
2676
3812
2142
3007
102
2594
3537
207
32
916
1791
1094
3541
2293
3389
2534
3686
3631
2276
1243
3081
3970
3663
703
668
2701
1357
1057
2614
3615
151
2208
180
145
3484
1975
1708
1498
3793
526
113
1078
964
987
1923
396
1756
3246
2698
2343
361
3048
535
1016
2941
1972
3472
3381
2051
3778
3092
2155
3598
2097
206
3141
359
456
1510
3521
3799
2690
2739
1813
1542
514
2465
4094
3488
3107
581
1913
723
3423
1120
1167
1669
1274
3267
3131
1249
1700
2774
3746
3904
3029
751
2188
3574
870
2172
4015
3552
203
1252
1424
1465
1559
3979
2255
1585
84
685
2642
868
3220
251
1589
2759
2567
1681
3319
3798
3954
574
3499
766
4085
269
3118
3285
2479
4067
3479
1481
1282
3726
1206
3659
2214
579
652
2910
8
1444
1187
550
209
2504
3302
2313
2688
1277
53
688
406
3532
741
1852
1938
2967
2129
1350
2088
1743
3535
3256
1783
735
2881
2649
