1064
3642
391
3273
3031
2569
2055
2221
2516
2525
866
1621
3335
2343
2888
546
847
1893
4020
1265
582
2931
333
2802
4046
1708
1720
1910
2736
2258
659
3479
604
1239
1757
126
1871
1476
270
3403
2784
90
1919
732
1321
428
2505
2965
2006
1651
3212
2282
2325
1245
1024
1768
579
800
2653
2081
414
2440
3712
4033
4085
2238
2908
921
1158
2121
3192
1347
318
1388
2850
910
3412
3216
3098
2500
1290
471
1796
2288
445
3879
696
2911
144
2614
1253
1219
2427
14
1458
266
872
4005
3187
3092
3064
1224
3551
3308
1835
193
44
2137
2925
1337
1852
1540
536
3103
1138
4063
1876
553
1180
1048
540
105
2499
3307
3324
1759
918
434
2596
2694
716
2304
1270
2970
2728
4027
1823
2191
2885
2900
2423
1089
331
3696
1710
581
551
2775
2545
1516
1323
661
2658
4050
1498
2958
1897
760
1543
3093
493
1032
2228
2744
3497
2057
1263
2621
3097
1420
3459
663
3799
3592
2723
3326
3171
2060
856
2508
729
2482
2914
1568
4072
3586
1133
2616
2257
2148
4088
2639
585
3267
1596
3869
3611
1228
3683
4012
