2519
2958
3533
1334
1885
3212
647
808
1742
2288
1389
3863
352
3199
119
1505
2760
646
2307
1797
767
3562
1352
3618
3607
117
3497
183
1573
1762
775
2744
2566
347
2961
2025
2267
1995
1598
211
670
797
1524
1891
3544
2292
3411
3892
1361
479
1234
1321
605
2431
2179
3888
297
3564
1029
2308
2514
762
3538
1659
1704
3891
1384
87
2927
1103
1898
2487
3633
2107
3676
1076
2982
2748
2436
21
576
2053
2798
1511
2002
1437
1016
2239
1647
3761
1416
1398
2475
1222
2126
2279
29
3092
382
1120
2772
1537
3506
38
217
3420
2050
2133
3124
85
1258
3721
1144
4063
3098
3960
2263
2340
3144
1976
3886
1882
816
980
3777
984
2069
373
58
3104
1639
2074
2879
3373
324
3245
3594
1490
2337
3475
63
485
1735
2066
3611
400
3105
3583
3356
173
3575
1218
3051
1922
2303
758
397
3325
3490
3523
4067
1036
793
332
2305
2400
3120
2852
3217
2124
1178
2362
3469
426
2108
1001
3029
1550
3351
1413
995
2563
2262
1988
2357
1859
2274
2587
1198
440
2824
2510
3986
2363
1559
4008
3520
2309
2327
3387
