1581
82
1054
2493
1313
1490
3126
1975
2888
3630
2491
3779
3251
935
2014
1173
2690
3640
2499
718
910
465
2075
3563
276
727
1430
784
319
2179
449
1558
3151
1826
1217
2591
352
2192
92
904
4085
2152
3928
62
991
1418
3079
2928
3859
4
2050
1663
2719
3922
1929
1811
3286
3889
2841
773
3071
3429
3509
2621
2969
1429
2165
2420
795
3277
1756
1614
1875
3064
2784
445
685
4051
2129
2698
26
1722
2743
2302
2021
1727
3550
3902
440
3604
2907
2958
3122
1187
363
2133
1672
3605
2979
2246
742
2373
782
4074
1705
874
409
1137
2953
351
3276
3975
3409
2292
2541
525
3935
2055
2263
1465
1113
2974
972
2
3297
1630
2018
1702
1725
3042
2538
1564
3474
355
3140
1871
2948
2361
200
777
2668
1765
3948
2023
98
4072
1095
1874
1036
2506
3433
676
2226
3592
1325
3913
3191
582
3207
1681
1627
3362
339
586
3238
4011
1642
855
752
156
690
3382
3999
1048
2500
2002
2929
3507
30
2045
3960
1794
1920
4037
1269
2139
517
2191
1167
1559
1700
3314
1076
1489
2633
3962
1382
2892
2378
2830
