250
1050
1529
2295
2772
643
1214
3991
2817
2656
1970
2283
2372
3212
334
499
1619
3156
2460
2425
501
2266
2683
3408
1928
3338
21
2113
192
1328
2566
3923
2152
1878
2677
3127
1044
2203
518
2379
3294
3763
2001
1309
2310
3646
3787
3429
297
1434
3409
3673
4039
2674
3855
3487
3778
344
1431
2492
2842
3938
1155
3094
360
3860
2092
2359
1598
2974
2767
1413
479
2620
2240
369
810
1621
925
282
1855
335
1644
1960
2676
3644
182
1880
2201
4006
2890
92
3099
1661
3385
1325
416
289
577
3650
574
3709
875
1505
3454
238
1442
2133
691
413
1366
2191
3540
702
365
2950
438
2680
1288
4046
2589
2500
2665
109
47
2858
3358
4055
1575
1287
1787
1942
1581
1300
1710
932
3146
2455
2081
2909
3872
2506
1551
3798
258
3253
1819
1454
1827
1362
2622
2513
2886
2256
3654
1030
1788
2782
2735
30
1354
407
2599
2693
137
3132
3082
1031
4047
1908
3976
2781
2091
2124
2327
807
376
2032
3964
674
886
395
2398
3344
732
1436
3053
2439
1738
2669
2740
533
657
2932
2115
1763
3223
848
1012
1130
