270
1767
1381
3112
1020
1663
2924
3184
3021
1310
934
4029
827
2759
2716
714
2751
2213
260
77
3094
261
1853
8
1846
426
526
1028
2100
3896
2401
2909
3052
1710
1753
252
422
2198
3348
998
2843
1193
1222
1218
3203
3180
2689
2253
1590
297
1819
3162
733
1817
2250
839
3308
1806
1870
3649
3611
3674
2578
3270
2693
1915
1146
374
774
2639
3425
3267
3877
31
935
3323
2299
449
3560
1600
140
2251
1784
1369
3391
2553
1813
577
289
916
106
1203
933
3409
3902
1245
1739
1373
1554
2088
1328
1183
2326
3214
3414
3562
2916
1816
2922
1750
1267
3459
10
719
299
1855
1426
127
3564
3836
2525
3400
213
2667
2417
3428
1158
3360
2316
3743
1433
2681
2483
1694
2775
3795
1913
1961
1640
678
2370
2091
2394
2145
3602
2001
3893
3344
3692
1577
2319
3676
3833
1807
1696
1991
1734
102
2937
1488
1223
3396
626
3804
3171
1990
3204
3226
3293
179
1507
3541
2695
1406
1375
459
20
732
3571
2673
1848
2901
35
4054
566
3119
2495
227
847
141
1386
2503
3350
505
69
3440
4087
3482
1258
3056
