151
789
1743
158
3992
1179
1691
1268
1165
2609
3923
1032
2070
1736
1962
3172
621
1973
1267
1055
2554
1294
3592
2113
1273
399
1316
3079
3157
1729
3127
2626
1270
1608
4051
3658
2512
3222
3286
3087
2236
718
1181
4045
2700
319
1681
339
1771
1274
3110
2114
313
2425
1768
3223
4078
746
3275
2732
2360
527
906
3355
1307
425
1659
3884
1420
2930
1275
2386
1244
1600
667
2355
1024
1176
17
2692
480
1126
3386
350
2881
724
1123
1177
1732
448
3048
3429
824
3057
826
1049
3527
3711
64
3673
1243
2860
2371
2228
3817
754
3551
1266
3528
3412
3337
3764
2943
3044
1941
804
3922
2836
2459
2941
848
2556
830
75
3336
2314
42
3000
3860
3470
2818
2443
2196
2186
1105
1029
3146
2704
3455
1497
4070
349
855
3510
3999
3053
3373
3041
2857
610
1755
3650
3446
2291
1262
2050
1616
394
3501
3370
1250
970
2963
3475
604
1211
3572
2162
1846
3653
1360
475
1871
3652
3217
2208
3221
1881
828
1409
3195
1950
3398
3522
3640
605
2977
2689
661
1542
3675
3629
1423
2813
713
3606
721
272
2107
3513
