703
3464
2098
2073
1562
3643
1635
1781
1681
2336
2138
2820
1383
661
531
1440
3487
1493
50
323
1022
2398
4003
3748
1068
2227
641
3558
3165
1385
1625
886
2737
845
3829
2068
2478
931
1436
3857
1454
3422
103
2484
1248
3758
858
358
1202
1626
1618
3561
658
3126
3882
1774
1955
3356
1516
3021
2147
1317
4036
2486
812
1501
848
3548
1853
1166
2936
14
3996
3688
3232
1100
1729
1790
1541
2575
3185
3024
472
1411
3485
509
1392
660
2757
1875
4055
3731
375
98
733
1289
2588
631
1732
793
1528
303
370
1443
1271
3182
2283
1194
1648
3384
961
192
1733
1757
104
2358
3069
3554
3759
333
2499
3656
3784
207
2404
3565
614
2236
1089
974
930
1235
4023
671
1589
3307
1080
2077
460
4078
2548
3803
3322
3676
2045
2599
4060
1739
2671
2985
3140
441
3537
849
1303
1481
1409
2356
1658
3419
3512
3675
3622
3933
3101
3378
1518
2585
2450
3089
45
2865
3587
3611
1738
3130
1492
1582
1357
2875
937
3370
525
1008
964
573
3648
2476
2047
2812
2893
3209
1059
719
906
1064
728
1912
2573
3405
