613
1816
4027
3359
260
3397
2015
1490
2538
1350
2056
531
1805
468
2972
1653
425
3579
1886
2297
676
352
2119
1159
1323
1141
380
3552
1830
2774
3120
173
3768
3124
1828
3929
1814
2672
3545
3049
2526
2979
564
2467
1210
1587
437
1157
3473
3262
2166
822
1098
1421
2815
2656
3171
2141
1654
382
1781
3264
1108
1790
2380
1804
2674
2867
2722
1582
2138
1761
608
3166
2641
1840
138
3225
2771
1396
3108
1083
25
2309
385
2932
825
3257
1027
583
3981
95
2225
2518
3100
993
2452
1180
3014
1034
3861
1633
2417
393
2634
802
714
2810
2183
1477
1652
1374
3137
601
2045
445
3722
353
3065
1063
786
1753
2673
2396
1795
3158
1848
432
814
1983
1754
516
210
524
441
2152
1824
2603
1459
470
1191
3237
3109
3149
831
3999
4064
1743
2647
3235
3822
1504
620
2851
968
459
1281
2501
103
3162
4041
905
904
882
2505
3377
2905
598
1491
2513
3024
2725
972
134
3150
946
1074
429
1021
2519
2034
2362
4024
1789
1697
551
1186
1480
3973
3651
3574
3697
1465
1069
486
1439
3028
2133
1231
3472
