2273
621
2943
280
804
2202
2661
3651
2262
3073
2367
2439
1509
956
2327
277
114
2973
860
1580
3042
2082
3092
386
4079
2534
4029
1132
1479
3209
4071
89
4084
567
1104
1681
1120
1932
437
3135
3133
661
2754
2750
3204
2243
1700
3228
532
1466
1788
2490
1684
239
1084
469
506
2405
818
3952
1296
3171
1851
3136
1584
3761
1636
3881
19
2952
5
3096
2906
2065
2816
420
3790
3119
3975
901
2642
337
3263
1247
2307
186
848
3506
3706
2403
2841
3219
3415
1397
2281
471
1992
1503
1279
3277
545
2230
4016
916
2136
2246
2623
2421
1951
699
1450
1412
2802
3656
3620
763
3954
544
3178
563
1564
293
2560
1724
3120
2889
367
428
1567
192
398
836
2206
570
3164
2233
3530
2660
3143
167
1683
6
2969
597
1021
3626
727
1208
297
2153
3587
2820
2390
3593
459
1616
1229
2005
2177
2208
1418
3085
3179
3668
476
234
3739
2537
463
472
3487
85
2008
4088
207
1876
3707
1526
3846
2423
1787
254
3983
3467
1387
1687
896
857
1721
2652
2132
3537
1726
342
3007
2918
3069
835
1878
935
