3030
1293
860
3428
2106
2445
2443
2144
2904
3488
2433
1846
2473
1216
2772
1095
3037
3052
2379
136
2917
1908
3264
405
704
3869
1946
3374
2768
3941
65
355
2846
3581
2089
2351
358
31
482
3334
2914
74
1971
1463
2614
2283
3518
3433
2513
1129
290
4014
845
1902
2069
869
689
363
1299
1472
2232
3900
2428
2609
223
4018
305
3026
2361
3611
2437
980
1917
231
520
2937
4059
2979
2439
1079
3819
2186
3300
3712
647
3672
1808
3799
4085
25
3639
3937
3870
3688
2826
2948
2873
1968
622
549
3773
1934
2480
200
3795
1223
204
1644
1761
94
1739
3698
1707
2675
1184
34
2697
2317
2273
751
2716
2753
3760
1947
3572
376
3169
3420
370
3560
1742
1354
444
1849
2311
2107
468
909
1514
87
1961
3729
2945
2305
712
1907
3448
2616
2462
2831
3544
3899
3664
3911
790
634
3401
838
357
1071
434
844
1157
630
3573
3909
2688
1776
3478
2699
3778
693
1353
1691
2398
968
4066
563
3780
779
115
1810
2029
825
3962
614
2671
978
2358
2063
2552
1789
3765
934
2520
1704
3245
54
3442
3794
