2949
3040
3542
2972
2838
3736
2013
2788
1312
735
3095
2873
1115
3800
2003
3360
2718
2767
3522
2948
3039
115
1
2094
2605
195
3747
1408
3957
539
2728
1442
269
96
3007
1906
1604
1587
1457
1995
3215
3760
1368
2934
2224
2239
1525
747
3512
1797
632
2919
4071
3467
2490
3515
3324
2044
1939
556
163
291
31
1851
3904
10
1266
3238
2983
1638
3057
595
818
516
3505
1301
1077
1275
3530
3974
3301
2159
614
3124
306
2137
1415
3732
4080
3696
458
313
132
2143
3620
2126
1926
499
285
1322
3679
344
583
2584
2191
2955
1743
3933
878
2262
2730
2841
935
1359
3857
550
63
2005
2646
2352
1933
1904
1480
2400
3774
2486
1221
2753
1502
3416
135
1287
647
2679
3099
392
1946
3137
9
2967
1666
1390
3757
3533
2247
657
3849
2540
217
2216
2828
3336
3926
906
1838
2450
3940
1997
2915
1350
846
3413
630
4036
2786
2783
2477
290
3185
963
817
3298
250
1643
2475
1477
617
4017
2885
2015
649
579
117
3339
2504
3054
4063
3571
1907
948
2840
1695
602
3289
555
829
3878
4005
1788
3104
