578
146
3163
1466
1434
2753
866
1673
3102
3579
1769
2698
2175
3677
3769
1487
1249
1029
2554
1894
1071
2078
1949
156
550
3375
4092
315
2277
760
111
2448
2397
2404
2318
3138
3300
145
3326
388
995
3302
2490
978
251
3216
347
1160
2963
879
3041
2933
4000
3685
2252
75
493
3799
1164
3317
816
1036
2712
2664
3504
3773
403
23
1317
568
2119
2925
3658
1377
2813
147
2414
1226
1935
2348
269
3973
3691
3011
1121
3726
3970
2399
3277
3804
2146
1969
3276
1553
2755
3469
292
3968
2438
1065
2189
810
3585
855
802
1983
256
1677
2142
4062
335
2003
2329
17
1789
1910
3764
3487
2102
1504
2935
3923
3240
2705
1966
1454
1261
1479
3221
1083
3959
3224
285
2873
3595
2710
1592
2229
2088
117
3124
288
1764
1586
2660
3513
476
2355
3707
3422
831
395
1596
4064
547
244
1852
1078
965
1687
407
1510
2182
3012
2334
2204
3859
2492
3098
1070
1778
3409
517
1158
3128
1824
3061
4037
3888
2906
105
1727
730
3722
3155
1606
3772
2319
2089
3695
2373
1353
2574
2029
3681
2126
4094
13
751
3237
