2576
3429
899
3885
1318
1597
3584
3233
526
1058
78
1827
176
1028
3931
3272
4022
410
2655
1979
931
655
2105
1741
668
4086
2963
1786
365
1503
2953
846
3284
3535
3554
3904
2123
1717
1633
1729
1523
758
2229
906
505
1411
4044
500
89
2870
2228
493
858
4014
3381
892
2373
2884
1946
2387
1172
1297
1743
729
3593
1834
2285
2905
2720
3511
2430
3844
2062
385
2932
3186
1924
2578
3010
2886
4053
1393
339
1053
818
156
216
2291
3173
2314
3537
3493
3820
1893
1696
2729
1775
131
1462
2401
1502
1660
2988
300
540
3689
1588
1714
2689
3961
95
3787
763
737
225
2710
43
463
2385
1010
555
3017
1056
185
747
2091
2803
3596
1838
3115
3396
2668
3034
3919
608
1840
3840
4040
3960
1087
3512
1586
2647
773
567
1229
3962
2683
879
944
1417
1691
514
538
571
3951
1151
797
3221
3890
3529
992
3517
942
694
3519
598
2924
1955
3371
741
2733
3842
1335
3309
2761
554
2927
2154
3717
1514
789
3925
3764
1433
681
418
3256
1529
2671
3913
2011
1376
3733
3227
345
404
2793
2874
2735
