3941
299
201
305
1980
404
632
513
492
3436
602
2994
382
1813
1004
234
2940
627
3066
1252
1175
2679
2596
1380
278
3904
2577
3140
3979
1485
2505
592
3256
3441
3917
1069
3548
511
3315
1672
322
2073
1854
3957
1221
2823
1870
132
2833
1698
3457
2888
70
1120
720
997
1607
2469
2717
2956
2665
3249
2200
2810
2026
240
1977
2483
364
808
1308
3096
3583
2319
2806
1792
352
256
2084
2937
3911
2373
1617
3187
2586
1358
1561
1953
3424
1272
2621
3731
143
2279
2452
776
1969
2045
4067
1998
1332
2934
2205
1071
1547
88
3628
291
546
1253
673
3877
690
1908
742
1244
3366
51
3983
1497
1053
3064
1678
1361
967
2399
1399
4060
2792
2042
3165
1306
3098
3687
2314
1760
1354
629
3661
3207
541
3695
142
3205
3993
1161
416
1816
1614
3642
3686
2120
3937
1333
3649
2338
3735
1677
1360
2291
3399
2067
1288
1505
1636
2808
448
207
1160
3573
1027
1500
1082
3292
454
1172
900
3831
2800
1892
123
2974
76
2060
3174
1580
3242
644
3521
2721
149
1919
1538
1262
1202
2525
1588
2468
2718
2876
