7
31
1995
1639
2104
538
1761
1880
2081
3649
2360
335
2245
916
2203
2742
2168
1087
533
913
1149
2506
1191
2878
1607
2691
3393
2465
2956
4041
3661
2712
2547
2872
982
9
3293
2692
3318
2063
4003
2908
1038
133
2928
3849
2939
2152
2421
3414
1229
2772
3257
277
1801
2091
1407
3010
2519
1786
3576
1571
3725
1783
3093
2900
3630
2053
179
3532
1336
2170
1328
2229
2036
3108
2822
1853
1196
3689
3494
1141
2688
2073
2613
3595
1876
3913
3243
856
3206
2984
3872
2938
344
2536
329
553
3606
379
3401
3950
74
2816
1508
333
2642
707
1512
2727
3970
2009
2735
226
1040
1992
1735
1334
3519
585
2880
3901
1980
2986
579
3319
3333
610
657
444
400
448
381
1178
1363
2458
2988
3388
1816
1406
1120
2746
1505
2597
1193
1132
1247
1228
2695
3405
2086
773
1896
2480
1281
3138
2532
217
411
2560
1218
644
1860
397
2088
3438
1242
2811
2867
2498
4000
1776
144
1608
2910
1636
372
3633
1338
1866
2678
1685
2548
2264
1074
2488
4064
574
1184
1329
3216
82
1634
61
961
1908
2412
2612
731
2985
