1573
1204
283
1828
2534
2675
176
2414
2803
2008
1824
1510
1758
461
2832
332
626
3219
2369
667
1704
594
3335
2382
2702
1247
3053
728
3776
1957
3625
1965
3024
519
2416
1101
231
2463
631
1875
575
3920
2772
3032
2750
2329
3730
2412
3866
3065
295
1960
44
910
1611
3622
2257
2919
3550
2774
1306
230
701
2049
386
2375
2111
276
821
3240
342
1450
2391
3758
1968
983
3710
3586
1765
2893
1705
3740
3884
1105
1550
2884
112
2898
1244
1042
3043
1080
3042
1047
1943
655
2790
3403
1208
2321
578
2843
3568
3411
3382
895
1618
2823
2349
1862
3893
2421
2587
2126
399
3406
2844
484
3245
3255
3543
1352
2516
3278
2010
1046
2364
1861
367
3797
1804
291
4000
564
166
3246
3490
2792
3685
2055
1696
1493
359
3739
1444
719
1806
2085
3509
3917
3026
3209
1782
2576
3964
554
3175
2162
909
3179
3976
3555
1492
2259
2766
395
3475
2031
3946
3293
28
2390
3231
1926
3802
3127
4074
1941
3033
1056
3354
3099
3691
2981
1440
64
3781
3077
856
2398
4069
2674
945
117
3838
3806
2770
1308
3871
465
