1186
2981
2634
747
205
533
124
3725
3730
916
1846
995
1494
203
245
623
390
2616
86
382
2743
1678
2173
2541
980
3709
1732
2661
1728
1140
3320
959
3965
2940
2907
2146
3766
2418
986
3305
1463
958
3349
1462
2893
1626
1414
2895
3095
2224
604
2583
2379
3250
3559
3109
513
354
3335
478
1144
794
2890
1178
1740
3564
1598
1313
3858
1025
714
2202
3379
1685
3271
1303
3875
357
3980
1959
2658
4048
2148
3522
1539
1300
2207
3171
1307
2690
175
3627
1504
2552
2412
3279
3020
3174
253
1538
1284
1815
3603
1042
3461
4059
2450
331
185
1365
2933
307
2865
1247
265
2741
436
2627
2927
281
3087
73
3354
1332
2549
3453
1137
302
1757
3412
1783
1784
2591
196
3758
1401
620
2492
184
255
3712
882
72
26
3363
1050
3728
2754
545
913
3642
1089
1747
2976
2459
3401
2621
2363
3514
883
1805
3002
3177
3199
1969
3626
571
349
2296
10
1578
88
3618
2677
1503
1700
518
2546
1389
566
405
2813
269
443
1139
1638
2978
2441
3361
2778
2757
1909
937
918
921
2891
48
2504
2178
3086
