199
1825
1886
2215
1082
1066
355
309
2945
3677
845
2091
2569
988
1954
3017
423
3529
3215
480
346
262
3505
2313
2335
3289
1805
273
1020
2960
1928
36
3627
3978
3002
1044
1462
541
612
3844
62
503
775
20
131
697
844
1378
1016
1993
3634
1693
1661
2054
1255
3233
1700
2142
468
2042
3000
2123
3287
2717
915
2934
1622
3256
2245
488
2876
3086
874
2412
3841
865
3712
1372
691
2500
3648
2027
1857
2291
2024
3953
1563
745
3473
2420
853
3133
594
3298
805
2348
2041
1621
1560
1644
1442
1845
952
3557
1338
2692
449
2820
3758
2023
32
1924
1191
2103
1254
824
2893
2225
1987
1870
245
2320
2719
1803
2715
3201
789
2332
1308
22
2980
2183
2818
2953
252
3320
4045
3518
3246
1022
55
2796
655
3688
3364
3377
701
2966
930
2807
2848
3126
3343
743
3150
3524
2533
2560
28
2907
2374
526
302
2396
1589
2330
1842
1388
3737
2656
3037
719
3259
3418
453
491
3382
2543
1503
1865
1943
1240
723
2841
513
1926
2309
3198
1234
1409
1265
1482
2669
1515
2267
3444
2924
3957
2628
51
