2309
1669
178
1351
3787
3888
343
1503
3364
454
1328
2260
1022
341
1645
967
33
1104
905
549
2848
918
2127
564
2440
3230
1746
1695
420
2965
1750
981
140
161
376
76
1281
2618
675
3879
1528
3697
544
2747
54
3454
2660
57
2914
3637
1221
2804
3530
3822
162
3173
2130
2016
82
4004
66
2188
1419
1232
794
974
1205
412
3090
2926
2225
3209
3612
777
532
3375
557
551
2335
1765
2144
3542
259
1212
2299
489
1478
2530
3867
2426
3689
2384
3653
1498
2668
2754
1072
142
3420
1803
910
3819
916
3251
2172
3883
1909
1050
1898
704
248
3428
1675
1712
3116
1950
1280
1374
1862
1923
1312
2646
269
1057
1237
3469
74
3218
959
701
706
904
2626
1658
1516
3426
256
813
2847
2336
1254
3095
839
3930
113
3261
1974
291
2513
2386
201
2444
367
3484
906
115
3751
2661
3297
1055
276
2294
1383
2490
582
2584
266
89
1538
3625
2239
3554
1422
1818
3404
1757
168
139
1182
2922
3369
3248
99
2787
3783
136
2363
2090
746
2123
1792
884
4085
3932
1229
875
3584
2676
911
3738
