1351
3692
1378
2362
890
1254
2857
638
974
1014
2925
2459
2930
1875
2058
116
1680
123
1027
4028
2418
3221
2508
3798
135
3466
2579
3751
3801
2041
3819
1444
3493
2720
1503
1536
3831
2979
4079
3492
1519
3637
483
1008
2932
2677
4075
1301
342
3304
2776
3605
948
1273
2473
556
2683
2657
775
3707
124
3250
2053
3903
2847
2665
2928
1697
3573
4010
304
997
575
764
2485
525
2509
108
3281
3890
1910
1452
2517
1942
3514
900
1150
35
1223
2554
2982
47
3294
3633
2846
932
3009
2156
2042
730
1397
2705
630
3960
3622
62
1411
1893
2954
1847
858
390
3750
1171
2831
107
1747
732
1059
404
1303
1352
4023
718
3462
230
3145
2866
3283
3164
2624
2623
3451
3300
1149
1970
3421
798
3397
3593
2756
3905
1189
3150
3769
1719
3812
1935
3685
3628
1956
2578
3184
3783
534
2745
3156
39
1159
2524
1261
3847
3379
418
2092
2318
980
3210
3675
3817
1590
2296
950
1834
381
3100
3753
1069
3275
3722
2356
2341
2267
60
3822
1153
2311
183
3761
1709
424
1482
1692
2122
2826
3643
3518
1582
72
48
