3141
745
209
3129
2649
1126
2701
3701
1466
3467
3059
1793
3516
4027
3322
166
3308
3599
2326
2660
3284
1199
1353
2802
2994
3652
66
1412
1912
1882
2072
2975
1127
2431
817
2504
1649
1851
2790
3705
1059
832
3716
618
3122
277
611
2514
151
632
1831
4071
1260
2040
1952
2166
3221
3365
2487
3538
1816
222
1469
1080
204
291
2126
2825
92
2182
1733
523
1918
3372
1104
1919
2775
629
3312
3214
4029
1672
3942
4081
529
1315
2024
593
3816
4078
3884
3612
2272
2017
2110
2820
80
1585
3318
2532
2232
49
1399
1726
1752
220
33
3047
923
38
2447
2766
2928
651
2607
2240
1867
3187
3317
1876
2127
3564
2453
3691
2559
3594
198
3290
2223
3490
926
3259
764
150
3861
2956
3847
1008
621
403
1012
3178
2787
2756
1636
2697
3306
1133
2334
862
3515
3756
3960
1862
4002
199
1415
173
138
2677
2013
2042
1363
1247
3137
2500
2236
288
3338
2783
2137
2531
1553
2930
3074
2889
758
1537
1229
284
913
2533
2345
2560
663
2157
3301
794
2162
812
2168
739
1391
3244
1401
677
1429
1954
2795
2058
