1298
448
3995
2295
1065
2394
2882
3405
3028
2064
1168
1698
780
3866
553
949
1358
2910
3769
3684
453
1417
3345
406
2995
2247
1226
3057
482
2651
1150
1377
2551
1160
2622
2625
3810
1936
1598
3853
511
3220
2003
1133
261
3943
518
3013
1394
1505
3429
2519
3824
4084
761
1897
938
2165
2648
2258
2166
4019
1572
137
2374
3638
440
2092
3820
1104
1294
1314
1221
2640
552
2422
3020
1792
3544
1960
1177
2645
2450
945
3096
2124
2543
1241
2600
2032
66
42
1550
114
1701
2735
2492
1920
927
1841
1336
3358
2290
543
527
1732
263
2866
3514
3748
731
3695
2250
888
3283
1762
3190
1556
4055
3059
68
18
536
969
205
3669
1793
2388
1117
897
2425
108
2894
443
117
2445
3508
3202
978
2840
3634
1115
4043
1280
3619
1981
3500
1751
3302
3973
2521
1014
4059
1957
2744
3000
395
3264
952
3402
2276
392
3726
807
2254
3753
4081
3566
2507
3128
420
2849
1788
1616
2491
1832
2715
1666
414
1040
1277
1854
3623
2272
2981
790
279
1855
579
2406
1094
2518
709
3588
3004
1928
651
1748
1950
3320
