2445
110
1587
1337
1544
2950
2411
2093
2623
3876
4036
2168
1754
1253
2256
766
2941
3995
1945
1644
3211
622
1212
3592
81
2805
1575
566
3939
33
392
231
92
1061
1661
976
3918
611
4071
3254
393
412
349
3799
143
1550
1866
2194
967
1144
2130
661
2895
3255
2502
1017
3401
2845
468
2834
3750
1243
3417
2631
1715
1811
4049
2627
3550
1426
3330
1415
1275
1958
1959
637
923
1487
2036
1801
441
3875
606
150
594
368
709
877
2519
2636
736
648
1012
3517
955
3670
252
1256
717
3664
1113
2532
1494
1401
1689
2746
2626
3312
3344
3729
3494
1438
307
2621
2713
277
3634
1467
2695
200
2192
3475
1996
2008
999
974
2131
1234
2957
1375
581
816
1844
3653
3608
1498
1328
2773
2262
2246
1919
2980
1803
147
2702
2326
3844
256
474
654
599
488
656
314
93
1266
1856
1485
1716
2859
3676
2612
2595
861
777
3092
3838
1392
2750
153
1466
1170
2482
1923
1786
2954
2559
2356
3147
678
1935
1767
3778
1251
1624
2403
3167
2020
3551
676
4086
2254
945
122
813
1787
1897
3451
539
3223
