3726
2361
3442
1495
705
3434
3896
3834
3319
1645
2926
986
2914
1755
2517
4075
1731
890
3202
331
1569
1077
2640
2965
3410
633
3158
3168
3134
663
2466
2629
3829
1689
3607
317
1069
1766
1662
508
2573
2831
3589
3110
437
166
1071
3033
2943
2405
71
2964
2872
940
1609
1432
3734
3133
2760
796
3017
1100
879
1335
2052
519
2024
2543
1401
2720
122
195
2958
691
3455
1501
1699
2121
3059
1579
550
614
3735
4088
3867
1515
1408
2913
1370
64
110
1475
1414
310
3051
1525
218
1897
3557
3114
3313
2164
592
3804
2297
3999
713
1941
875
3073
467
172
2875
2081
1148
764
1902
54
1508
813
3394
1334
3553
3686
2730
2933
3338
3719
93
803
4052
2187
3137
168
1598
3909
2245
3235
1336
3191
1740
3120
859
635
2328
1933
3392
3902
2362
686
4031
3298
2614
2527
229
2183
3924
706
3619
4068
3143
2554
2449
3696
4006
2918
280
2736
2156
982
1129
3023
1905
10
4087
3835
3475
3617
2460
1245
1018
90
458
2766
17
241
459
2145
2947
151
719
2666
2577
3258
3324
1956
2036
1104
2837
2678
