2320
3098
3525
1485
1271
27
3021
3682
2602
2752
3507
1863
1452
2576
238
1006
2825
1347
114
260
1775
1060
2200
1510
51
1051
2672
3150
1897
3472
4050
3285
940
251
2114
2911
3798
3668
3963
2721
3044
3275
890
3915
2492
2697
3748
132
3804
1614
567
2518
902
463
3365
230
2912
3219
1972
1362
235
975
3356
268
3758
869
1407
83
3115
3295
2
229
1430
635
2163
3324
214
3277
200
3423
1670
2005
3326
3775
3738
28
1092
3822
3565
3574
389
3604
3154
225
2441
1415
1115
2754
4029
3155
657
331
407
876
1398
334
2219
1409
1949
2237
1378
1323
1338
1496
2498
1770
1382
2741
1240
689
3724
1480
1443
465
451
3248
2858
423
2572
3388
3186
959
765
3203
2700
2823
3943
1314
797
2122
2031
2950
2145
109
2546
493
1722
2664
342
1712
1029
867
3645
2879
49
4065
1615
490
794
1545
3755
1502
252
799
3823
126
3851
2659
2723
863
3588
1012
120
1064
354
3879
2381
2194
930
2537
2933
599
1992
1930
766
3213
2456
790
3
1341
566
3789
2986
3761
1466
293
85
3002
3803
1304
