1246
631
3470
550
3175
3464
1913
498
3209
636
1040
1746
656
464
3291
3316
3003
3998
191
2047
1227
2320
1432
1749
3838
435
782
797
486
2351
1675
1930
2532
154
2915
1363
1454
2598
4077
2025
1682
2251
642
1082
2408
3367
1596
2127
3861
13
1835
525
2109
3834
3933
2730
2971
928
1333
983
256
2889
3997
2533
2840
740
2900
3857
810
2326
2816
4071
2206
3517
3720
2912
2121
2817
3835
326
95
3697
3943
510
1499
92
1830
1309
1096
3493
3385
1300
4064
1131
2483
1224
1953
1798
429
2053
3908
3977
2375
236
1586
1179
990
1753
3738
451
2907
896
2684
453
3550
1237
2395
1619
1503
490
3336
3477
3885
3786
585
1490
868
3994
3956
1915
2016
4042
3833
88
2902
3649
1217
3421
2960
1507
1026
2845
148
3577
1005
145
4000
47
806
3954
3610
1972
2667
1576
213
948
515
4061
1962
1804
999
2567
3790
182
1437
4017
419
2658
1044
1712
2010
3755
3988
1629
2854
3457
2427
2428
1698
3772
1411
2842
3829
1030
764
1435
890
3866
932
295
699
3022
2009
4020
2001
3469
2782
3724
2887
1482
