416
995
2336
344
2531
1867
3175
749
239
2684
2162
3682
44
3646
2806
1781
2023
4081
2461
3278
754
3298
421
2801
2337
1404
1673
2566
1637
3863
3530
3626
414
234
2592
3357
3876
3893
589
1790
2989
209
3705
2190
1438
1104
644
4000
129
1786
3209
2911
896
1611
3205
680
3732
3229
1714
1120
2914
971
1487
649
4
2858
2075
1262
2279
1570
3224
830
1081
3960
3640
57
606
357
3094
1372
4086
1644
2447
2797
16
184
1229
1795
664
2313
2358
1430
474
627
4092
2383
2613
683
3601
3834
4034
3228
1499
270
426
3676
3860
842
2916
3198
2263
3631
1164
3583
456
568
3743
3467
134
973
2305
3204
1063
3511
1320
150
2651
1437
2176
3549
2718
3381
671
3742
3291
3090
1102
1441
2129
2510
271
899
1213
1554
2463
2005
2812
2197
1600
1354
1657
2054
4007
1419
1124
3324
3518
2899
1067
3831
3319
3272
2697
834
1500
3952
1291
2191
2204
2745
1746
3100
3397
634
3936
246
2658
311
2818
1645
3818
2588
2672
3600
1588
792
2309
2177
3168
768
1092
3649
878
2491
2065
218
820
1172
3861
2251
