401
1667
3774
1889
1072
1650
2782
38
1723
1764
2253
3906
981
2261
1898
3933
2047
127
3782
3966
3132
2124
2907
3738
2580
3104
263
2478
296
1359
3027
2437
309
2366
2444
928
537
2403
447
877
2259
1657
3217
3879
3317
996
3615
3270
822
435
3143
1439
2601
3119
248
1033
1333
58
1819
2390
1485
1208
3496
3698
3890
2992
2851
3391
2944
3075
3247
3513
2061
2447
2747
3037
2017
2778
707
2286
1822
1146
1265
575
3297
39
3207
115
265
93
3743
1874
2133
619
1837
1472
2854
786
2877
1156
2043
3499
1231
1674
3020
1261
3700
3613
3240
2607
3871
4052
3799
268
3717
655
1216
2281
2499
2144
1494
1426
3801
2304
1408
2670
3506
2973
1826
2374
1273
870
137
985
533
2382
1404
103
611
2779
2546
475
1312
1161
3703
3141
2823
716
902
2929
617
3230
553
14
2597
1500
2472
3041
1989
2083
2719
4014
842
2049
2274
3887
857
4038
804
2078
159
1100
4075
3302
440
3565
3735
1087
3095
4067
1555
2002
86
1714
2588
632
3290
766
1632
3755
1652
3253
1577
4023
163
1353
3810
2151
708
615
