1434
1482
547
962
1207
381
2205
168
2585
1776
2063
3536
2770
2706
157
2731
3603
161
236
3605
3133
917
1501
2885
2959
2407
1146
1303
3913
2925
1023
2064
1418
404
2590
146
4021
3672
650
1734
3749
1974
4049
2004
858
3491
2375
306
2621
3594
1284
739
2468
4017
1613
1073
1872
3650
977
3455
104
679
3514
3675
540
3041
1128
562
3030
33
3271
1921
1199
100
1951
218
1676
3097
3167
1054
1271
738
3667
76
1245
587
569
2201
411
3723
2267
2339
1345
298
2852
3384
132
4026
3887
398
992
2337
3453
1160
221
2051
913
1232
1504
1634
884
2245
762
51
3269
3991
3485
1783
4014
3549
362
3490
3526
3047
356
3501
262
961
3575
3174
1314
348
1435
266
748
2249
297
2593
1366
1992
1576
1573
1553
3433
3219
2253
1586
200
1256
2640
751
3774
3388
416
1994
3646
886
3653
3186
937
3710
1164
1241
3068
888
1629
3682
1757
902
3963
153
1791
3821
3875
756
2402
3218
136
171
3319
3087
829
2831
841
3462
2991
392
706
435
3597
1748
2768
1922
551
2555
4071
2848
602
637
2103
