1567
3041
2504
2609
2718
219
2164
2479
1434
3022
3969
1937
3374
2113
2067
960
2578
3762
3855
898
2767
3931
2148
1874
1816
1318
3479
1801
1152
1400
2502
4028
2942
1307
576
757
3807
3528
3943
1812
605
2670
3753
861
3551
3777
2087
858
107
2428
3696
1432
3865
1234
1908
1818
824
3999
2744
3406
3223
2339
2876
690
3477
3359
365
1471
2996
20
1791
3857
676
3702
3144
6
1529
297
2577
2279
617
890
2548
2088
2636
1367
2764
3851
4027
204
855
3250
1823
396
504
3053
1736
2922
877
1915
711
1438
2668
2439
1213
3638
3679
2906
3464
460
731
1054
544
1315
1935
2605
2144
987
145
2472
1392
1082
850
933
2185
2055
2142
10
3312
210
1009
1357
3750
3201
2161
3758
2738
1501
1508
1444
2496
3910
2555
1192
3334
968
1924
1624
1266
2031
1925
713
2440
1699
744
2886
3485
3177
151
3990
129
1742
278
1658
724
1548
1125
2589
1301
1963
1531
173
493
1993
2728
394
694
2321
4089
2215
2066
4066
1264
763
795
2525
2189
2909
1995
1184
3352
649
2654
695
2008
2487
1342
1217
269
3413
