3272
1618
1989
3002
1297
237
3590
4035
3607
468
2104
1538
1503
610
3782
2682
1756
3518
2368
2791
2058
90
3351
647
3046
2687
3939
2847
798
3805
16
672
357
3010
180
100
771
2870
160
609
2755
219
3667
2478
2155
1203
3243
3881
2117
846
201
2978
1273
3972
4049
2633
1725
2087
165
658
3170
231
108
810
2964
1594
2809
1181
3599
1400
2390
126
2830
2677
3639
2665
386
4019
1823
3027
3548
4042
3081
3059
1565
1039
3414
3720
2969
3708
536
1958
3225
1447
3315
2863
3890
3133
2793
792
4057
45
3682
3854
2858
2003
1095
3762
4012
2159
2572
1563
2657
550
1427
913
1673
2620
3634
2871
3171
1160
344
2195
3827
4060
2335
1681
3692
1432
627
1917
684
1713
2712
3148
2043
847
2385
3462
2076
155
1960
2414
3617
3231
1210
3053
1874
544
2477
2986
1120
3808
1653
3820
1608
849
3977
3615
1182
979
906
3686
548
563
3572
394
185
1868
3971
1500
1419
3753
1941
3382
1036
1207
2400
1763
1852
2112
3388
1926
80
2895
4081
2976
3468
2396
4070
3405
2424
58
691
2381
1469
28
2507
2861
