505
2309
3472
725
3487
1360
2056
590
3761
2645
129
1964
3725
266
1009
3575
1558
3054
3566
31
2966
18
3156
1896
1934
2549
2297
1178
1424
1609
3
3940
3190
1693
2221
2827
1163
2511
3058
2424
554
1080
3349
2730
1993
1770
3393
411
744
3693
1305
285
3031
3452
2050
1577
94
1816
3625
584
1141
1363
946
619
856
3660
3744
3685
931
2837
202
1505
4074
742
3578
1093
3485
729
157
1823
1800
3094
1137
1799
2010
263
2063
1336
188
1743
1482
2851
3251
3356
2955
49
3795
2302
890
2343
3483
518
291
2661
2886
3046
3754
3661
3346
2175
2170
210
3057
1156
270
3289
2920
2666
2290
2514
1169
3430
3411
3858
2096
3850
3313
1907
2820
1541
3969
3800
1554
277
3387
3041
3372
1122
1048
122
3937
469
2903
3366
3592
2077
236
3161
2070
143
3017
3678
542
824
874
1082
563
2763
2371
923
1465
4016
2723
1827
3408
579
2249
865
3480
1201
3148
3310
475
651
1515
1064
85
2241
43
1825
1371
3818
2247
3579
578
575
2709
35
3702
1038
629
2641
2901
3231
2264
2724
2878
3944
3394
2202
