3792
350
1918
348
629
165
3588
1281
179
2194
2057
2349
2300
2234
1312
1707
137
2574
3344
618
3356
2038
4018
2327
1812
1210
2705
2351
3847
81
711
837
2590
2850
1078
1203
2092
3041
3084
1183
3673
1801
2045
2920
1361
2406
3270
67
3662
214
2723
1169
3634
1045
2071
1772
2639
2066
336
468
3917
3660
608
2365
801
605
3161
747
175
3047
836
2691
2384
3057
149
1504
3071
277
705
354
2108
106
1682
2706
1333
3480
2364
1839
795
153
2848
651
328
388
2201
716
3100
1262
2183
1633
3991
1748
2494
3866
1721
3744
2716
2084
1427
1080
1103
2937
684
1329
2770
1043
40
1797
1385
1821
1342
3995
600
1012
1171
3016
3470
186
1402
787
385
3045
1430
1505
2033
1365
770
660
1651
3362
1807
3003
2972
808
2889
1257
365
868
3031
2581
36
2288
3188
2361
1546
2272
512
2140
1270
2479
3935
583
3372
3108
3414
3921
3987
3818
915
1225
2739
995
1794
1886
3402
3837
1604
1975
3600
236
3576
1383
1901
955
1372
3442
2242
3378
59
973
797
3515
125
698
2840
1127
580
1147
352
3233
