1699
3926
338
3324
1482
1213
3718
995
2637
2061
1155
1297
1053
468
3173
2134
2979
2561
3075
685
1481
4068
3932
1295
432
1166
1172
2970
933
737
437
714
3780
2117
801
8
2229
3375
191
2206
2149
51
730
3201
102
239
3391
3179
2769
1460
2290
1369
1761
1832
301
413
2757
139
3351
1089
2502
3300
2849
1467
3872
1209
2366
808
1589
66
1944
3118
3554
155
4051
3285
3972
3785
1046
2101
1059
1986
1325
1127
1121
2114
2996
4005
3920
398
2240
2863
2647
2568
1154
499
727
2093
3068
3598
1595
1158
3762
790
3672
1308
2032
3847
3952
3226
1092
6
3337
3929
1015
4070
570
541
2227
1753
552
4093
3360
2600
3162
1291
2467
3496
883
2301
3613
460
2109
3833
2981
1980
750
4065
90
1536
1664
485
2067
3478
3204
286
1682
2538
1934
3234
2154
1129
1000
2573
3916
1381
3899
3171
3222
147
2244
2632
1514
3924
142
2079
2410
3744
3302
533
1169
3189
3685
170
2730
1551
3385
1500
72
1988
3724
1936
1195
4
351
2226
3518
3046
633
2219
3702
473
202
2383
2836
3274
1765
1435
2897
1728
