2025
3409
4042
710
3026
2506
286
1325
1580
140
3090
1031
3961
1641
1149
2032
3169
2370
1076
2651
952
1506
2920
1906
28
586
2156
455
3025
1145
4008
3542
992
3769
665
1511
899
280
567
2576
2474
1942
3887
3058
1905
25
3975
3942
2929
1100
3357
3160
104
1735
668
240
1597
401
76
2512
2302
2594
323
2941
2073
1484
1254
944
2604
1175
3350
2528
2625
1721
2612
4025
2103
3994
658
1985
3993
2295
2199
3124
1833
1844
791
2173
2133
758
1848
1136
458
2161
2545
1135
610
246
1520
1713
3925
3468
2756
3346
1041
3049
390
3291
2072
3633
1561
1968
3659
1450
1802
3938
3021
1688
523
4007
2225
2192
2355
3815
1630
1821
1020
1758
254
766
3073
637
1794
2364
3693
3412
2968
4059
3131
518
423
37
3826
1248
2449
1739
3973
3087
1228
3477
320
1305
2419
923
1096
1892
1441
3821
1642
2813
3119
1378
505
1429
3628
3745
643
191
963
105
2322
3750
3105
2675
3243
3245
27
2246
1765
3982
2277
3922
2059
1358
2504
3251
3376
1935
3048
925
870
3631
2556
4040
3635
165
849
1265
2908
297
