1900
2152
1456
1913
616
1835
3140
1770
2518
2371
1393
2610
558
3974
3161
1318
2757
395
3078
2137
2391
2691
508
2509
2159
2270
3433
21
3079
1366
3091
789
2853
3345
3199
1468
3400
919
61
795
429
3406
2578
3027
1312
3847
2165
3727
3315
876
94
927
3539
2013
3269
3254
3556
3108
2906
2460
3117
3907
413
159
313
3993
2062
3206
3339
1250
1793
2189
664
1844
979
1098
1280
1524
1758
168
3675
2614
1746
3009
1848
1240
2041
3074
531
1404
1112
2039
39
295
3445
2010
2198
1737
394
2704
3861
580
3817
1824
3059
2852
2863
1648
3168
1245
648
3100
2497
3477
3350
190
2018
1952
27
2656
544
290
1187
225
3972
1137
2628
95
763
486
1072
2253
3849
2108
1337
3417
602
1046
1733
1771
2576
2181
3376
302
2088
2250
173
731
322
297
2838
1374
2707
1078
660
1418
507
2967
1248
2621
2785
2276
1896
3945
1909
2558
353
1675
1119
2083
3194
2200
3393
1547
701
2595
2829
3000
1373
1819
619
3401
1118
3747
582
3274
3069
1658
1368
216
3723
430
102
652
3786
2788
3396
647
2789
920
