376
3025
2396
1259
2420
2602
2813
3639
1497
909
4006
1988
1944
586
3712
2559
1423
106
1991
1138
2386
715
2020
1566
2917
3934
1728
562
2839
1992
690
2537
276
525
3220
2752
456
3793
719
2635
3207
1226
622
1849
77
718
3411
3281
1518
3878
163
80
1516
1984
1006
1404
444
3214
2526
752
121
1704
1287
782
1480
937
1664
2702
103
405
469
2878
20
912
3264
2196
3817
1808
1940
994
295
171
2841
1129
4062
3645
3750
136
148
2921
3139
2952
4035
1604
2146
2056
2222
355
2125
2626
1824
2600
1104
3744
1232
3641
1905
2266
2153
1383
1457
926
1729
2007
916
2347
2242
835
621
3827
2550
1380
2759
2843
3917
1033
1215
1337
3415
597
3146
2982
71
1437
1359
3889
220
3539
2458
1131
2334
3890
482
3162
1307
3006
3460
993
44
3454
1084
153
1164
1203
460
1638
203
3495
2607
970
2795
2675
174
1542
2329
3764
166
2147
30
125
1472
696
3260
1308
2468
3886
2068
1581
2662
1705
377
463
2842
642
1047
681
1172
325
653
3291
948
3601
649
1585
771
2780
3063
716
2120
1790
