2664
1997
3847
1455
785
268
1376
2431
2834
2927
2984
1539
324
3166
819
2086
1436
2052
1336
656
600
390
3123
1590
3623
3695
3155
3440
1964
2523
2457
1178
603
1946
2770
873
854
1256
973
3285
1143
1309
3668
2158
3938
1326
894
2922
108
2388
637
3004
4079
443
3603
780
659
1337
2706
2962
2330
3939
2912
3998
3115
3299
3844
3298
1386
1587
1454
722
1452
376
3697
2831
3958
1961
163
969
2932
88
274
1457
1792
81
3423
2635
2929
396
3904
1334
3094
305
769
2118
2128
2901
3628
2631
1569
3397
1025
2270
616
3744
297
4020
1812
456
1370
3239
3918
1603
1778
633
263
1777
1781
2249
2969
3315
2214
3227
3934
2463
141
3872
3664
942
2577
691
2595
571
2978
3381
1145
2234
328
2561
3333
1704
3073
339
3164
2675
2413
2141
1431
3559
1833
2671
3000
3809
7
3956
180
4055
3563
1437
1855
1828
2304
1146
2191
628
140
980
16
3742
1343
3983
106
3766
2084
2634
3167
2445
1009
1849
4032
2462
716
1323
836
2464
611
224
3910
3578
358
2473
2382
2310
5
3591
2352
3228
3564
1071
