3609
2210
2122
1794
2750
1169
898
3271
1818
1524
838
2184
2433
3989
3334
3046
1015
273
3436
1584
1453
3541
2214
2464
365
2289
1358
1340
1034
3646
3332
3304
3517
2035
930
2149
1442
797
2423
3709
2524
674
3195
777
3771
769
221
1111
3567
27
2220
3714
2060
3939
2257
3699
3548
1975
371
1408
1333
535
3776
3621
680
188
2765
2278
3058
357
1901
2859
230
1449
1819
150
827
3946
2265
3794
4023
1471
3091
1683
2208
2725
953
1161
1239
643
1185
881
18
2422
1936
3790
3661
1506
3775
3898
2360
1530
3955
1806
943
492
3643
3293
3031
3412
2476
3894
251
1640
1467
171
3935
2883
1267
2849
2617
2095
2890
1844
2494
1490
3813
192
3389
947
1469
3194
2491
476
3350
286
2004
2284
3932
2637
3979
3786
3144
3732
19
1643
2330
3413
539
1578
388
1019
1109
1211
3717
3577
1966
2772
2949
2570
2137
3072
1938
160
1761
4058
846
2833
125
870
1592
3253
3004
1392
1583
168
148
2658
743
1278
2590
1479
2582
2692
3861
2216
297
560
1173
9
2246
2918
3421
1669
3445
2746
999
3755
72
974
