2569
2792
1065
3015
51
2562
3737
45
3826
750
134
494
3160
3390
2991
3419
3367
631
3364
2717
2715
1868
505
2770
2144
3204
3927
3916
404
2456
2078
3014
1270
126
2527
2514
3388
2296
3722
2186
3401
38
941
2227
76
366
1006
1524
3018
2796
818
999
3494
1189
1948
955
3341
400
2901
2295
9
1177
3373
4081
1209
3242
3239
3566
1755
1714
2354
3282
274
3475
3904
3556
153
3146
972
2313
2042
425
2281
3177
1782
3352
2897
1595
3730
1859
3858
3866
1660
820
1734
3570
526
3123
2503
1255
3524
3359
3012
1894
1227
1656
3133
3726
3945
2649
3047
3145
2831
2184
1408
1827
2619
2822
998
2557
2125
3298
2468
1090
3986
1434
694
1486
2352
2099
3716
2743
867
2217
1466
3673
616
2429
3690
3241
1903
915
2490
131
3480
3147
699
436
2643
2789
469
512
882
946
2262
961
1534
1125
380
1767
1554
1385
2689
1899
217
4026
2353
2684
945
2726
3979
3630
1496
2383
2638
2687
2769
2609
4012
331
3551
2997
3112
2863
923
3537
533
3255
408
420
2647
614
4039
2122
2788
816
2698
1433
756
804
