2532
136
114
1879
1491
3832
171
1317
690
3767
2429
996
3980
2940
1710
3677
2650
3319
2095
3941
3851
1726
32
1462
975
3729
2622
415
166
704
3250
296
1132
2248
1135
751
2557
1062
2327
1653
1281
3268
1636
1931
2026
4046
328
2513
2569
2068
3679
1303
3589
1929
3309
997
3455
2441
823
4086
891
1617
3998
3372
56
3143
3301
1015
506
1302
2651
3414
226
2147
3107
176
2941
1786
2249
3225
601
1418
1235
3838
2490
3271
3082
2653
3064
2293
2875
320
3173
3080
3257
1594
3316
3090
1741
2104
3334
2695
3859
3310
2241
2934
2575
3235
1038
2052
1983
4073
3945
2506
2428
1810
3794
1564
3016
686
640
79
132
1583
2153
3039
87
3093
614
1928
887
1652
3685
35
921
1971
2781
1111
3582
2166
3475
3205
3610
803
362
3986
929
2234
1783
2180
103
1590
674
3283
2487
3228
566
2862
1026
3634
207
3956
3700
1751
2334
3515
817
2948
2888
3663
742
1585
660
3344
3618
920
1356
3530
206
3003
811
3165
3091
955
1031
3062
2300
3114
1697
3566
152
2772
1565
1140
417
350
1645
229
2637
2590
