3593
719
3261
313
1953
1681
2415
3934
472
1234
166
1893
2256
2943
2526
3344
449
2934
3055
3379
3875
1524
4071
1724
3167
3057
1264
1202
2292
3401
3810
3284
1612
1770
3804
77
2747
186
1620
604
942
1708
855
2128
2672
2181
2360
1600
1310
3900
3425
2819
632
3569
2416
181
2602
873
3380
1948
3138
615
292
2008
2590
686
986
2520
3719
1083
3190
2077
3689
816
2105
2032
2066
104
910
764
3142
265
3295
1907
3271
3475
4019
3274
1384
3302
1157
108
3820
3773
3461
1385
831
3922
3063
424
1225
1001
2808
2341
3367
2949
2458
636
1797
1115
192
3239
3452
1216
3040
131
819
3070
3224
3746
1256
2005
1455
3188
2833
3948
3120
2422
4023
1145
1313
2237
1688
1974
3610
2548
1130
1610
2611
1650
4000
2674
1468
2563
3856
2321
551
1629
2857
2392
3439
2323
3846
3266
2732
301
3777
3230
252
2903
3189
3133
3134
1521
2212
2859
1354
3043
279
3749
2220
1132
739
3616
3356
2407
151
545
2997
3596
602
2867
1133
334
971
3081
3490
3852
1924
1506
95
3280
958
3883
2873
452
4066
682
2680
3161
