2900
3886
3656
756
2956
3708
2712
1629
184
1753
3391
1746
2828
59
1118
1646
2031
4036
1132
48
3203
2652
3436
1456
185
1828
1839
2631
3516
2938
1638
490
3907
451
3054
1974
656
2199
3431
937
3786
2587
3339
1469
2829
1219
4059
1053
897
1241
3664
243
3327
2759
430
3378
2985
1261
748
1440
3361
1886
3233
2558
720
1475
1172
2063
325
2690
2780
2348
1055
1815
3347
2937
1130
2713
592
2977
701
2803
2509
3202
3880
951
4017
2951
2735
998
2775
1244
707
3168
1431
849
957
20
1582
1246
3104
3807
669
1163
588
382
3144
1538
3710
4010
1779
236
984
2459
1973
2074
401
361
2088
2307
948
3188
1175
4061
3299
1303
1220
498
1404
3676
1002
2052
3217
2126
3145
571
265
1076
2033
2066
3557
1068
2708
3533
3050
1769
191
1340
3198
4025
357
1448
3030
1567
2520
668
2253
3360
175
2802
3103
3859
1923
3810
534
3985
580
2754
2974
3712
212
1930
2482
390
662
2226
2942
703
445
5
963
823
3428
22
2179
4055
112
471
2281
1194
1061
1370
2238
3763
2192
2284
1957
318
3397
391
