1710
962
89
1180
1300
2332
1953
4078
325
2338
1115
3893
4037
3810
2098
332
1085
3319
3649
3152
3202
1683
1617
3470
3313
877
2405
2206
1119
2374
2351
4063
3108
1832
1305
2161
578
680
3558
1075
598
1196
1084
3378
3934
3284
2858
3866
2875
2282
925
1395
2667
365
3563
2186
769
2553
1697
1029
3182
3514
3936
1160
2843
1259
2832
1343
1797
3894
2082
1116
634
2659
1526
1692
1572
1379
892
900
0
2034
3176
2759
655
1364
3637
817
644
3331
2400
3013
3454
1875
1438
1557
875
2988
3805
675
3924
2170
1980
1858
2706
201
3827
2132
3224
2517
1714
1496
104
3778
2360
2487
513
3588
1100
1879
2015
1741
3855
140
2541
1459
2229
2359
4006
3966
349
287
2201
2509
1118
2498
1873
96
1491
779
3200
2436
3695
481
1615
2849
39
2709
195
1268
1145
1513
636
3579
3028
1594
1625
3248
1917
3548
3779
2294
595
3356
968
2679
366
1073
1890
1376
2662
702
3923
3159
3829
3976
1552
743
1969
3808
443
3402
2038
3550
648
692
299
646
2995
3605
277
3992
3985
2748
922
112
3411
2286
2984
2804
