2004
4058
866
2330
3883
2636
3543
3740
1643
1357
1434
10
368
2223
3536
574
2352
1426
405
3632
2235
2292
3503
3486
2775
1172
174
1288
3320
1298
111
2647
6
39
1885
1032
2983
1653
3480
1767
3027
707
593
1045
1570
3077
2425
354
1956
3684
2268
1546
970
2523
3618
31
2604
851
3355
3452
1152
506
3317
2300
2388
478
4088
1635
1136
2429
91
806
221
1805
2915
3258
1526
1979
2414
1505
3676
3971
1819
908
1628
3526
2476
974
1980
3266
3893
2243
107
3228
2989
1940
1629
3941
2393
803
956
1800
1630
934
3075
1983
2282
1621
1591
3002
3801
3561
764
529
320
222
3995
1735
2928
3935
1264
2495
2649
3284
418
3611
1565
212
3279
1241
2782
721
285
1959
2
1022
3426
148
1737
2715
3642
1000
2065
25
3126
3707
606
437
3848
1998
3605
3755
2588
4024
359
2125
1203
2788
1891
3459
2910
24
2224
3552
1283
2642
929
3996
3859
1583
3472
583
2181
875
1306
2702
946
616
2997
786
1047
2442
2132
2143
488
450
2372
3937
2763
655
3033
262
628
3477
1352
3794
3692
1413
598
3153
