1951
3073
612
3214
2633
1879
3836
68
869
3239
1009
992
277
2841
2655
2012
339
1658
1952
3294
2193
3067
1213
2177
3882
2292
721
1539
1881
3118
842
546
2041
827
2502
2965
3391
56
3993
806
504
1054
367
1564
1408
2904
1038
3049
249
3121
359
2880
3734
3496
2126
3134
3124
615
1420
670
2643
347
3144
1731
1140
3429
444
1004
2974
772
1385
2576
2039
2244
2205
3625
611
3523
273
1979
365
3522
1326
3151
2421
2575
199
2159
1597
179
2161
3165
3787
1885
2905
2639
1710
1112
2239
3912
2068
4041
3590
2573
1833
2606
1012
4009
812
4
559
2624
2507
1195
2671
24
1327
3571
2717
3342
3091
2156
2147
2117
3063
2090
1134
3406
409
929
1536
2760
2334
3818
1440
1568
3457
708
3399
2386
2963
396
2305
229
3739
2621
2933
447
2456
747
3761
1777
3376
3886
2304
3191
3260
3492
3055
1592
3438
1688
2774
1287
1591
846
1822
1064
606
3810
2257
1755
137
3312
1014
1267
687
1708
2180
1060
2807
2441
205
1484
948
3249
3566
2471
2922
377
133
1555
3853
1179
736
788
3545
3194
2084
2530
