3891
4089
3293
2354
1821
1691
1
1298
2790
2000
2586
3770
1208
2258
2172
1576
620
3301
585
2128
67
1217
1885
3010
3194
2456
865
323
1924
310
1719
426
4
281
243
3017
2515
817
3609
3934
736
2091
2007
2722
1363
1114
2101
1754
1587
1170
235
1165
289
692
756
1618
1706
2132
984
3755
2935
3467
2946
4084
2670
1115
2853
1321
3684
812
1384
3713
2027
2694
1784
3027
970
2865
625
1763
2554
2791
2355
2671
2585
2558
2378
1482
2537
723
3053
2329
2488
3539
446
2297
214
2189
3409
1648
3412
3313
2243
3854
418
3837
3620
3292
2661
480
3114
2399
1740
683
2436
3996
27
2253
3623
3841
2328
77
2753
1923
3255
2747
1358
2820
1069
2130
3708
889
4052
3649
1723
2344
3147
352
262
1867
2311
3966
1981
122
881
2797
2666
3604
3082
2626
1386
256
3278
3816
2062
2689
1501
1660
48
2904
470
1271
3482
11
1662
2213
3271
718
2273
2342
1493
2371
3961
502
2518
2274
3382
2779
2312
1490
582
239
679
2474
1690
976
327
903
3670
3925
2582
3166
69
83
1338
1276
3395
272
1837
618
