43
2154
1652
886
2457
3601
1811
3863
3234
96
1804
1255
4073
3732
3265
2207
2972
3514
1162
3422
2896
912
4029
384
2813
2069
2420
1152
2284
1404
32
2989
3137
3946
1695
2327
1659
864
3637
2849
3528
3344
810
2487
2695
2553
382
1569
555
793
3424
545
989
2730
2938
481
621
3359
238
3159
2877
615
4056
2398
1848
3845
1044
1534
168
2594
1285
3273
3271
3886
3267
3479
977
1122
2267
1075
2934
1101
2878
699
2233
2140
2638
3498
1787
2182
1686
2354
565
2466
2054
3427
3377
2101
859
2056
1544
3079
2138
1263
4025
1801
3903
3872
1386
2669
2838
509
474
3148
3035
729
2765
2121
1090
3190
2501
1432
315
1015
3227
1423
399
295
2213
2940
2426
663
2514
237
3112
2746
2700
236
73
3070
3452
1575
2317
2589
2916
2441
2381
2221
3187
2974
3042
3802
897
3815
2172
218
3468
2342
2932
2582
1650
683
2648
744
1368
3372
778
796
1108
655
2530
3066
3713
3157
926
2499
1389
3593
207
3098
484
1597
3382
3177
3821
2760
3755
2881
3691
1211
2628
482
632
114
296
2947
3200
2608
2061
388
