406
1933
1775
3548
1420
3237
1785
707
414
405
3870
2787
364
185
2697
1083
3517
1314
2920
2061
1627
2491
3067
1201
661
3085
3938
548
517
2895
856
3945
279
3604
3461
2991
2126
3029
3831
1650
3097
784
766
3888
2351
3059
332
1684
3080
3377
642
3681
1919
536
3649
616
3186
844
123
4002
1991
1829
2199
86
3721
350
184
1959
3156
3897
3476
2686
390
147
3113
3430
3523
4087
981
1237
2535
400
742
3971
890
2309
247
585
40
744
2547
995
2437
3087
2586
1668
1489
2004
2886
1966
3471
155
2973
4018
2817
3012
2383
2386
3491
4028
3930
3397
1140
1781
2427
839
88
1614
1222
567
728
2879
1220
1546
3230
4019
1742
2652
656
3646
3582
3425
1054
3799
1657
358
2464
2987
258
3033
3263
2647
1153
3561
893
2624
1619
749
3583
2362
1268
1678
1813
2828
262
255
758
2429
3567
957
611
2153
2788
3327
821
3054
170
1994
3591
2935
1846
987
66
3624
2208
1654
1214
702
1334
1477
615
3902
1450
3322
963
3915
499
2986
67
3748
1364
2693
3023
4094
805
2140
186
419
1520
2300
