861
2476
3073
1056
1487
765
3985
2301
1702
1354
3477
2139
3813
239
3790
1316
2368
2313
741
3224
3797
3549
1837
3558
910
876
3304
3800
2697
3134
3373
556
481
2582
3234
2056
4045
1796
2012
3922
3480
3555
344
623
1061
1991
116
3599
2610
2779
2561
4027
385
1641
2062
3591
1415
652
1065
1401
3521
2989
3772
2257
811
3485
1050
1270
3228
2424
1349
529
3362
7
3604
3973
1204
829
3371
2029
2716
3222
151
613
587
2683
2492
2338
2348
2585
1274
3114
423
333
2907
1942
420
1089
2505
671
1967
2536
1740
1295
2681
2388
2605
2975
1853
3166
3905
2915
296
931
2762
629
1923
1998
1635
3313
3318
2185
841
3364
424
1938
3264
2481
2264
3239
3679
1799
2249
464
1969
374
2134
16
2739
2578
281
2270
107
3707
1180
842
122
1093
2843
819
2411
278
2517
229
2499
189
1229
3272
1903
495
3545
799
2094
2531
705
400
1842
864
3503
1119
1393
505
3904
714
3996
2986
1499
2419
3702
3640
1035
3741
187
2744
398
2188
2798
3380
2011
1431
1422
3267
731
1301
510
1236
3349
68
1742
1213
