3310
3520
3179
721
3344
1684
2769
2270
3637
2162
773
66
3523
1089
3602
319
2380
2638
3068
953
1453
3824
3650
2648
1105
2112
3189
1382
1324
2427
3009
2180
2466
2218
2487
1397
34
1846
2618
1486
3712
2164
3857
3762
2373
168
1573
1452
1817
4023
4065
2009
2054
394
1654
1564
1306
3973
1631
2452
2740
1904
494
3476
2926
973
1005
2533
481
288
1410
1831
1816
855
2633
3509
2006
698
915
2429
322
2725
3
1605
3721
45
3247
1283
2602
1297
2675
3863
3534
334
3616
3117
2840
3213
1653
3348
1252
186
1645
2775
975
500
2695
2067
3499
1883
3787
1082
2516
3166
3662
3036
156
933
3295
2564
4
2922
3709
3403
2567
1451
403
382
657
2554
1421
1045
2799
125
1146
612
1412
1321
1772
1371
2606
1231
1328
1034
1039
3386
2113
3822
2020
1460
3798
3574
3237
4006
1086
3335
2388
1818
2891
3993
1322
3703
3157
72
3225
1638
2855
489
3279
831
645
2169
2998
1462
3138
1170
3627
1179
3620
3971
2843
996
1268
4002
2222
2987
1670
2206
1615
3912
2105
1011
1403
3070
3895
702
3519
825
2694
366
