3942
993
4082
874
2008
816
2371
779
549
3803
1751
511
3945
260
1135
18
1310
1017
2991
704
2471
528
2556
2689
3159
2047
1638
3341
2928
2391
1571
1312
2472
1361
121
2639
2373
2193
517
4040
1201
975
1996
1110
2059
3915
480
458
2949
871
978
4019
3517
4095
2781
2136
818
1625
636
3305
176
235
640
3200
482
3312
2986
526
289
1052
1024
1104
2278
3515
2452
3549
2
2343
2684
2206
125
2586
2838
3766
251
2217
1180
2806
3270
3028
1380
374
3464
788
1000
3014
2362
2776
67
2042
13
3596
1749
981
3106
3671
806
2152
1588
3726
2748
378
1995
1954
1069
1426
1453
429
2769
3749
152
2158
956
278
9
824
384
3776
2790
3852
3486
3780
3241
1271
1433
1550
3396
3056
2140
1445
601
194
992
474
1059
2906
802
1603
419
137
375
2273
3569
804
3171
3692
1644
42
2071
3705
3402
2038
2946
2115
2858
944
1695
4010
2162
2449
950
2831
2830
3086
1026
4007
3987
1154
3879
2570
2501
1148
1648
487
2370
995
3570
1061
3602
847
222
3126
456
1124
3436
4000
1780
2363
3358
3612
