1897
630
666
1335
3108
948
90
686
3638
3163
4043
1926
191
1290
3935
907
3532
2008
2128
547
3457
1381
3920
2639
1731
3404
1988
3074
407
1746
2162
2935
1871
1071
4020
3697
175
1992
2975
759
505
1385
717
2899
311
690
3648
3902
1239
3753
2126
3603
1492
1621
3456
2825
2175
229
2569
2462
381
562
3853
3029
3498
3886
1054
1760
2264
3171
334
3962
3076
3580
3461
931
1318
179
3682
451
2847
657
2023
3233
2281
64
477
507
1185
3080
1366
2739
1994
1753
613
1213
2395
3703
2763
1546
265
2142
2922
993
1832
1525
1148
1044
748
653
1394
2238
2853
3207
2976
282
3249
3989
3741
594
3607
3805
886
2214
198
2874
1970
1537
3185
1900
2053
2049
1600
1100
3968
2288
2911
380
2900
961
1540
3296
1914
2165
2624
1456
2406
2656
1828
3961
3983
991
3479
274
3676
3237
2720
3088
1420
3686
1853
1317
803
817
674
1981
1490
1443
2668
133
1516
2143
2117
1312
1759
1927
168
1224
2263
2910
2792
125
3652
405
548
1072
1356
1179
3869
109
285
3471
3149
2196
3469
663
989
2147
1117
2468
