3791
1434
437
2458
3019
3341
307
1020
443
2385
3438
644
1191
952
2769
1811
398
368
3505
4022
526
2651
1122
2030
3164
3172
3864
3751
2303
2681
196
2022
1481
1783
3240
815
914
2456
2219
1612
514
1574
1279
3408
158
1089
727
1206
1395
943
2503
2081
2425
3026
1768
275
1787
2322
1995
2867
3275
2013
335
3506
3357
4059
2761
378
3190
1295
2005
2470
343
3745
3361
2355
3320
2183
949
299
2532
3028
3335
811
3148
2309
3820
3896
2318
1732
223
2586
1534
3193
3424
420
1985
1386
1670
2766
236
1243
112
2147
254
3704
3264
346
4085
3763
868
2757
2274
4047
1456
1021
2164
2944
1715
1302
2133
1232
886
990
3669
1291
1236
409
3553
1934
1555
501
561
1969
700
3351
2109
2631
106
853
934
2152
936
1000
2088
1643
3924
3390
3932
210
2965
1340
600
2235
2000
1109
1655
2707
3085
1661
1334
1250
1252
157
1892
3686
3886
3010
3119
1694
3013
3205
252
2824
86
3221
549
3806
606
2969
4082
2691
3934
2145
2597
1139
3552
467
1324
2924
1399
668
3957
3657
3037
3040
624
3971
2136
3617
