1658
815
1910
2827
252
3066
2204
2871
235
3659
808
606
1094
2444
4078
1756
494
2222
1303
2980
1259
4012
3063
1319
422
3497
2046
1092
1947
2063
801
3408
2593
2295
2034
1003
3639
2712
1342
4062
3660
574
387
1382
3413
3976
3229
454
2570
377
82
1234
2434
3857
14
1145
3280
3710
1029
2806
3494
626
2817
2609
2696
1872
1086
981
1027
1770
2399
3177
2520
934
3629
2015
2358
3259
2798
126
3570
1417
1760
224
4087
3214
587
3303
2403
3107
3832
2965
1772
1244
2577
893
1535
3824
50
2660
2924
2934
3158
108
2467
1305
526
1063
2456
3878
2596
3201
1347
1183
3466
809
1123
3332
541
709
603
3140
3405
3644
2194
3121
2254
373
1960
3226
3087
1170
759
216
3244
706
2079
324
3373
960
1081
3451
356
875
2018
3447
2389
231
3238
585
3732
2933
1987
2849
905
3687
393
2654
2804
951
332
2388
1128
1023
512
3774
2191
3750
3262
3004
2144
3309
426
2753
3021
823
3370
3159
1286
1771
3946
1661
1044
428
672
2386
1363
674
420
1142
2587
1362
791
282
2502
260
2032
1068
3986
2137
