2558
1111
1912
2908
1228
1056
716
3739
3482
75
250
1276
485
3928
722
2161
867
1961
1208
1297
2154
3734
2375
1471
3078
3866
4090
1969
3701
2707
1888
1663
1012
3622
2801
176
3938
1168
3130
1059
3013
751
2902
362
2207
992
1955
2024
3068
3814
3103
314
2049
1269
3575
2088
1963
1935
634
3855
1851
0
3409
1604
4059
2435
3291
1623
1864
2581
3861
2709
13
3952
1042
2229
3729
1616
3901
1178
3202
371
1970
311
2781
1590
8
3335
3534
4006
3234
3993
3812
649
2206
248
2514
1755
3004
817
2687
576
2562
2326
2026
3230
1386
2572
2727
1048
2799
2590
2273
603
2482
1110
3778
624
3698
3656
1892
238
671
1757
1306
3836
1863
3768
3514
976
3510
2883
2680
421
1588
2339
1876
1221
3971
3743
2565
3763
1700
254
3755
3583
2166
2115
3662
3733
582
611
604
1580
2391
413
3529
2346
3558
2743
2414
907
3161
2953
1241
3669
1907
3496
1809
3462
477
1566
2773
1794
2813
2039
1816
3835
819
2971
3469
1610
2524
527
342
405
3846
2676
1255
1488
2541
1913
1122
3714
2856
3634
988
354
1231
244
