3229
2159
2896
1649
925
46
1317
118
2807
1177
2396
237
1207
210
3187
1838
841
2379
2541
839
3334
3675
2292
2900
3119
2204
3565
2742
2087
2487
82
3390
3581
2631
133
1265
1756
1973
2683
1024
506
861
3163
2213
3979
2851
879
984
853
3066
3848
3526
87
3470
2639
747
1074
2221
3444
3069
3094
391
3341
647
1763
1422
3839
1287
1362
3259
2262
224
2330
552
1414
1912
1630
3
3500
4081
3819
1708
572
1049
1509
1942
3150
1711
3831
3706
2229
1306
1410
2202
1499
1494
2924
1350
4087
4068
3634
821
2222
1930
1472
896
2351
1793
599
30
3133
3866
3570
889
3122
2153
2232
653
2859
130
1271
929
1857
3577
3614
1155
661
3263
1503
3928
3695
166
2462
3381
3658
1175
1510
3370
3568
814
1591
1303
491
3884
1463
707
3488
2235
441
2711
3961
322
1157
2593
713
709
1806
3537
1868
1938
996
3472
1433
1112
2163
3619
438
1458
2093
262
2096
1776
2473
479
131
2151
4022
3643
2692
1026
2134
1665
1975
1417
1609
1448
2398
58
159
59
3934
277
2624
430
1181
3487
897
1812
274
3801
