372
1255
652
3355
2960
1708
2499
1987
3941
854
1398
2955
2757
3252
139
2924
3537
3398
4083
1005
2821
3105
2431
1250
411
2285
127
824
3357
3243
3676
1269
386
1231
700
2176
2957
440
2663
3028
1008
1580
3163
98
508
1545
73
3762
2280
1476
1163
1277
2483
1077
1181
3615
3393
1752
377
4013
1641
3093
1003
3894
3185
868
919
3109
1546
2872
2221
2615
2814
3666
3667
315
3991
1175
1016
1113
1285
3612
3112
3863
298
1964
275
2421
2731
3182
3106
987
3984
317
3034
1642
3781
3983
638
815
383
610
1941
3121
3691
3507
2118
1787
2521
3547
3564
351
1913
1384
3969
2070
2512
4000
2476
101
796
1132
3797
1205
3662
1052
2607
1842
2053
4056
3309
2484
2522
3945
4025
3322
568
1201
4046
3561
532
2087
2377
3652
702
3928
382
817
328
3483
1380
3225
2865
1958
1628
969
2698
1697
375
3321
1212
332
3892
1187
1755
2672
1769
3988
3571
3029
2493
2409
3581
441
3835
683
3022
3734
966
1999
850
3011
1544
1272
2971
3620
1176
3551
166
2969
954
2908
2305
773
458
1631
2342
692
4018
2997
