983
3779
1797
3776
1743
756
3814
494
1546
1191
3126
3667
39
4015
2247
1975
845
1329
563
1666
618
2280
3581
1293
2585
2821
1000
2888
2586
3
212
1552
3994
2605
331
695
2101
3595
3915
697
883
3329
651
1023
2642
2667
991
980
1569
2702
3272
3624
2495
2670
3270
2612
1811
3537
337
1591
457
1125
2106
3748
3400
260
2561
1841
3293
2967
1148
168
3008
100
2148
2784
1094
4027
3138
366
1147
304
50
2743
22
2021
3493
591
197
2661
2293
1098
755
461
25
1719
2703
1706
737
3498
104
1333
687
3059
3488
681
3115
2581
1968
2583
1732
3845
3406
3951
2571
3935
3139
497
1419
257
2593
2760
1004
1974
3808
2543
3584
2872
3182
2936
198
229
867
408
355
3426
2200
180
3558
1570
1118
2328
992
667
3177
577
736
3134
2794
1723
291
2488
1237
2727
2678
2608
1304
268
2157
3828
3541
493
1340
2986
123
1096
2006
2535
1990
2029
3689
2182
1016
650
2091
2560
1244
3073
2019
873
1565
2367
1087
1733
3763
3809
1948
254
2696
239
3754
925
548
541
3580
1126
1092
172
1116
1916
