171
2081
650
1123
2433
3729
3496
2042
3806
3067
4094
3839
3222
721
3369
3275
2435
3669
1314
1064
1751
1498
1095
829
4020
2694
1853
1821
3058
3404
2000
3519
1027
145
3513
3807
3136
1860
3012
3552
2820
391
2805
177
3686
1040
502
671
3990
1906
1659
1513
1325
2164
3675
1280
3312
440
1361
1878
3503
2317
111
529
1698
1216
2135
3000
2050
1169
3892
2102
1774
478
709
1453
1423
3941
1486
3624
2356
2191
748
2404
3114
2220
1021
3884
266
4011
4046
1765
3754
3256
2350
3128
792
312
2078
2632
1688
2201
4000
386
1811
3450
3715
2732
987
3646
2341
2926
2432
3269
3349
1013
3310
925
492
2383
86
1341
4055
2092
921
2890
1100
389
3381
2274
30
250
1233
485
2459
112
569
2490
9
1103
1205
124
605
3650
909
1764
1363
348
659
520
3493
937
1152
3336
2522
303
2189
3982
1121
2171
1328
1118
964
936
1909
3537
1675
1533
2553
1757
1317
978
3373
1650
1305
1369
2090
3575
1560
2172
3579
1415
3135
719
1285
1288
1634
1102
222
3399
3150
2547
1211
3038
3488
2912
3952
3816
1262
2537
